# [General]
# timestamp=2025-04-17T12:42:52.855661
# comments='# '
# delimiter='\t'
# column_dtypes=float;;float
# column_headers='Time (s);;Power (W)'
# 
# [Metadata]
# scanner_x=-4.648888772663919
# scanner_y=3.7150022250721597
# start recoding time='17.04.2025, 12:41:52.768549'
# sample rate (hz)=50.0
# sample timing='TIMESTAMP'
# 
# ---- END HEADER ----
4.809000063687563e-03	3.969565110000000e-06
3.596480004489422e-02	4.030823670000000e-06
6.706260005012155e-02	4.065884240000000e-06
1.293806000612676e-01	4.142747910000000e-06
1.757632000371814e-01	4.168176020000000e-06
2.218724000267684e-01	4.193603670000000e-06
2.528923000209033e-01	4.216336040000000e-06
2.843362999847159e-01	4.237140730000000e-06
3.318693999899551e-01	4.269119020000000e-06
3.634217000799254e-01	4.293198340000000e-06
3.948126999894157e-01	4.321516830000000e-06
4.258689000271261e-01	4.376804550000000e-06
4.733259000349790e-01	4.412635460000000e-06
5.211993000702932e-01	4.437871670000000e-06
5.533548000967130e-01	4.474280560000000e-06
5.833618000615388e-01	4.500093840000000e-06
6.145083000883460e-01	4.529952550000000e-06
6.458391000051051e-01	4.558656660000000e-06
6.769822000060230e-01	4.598340180000000e-06
7.232729000970721e-01	4.637060560000000e-06
7.696449999930337e-01	4.716042890000000e-06
8.157419000053778e-01	4.757846000000000e-06
8.465539000462741e-01	4.781540610000000e-06
8.768548000371084e-01	4.857633030000000e-06
9.222605000250041e-01	4.935844570000000e-06
9.694416000274941e-01	4.993058610000000e-06
1.015762900002301e+00	5.010781020000000e-06
1.062499399995431e+00	5.061252520000000e-06
1.094544499996118e+00	5.095542750000000e-06
1.126515700016171e+00	5.113457970000000e-06
1.155520100030117e+00	5.128869820000000e-06
1.186807700083591e+00	5.153142410000000e-06
1.217665700009093e+00	5.194944150000000e-06
1.264875499997288e+00	5.218254050000000e-06
1.295544599997811e+00	5.245223290000000e-06
1.326465500053018e+00	5.268339920000000e-06
1.372518100077286e+00	5.314573630000000e-06
1.419607400079258e+00	5.335379230000000e-06
1.450793200056069e+00	5.357146620000000e-06
1.481848200084642e+00	5.399913330000000e-06
1.529092799988575e+00	5.417635750000000e-06
1.575793200056069e+00	5.471767510000000e-06
1.621456100023352e+00	5.506635720000000e-06
1.667084300075658e+00	5.530330330000000e-06
1.728494400042109e+00	5.575985600000000e-06
1.759022000012919e+00	5.603340470000000e-06
1.794073600089177e+00	5.622411660000000e-06
1.823473700089380e+00	5.666526250000000e-06
1.868506600032561e+00	5.704669090000000e-06
1.930895600002259e+00	5.764579330000000e-06
1.977996600093320e+00	5.813702500000000e-06
2.024983300012536e+00	5.854927620000000e-06
2.055873700068332e+00	5.896344650000000e-06
2.088260299991816e+00	5.938725740000000e-06
2.118375000078231e+00	6.025606130000000e-06
2.164541300036944e+00	6.068949920000000e-06
2.195820500026457e+00	6.123466850000000e-06
2.226564400014468e+00	6.190312890000000e-06
2.273157700081356e+00	6.270450740000000e-06
2.318973400047980e+00	6.301273520000000e-06
2.350490999990143e+00	6.340764230000000e-06
2.380577400093898e+00	6.374283660000000e-06
2.426605300046504e+00	6.414160000000000e-06
2.473770200042054e+00	6.459430100000000e-06
2.521690100082196e+00	6.506626960000000e-06
2.568915200070478e+00	6.544577450000000e-06
2.614706700085662e+00	6.550163560000000e-06
2.646103900042363e+00	6.600057080000000e-06
2.677280700067058e+00	6.648217100000000e-06
2.723448100034148e+00	6.696184300000000e-06
2.770173700060695e+00	6.737986950000000e-06
2.817957499995828e+00	6.799246420000000e-06
2.863769600051455e+00	6.814272640000000e-06
2.895466900081374e+00	6.834691700000000e-06
2.925795800052583e+00	6.847021270000000e-06
2.957655500038527e+00	6.875146480000000e-06
2.988985800067894e+00	6.916756320000000e-06
3.019494300009683e+00	6.918875900000000e-06
3.065748300054111e+00	6.957980990000000e-06
3.113796700024977e+00	6.995353490000000e-06
3.144778500078246e+00	7.023671060000000e-06
3.174930599983782e+00	7.033688690000000e-06
3.222255800035782e+00	7.072409520000000e-06
3.253362699993886e+00	7.096488840000000e-06
3.285881799994968e+00	7.141374230000000e-06
3.332605200004764e+00	7.147731590000000e-06
3.378713099984452e+00	7.193964850000000e-06
3.425720400060527e+00	7.203982020000000e-06
3.471704000025056e+00	7.259654920000000e-06
3.518919000052847e+00	7.268323320000000e-06
3.550227800034918e+00	7.283541890000000e-06
3.582037999993190e+00	7.314172310000000e-06
3.628903600038029e+00	7.321300020000000e-06
3.674849600065500e+00	7.345957330000000e-06
3.721714599989355e+00	7.353663020000000e-06
3.767941200057976e+00	7.406638820000000e-06
3.829853600007482e+00	7.409336380000000e-06
3.862060300074518e+00	7.440543410000000e-06
3.893674200051464e+00	7.465778710000000e-06
3.924655599985272e+00	7.483502490000000e-06
3.970395000069402e+00	7.508159800000000e-06
4.017197999986820e+00	7.503151210000000e-06
4.064303999999538e+00	7.526460190000000e-06
4.096291900030337e+00	7.520681720000000e-06
4.128285299986601e+00	7.536478280000000e-06
4.158920200075954e+00	7.551888760000000e-06
4.190000000060536e+00	7.555934640000000e-06
4.222703500068747e+00	7.564603040000000e-06
4.267727400059812e+00	7.565951360000000e-06
4.329791399999522e+00	7.581169940000000e-06
4.375817200052552e+00	7.564410680000000e-06
4.422967000049539e+00	7.565759010000000e-06
4.455749700078741e+00	7.573465150000000e-06
4.485748600098304e+00	7.581363210000000e-06
4.518076200038195e+00	7.590609580000000e-06
4.563318400061689e+00	7.589067990000000e-06
4.594221799983643e+00	7.572694810000000e-06
4.625785700045526e+00	7.569033640000000e-06
4.671647200011648e+00	7.568456570000000e-06
4.718806400080211e+00	7.554586320000000e-06
4.750306000001729e+00	7.561713570000000e-06
4.781298100017011e+00	7.545146670000000e-06
4.829602000070736e+00	7.523571640000000e-06
4.875872800010256e+00	7.513553560000000e-06
4.921755900024436e+00	7.510471730000000e-06
4.968307800008915e+00	7.477144660000000e-06
5.014828899991699e+00	7.517984160000000e-06
5.046355600003153e+00	7.488896240000000e-06
5.078088500071317e+00	7.474448470000000e-06
5.125782700022683e+00	7.467705930000000e-06
5.172875500051305e+00	7.427829130000000e-06
5.219909699982964e+00	7.429755440000000e-06
5.266821300028823e+00	7.420123440000000e-06
5.328897000057623e+00	7.368495970000000e-06
5.360301500069909e+00	7.380439910000000e-06
5.390560000087135e+00	7.376972010000000e-06
5.422157100052573e+00	7.345957330000000e-06
5.467830399982631e+00	7.316676150000000e-06
5.530092800036073e+00	7.283541890000000e-06
5.576796100009233e+00	7.263893170000000e-06
5.622876000008546e+00	7.257536250000000e-06
5.654746700078249e+00	7.247133000000000e-06
5.686515100067481e+00	7.212073340000000e-06
5.717604300007224e+00	7.199551420000000e-06
5.764415699988604e+00	7.174316120000000e-06
5.795860500074923e+00	7.182406530000000e-06
5.826900599990040e+00	7.152932540000000e-06
5.873789900098927e+00	7.157941580000000e-06
5.920068600098602e+00	7.152547820000000e-06
5.951097800047137e+00	7.140796240000000e-06
5.981401900062338e+00	7.150235890000000e-06
6.027196999988519e+00	7.130393440000000e-06
6.074360800092109e+00	7.140796240000000e-06
6.121381100034341e+00	7.140603880000000e-06
6.167658700025640e+00	7.129045570000000e-06
6.214858400053345e+00	7.169884610000000e-06
6.246644100057893e+00	7.216695850000000e-06
6.275830000056885e+00	7.273332810000000e-06
6.323846700019203e+00	7.316868500000000e-06
6.371242400025949e+00	7.363680200000000e-06
6.417658000020310e+00	7.392768570000000e-06
6.463764399988577e+00	7.420509060000000e-06
6.494715800043195e+00	7.429563080000000e-06
6.525923100067303e+00	7.433801330000000e-06
6.556898800074123e+00	7.451716100000000e-06
6.588926800061017e+00	7.467320300000000e-06
6.620421800063923e+00	7.487162750000000e-06
6.666899800067768e+00	7.504499540000000e-06
6.729451799998060e+00	7.525882210000000e-06
6.775744399987161e+00	7.554971030000000e-06
6.821973300073296e+00	7.574235040000000e-06
6.853204500046559e+00	7.548806930000000e-06
6.883851799997501e+00	7.577317320000000e-06
6.931597199989483e+00	7.559402550000000e-06
6.977893300005235e+00	7.556897340000000e-06
7.024877300020307e+00	7.567107330000000e-06
7.070668500033207e+00	7.554200690000000e-06
7.118636900093406e+00	7.523956360000000e-06
7.150374700082466e+00	7.533396000000000e-06
7.181492600007914e+00	7.507389450000000e-06
7.228263400029391e+00	7.508931050000000e-06
7.275476000038907e+00	7.478878620000000e-06
7.323387300013565e+00	7.472522160000000e-06
7.369922099984251e+00	7.425710010000000e-06
7.416883700061589e+00	7.439195090000000e-06
7.447501100017689e+00	7.413766530000000e-06
7.478451300063170e+00	7.402592930000000e-06
7.524630900006741e+00	7.391805870000000e-06
7.571149600087665e+00	7.354433360000000e-06
7.619121700059623e+00	7.332087080000000e-06
7.665740900090896e+00	7.322262720000000e-06
7.728575900080614e+00	7.304347490000000e-06
7.759178900043480e+00	7.262737200000000e-06
7.790234200074337e+00	7.247518620000000e-06
7.821165700093843e+00	7.229410130000000e-06
7.867788200033829e+00	7.201285370000000e-06
7.929784000036307e+00	7.190497400000000e-06
7.975887400098145e+00	7.189341430000000e-06
8.022739000036381e+00	7.186066800000000e-06
8.054112800047733e+00	7.194542830000000e-06
8.087034100084566e+00	7.161794200000000e-06
8.133533600019291e+00	7.159482270000000e-06
8.164444499998353e+00	7.139255560000000e-06
8.194838099996559e+00	7.109974380000000e-06
8.225998100009747e+00	7.077418100000000e-06
8.273437800002284e+00	7.012690730000000e-06
8.321590500068851e+00	6.984565520000000e-06
8.352760800044052e+00	6.959714940000000e-06
8.383517400012352e+00	6.907509940000000e-06
8.413721600081772e+00	6.883236890000000e-06
8.444722500047646e+00	6.845480130000000e-06
8.475819700048305e+00	6.815428610000000e-06
8.522254800074734e+00	6.786339780000000e-06
8.569483200088143e+00	6.743573520000000e-06
8.616888800053857e+00	6.737794590000000e-06
8.647363700089045e+00	6.710246910000000e-06
8.678641000064090e+00	6.673452840000000e-06
8.725443500094116e+00	6.640704210000000e-06
8.771582700079307e+00	6.585801660000000e-06
8.817774800001644e+00	6.543613840000000e-06
8.864841500064358e+00	6.514717370000000e-06
8.927824000013061e+00	6.480813680000000e-06
8.958876600023359e+00	6.488133750000000e-06
8.990711500053294e+00	6.475226660000000e-06
9.021053400007077e+00	6.462898000000000e-06
9.069839900010265e+00	6.437661800000000e-06
9.129818800021894e+00	6.402216060000000e-06
9.176803100039251e+00	6.346736430000000e-06
9.222683900035918e+00	6.321307860000000e-06
9.253451600088738e+00	6.293375010000000e-06
9.284662500023842e+00	6.248104460000000e-06
9.331571100046858e+00	6.201293220000000e-06
9.377898500068113e+00	6.160453720000000e-06
9.424484600080177e+00	6.088984260000000e-06
9.470515500055626e+00	6.062593000000000e-06
9.516886600060388e+00	6.034660150000000e-06
9.549660600023344e+00	5.991123540000000e-06
9.578145500039682e+00	5.929479360000000e-06
9.626148600014858e+00	5.897115900000000e-06
9.672777300002053e+00	5.827380390000000e-06
9.719567300053313e+00	5.772093120000000e-06
9.767117200070061e+00	5.719694400000000e-06
9.828849000041373e+00	5.593130480000000e-06
9.859870400046930e+00	5.502011850000000e-06
9.891247600084171e+00	5.419369700000000e-06
9.921621000044979e+00	5.281054200000000e-06
9.968801200040616e+00	5.138116190000000e-06
1.001574639999308e+01	5.072040490000000e-06
1.006179629999679e+01	4.976684070000000e-06
1.009292670001741e+01	4.925248960000000e-06
1.012426100007724e+01	4.875355440000000e-06
1.015575820009690e+01	4.833746060000000e-06
1.018669910007156e+01	4.785007600000000e-06
1.021801940002479e+01	4.712382630000000e-06
1.026481269998476e+01	4.684256960000000e-06
1.032628220005427e+01	4.559619360000000e-06
1.037278239999432e+01	4.483334580000000e-06
1.041968590009492e+01	4.431707110000000e-06
1.045076190005057e+01	4.373529920000000e-06
1.048244990000967e+01	4.332112440000000e-06
1.052913000003900e+01	4.263725260000000e-06
1.057714140007738e+01	4.199769140000000e-06
1.062510770000517e+01	4.142169930000000e-06
1.067135070008226e+01	4.102100770000000e-06
1.071826980006881e+01	4.088422880000000e-06
1.074896270001773e+01	4.047775750000000e-06
1.077982860000338e+01	4.020806500000000e-06
1.082693970005494e+01	3.992488470000000e-06
1.087385329999961e+01	3.938356710000000e-06
1.092126020009164e+01	3.901947820000000e-06
1.096817120001651e+01	3.856100190000000e-06
1.101523760007694e+01	3.827781710000000e-06
1.104801270004828e+01	3.784438150000000e-06
1.107729789998848e+01	3.736470940000000e-06
1.112242330005392e+01	3.668468930000000e-06
1.116971670009661e+01	3.599311190000000e-06
1.121683799999300e+01	3.575616570000000e-06
1.126362630003132e+01	3.518595120000000e-06
1.129485649999697e+01	3.479104180000000e-06
1.132565890008118e+01	3.451171320000000e-06
1.135685069998726e+01	3.419386080000000e-06
1.138788220006973e+01	3.395691460000000e-06
1.141841560008470e+01	3.341174310000000e-06
1.146484070003498e+01	3.324607630000000e-06
1.152729080000427e+01	3.271824200000000e-06
1.157181780005340e+01	3.253715930000000e-06
1.161866130004637e+01	3.234837320000000e-06
1.165032650006469e+01	3.209601570000000e-06
1.168167590000667e+01	3.171073790000000e-06
1.172808909998275e+01	3.128307750000000e-06
1.177375689998735e+01	3.091320880000000e-06
1.181981530005578e+01	3.044702230000000e-06
1.186689070006832e+01	3.014457660000000e-06
1.192945960001089e+01	2.949730970000000e-06
1.196012860001065e+01	2.916596940000000e-06
1.199190090002958e+01	2.886352380000000e-06
1.202246200002264e+01	2.839540910000000e-06
1.206970750004984e+01	2.776162550000000e-06
1.211805839999579e+01	2.720489870000000e-06
1.216321240004618e+01	2.689282160000000e-06
1.219476690003648e+01	2.651332120000000e-06
1.222484110004734e+01	2.602786940000000e-06
1.226056570000947e+01	2.561176870000000e-06
1.228661519999150e+01	2.516291720000000e-06
1.231780449999496e+01	2.455610680000000e-06
1.236444330005907e+01	2.424595780000000e-06
1.239557420008350e+01	2.395121330000000e-06
1.242679980001412e+01	2.352740920000000e-06
1.247483630001079e+01	2.312286820000000e-06
1.252176010003313e+01	2.287051070000000e-06
1.255305670003872e+01	2.259310580000000e-06
1.258519400004297e+01	2.233882240000000e-06
1.261713740008418e+01	2.214618460000000e-06
1.266301650006790e+01	2.179172500000000e-06
1.269376679998823e+01	2.161257040000000e-06
1.272472900000867e+01	2.126582100000000e-06
1.277145610004663e+01	2.090751200000000e-06
1.281942250009160e+01	2.071679770000000e-06
1.284999430004973e+01	2.047599990000000e-06
1.288134349999018e+01	2.013695390000000e-06
1.292812910000794e+01	1.968617880000000e-06
1.297478310007136e+01	1.920843030000000e-06
1.302241610002238e+01	1.875380010000000e-06
1.306906060001347e+01	1.830109800000000e-06
1.311574210005347e+01	1.807956210000000e-06
1.314684970001690e+01	1.789655580000000e-06
1.317804680007976e+01	1.758833260000000e-06
1.322379990003537e+01	1.726662500000000e-06
1.326973170007113e+01	1.696996040000000e-06
1.331610940000974e+01	1.685244910000000e-06
1.336290290008765e+01	1.661165130000000e-06
1.339377080008853e+01	1.638433560000000e-06
1.342483790009283e+01	1.623600270000000e-06
1.345576350006741e+01	1.599713070000000e-06
1.348725670005661e+01	1.571202350000000e-06
1.351686249999329e+01	1.557717500000000e-06
1.356428829999641e+01	1.516492830000000e-06
1.359634400007781e+01	1.489715710000000e-06
1.362796650000382e+01	1.454848190000000e-06
1.367478980007581e+01	1.416512760000000e-06
1.372168329998385e+01	1.386846410000000e-06
1.375290120008867e+01	1.361803240000000e-06
1.378464920003898e+01	1.329246970000000e-06
1.381638850003947e+01	1.303626160000000e-06
1.386273829999845e+01	1.262401160000000e-06
1.389308850001544e+01	1.235046400000000e-06
1.392374250001740e+01	1.195169940000000e-06
1.397051960008685e+01	1.152211330000000e-06
1.401663219998591e+01	1.129672570000000e-06
1.404840329999570e+01	1.108674720000000e-06
1.407911460008472e+01	1.075348220000000e-06
1.412747320008930e+01	1.049149090000000e-06
1.417340510000940e+01	1.021409160000000e-06
1.421992549998686e+01	9.969437540000000e-07
1.427065720001701e+01	9.707449639999999e-07
1.432893840002362e+01	9.518662980000000e-07
1.435998469998594e+01	9.374181790000000e-07
1.439152699999977e+01	9.243187260000000e-07
1.442207900003996e+01	9.050547760000000e-07
1.446950120001566e+01	8.855981830000000e-07
1.451591560000088e+01	8.759663500000000e-07
1.457932940009050e+01	8.466851110000000e-07
1.462745840009302e+01	8.322371630000000e-07
1.465834319998976e+01	8.220271180000000e-07
1.469005119998474e+01	8.143217090000000e-07
1.472076180006843e+01	8.041116080000000e-07
1.476797950000037e+01	7.962133850000000e-07
1.483019930007868e+01	7.896637160000000e-07
1.487689830001909e+01	7.802244110000000e-07
1.492366400000174e+01	7.777201740000000e-07
1.495578840002418e+01	7.709776920000000e-07
1.498683419998270e+01	7.651985360000000e-07
1.501763170002960e+01	7.561443450000000e-07
1.506418129999656e+01	7.501726030000000e-07
1.509774860006291e+01	7.378437200000000e-07
1.512803400005214e+01	7.253220250000000e-07
1.517537509999238e+01	7.039392360000000e-07
1.522159630001988e+01	6.501447840000000e-07
1.531483250006568e+01	6.394924980000000e-07
1.534606110001914e+01	6.248671980000000e-07
1.537688130000606e+01	6.063649490000000e-07
1.542291309998836e+01	5.880737600000000e-07
1.547004729998298e+01	5.785538520000001e-07
1.550104500004090e+01	5.685733980000000e-07
1.553207790001761e+01	5.569422680000000e-07
1.556352580001112e+01	5.503397920000000e-07
1.559557900007349e+01	5.408582520000001e-07
1.562681600009091e+01	5.255996030000000e-07
1.567319640005007e+01	5.101874190000000e-07
1.571952919999603e+01	4.975774460000000e-07
1.576588820002507e+01	4.891708160000000e-07
1.579770430002827e+01	4.805530120000000e-07
1.582860070001334e+01	4.691138430000000e-07
1.587486450001597e+01	4.563886480000000e-07
1.592233550001401e+01	4.452566030000000e-07
1.596780450001825e+01	4.312454960000000e-07
1.601531849999446e+01	4.214952870000000e-07
1.606196409999393e+01	4.012847800000000e-07
1.609392680006567e+01	3.848745390000000e-07
1.612694210000336e+01	3.667368840000000e-07
1.617219750001095e+01	3.505569450000000e-07
1.621935770008713e+01	3.353175090000000e-07
1.626644909998868e+01	3.260855410000000e-07
1.633030600007623e+01	2.976987050000000e-07
1.637581830006093e+01	2.851463140000000e-07
1.640685989998747e+01	2.745707950000000e-07
1.643837900005747e+01	2.620759860000000e-07
1.646922560001258e+01	2.381419790000000e-07
1.651681340008508e+01	2.263572870000000e-07
1.656388840009458e+01	2.029990900000000e-07
1.659729150007479e+01	1.858786900000000e-07
1.662755030009430e+01	1.633649730000000e-07
1.667477789998520e+01	1.450545850000000e-07
1.670576190005522e+01	1.314273700000000e-07
1.673755790002178e+01	1.178961000000000e-07
1.676868890004698e+01	1.008716670000000e-07
1.681574700004421e+01	9.403887449999999e-08
1.687678070005495e+01	7.688007740000001e-08
1.692377290001605e+01	6.697636220000000e-08
1.697063180000987e+01	6.098805730000000e-08
1.700132440007292e+01	5.519168770000000e-08
1.703232380002737e+01	4.857000490000000e-08
1.706453670002520e+01	4.461618630000000e-08
1.709625390009023e+01	3.931885220000000e-08
1.712723830004688e+01	3.381038030000000e-08
1.717393270006869e+01	2.864739200000000e-08
1.722105870000087e+01	2.565323950000000e-08
1.726694230001885e+01	2.382987320000000e-08
1.729863219999243e+01	2.250554050000000e-08
1.732945270009805e+01	2.118120610000000e-08
1.737514590006322e+01	2.037509010000000e-08
1.742752380005550e+01	1.922349210000000e-08
1.746868050005287e+01	1.920429150000000e-08
1.751597010006662e+01	1.960734860000000e-08
1.757851190003566e+01	2.020234110000000e-08
1.761012279998977e+01	2.089331020000000e-08
1.764077960001305e+01	2.173781160000000e-08
1.767102290003095e+01	2.423293210000000e-08
1.771695230004843e+01	2.490469870000000e-08
1.776312140002847e+01	2.787965060000000e-08
1.779499640001450e+01	2.983736280000000e-08
1.782589219999500e+01	3.250523410000000e-08
1.787322310009040e+01	3.507712520000000e-08
1.790421020006761e+01	3.772580830000000e-08
1.793577770004049e+01	4.047043590000000e-08
1.796687360003125e+01	4.306153300000000e-08
1.801311190007254e+01	4.762954120000000e-08
1.804425640008412e+01	5.150658210000000e-08
1.807706070004497e+01	5.724536220000000e-08
1.812294640007894e+01	6.448122750000000e-08
1.817052730009891e+01	6.926035919999999e-08
1.820124409999698e+01	7.369400380000000e-08
1.823242410004605e+01	7.922166390000000e-08
1.826379090000410e+01	8.248452590000001e-08
1.829525670001749e+01	8.693735510000001e-08
1.832606520003174e+01	9.298324950000000e-08
1.837207899999339e+01	9.877960140000000e-08
1.841988360008691e+01	1.032900410000000e-07
1.846655170002487e+01	1.054588740000000e-07
1.849821430002339e+01	1.072246500000000e-07
1.852890350006055e+01	1.077620690000000e-07
1.857482650002930e+01	1.077620690000000e-07
1.862107410002500e+01	1.086257480000000e-07
1.866841700009536e+01	1.094894490000000e-07
1.872963860002346e+01	1.108905750000000e-07
1.877582260000054e+01	1.108329850000000e-07
1.880729110003449e+01	1.109481360000000e-07
1.883792110008653e+01	1.086065640000000e-07
1.886851460009348e+01	9.448030620000000e-08
1.891518870007712e+01	8.599688070000001e-08
1.896185870002955e+01	6.772488349999999e-08
1.899374440009706e+01	5.686149150000000e-08
1.902580649999436e+01	4.448184040000000e-08
1.907257670001127e+01	3.688130690000000e-08
1.910484240006190e+01	3.062429240000000e-08
1.913488969998434e+01	2.561485250000000e-08
1.916682280006353e+01	2.298537180000000e-08
1.921253260003868e+01	2.029831590000000e-08
1.924348609999288e+01	1.916590440000000e-08
1.927370110002812e+01	2.008717990000000e-08
1.932039580005221e+01	2.250554050000000e-08
1.936670220002998e+01	2.553807830000000e-08
1.939827190001961e+01	3.081622780000000e-08
1.942900430003647e+01	4.160284920000000e-08
1.947480690001976e+01	6.319528010000000e-08
1.952189490001183e+01	8.649590200000000e-08
1.957047500007320e+01	1.084530150000000e-07
1.961604110000189e+01	1.197770560000000e-07
1.966207500000019e+01	1.368014890000000e-07
1.969332040008157e+01	1.470123150000000e-07
1.972493420005776e+01	1.592384390000000e-07
1.977147170004901e+01	1.709079100000000e-07
1.981805190001614e+01	1.807924550000000e-07
1.986370790004730e+01	1.851493470000000e-07
1.989481850003358e+01	1.916558570000000e-07
1.992611130001023e+01	1.995059050000000e-07
1.997211930004414e+01	2.055326010000000e-07
2.000362430000678e+01	2.110794530000000e-07
2.003485380008351e+01	2.176819440000000e-07
2.006682539999019e+01	2.224226710000000e-07
2.012926600000355e+01	2.355125020000000e-07
2.017582510004286e+01	2.457232990000000e-07
2.022110610001255e+01	2.576998950000000e-07
2.026782300008927e+01	2.662025340000000e-07
2.029827720008325e+01	2.735919510000000e-07
2.033190450002439e+01	2.855493620000000e-07
2.037582860002294e+01	2.996372070000000e-07
2.042286430008244e+01	3.186961240000000e-07
2.046874869999010e+01	3.403653180000000e-07
2.053001920005772e+01	3.647408280000000e-07
2.057635580003262e+01	3.879070790000000e-07
2.060760490002576e+01	4.069468100000000e-07
2.063762759999372e+01	4.251612320000000e-07
2.066845300002024e+01	4.593252360000000e-07
2.071575219999067e+01	4.730484590000000e-07
2.076281900005415e+01	4.943722160000000e-07
2.079312580008991e+01	5.105329140000000e-07
2.082380080001894e+01	5.397066620000000e-07
2.087089320004452e+01	5.641205120000000e-07
2.090385580004659e+01	5.930064050000000e-07
2.093237280007452e+01	6.336385920000000e-07
2.096370830002706e+01	6.660367830000000e-07
2.099482230003923e+01	7.080124650000000e-07
2.102603489998728e+01	7.810812689999999e-07
2.107294099999126e+01	1.036242220000000e-06
2.121335239999462e+01	1.082860990000000e-06
2.124428680003621e+01	1.123122840000000e-06
2.127483060001396e+01	1.188234820000000e-06
2.132201910007279e+01	1.256622000000000e-06
2.136914720002096e+01	1.312102090000000e-06
2.141574110009242e+01	1.339457070000000e-06
2.146196500002407e+01	1.370664560000000e-06
2.149313300009817e+01	1.384342000000000e-06
2.152371199999470e+01	1.404569050000000e-06
2.157016730005853e+01	1.416512760000000e-06
2.161843939998653e+01	1.417283330000000e-06
2.166373870009556e+01	1.419017170000000e-06
2.169477549998555e+01	1.419787740000000e-06
2.172620929998811e+01	1.418824350000000e-06
2.177269540005364e+01	1.421713930000000e-06
2.180425849999301e+01	1.424603620000000e-06
2.183482840005308e+01	1.456774380000000e-06
2.188062750000972e+01	1.519574990000000e-06
2.192718100000639e+01	1.586420810000000e-06
2.197476810007356e+01	1.645753850000000e-06
2.202159660006873e+01	1.681777350000000e-06
2.206888150004670e+01	1.698151780000000e-06
2.210169770009816e+01	1.730515120000000e-06
2.213078010000754e+01	1.772318110000000e-06
2.217730480001774e+01	1.835696370000000e-06
2.222486110008322e+01	1.895607400000000e-06
2.227117110008840e+01	1.958407670000000e-06
2.231832170009147e+01	2.042976580000000e-06
2.236413640005048e+01	2.097878910000000e-06
2.239482550008688e+01	2.166843610000000e-06
2.242582430003677e+01	2.276841090000000e-06
2.247208630002569e+01	2.437695230000000e-06
2.251792730006855e+01	2.557516610000000e-06
2.256386300001759e+01	2.603942900000000e-06
2.259565520007163e+01	2.652488090000000e-06
2.262756100005936e+01	2.736671380000000e-06
2.267322530003730e+01	2.790995720000000e-06
2.270607980003115e+01	2.829138570000000e-06
2.273616490000859e+01	2.859960660000000e-06
2.276808180008084e+01	2.900415210000000e-06
2.282811090000905e+01	2.953391000000000e-06
2.287493749998976e+01	2.994423080000000e-06
2.292147790000308e+01	3.022933920000000e-06
2.296828810009174e+01	3.038537440000000e-06
2.299817450006958e+01	3.037959910000000e-06
2.302962769998703e+01	3.048362490000000e-06
2.307583950005937e+01	3.065121970000000e-06
2.312446160009131e+01	3.085349360000000e-06
2.316933489998337e+01	3.092283810000000e-06
2.321577500004787e+01	3.112511190000000e-06
2.326234650006518e+01	3.131582620000000e-06
2.329375710000750e+01	3.155855210000000e-06
2.332519640005194e+01	3.189374410000000e-06
2.337458360008895e+01	3.239075570000000e-06
2.342012570006773e+01	3.277603350000000e-06
2.346702079998795e+01	3.299757050000000e-06
2.353003000002354e+01	3.351962280000000e-06
2.357755909999833e+01	3.378161180000000e-06
2.360953520005569e+01	3.403011760000000e-06
2.364140550000593e+01	3.437301530000000e-06
2.367285129998345e+01	3.480067790000000e-06
2.371973850007635e+01	3.506458820000000e-06
2.376634550001472e+01	3.518209950000000e-06
2.382787160004955e+01	3.561361150000000e-06
2.387493729998823e+01	3.590064810000000e-06
2.390753080009017e+01	3.621657700000000e-06
2.393752959999256e+01	3.637261220000000e-06
2.396857860009186e+01	3.669432090000000e-06
2.401409670000430e+01	3.687925760000000e-06
2.404603800002951e+01	3.712776330000000e-06
2.407815970003139e+01	3.747835990000000e-06
2.412574460008182e+01	3.777502570000000e-06
2.417027320002671e+01	3.806399040000000e-06
2.420076180004980e+01	3.841844320000000e-06
2.423147940007038e+01	3.908112380000000e-06
2.427832590008620e+01	4.016568710000000e-06
2.432525890006218e+01	4.094972610000000e-06
2.437205630005337e+01	4.182238630000000e-06
2.441845240001567e+01	4.277980220000000e-06
2.446436029998586e+01	4.312656070000000e-06
2.449575980007648e+01	4.352531960000000e-06
2.452665480005089e+01	4.429779890000000e-06
2.457261889998335e+01	4.473894930000000e-06
2.461921380006243e+01	4.536888350000000e-06
2.466479130007792e+01	4.550180620000000e-06
2.472866870008875e+01	4.581195300000000e-06
2.477358160004951e+01	4.580424050000000e-06
2.480471900000703e+01	4.594101940000000e-06
2.483571840007789e+01	4.592753610000000e-06
2.486628519999795e+01	4.595257910000000e-06
2.493036530003883e+01	4.665378130000000e-06
2.497582679998595e+01	4.751488180000000e-06
2.502254840009846e+01	4.867071770000000e-06
2.506941650004592e+01	4.931606780000000e-06
2.510041730001103e+01	4.980151970000000e-06
2.513211410003714e+01	5.026385220000000e-06
2.516408970009070e+01	5.063564460000000e-06
2.519575429998804e+01	5.090341350000000e-06
2.522676200000569e+01	5.174909800000000e-06
2.527376280003227e+01	5.262946160000000e-06
2.532063129998278e+01	5.355413580000000e-06
2.536694960005116e+01	5.417635750000000e-06
2.539784680004232e+01	5.467529260000000e-06
2.543003270006739e+01	5.530522690000000e-06
2.547652210004162e+01	5.619907370000000e-06
2.552373170002829e+01	5.707751370000000e-06
2.557017369999085e+01	5.794053780000000e-06
2.561691219999921e+01	5.826994770000000e-06
2.567927439999767e+01	5.906362730000000e-06
2.571024990000296e+01	5.941615650000000e-06
2.574088970001321e+01	5.977638920000000e-06
2.577160440001171e+01	6.066831250000000e-06
2.581847150006797e+01	6.100350220000000e-06
2.586489309999160e+01	6.112100890000000e-06
2.592747490003239e+01	6.228263370000000e-06
2.597410360001959e+01	6.261589990000000e-06
2.600502190005500e+01	6.281624340000000e-06
2.603667480009608e+01	6.339608720000000e-06
2.606779610004742e+01	6.385649610000000e-06
2.612877020006999e+01	6.444019160000000e-06
2.617404990002979e+01	6.481968740000000e-06
2.622042690007947e+01	6.529935940000000e-06
2.626700850005727e+01	6.546696110000000e-06
2.629830800008494e+01	6.587535150000000e-06
2.632937310007401e+01	6.642244900000000e-06
2.637569700006861e+01	6.688671420000000e-06
2.642218570003752e+01	6.748196940000000e-06
2.646934910002165e+01	6.812345420000000e-06
2.651578210003208e+01	6.828913230000000e-06
2.654619520006236e+01	6.858964300000000e-06
2.657832670002244e+01	6.901537740000000e-06
2.661068929999601e+01	6.931974890000000e-06
2.664224170008674e+01	6.951624530000000e-06
2.667237440007739e+01	6.996894170000000e-06
2.671959950006567e+01	6.983409550000000e-06
2.676808890001848e+01	7.021744750000000e-06
2.682887269998901e+01	7.056997670000000e-06
2.687580640008673e+01	7.072794230000000e-06
2.690667910000775e+01	7.101883060000000e-06
2.693756390002090e+01	7.143493350000000e-06
2.696920290007256e+01	7.186259150000000e-06
2.701631630002521e+01	7.190112680000000e-06
2.706250630004797e+01	7.233841640000000e-06
2.709363820008002e+01	7.261388870000000e-06
2.712479760008864e+01	7.289707360000000e-06
2.717117260000668e+01	7.310126420000000e-06
2.720277450000867e+01	7.317446490000000e-06
2.723366680007894e+01	7.353277400000000e-06
2.726482899999246e+01	7.352121880000000e-06
2.732748560002074e+01	7.376587290000000e-06
2.737500760005787e+01	7.392961830000000e-06
2.742197950009722e+01	7.421279410000000e-06
2.746837370004505e+01	7.418197130000000e-06
2.749845800001640e+01	7.439579800000000e-06
2.753184240008704e+01	7.468090640000000e-06
2.757689550006762e+01	7.499876570000000e-06
2.762725480005611e+01	7.520681720000000e-06
2.767049390007742e+01	7.529735740000000e-06
2.771703780000098e+01	7.522993660000000e-06
2.776406570000108e+01	7.542642380000000e-06
2.779583620000631e+01	7.530506080000000e-06
2.782571460003965e+01	7.575005380000000e-06
2.787195800000336e+01	7.561328860000000e-06
2.791807460004929e+01	7.548036590000000e-06
2.796536820009351e+01	7.563640340000000e-06
2.801174860005267e+01	7.562484370000000e-06
2.804278160003014e+01	7.581363210000000e-06
2.807487730006687e+01	7.571923560000000e-06
2.810805160005111e+01	7.562869090000000e-06
2.814364370005205e+01	7.567300600000000e-06
2.817037210008129e+01	7.579436900000000e-06
2.821677759999875e+01	7.577702950000000e-06
2.827949370001443e+01	7.570767590000000e-06
2.832669390004594e+01	7.569804890000000e-06
2.837251110002398e+01	7.574042680000000e-06
2.840349759999663e+01	7.569997250000000e-06
2.843480859999545e+01	7.560558520000000e-06
2.846513860009145e+01	7.549384920000000e-06
2.852872060006484e+01	7.532047680000000e-06
2.857426470005885e+01	7.548228950000000e-06
2.862129610008560e+01	7.533202730000000e-06
2.866796560003422e+01	7.514517160000000e-06
2.869967980007641e+01	7.522222400000000e-06
2.873073640000075e+01	7.516635830000000e-06
2.877695800003130e+01	7.530506080000000e-06
2.882429240003694e+01	7.541100790000000e-06
2.887001409998629e+01	7.560750870000000e-06
2.891590170003474e+01	7.574813030000000e-06
2.896223699999973e+01	7.579821610000000e-06
2.899339240009431e+01	7.564218320000000e-06
2.902471320005134e+01	7.569226910000000e-06
2.907201460003853e+01	7.584637840000000e-06
2.911900190007873e+01	7.582711530000000e-06
2.916594790003728e+01	7.574427400000000e-06
2.921235829999205e+01	7.542642380000000e-06
2.924366220005322e+01	7.560750870000000e-06
2.927470900001936e+01	7.528194150000000e-06
2.930483620008454e+01	7.507197100000000e-06
2.933615640003700e+01	7.502765580000000e-06
2.936680560000241e+01	7.489666590000000e-06
2.941273560002446e+01	7.438424290000000e-06
2.944484000001103e+01	7.410299080000000e-06
2.947498850000557e+01	7.382558580000000e-06
2.952229150000494e+01	7.355589330000000e-06
2.956797189998906e+01	7.334591370000000e-06
2.960109720006585e+01	7.322070360000000e-06
2.963191180001013e+01	7.305888180000000e-06
2.966386430000421e+01	7.291247580000000e-06
2.969464000000153e+01	7.262929560000000e-06
2.972627310000826e+01	7.221127360000000e-06
2.977374930004589e+01	7.190305040000000e-06
2.982018090004567e+01	7.119798740000000e-06
2.986691260000225e+01	7.109588750000000e-06
2.989788100006990e+01	7.068555990000000e-06
2.992998540005647e+01	7.032918350000000e-06
2.997679129999597e+01	6.991308060000000e-06
3.002441369998269e+01	6.948734610000000e-06
3.007075100007933e+01	6.904235310000000e-06
3.011669950000942e+01	6.878421120000000e-06
3.016426200000569e+01	6.820243930000000e-06
3.019580630003475e+01	6.788072820000000e-06
3.022687950008549e+01	6.732207570000000e-06
3.027430530008860e+01	6.661508910000000e-06
3.032076770009007e+01	6.612385730000000e-06
3.036711720004678e+01	6.543035850000000e-06
3.041600580001250e+01	6.517221660000000e-06
3.047530859999824e+01	6.456925800000000e-06
3.050688610004727e+01	6.418204980000000e-06
3.053786660009064e+01	6.395088350000000e-06
3.056855810002889e+01	6.322848550000000e-06
3.062002949998714e+01	6.287788890000000e-06
3.066456890001427e+01	6.257544100000000e-06
3.072725690004881e+01	6.190505250000000e-06
3.077203039999586e+01	6.143886820000000e-06
3.080330550007056e+01	6.117687920000000e-06
3.083544689998962e+01	6.078197200000000e-06
3.086577500007115e+01	6.064904940000000e-06
3.092858240008354e+01	5.999021600000000e-06
3.097482150001451e+01	5.947972110000000e-06
3.102088730002288e+01	5.909058930000000e-06
3.106700060004368e+01	5.851075000000000e-06
3.109746520000044e+01	5.825454080000000e-06
3.113079940003809e+01	5.763808990000000e-06
3.117577460000757e+01	5.729326400000000e-06
3.122367370000575e+01	5.672498450000000e-06
3.127490580000449e+01	5.614128440000000e-06
3.131677750009112e+01	5.584268820000000e-06
3.136428310000338e+01	5.533990590000000e-06
3.139582670002710e+01	5.508754380000000e-06
3.142682360007893e+01	5.452888670000000e-06
3.147329150000587e+01	5.412049630000000e-06
3.152014790009707e+01	5.368512570000000e-06
3.156717200006824e+01	5.324013270000000e-06
3.161371519998647e+01	5.297621100000000e-06
3.164608050009701e+01	5.283944120000000e-06
3.167661080008838e+01	5.251581110000000e-06
3.170726080005988e+01	5.221914310000000e-06
3.173817710008007e+01	5.206310110000000e-06
3.176949880004395e+01	5.155453440000000e-06
3.181568410003092e+01	5.141584100000000e-06
3.186187340004835e+01	5.076086380000000e-06
3.189212470001075e+01	5.038521520000000e-06
3.192286390007939e+01	4.965125750000000e-06
3.197070639999583e+01	4.910993990000000e-06
3.200162840005942e+01	4.858981360000000e-06
3.203172389999963e+01	4.796565920000000e-06
3.207816490007099e+01	4.720665860000000e-06
3.212576100009028e+01	4.648619320000000e-06
3.217153110005893e+01	4.571177670000000e-06
3.221887019998394e+01	4.486994840000000e-06
3.226577850000467e+01	4.448081650000000e-06
3.229647180007305e+01	4.388748490000000e-06
3.232817570003681e+01	4.302252820000000e-06
3.237482510006521e+01	4.202465790000000e-06
3.242080210009590e+01	4.132923100000000e-06
3.246796420007013e+01	4.035832720000000e-06
3.252947310009040e+01	3.973031650000000e-06
3.257581519999076e+01	3.918515630000000e-06
3.260885050008073e+01	3.872859000000000e-06
3.263921940000728e+01	3.838954400000000e-06
3.266965699999128e+01	3.771723870000000e-06
3.271625410008710e+01	3.740130980000000e-06
3.276279070007149e+01	3.673477750000000e-06
3.279395540000405e+01	3.624354580000000e-06
3.282474950002506e+01	3.562324310000000e-06
3.287122910004109e+01	3.512623610000000e-06
3.290138609998394e+01	3.475251560000000e-06
3.293259179999586e+01	3.417459540000000e-06
3.297888050007168e+01	3.367758840000000e-06
3.302760979998857e+01	3.300720210000000e-06
3.307283810002264e+01	3.241964810000000e-06
3.312008820008487e+01	3.198043260000000e-06
3.316561190003995e+01	3.176082150000000e-06
3.319574680004735e+01	3.141406980000000e-06
3.322688050009310e+01	3.100952880000000e-06
3.327453769999556e+01	3.067818850000000e-06
3.332041710009798e+01	3.024474840000000e-06
3.336631060007494e+01	3.008293330000000e-06
3.341285520000383e+01	2.978819570000000e-06
3.344383170001674e+01	2.958592180000000e-06
3.347539170004893e+01	2.937979620000000e-06
3.350582269998267e+01	2.924302410000000e-06
3.353681240009610e+01	2.909661820000000e-06
3.356842999998480e+01	2.878839270000000e-06
3.361485600005835e+01	2.859382680000000e-06
3.366274080006406e+01	2.824515380000000e-06
3.369421740004327e+01	2.796967690000000e-06
3.372582719998900e+01	2.763641080000000e-06
3.377151690004393e+01	2.740717040000000e-06
3.380237990000751e+01	2.708738750000000e-06
3.383368849998806e+01	2.675797530000000e-06
3.386442280001938e+01	2.653451250000000e-06
3.392561919998843e+01	2.577744000000000e-06
3.397361470002215e+01	2.529776790000000e-06
3.402038350002840e+01	2.484891640000000e-06
3.406766130006872e+01	2.455803040000000e-06
3.409838490001857e+01	2.430760110000000e-06
3.412980240001343e+01	2.396277300000000e-06
3.417700989998411e+01	2.353511260000000e-06
3.422262680006679e+01	2.321918370000000e-06
3.426991450006608e+01	2.275492310000000e-06
3.431546020007227e+01	2.253338610000000e-06
3.436248200002592e+01	2.202674750000000e-06
3.439450639998540e+01	2.166458440000000e-06
3.442559070000425e+01	2.114831200000000e-06
3.447230090002995e+01	2.044710300000000e-06
3.452008300006855e+01	1.976515930000000e-06
3.456594170001335e+01	1.938951070000000e-06
3.461405630002264e+01	1.869986250000000e-06
3.464442050002981e+01	1.830687780000000e-06
3.467566690000240e+01	1.794856760000000e-06
3.470683879998978e+01	1.753824680000000e-06
3.473806990007870e+01	1.718956810000000e-06
3.476886200008448e+01	1.665210330000000e-06
3.481610330007970e+01	1.638433560000000e-06
3.486254620004911e+01	1.576018350000000e-06
3.489322500000708e+01	1.537105050000000e-06
3.492411120003089e+01	1.485863090000000e-06
3.497277220000979e+01	1.450610060000000e-06
3.500173980009276e+01	1.422677310000000e-06
3.503249750006944e+01	1.384342000000000e-06
3.506471080007032e+01	1.358528270000000e-06
3.512674030009657e+01	1.277619620000000e-06
3.517372140008956e+01	1.221754130000000e-06
3.522045290004462e+01	1.170512180000000e-06
3.526637690002099e+01	1.147588020000000e-06
3.529766450007446e+01	1.113683310000000e-06
3.532988530001603e+01	1.071880660000000e-06
3.537689080007840e+01	1.024876500000000e-06
3.542272840009537e+01	9.797990969999999e-07
3.546958999999333e+01	9.335654450000000e-07
3.553209750005044e+01	8.948449020000000e-07
3.557881790003739e+01	8.609404180000000e-07
3.561045410006773e+01	8.333928460000000e-07
3.564141779998317e+01	8.023779400000000e-07
3.567325520003214e+01	7.520990830000000e-07
3.571960529999342e+01	7.108741330000000e-07
3.576530319999438e+01	6.902616290000000e-07
3.582827120006550e+01	6.384416910000000e-07
3.587577110005077e+01	6.149396090000000e-07
3.590679690008983e+01	6.002990740000000e-07
3.593850230006501e+01	5.821910350000000e-07
3.596907760004979e+01	5.175384670000000e-07
3.609312680002768e+01	4.994967640000000e-07
3.612350310001057e+01	4.824147480000000e-07
3.615436250006314e+01	4.643346760000000e-07
3.618535660009366e+01	4.414370950000000e-07
3.621732420008630e+01	4.157565460000000e-07
3.626373510004487e+01	4.052193960000000e-07
3.629371690005064e+01	3.928205670000000e-07
3.632563420000952e+01	3.800378470000000e-07
3.637335880007595e+01	3.631285780000000e-07
3.641993169998750e+01	3.547602890000000e-07
3.645168420008849e+01	3.456626700000000e-07
3.648270530009177e+01	3.343578500000000e-07
3.653074620000552e+01	3.205387030000000e-07
3.657688110007439e+01	3.062205000000000e-07
3.662227520009037e+01	2.930923130000000e-07
3.666958059999160e+01	2.779871980000000e-07
3.673220610001590e+01	2.658954370000000e-07
3.676359520002734e+01	2.556846250000000e-07
3.679482449998613e+01	2.456849300000000e-07
3.682482440001331e+01	2.292554630000000e-07
3.687168430001475e+01	2.103309240000000e-07
3.693547700007912e+01	1.942661500000000e-07
3.696656050009187e+01	1.830764660000000e-07
3.701309850008693e+01	1.620790190000000e-07
3.704351270000916e+01	1.495266280000000e-07
3.707483569998294e+01	1.317536660000000e-07
3.712276910000946e+01	1.195275420000000e-07
3.717083240009379e+01	1.079155960000000e-07
3.721599669998977e+01	1.026950330000000e-07
3.726161210006103e+01	9.471062870000000e-08
3.729264830006287e+01	9.008504520000000e-08
3.732357920007780e+01	8.553623590000001e-08
3.735399279999547e+01	8.081470780000000e-08
3.738470160006545e+01	7.517188290000000e-08
3.741577389999293e+01	7.106451959999999e-08
3.746270330005791e+01	6.321446480000000e-08
3.749475820001680e+01	5.816663770000000e-08
3.752564250002615e+01	5.094997490000000e-08
3.757234389998484e+01	4.367572610000000e-08
3.761973730009049e+01	3.972191110000000e-08
3.765147550008260e+01	3.667016910000000e-08
3.768263190006837e+01	3.344570840000000e-08
3.772953900007997e+01	3.045155590000000e-08
3.777582740003709e+01	2.663209030000000e-08
3.782278020004742e+01	2.411777090000000e-08
3.786851639999077e+01	2.131555380000000e-08
3.793085050000809e+01	2.031750230000000e-08
3.796169050002936e+01	1.966493630000000e-08
3.799251630005892e+01	1.935783980000000e-08
3.802255520003382e+01	1.960734860000000e-08
3.806962670001667e+01	2.041347710000000e-08
3.811577450006735e+01	2.112361840000000e-08
3.816412570001557e+01	2.177619860000000e-08
3.819504160003271e+01	2.331165480000000e-08
3.822641750006005e+01	2.455921510000000e-08
3.825677850004286e+01	2.574920010000000e-08
3.828762329998426e+01	2.724628350000000e-08
3.831875269999728e+01	2.918479680000000e-08
3.836678660009056e+01	3.129606090000000e-08
3.841773109999485e+01	3.657421030000000e-08
3.847582839999814e+01	4.104624200000000e-08
3.852243300003465e+01	4.434747680000000e-08
3.855340430000797e+01	4.780227410000000e-08
3.858380290004425e+01	5.171770210000000e-08
3.861530950001907e+01	5.444314510000000e-08
3.866337140009273e+01	5.785954120000000e-08
3.869583340000827e+01	6.054661130000000e-08
3.872554420004599e+01	6.388623320000000e-08
3.877314300008584e+01	6.787843180000000e-08
3.882805760006886e+01	7.106451959999999e-08
3.886648199998308e+01	7.440414150000001e-08
3.892882890009787e+01	8.451900870000000e-08
3.897573890001513e+01	9.375096250000000e-08
3.902612940000836e+01	1.032708210000000e-07
3.906801769998856e+01	1.144221290000000e-07
3.913014880008996e+01	1.201993030000000e-07
3.916196699999273e+01	1.261492320000000e-07
3.919361670000944e+01	1.345174780000000e-07
3.922526440001093e+01	1.472234320000000e-07
3.927161799999885e+01	1.634609250000000e-07
3.931794710003305e+01	1.789883160000000e-07
3.936482200003229e+01	1.868383490000000e-07
3.941184770001564e+01	2.009070240000000e-07
3.944335359998513e+01	2.092560860000000e-07
3.947358150000218e+01	2.201578870000000e-07
3.952118959999643e+01	2.290059630000000e-07
3.956889850005973e+01	2.339194510000000e-07
3.961502810008824e+01	2.370287720000000e-07
3.966564920009114e+01	2.431898170000000e-07
3.972559380007442e+01	2.573544290000000e-07
3.975677740003448e+01	2.636882070000000e-07
3.978731939999852e+01	2.672005910000000e-07
3.981929280003533e+01	2.683905790000000e-07
3.986654339998495e+01	2.695805390000000e-07
3.992898900003638e+01	2.664520480000000e-07
3.997689450008329e+01	2.608668130000000e-07
4.002243930008262e+01	2.577191080000000e-07
4.005498220003210e+01	2.548976850000000e-07
4.008555880002677e+01	2.502337400000000e-07
4.011703419999685e+01	2.412704700000000e-07
4.016423580003902e+01	2.321920500000000e-07
4.019592800003011e+01	2.165495230000000e-07
4.022782140003983e+01	1.913679450000000e-07
4.027476880000904e+01	1.488356530000000e-07
4.032322330004536e+01	1.210821810000000e-07
4.035300510004163e+01	9.789671650000000e-08
4.038470530009363e+01	8.058438540000000e-08
4.041544940008316e+01	7.258078940000000e-08
4.046257970004808e+01	6.269624460000000e-08
4.049387830006890e+01	5.820502480000000e-08
4.052461900003254e+01	5.131464680000000e-08
4.057182360009756e+01	4.402119560000000e-08
4.062357990001328e+01	3.786015770000000e-08
4.064950220007449e+01	3.279312820000000e-08
4.068246210005600e+01	2.619064610000000e-08
4.072949010005686e+01	2.077814900000000e-08
4.077681390009820e+01	2.010638060000000e-08
4.082364870002493e+01	2.363793780000000e-08
4.086957960005384e+01	3.039397000000000e-08
4.091585470002610e+01	3.430939800000000e-08
4.094739410001785e+01	4.071996070000000e-08
4.097941790008917e+01	5.056610420000000e-08
4.102583010005765e+01	6.355995200000001e-08
4.107217390008736e+01	7.592041130000000e-08
4.111744060006458e+01	8.778187070000000e-08
4.124005100002978e+01	1.111592670000000e-07
4.127416190004442e+01	1.240571380000000e-07
4.132106330001261e+01	1.371085860000000e-07
4.136876099999063e+01	1.510236980000000e-07
4.141627640009392e+01	1.580100530000000e-07
4.146287310007028e+01	1.722898450000000e-07
4.149477720004506e+01	1.839785430000000e-07
4.152680760005023e+01	1.967228660000000e-07
4.155827010003850e+01	2.094672170000000e-07
4.158903360005934e+01	2.221539860000000e-07
4.162017680006102e+01	2.466829590000000e-07
4.166800930001773e+01	2.730737380000000e-07
4.172977600002196e+01	2.956641940000000e-07
4.177582219999749e+01	3.192335780000000e-07
4.182379080005921e+01	3.338204520000000e-07
4.185377080005128e+01	3.461425140000000e-07
4.188376150000840e+01	3.609021630000000e-07
4.192896849999670e+01	3.745101650000000e-07
4.197657709999476e+01	3.844907040000000e-07
4.202286740008276e+01	3.942600420000000e-07
4.207086600002367e+01	4.066013160000000e-07
4.211820090003312e+01	4.217256450000000e-07
4.215030690003186e+01	4.552754550000000e-07
4.218195270001888e+01	5.106672350000000e-07
4.221371570008341e+01	5.470192830000000e-07
4.224475040007383e+01	5.912982030000000e-07
4.227487249998376e+01	6.549238950000000e-07
4.232173450000118e+01	7.169565490000000e-07
4.236752249998972e+01	7.757839170000000e-07
4.243425430008210e+01	8.242469680000000e-07
4.246265700005461e+01	8.494669150000000e-07
4.249471480003558e+01	9.316390220000000e-07
4.258862440008670e+01	9.437753190000000e-07
4.262005470006261e+01	9.676628000000000e-07
4.265393430006225e+01	9.923205650000000e-07
4.268300700001419e+01	1.015437190000000e-06
4.272857909998856e+01	1.047030080000000e-06
4.277579079999123e+01	1.080164220000000e-06
4.282184460002463e+01	1.117536270000000e-06
4.286846510006581e+01	1.160302080000000e-06
4.293024720007088e+01	1.187657060000000e-06
4.296540660003666e+01	1.218479380000000e-06
4.302520410006400e+01	1.290719300000000e-06
4.307096440007444e+01	1.341575850000000e-06
4.311865220009349e+01	1.395900310000000e-06
4.316674910008442e+01	1.426144880000000e-06
4.323023330001161e+01	1.508209150000000e-06
4.326170790009201e+01	1.544425570000000e-06
4.329262590000872e+01	1.586035640000000e-06
4.332375239999965e+01	1.654422590000000e-06
4.337134529999457e+01	1.718764220000000e-06
4.341735860006884e+01	1.755943690000000e-06
4.346369780006353e+01	1.776363320000000e-06
4.349477200000547e+01	1.800443440000000e-06
4.352669940004125e+01	1.820477910000000e-06
4.355796020000707e+01	1.840127080000000e-06
4.358867140009534e+01	1.859968960000000e-06
4.361929850000888e+01	1.906973130000000e-06
4.366492990008555e+01	1.936639590000000e-06
4.372764330008067e+01	2.037004610000000e-06
4.377349580009468e+01	2.129664150000000e-06
4.382003529998474e+01	2.169348140000000e-06
4.385321620001923e+01	2.217893320000000e-06
4.388270459999330e+01	2.275299950000000e-06
4.392912430001888e+01	2.343108920000000e-06
4.397484170005191e+01	2.418238640000000e-06
4.402282220008783e+01	2.485469620000000e-06
4.406921169999987e+01	2.550196310000000e-06
4.412994720006827e+01	2.588724330000000e-06
4.416096540004946e+01	2.613382090000000e-06
4.419658109999727e+01	2.661156940000000e-06
4.422640190005768e+01	2.717214780000000e-06
4.427165580005385e+01	2.790225380000000e-06
4.431768050009850e+01	2.875949800000000e-06
4.436325609998312e+01	2.906772120000000e-06
4.439474010001868e+01	2.950501080000000e-06
4.442613470007200e+01	3.003862500000000e-06
4.445709720009472e+01	3.039308240000000e-06
4.448792310000863e+01	3.088045790000000e-06
4.451847010001075e+01	3.167413520000000e-06
4.456483869999647e+01	3.220774940000000e-06
4.461169060005341e+01	3.307655110000000e-06
4.464264840004034e+01	3.354466570000000e-06
4.467437720007729e+01	3.463115260000000e-06
4.472214990004431e+01	3.507807610000000e-06
4.475311819999479e+01	3.570415400000000e-06
4.478364470007364e+01	3.662111790000000e-06
4.481495100003667e+01	3.711234740000000e-06
4.486195769999176e+01	3.801197410000000e-06
4.489283830008935e+01	3.848201690000000e-06
4.492417260003276e+01	3.922175440000000e-06
4.497060650005005e+01	4.005202750000000e-06
4.501813830004539e+01	4.045657080000000e-06
4.504962539998814e+01	4.091505160000000e-06
4.508154799998738e+01	4.180505130000000e-06
4.512801620003302e+01	4.255634390000000e-06
4.517447309999261e+01	4.317470940000000e-06
4.522170450002886e+01	4.384510250000000e-06
4.526835510006640e+01	4.449429980000000e-06
4.533169440005440e+01	4.491039360000000e-06
4.536297970009036e+01	4.521284150000000e-06
4.539372310007457e+01	4.571563300000000e-06
4.542369440000039e+01	4.624153460000000e-06
4.547123760008253e+01	4.685220570000000e-06
4.551855810009874e+01	4.743205410000000e-06
4.556528119998984e+01	4.780191380000000e-06
4.559582530008629e+01	4.820260530000000e-06
4.562758179998491e+01	4.859173710000000e-06
4.566056970006321e+01	4.893271580000000e-06
4.569008680002298e+01	4.927175270000000e-06
4.572076840000227e+01	4.987086410000000e-06
4.576710080006160e+01	5.029467500000000e-06
4.581483030004892e+01	5.057207550000000e-06
4.586097220005468e+01	5.097469060000000e-06
4.589137369999662e+01	5.141390830000000e-06
4.592263420007657e+01	5.166241410000000e-06
4.595291490003001e+01	5.212282300000000e-06
4.598466940002982e+01	5.257167230000000e-06
4.601576229999773e+01	5.289338330000000e-06
4.606286160007585e+01	5.340965340000000e-06
4.609435300005134e+01	5.384694760000000e-06
4.612582010007463e+01	5.430350030000000e-06
4.617271740001161e+01	5.477161270000000e-06
4.621927290002350e+01	5.492957830000000e-06
4.625030860002153e+01	5.509332370000000e-06
4.628110100002959e+01	5.542851340000000e-06
4.632797440001741e+01	5.573674120000000e-06
4.637487080006395e+01	5.623759990000000e-06
4.642068890004884e+01	5.648995740000000e-06
4.646735630009789e+01	5.679048170000000e-06
4.653045780002140e+01	5.742426310000000e-06
4.656186070002150e+01	5.779797900000000e-06
4.659352810005657e+01	5.811968550000000e-06
4.662493769999128e+01	5.863981640000000e-06
4.667228769999929e+01	5.921002870000000e-06
4.671925160009414e+01	5.969355240000000e-06
4.676619710004888e+01	5.978794890000000e-06
4.679688630008604e+01	6.011735880000000e-06
4.682790180004667e+01	6.039668730000000e-06
4.685927410004660e+01	6.068949920000000e-06
4.688970870000776e+01	6.094378020000000e-06
4.692014780000318e+01	6.126164410000000e-06
4.696672010002658e+01	6.132520870000000e-06
4.701364650006872e+01	6.182992370000000e-06
4.704483170004096e+01	6.209769250000000e-06
4.707603650004603e+01	6.243673850000000e-06
4.712260530004278e+01	6.251957980000000e-06
4.715367580007296e+01	6.251572360000000e-06
4.718887790001463e+01	6.271606710000000e-06
4.721600560005754e+01	6.298961580000000e-06
4.726184640009888e+01	6.318225590000000e-06
4.729379250004422e+01	6.347314410000000e-06
4.732399890001398e+01	6.402986400000000e-06
4.737049450003542e+01	6.443633540000000e-06
4.741673629998695e+01	6.464053510000000e-06
4.744689400005154e+01	6.479657710000000e-06
4.747771180002019e+01	6.498343280000000e-06
4.752375470008701e+01	6.509323610000000e-06
4.757131949998438e+01	6.560180740000000e-06
4.761743550002575e+01	6.577710790000000e-06
4.766433639999013e+01	6.608147940000000e-06
4.769804960000329e+01	6.608918280000000e-06
4.772722260002047e+01	6.621247850000000e-06
4.775859069998842e+01	6.643208510000000e-06
4.778989560005721e+01	6.657656740000000e-06
4.782036730006803e+01	6.676535120000000e-06
4.786624040000606e+01	6.699844110000000e-06
4.792789759999141e+01	6.724887040000000e-06
4.797467790008523e+01	6.756480160000000e-06
4.802179100003559e+01	6.770158050000000e-06
4.805230510002002e+01	6.773432230000000e-06
4.808393120008986e+01	6.802906680000000e-06
4.813087310001720e+01	6.818895600000000e-06
4.817889410001226e+01	6.851836590000000e-06
4.822434820001945e+01	6.885163200000000e-06
4.827061890007462e+01	6.933516030000000e-06
4.831698370003141e+01	6.943533210000000e-06
4.835020139999688e+01	6.947193920000000e-06
4.837909000006039e+01	6.985335860000000e-06
4.842551050009206e+01	7.023286340000000e-06
4.847102360008284e+01	7.050448860000000e-06
4.851799480000045e+01	7.071831530000000e-06
4.856415470002685e+01	7.080114760000000e-06
4.859484800009523e+01	7.110552360000000e-06
4.862610280001536e+01	7.108625140000000e-06
4.866228640009649e+01	7.100149110000000e-06
4.869084030005615e+01	7.122687750000000e-06
4.871940390008967e+01	7.145034030000000e-06
4.876628910005093e+01	7.151776570000000e-06
4.883062850008719e+01	7.157941580000000e-06
4.887566830008291e+01	7.176242430000000e-06
4.892169570003171e+01	7.180094600000000e-06
4.895202790002804e+01	7.196469140000000e-06
4.898275399999693e+01	7.204945180000000e-06
4.901316630002111e+01	7.209375780000000e-06
4.904498020000756e+01	7.202055710000000e-06
4.907617240003310e+01	7.196276780000000e-06
4.912331080005970e+01	7.207641830000000e-06
4.917059460002929e+01	7.213807290000000e-06
4.923195270006545e+01	7.244628700000000e-06
4.926295820006635e+01	7.259462560000000e-06
4.929482700000517e+01	7.293367160000000e-06
4.932480950001627e+01	7.289899710000000e-06
4.937083640007768e+01	7.339600420000000e-06
4.941709650005214e+01	7.346727670000000e-06
4.946428600000218e+01	7.354433360000000e-06
4.949378260003868e+01	7.355589330000000e-06
4.952552890009247e+01	7.353855380000000e-06
4.955691270006355e+01	7.371963870000000e-06
4.958829830004834e+01	7.362909860000000e-06
4.961909679998644e+01	7.406831170000000e-06
4.966626100009307e+01	7.412033030000000e-06
4.972930850007106e+01	7.445552000000000e-06
4.977616240002681e+01	7.453642410000000e-06
4.982201840006746e+01	7.467320300000000e-06
4.985343300004024e+01	7.470402580000000e-06
4.988484270009212e+01	7.475026000000000e-06
4.993089150008745e+01	7.497565090000000e-06
4.997821189998649e+01	7.502765580000000e-06
5.002467260009144e+01	7.514901880000000e-06
5.007904710003641e+01	7.514709520000000e-06
5.011958940001205e+01	7.518562140000000e-06
5.015154019999318e+01	7.518177430000000e-06
5.018358270009048e+01	7.525304230000000e-06
5.022885010007303e+01	7.541294050000000e-06
5.027482580009382e+01	7.542256750000000e-06
5.032258330006152e+01	7.564410680000000e-06
5.036963199998718e+01	7.562484370000000e-06
5.041716080007609e+01	7.552852370000000e-06
5.044804930000100e+01	7.572116830000000e-06
5.047930680005811e+01	7.563640340000000e-06
5.052582280000206e+01	7.568648930000000e-06
5.057254230009858e+01	7.575583370000000e-06
5.061970380006824e+01	7.553237080000000e-06
5.066576730005909e+01	7.560750870000000e-06
5.069693259999622e+01	7.559402550000000e-06
5.072890960006043e+01	7.538404130000000e-06
5.076090920006391e+01	7.554200690000000e-06
5.079083050007466e+01	7.531276420000000e-06
5.082318410009611e+01	7.511049720000000e-06
5.086857280007098e+01	7.442855350000000e-06
5.091849020007066e+01	7.407409160000000e-06
5.097674409998581e+01	7.381403520000000e-06
5.102327660005540e+01	7.368689240000000e-06
5.105367669998668e+01	7.344031020000000e-06
5.108577750006225e+01	7.320914390000000e-06
5.111723249999341e+01	7.275259120000000e-06
5.116391220001969e+01	7.255031050000000e-06
5.119619909999892e+01	7.233841640000000e-06
5.122662130009849e+01	7.184140490000000e-06
5.127254939998966e+01	7.146575630000000e-06
5.131872510001995e+01	7.119991100000000e-06
5.135507789999247e+01	7.069327240000000e-06
5.137978489999659e+01	7.034844660000000e-06
5.142634420003742e+01	6.980520080000000e-06
5.147399600001518e+01	6.932552880000000e-06
5.151973430009093e+01	6.912711340000000e-06
5.156714579998516e+01	6.878421120000000e-06
5.162879280000925e+01	6.833343830000000e-06
5.165975780005101e+01	6.822170690000000e-06
5.169274420000147e+01	6.795586610000000e-06
5.172379040007945e+01	6.755131840000000e-06
5.176926030009054e+01	6.729703270000000e-06
5.181678330001887e+01	6.690597730000000e-06
5.186310449999291e+01	6.643016150000000e-06
5.189482929999940e+01	6.628952630000000e-06
5.192587660008576e+01	6.594277690000000e-06
5.195728169998620e+01	6.552475500000000e-06
5.200370270002168e+01	6.502774340000000e-06
5.203473830001894e+01	6.472722360000000e-06
5.206605120003223e+01	6.429956560000000e-06
5.212844940007199e+01	6.360991390000000e-06
5.217682699998841e+01	6.303585000000000e-06
5.222212530008983e+01	6.268716790000000e-06
5.225319830002263e+01	6.249068060000000e-06
5.228367670008447e+01	6.221905550000000e-06
5.232931790000293e+01	6.191854030000000e-06
5.237582539999858e+01	6.155252320000000e-06
5.242287640005816e+01	6.129053420000000e-06
5.247002920007799e+01	6.064519310000000e-06
5.253102450002916e+01	6.016937730000000e-06
5.256221290002577e+01	5.970704020000000e-06
5.259344870003406e+01	5.906747450000000e-06
5.262409320008010e+01	5.803107800000000e-06
5.267139750008937e+01	5.693110780000000e-06
5.271660710009746e+01	5.644565590000000e-06
5.276364580006339e+01	5.580416200000000e-06
5.279478060000110e+01	5.539769060000000e-06
5.282691190007608e+01	5.491995130000000e-06
5.285844320000615e+01	5.444798260000000e-06
5.288997570006177e+01	5.413975940000000e-06
5.292153970000800e+01	5.364660410000000e-06
5.296791670005769e+01	5.328058710000000e-06
5.301377750001848e+01	5.297236380000000e-06
5.304469430004247e+01	5.271615460000000e-06
5.307540500001051e+01	5.250809860000000e-06
5.312307420000434e+01	5.238288850000000e-06
5.315449720004108e+01	5.218832030000000e-06
5.318555779999588e+01	5.202650300000000e-06
5.321673580002971e+01	5.182229870000000e-06
5.326313480001409e+01	5.144280290000000e-06
5.329371540003922e+01	5.109605350000000e-06
5.332565920008346e+01	5.049887480000000e-06
5.337208430003375e+01	4.987086410000000e-06
5.341928870009724e+01	4.949136840000000e-06
5.344952050002757e+01	4.909452400000000e-06
5.348045390006155e+01	4.850120150000000e-06
5.352703400002792e+01	4.765744050000000e-06
5.357278849999420e+01	4.678092410000000e-06
5.361898790008854e+01	4.578497740000000e-06
5.366575580008794e+01	4.519550200000000e-06
5.369773680006620e+01	4.470234670000000e-06
5.372968640003819e+01	4.411865120000000e-06
5.376164270006120e+01	4.366787380000000e-06
5.379216150008142e+01	4.335194720000000e-06
5.382314350001980e+01	4.285685920000000e-06
5.387070930004120e+01	4.233288110000000e-06
5.392188580008224e+01	4.184742920000000e-06
5.396417870000005e+01	4.155268930000000e-06
5.399668119999114e+01	4.113273460000000e-06
5.402522770001087e+01	4.098054890000000e-06
5.405581960000563e+01	4.064921540000000e-06
5.408682800002862e+01	4.031979640000000e-06
5.412192619999405e+01	3.979967460000000e-06
5.416632290009875e+01	3.942210240000000e-06
5.421748890005983e+01	3.875556560000000e-06
5.427782050007954e+01	3.813333710000000e-06
5.432419710000977e+01	3.791758450000000e-06
5.435482580005191e+01	3.756890240000000e-06
5.438617030007299e+01	3.706226380000000e-06
5.441820150008425e+01	3.657680960000000e-06
5.446563550003339e+01	3.621079710000000e-06
5.452824490005150e+01	3.528227350000000e-06
5.457523539999966e+01	3.465041570000000e-06
5.462305170006584e+01	3.438071870000000e-06
5.465262420009822e+01	3.402626590000000e-06
5.468304939998779e+01	3.375271490000000e-06
5.472899259999394e+01	3.340596320000000e-06
5.477570690005086e+01	3.294363070000000e-06
5.482232750009280e+01	3.255064710000000e-06
5.487009380001109e+01	3.195731550000000e-06
5.493127629999071e+01	3.167798700000000e-06
5.496184410003480e+01	3.143140930000000e-06
5.499146480008494e+01	3.117134380000000e-06
5.502274630009197e+01	3.100182080000000e-06
5.506795220007189e+01	3.077451080000000e-06
5.512969139998313e+01	3.060883960000000e-06
5.517582500004210e+01	3.037381930000000e-06
5.522507050004788e+01	3.017925340000000e-06
5.525398150004912e+01	2.995771870000000e-06
5.528574810002465e+01	2.975351660000000e-06
5.532193450001068e+01	2.961096470000000e-06
5.536482150002848e+01	2.946070710000000e-06
5.541225400008261e+01	2.927192100000000e-06
5.544262210000306e+01	2.927192100000000e-06
5.547710120002739e+01	2.918908420000000e-06
5.552042419998907e+01	2.922568910000000e-06
5.555447139998432e+01	2.914092650000000e-06
5.558239340002183e+01	2.902534330000000e-06
5.561321540002245e+01	2.906001780000000e-06
5.564478660002351e+01	2.900800380000000e-06
5.567553720006254e+01	2.898681490000000e-06
5.579946930008009e+01	2.887123170000000e-06
5.583510310004931e+01	2.880958390000000e-06
5.586738439998589e+01	2.870555820000000e-06
5.592901640001219e+01	2.859190320000000e-06
5.597582890000194e+01	2.840889690000000e-06
5.602277600008529e+01	2.824129750000000e-06
5.607032719999552e+01	2.809103990000000e-06
5.611720450001303e+01	2.802168860000000e-06
5.615219320007600e+01	2.781941700000000e-06
5.617989110003691e+01	2.759595650000000e-06
5.622811700007878e+01	2.736286210000000e-06
5.627587560005486e+01	2.710665290000000e-06
5.632195780007169e+01	2.678879580000000e-06
5.636895170004573e+01	2.646516120000000e-06
5.641472310002428e+01	2.633416670000000e-06
5.645132750004996e+01	2.601823780000000e-06
5.647755110007711e+01	2.572542830000000e-06
5.652429120009765e+01	2.531124890000000e-06
5.657113060005940e+01	2.504155870000000e-06
5.661707400006708e+01	2.472755340000000e-06
5.666509500006214e+01	2.456381030000000e-06
5.669721310003661e+01	2.434998120000000e-06
5.672861530003138e+01	2.417660650000000e-06
5.675886900001206e+01	2.391076120000000e-06
5.679023580008652e+01	2.369885810000000e-06
5.682098780001979e+01	2.334440300000000e-06
5.686844440002460e+01	2.296297450000000e-06
5.691538430005312e+01	2.281657090000000e-06
5.696188690001145e+01	2.240817140000000e-06
5.699311889999080e+01	2.230992780000000e-06
5.702447420009412e+01	2.212499340000000e-06
5.705582160002086e+01	2.196317610000000e-06
5.708686829998624e+01	2.181677020000000e-06
5.711730100004934e+01	2.165302700000000e-06
5.716482509998605e+01	2.151047280000000e-06
5.721248300001025e+01	2.136791860000000e-06
5.724479210004210e+01	2.123307240000000e-06
5.727640259999316e+01	2.106354940000000e-06
5.732258050004020e+01	2.101924340000000e-06
5.735331810009666e+01	2.087476330000000e-06
5.738430150004569e+01	2.079000300000000e-06
5.743078649998643e+01	2.057039180000000e-06
5.747701560007408e+01	2.029491950000000e-06
5.752377080009319e+01	2.006182290000000e-06
5.757147780002560e+01	1.986147940000000e-06
5.761886839999352e+01	1.975359960000000e-06
5.764961750002112e+01	1.964572220000000e-06
5.767982439999469e+01	1.943959890000000e-06
5.772881470003631e+01	1.917953570000000e-06
5.777461990003940e+01	1.894066260000000e-06
5.782180440006778e+01	1.880196120000000e-06
5.786824570002500e+01	1.855345770000000e-06
5.793169760005549e+01	1.837815490000000e-06
5.796275040006731e+01	1.828183600000000e-06
5.799474240001291e+01	1.816817760000000e-06
5.802567520004231e+01	1.793700900000000e-06
5.807212220004294e+01	1.761144860000000e-06
5.811727849999443e+01	1.731093110000000e-06
5.816376790008508e+01	1.721268400000000e-06
5.819478170003276e+01	1.700270790000000e-06
5.822641890007071e+01	1.685437500000000e-06
5.825667690008413e+01	1.662898740000000e-06
5.828796810004860e+01	1.641515720000000e-06
5.831860580004286e+01	1.611463970000000e-06
5.836477179999929e+01	1.589310390000000e-06
5.842615519999526e+01	1.533252320000000e-06
5.847146440006327e+01	1.487789520000000e-06
5.851772910007276e+01	1.464287490000000e-06
5.855412890005391e+01	1.430382780000000e-06
5.858098840003368e+01	1.400908900000000e-06
5.862990020005964e+01	1.363729440000000e-06
5.867328300001100e+01	1.327513360000000e-06
5.872496070002671e+01	1.296691040000000e-06
5.876801170001272e+01	1.268565710000000e-06
5.883049740002025e+01	1.242944560000000e-06
5.886133370001335e+01	1.218479380000000e-06
5.889201160008088e+01	1.194399370000000e-06
5.892262319999281e+01	1.154330330000000e-06
5.896938610007055e+01	1.110215980000000e-06
5.901577950001229e+01	1.089988700000000e-06
5.906215600005817e+01	1.055121060000000e-06
5.909487939998507e+01	1.035279180000000e-06
5.912485070002731e+01	1.017363730000000e-06
5.915582320000976e+01	9.927058500000001e-07
5.918762380001135e+01	9.717080050000001e-07
5.921918580005877e+01	9.335654450000000e-07
5.926584490004461e+01	9.152645930000000e-07
5.932802250003442e+01	8.630594830000000e-07
5.937484800000675e+01	8.258800220000000e-07
5.942233820003457e+01	8.066160720000000e-07
5.945414260006510e+01	7.885079750000000e-07
5.948476790008135e+01	7.605752330000000e-07
5.951511100004427e+01	7.443934460000000e-07
5.956124840001576e+01	7.108741330000000e-07
5.959242300002370e+01	6.875648640000000e-07
5.962339650001377e+01	6.569351290000000e-07
5.966936579998583e+01	6.322773630000000e-07
5.972197270009201e+01	6.212967490000001e-07
5.974881140002981e+01	6.062708740000000e-07
5.978005370008759e+01	5.476334760000001e-07
5.990421760000754e+01	5.331617670000000e-07
5.993491000006907e+01	5.206285890000000e-07
5.996581399999559e+01	5.084792180000000e-07
6.001289690006524e+01	4.917618530000000e-07
6.004693750001024e+01	4.800923530000000e-07
