# [General]
# timestamp=2025-04-17T12:28:55.108162
# comments='# '
# delimiter='\t'
# column_dtypes=float;;float
# column_headers='Time (s);;Power (W)'
# 
# [Metadata]
# scanner_x=-4.648888772663919
# scanner_y=3.7150022250721597
# start recoding time='17.04.2025, 12:27:55.013117'
# sample rate (hz)=50.0
# sample timing='TIMESTAMP'
# 
# ---- END HEADER ----
1.069999998435378e-03	1.643294470000000e-03
3.873100003693253e-02	1.641373730000000e-03
8.450170001015067e-02	1.639453000000000e-03
1.311938000144437e-01	1.638492570000000e-03
1.782024001004174e-01	1.636187780000000e-03
2.091846000403166e-01	1.635419440000000e-03
2.405564000364393e-01	1.631962140000000e-03
2.856809000950307e-01	1.631193790000000e-03
3.167470000917092e-01	1.630041400000000e-03
3.479284000350162e-01	1.628696800000000e-03
3.798445001011714e-01	1.629465140000000e-03
4.267242000205442e-01	1.628696800000000e-03
4.580345000140369e-01	1.626775950000000e-03
4.891486000269651e-01	1.625623550000000e-03
5.353032000130042e-01	1.624471160000000e-03
5.811376000056043e-01	1.621974170000000e-03
6.123101999983191e-01	1.620053310000000e-03
6.436678000027314e-01	1.616212070000000e-03
6.912068000528961e-01	1.611794230000000e-03
7.381874000420794e-01	1.607760670000000e-03
7.846154000144452e-01	1.604687540000000e-03
8.298262000316754e-01	1.601614410000000e-03
8.917530000908300e-01	1.596812510000000e-03
9.229170000180602e-01	1.595275830000000e-03
9.542364000808448e-01	1.591626320000000e-03
9.843365000560880e-01	1.587208710000000e-03
1.030069400090724e+00	1.585287970000000e-03
1.093138900003396e+00	1.575492090000000e-03
1.140185100026429e+00	1.571650620000000e-03
1.186954700038768e+00	1.567040800000000e-03
1.218241100083105e+00	1.563199210000000e-03
1.249187400098890e+00	1.559165660000000e-03
1.295538600068539e+00	1.551674680000000e-03
1.340889100101776e+00	1.545528420000000e-03
1.387135800090618e+00	1.539574120000000e-03
1.433913300046697e+00	1.532659400000000e-03
1.481264500063844e+00	1.529009900000000e-03
1.512669500079937e+00	1.525360390000000e-03
1.543267800007015e+00	1.517869420000000e-03
1.590181500068866e+00	1.508073650000000e-03
1.636444900068454e+00	1.497125370000000e-03
1.683545700041577e+00	1.484640520000000e-03
1.731323400046676e+00	1.477725800000000e-03
1.778229500050656e+00	1.464664820000000e-03
1.809069200069644e+00	1.454869050000000e-03
1.840723100001924e+00	1.442960230000000e-03
1.885779500007629e+00	1.429322870000000e-03
1.932266800082289e+00	1.417222200000000e-03
1.979635800002143e+00	1.410883620000000e-03
2.025861200061627e+00	1.397054290000000e-03
2.055816600099206e+00	1.388602890000000e-03
2.086473300005309e+00	1.380535890000000e-03
2.118042500107549e+00	1.371316380000000e-03
2.149158400017768e+00	1.362096630000000e-03
2.180901300045662e+00	1.356142340000000e-03
2.241931000025943e+00	1.334437870000000e-03
2.288795900065452e+00	1.322913330000000e-03
2.334961700020358e+00	1.309852120000000e-03
2.381801600102335e+00	1.301785000000000e-03
2.413154900074005e+00	1.293333950000000e-03
2.443320700083859e+00	1.280656780000000e-03
2.490202300017700e+00	1.269708500000000e-03
2.540573300095275e+00	1.259720650000000e-03
2.585039100027643e+00	1.255879180000000e-03
2.632683500065468e+00	1.246659670000000e-03
2.692235800088383e+00	1.239937030000000e-03
2.723737300024368e+00	1.233598450000000e-03
2.754498400026932e+00	1.225531330000000e-03
2.785886600031517e+00	1.215351280000000e-03
2.834211900015362e+00	1.204018950000000e-03
2.882491600001231e+00	1.190957730000000e-03
2.928465700009838e+00	1.184235090000000e-03
2.959704600041732e+00	1.174631300000000e-03
2.990896300063469e+00	1.164835530000000e-03
3.022104400093667e+00	1.155423930000000e-03
3.053338400088251e+00	1.146012220000000e-03
3.085571300005540e+00	1.133335290000000e-03
3.132471400080249e+00	1.121618670000000e-03
3.179096300038509e+00	1.116816770000000e-03
3.210188800003380e+00	1.110286220000000e-03
3.241163500002585e+00	1.101258790000000e-03
3.288220600108616e+00	1.093959790000000e-03
3.319221200072207e+00	1.084356220000000e-03
3.351667000097223e+00	1.071871260000000e-03
3.381427400046960e+00	1.062075490000000e-03
3.427923700073734e+00	1.045749060000000e-03
3.458685300080106e+00	1.034032550000000e-03
3.490259800106287e+00	1.016745690000000e-03
3.537143900059164e+00	9.942729960000000e-04
3.584491400048137e+00	9.829404300000001e-04
3.616887800046243e+00	9.696874190000000e-04
3.646956700016744e+00	9.550896940000000e-04
3.693381800083444e+00	9.370345510000000e-04
3.741017900058068e+00	9.182112410000000e-04
3.787959600100294e+00	9.032292870000000e-04
3.833941900054924e+00	8.886315630000000e-04
3.881284700008109e+00	8.815248730000000e-04
3.912632200052030e+00	8.744181830000000e-04
3.943654900067486e+00	8.628936480000000e-04
3.991357800085098e+00	8.482959240000000e-04
4.038218100089580e+00	8.323535440000000e-04
4.084427700028755e+00	8.173718230000000e-04
4.131139500066638e+00	8.091126800000000e-04
4.177404000074603e+00	7.935545870000000e-04
4.208865700056776e+00	7.831824480000001e-04
4.239872100064531e+00	7.676244130000000e-04
4.286807200056501e+00	7.547553980000000e-04
4.333420300041325e+00	7.403497580000000e-04
4.380222600069828e+00	7.343954640000000e-04
4.425940500106663e+00	7.213341890000000e-04
4.457151100039482e+00	7.146115530000000e-04
4.488183500012383e+00	7.059684140000000e-04
4.519320300081745e+00	6.777876410000000e-04
4.643378300010227e+00	6.718388760000000e-04
4.674571700044908e+00	6.655062320000000e-04
4.705883500049822e+00	6.586363310000000e-04
4.736875300062820e+00	6.516320280000000e-04
4.767795699997805e+00	6.451650410000000e-04
4.801488000084646e+00	6.387365280000000e-04
4.831511400057934e+00	6.343804420000000e-04
4.894144900026731e+00	6.216575860000000e-04
4.940026400028728e+00	6.105851500000000e-04
4.987085300032049e+00	5.987450130000000e-04
5.035075400024652e+00	5.910116020000000e-04
5.066444299998693e+00	5.833740000000000e-04
5.097768400097266e+00	5.752760330000000e-04
5.129120100056753e+00	5.700180190000000e-04
5.160248900065199e+00	5.646832870000000e-04
5.194622600101866e+00	5.589071080000000e-04
5.239198500057682e+00	5.527472820000000e-04
5.284685900085606e+00	5.461651600000001e-04
5.331936300033703e+00	5.421544190000000e-04
5.362285700044595e+00	5.374338360000001e-04
5.393407099996693e+00	5.299305780000000e-04
5.440233900095336e+00	5.197600690000000e-04
5.486066600074992e+00	5.108751360000000e-04
5.534344800049439e+00	4.998794760000000e-04
5.595242200070061e+00	4.868112740000000e-04
5.643496900098398e+00	4.757579300000000e-04
5.674570700037293e+00	4.671993370000000e-04
5.706033000024036e+00	4.590436580000000e-04
5.737196500063874e+00	4.466278770000000e-04
5.784902500105090e+00	4.357089640000000e-04
5.831914300099015e+00	4.299136340000000e-04
5.893103200010955e+00	4.151567410000000e-04
5.940262400079519e+00	4.083827080000000e-04
5.970834000036120e+00	4.033549920000000e-04
6.001192299998365e+00	3.983656930000000e-04
6.032161200069822e+00	3.901140880000000e-04
6.095633200020529e+00	3.817473190000000e-04
6.142619100050069e+00	3.706748830000000e-04
6.189236500067636e+00	3.587772370000000e-04
6.236455900012515e+00	3.495469570000000e-04
6.267031000112183e+00	3.403358860000000e-04
6.298163300030865e+00	3.309712630000000e-04
6.330060100066476e+00	3.251759630000000e-04
6.377348700072616e+00	3.156194580000000e-04
6.407946400111541e+00	3.106493100000000e-04
6.437690100050531e+00	3.047772620000000e-04
6.483450500061736e+00	3.004403840000000e-04
6.531193900038488e+00	2.986557080000000e-04
6.563450900022872e+00	2.961035060000000e-04
6.594546100008301e+00	2.918241660000000e-04
6.641893000109121e+00	2.839371740000000e-04
6.688204600010067e+00	2.729222470000000e-04
6.734690900077112e+00	2.570907240000000e-04
6.782160300062969e+00	2.412207830000000e-04
6.844029100029729e+00	2.296685710000000e-04
6.875470000086352e+00	2.204958730000000e-04
6.907024400075898e+00	2.123594170000000e-04
6.938262200099416e+00	2.023231650000000e-04
6.984753100085072e+00	1.932656010000000e-04
7.031209200038575e+00	1.890438580000000e-04
7.093254500068724e+00	1.773956760000000e-04
7.141169100068510e+00	1.718306590000000e-04
7.173377700033598e+00	1.671291680000000e-04
7.205202500103042e+00	1.623701100000000e-04
7.236741900094785e+00	1.537538920000000e-04
7.283573699998669e+00	1.460204370000000e-04
7.330291900085285e+00	1.417411260000000e-04
7.392878600046970e+00	1.278093550000000e-04
7.438214900088497e+00	1.213999930000000e-04
7.469054500106722e+00	1.164106510000000e-04
7.499473400064744e+00	1.115940320000000e-04
7.530657300027087e+00	1.081590670000000e-04
7.592087500030175e+00	9.929339290000000e-05
7.640020600054413e+00	9.240426150000000e-05
7.686485700076446e+00	8.618679569999999e-05
7.733492200030014e+00	8.229126980000000e-05
7.763857300044037e+00	7.866440139999999e-05
7.795748300035484e+00	7.400129110000001e-05
7.841049500042573e+00	6.749597380000000e-05
7.887294200016186e+00	6.135525469999999e-05
7.934172300039791e+00	5.554076050000000e-05
7.981249500066042e+00	5.275824150000000e-05
8.027817600057460e+00	4.838297900000000e-05
8.059111300040968e+00	4.561965760000000e-05
8.090141599997878e+00	3.450158690000000e-05
8.200230600079522e+00	3.073031980000000e-05
8.231571100070141e+00	2.729910010000000e-05
8.292968200054020e+00	2.170271910000000e-05
8.323737400001846e+00	1.933006390000000e-05
8.355113000026904e+00	1.698046800000000e-05
8.386083799996413e+00	1.362993950000000e-05
8.432120700017549e+00	1.066364440000000e-05
8.494215900078416e+00	8.412025640000001e-06
8.542030900018290e+00	6.571539420000000e-06
8.589013600023463e+00	5.632085960000000e-06
8.620006600045599e+00	4.919329970000000e-06
8.651959700044245e+00	4.195046130000000e-06
8.683435000013560e+00	3.282487800000000e-06
8.729826700058766e+00	2.825248430000000e-06
8.776188900112174e+00	2.145151710000000e-06
8.808187700109556e+00	1.791655680000000e-06
8.839146300102584e+00	1.034701200000000e-06
8.947442700038664e+00	9.458943280000000e-07
8.979197900043800e+00	8.570875140000000e-07
9.010256800102070e+00	7.817654929999999e-07
9.041307400097139e+00	7.012422430000000e-07
9.088199600111693e+00	6.552014610000000e-07
9.135743900085799e+00	6.230306440000000e-07
9.182358200079761e+00	6.139765110000000e-07
9.228885300108232e+00	6.253422380000000e-07
9.259275000076741e+00	6.648333510000000e-07
9.289122200105339e+00	7.210839500000000e-07
9.320361500023864e+00	1.737450250000000e-06
9.539227700093761e+00	1.814506160000000e-06
9.569851400097832e+00	1.868445220000000e-06
9.601332699996419e+00	1.891369270000000e-06
9.631935200071894e+00	1.905239290000000e-06
9.663663200102746e+00	1.919687290000000e-06
9.695119200041518e+00	1.923925310000000e-06
9.741824800032191e+00	1.926236790000000e-06
9.787666100077331e+00	1.924310710000000e-06
9.833409900078550e+00	1.925081280000000e-06
9.895223100087605e+00	1.924503290000000e-06
9.941625000094064e+00	1.924695880000000e-06
9.972147800028324e+00	1.924888690000000e-06
1.000282210006844e+01	1.925851620000000e-06
1.003430729999673e+01	2.021978840000000e-06
1.008044550009072e+01	2.128893810000000e-06
1.012759300007019e+01	2.620124410000000e-06
1.015862910007127e+01	3.152387540000000e-06
1.019064330006950e+01	3.976885180000000e-06
1.023699240002315e+01	4.460410310000000e-06
1.026767510001082e+01	4.814481600000000e-06
1.029825410002377e+01	5.119237360000000e-06
1.033020800002851e+01	5.300318660000000e-06
1.037564340000972e+01	5.657279870000000e-06
1.040712670003995e+01	5.874191630000000e-06
1.043817310000304e+01	6.143693550000000e-06
1.048397220007610e+01	6.345194830000000e-06
1.052965210005641e+01	6.507975290000000e-06
1.056035300006624e+01	6.705430680000000e-06
1.059142960002646e+01	6.909051080000000e-06
1.063757060002536e+01	7.072987500000000e-06
1.068434010003693e+01	7.125577670000000e-06
1.073023740004282e+01	7.127503980000000e-06
1.079221080010757e+01	7.073372220000000e-06
1.083714000007603e+01	6.441899590000000e-06
1.086817770008929e+01	5.353679630000000e-06
1.089921310008503e+01	3.898673190000000e-06
1.092929620004725e+01	2.982671960000000e-06
1.097645490011200e+01	1.592007380000000e-06
1.100818680005614e+01	1.000989300000000e-06
1.103921850002371e+01	6.447988310000001e-07
1.108647010009736e+01	8.341634160000000e-07
1.113456060003955e+01	1.115995250000000e-06
1.116598710010294e+01	1.473919380000000e-06
1.119681800005492e+01	1.955133030000000e-06
1.122834310005419e+01	2.287628600000000e-06
1.126027990004513e+01	2.763255910000000e-06
1.129104999999981e+01	3.474288410000000e-06
1.133820960007142e+01	4.319590520000000e-06
1.138491720007733e+01	5.412049630000000e-06
1.143232400005218e+01	6.108440630000000e-06
1.146333820000291e+01	6.781908720000000e-06
1.149448720004875e+01	7.767260290000000e-06
1.154228110006079e+01	1.046000030000000e-05
1.166714990010951e+01	1.088457880000000e-05
1.169821890001185e+01	1.138600600000000e-05
1.172919370001182e+01	1.195083220000000e-05
1.176094680000097e+01	1.262708520000000e-05
1.179227110010106e+01	1.370870720000000e-05
1.183919690002222e+01	1.513806180000000e-05
1.188541020010598e+01	1.649248950000000e-05
1.193246830010321e+01	1.724751020000000e-05
1.196314630005509e+01	1.811396030000000e-05
1.199347310001031e+01	1.954139410000000e-05
1.204068570001982e+01	2.160089570000000e-05
1.208696220000274e+01	2.376990230000000e-05
1.213401930010878e+01	2.618098010000000e-05
1.218096400005743e+01	2.742205650000000e-05
1.222724070004188e+01	2.953342850000000e-05
1.225710570008960e+01	3.097046650000000e-05
1.228819300001487e+01	3.340651890000000e-05
1.233449989999644e+01	3.598474000000000e-05
1.238126640010159e+01	3.740448660000000e-05
1.242823310010135e+01	4.003457430000000e-05
1.245965640002396e+01	4.214402720000000e-05
1.249129640008323e+01	4.558292860000000e-05
1.253815100004431e+01	4.838784300000000e-05
1.257169390004128e+01	5.109093760000000e-05
1.260155430005398e+01	5.399767910000000e-05
1.263332200003788e+01	5.880445680000000e-05
1.269639440008905e+01	6.300415409999999e-05
1.274279920000117e+01	6.835654489999999e-05
1.278891650005244e+01	7.387223739999999e-05
1.283645280008204e+01	7.722276500000001e-05
1.286913310003001e+01	8.072506900000001e-05
1.289918360009324e+01	8.489786709999999e-05
1.293039270001464e+01	9.704818509999999e-05
1.304020950000267e+01	9.981152109999999e-05
1.307185250008479e+01	1.032656580000000e-04
1.310183840000536e+01	1.068925410000000e-04
1.313314440008253e+01	1.131867760000000e-04
1.318013460002840e+01	1.163146880000000e-04
1.321128520008642e+01	1.200567060000000e-04
1.324275299999863e+01	1.248925250000000e-04
1.328931910009123e+01	1.294021200000000e-04
1.333596160006709e+01	1.346792850000000e-04
1.338222240004689e+01	1.401483610000000e-04
1.342831600003410e+01	1.428541290000000e-04
1.345918170001823e+01	1.467688420000000e-04
1.349079860001802e+01	1.513360040000000e-04
1.352182590006851e+01	1.563061380000000e-04
1.355314560001716e+01	1.624084830000000e-04
1.358495630009566e+01	1.702762820000000e-04
1.363045850000344e+01	1.742869500000000e-04
1.369435820006765e+01	1.866067610000000e-04
1.374107150000054e+01	1.942250820000000e-04
1.378736760001630e+01	1.994255140000000e-04
1.381921990006231e+01	2.038775420000000e-04
1.385014600004070e+01	2.095385130000000e-04
1.388125900004525e+01	2.138945860000000e-04
1.392702760000248e+01	2.217815640000000e-04
1.395796240004711e+01	2.271930720000000e-04
1.398811990011018e+01	2.361355150000000e-04
1.403505290008616e+01	2.480139660000000e-04
1.408032980002463e+01	2.536365650000000e-04
1.411084410001058e+01	2.600267470000000e-04
1.414210670010652e+01	2.684318460000000e-04
1.418984430003911e+01	2.769521090000000e-04
1.423670910007786e+01	2.864510170000000e-04
1.428349990001880e+01	2.943763980000000e-04
1.433024890010711e+01	2.990203210000000e-04
1.437713170005009e+01	3.073294940000000e-04
1.440784650004935e+01	3.132783170000000e-04
1.443847799999639e+01	3.233529280000000e-04
1.448497200000565e+01	3.334083300000000e-04
1.453480530006345e+01	3.452676460000000e-04
1.459473050001543e+01	3.572803980000000e-04
1.464215680002235e+01	3.701375680000000e-04
1.468922100006603e+01	3.769115430000000e-04
1.472024860000238e+01	3.828795740000000e-04
1.475178829999641e+01	3.906514030000000e-04
1.478246480005328e+01	4.030096170000000e-04
1.482844040007330e+01	4.088816640000000e-04
1.486027550010476e+01	4.164615820000000e-04
1.489221440011170e+01	4.260948920000000e-04
1.493912180000916e+01	4.354978740000000e-04
1.498541770002339e+01	4.409860990000000e-04
1.501666690001730e+01	4.462632640000000e-04
1.504812170006335e+01	4.524040270000000e-04
1.509401570004411e+01	4.599072270000000e-04
1.514120250009000e+01	4.681012650000000e-04
1.518771870003548e+01	4.762184400000000e-04
1.523434460000135e+01	4.856214220000000e-04
1.528143550001550e+01	4.907835390000000e-04
1.531283070007339e+01	4.982099050000000e-04
1.534367400000338e+01	5.088218600000000e-04
1.539062750001904e+01	5.227728400000000e-04
1.543633640010376e+01	5.405233240000000e-04
1.548248980008066e+01	5.563164600000000e-04
1.552918740001041e+01	5.648751390000000e-04
1.556025410001166e+01	5.753719020000000e-04
1.559251420001965e+01	5.854465420000000e-04
1.562247230007779e+01	5.949454500000000e-04
1.565371650003362e+01	6.055766130000000e-04
1.568609750003088e+01	6.188942930000000e-04
1.573231810005382e+01	6.341693810000000e-04
1.577925010002218e+01	6.417876580000000e-04
1.581632640003227e+01	6.540114990000000e-04
1.584247760009021e+01	6.667342970000000e-04
1.588993510010187e+01	6.766555020000000e-04
1.592049160005990e+01	6.848686030000000e-04
1.595091490005143e+01	6.941565079999999e-04
1.598225190001540e+01	7.076085310000000e-04
1.603091430000495e+01	7.146511340000000e-04
1.609123420005199e+01	7.340711890000000e-04
1.613783880008850e+01	7.471777499999999e-04
1.618480570008978e+01	7.547193090000000e-04
1.621515090006869e+01	7.631244950000000e-04
1.624612790008541e+01	7.743696330000000e-04
1.629234939999878e+01	7.883014040000001e-04
1.633819160005078e+01	8.041330150000000e-04
1.638448470004369e+01	8.184869660000000e-04
1.643185280007310e+01	8.252801490000000e-04
1.649285530007910e+01	8.408621650000000e-04
1.652622240001801e+01	9.034215470000000e-04
1.666292400006205e+01	9.111043180000000e-04
1.669420220004395e+01	9.220527720000000e-04
1.672459930006880e+01	9.320406240000000e-04
1.675568120006938e+01	9.426047910000000e-04
1.678622430004179e+01	9.570104300000000e-04
1.683245530002750e+01	9.731446040000000e-04
1.689488330006134e+01	9.877423290000000e-04
1.694198340002913e+01	1.000995630000000e-03
1.698982870008331e+01	1.010215030000000e-03
1.702017720008735e+01	1.019050480000000e-03
1.705079580005258e+01	1.029999000000000e-03
1.708197749999817e+01	1.042867890000000e-03
1.712916580005549e+01	1.049590530000000e-03
1.717658990004566e+01	1.062651630000000e-03
1.720754170010332e+01	1.070718860000000e-03
1.723881260002963e+01	1.081475060000000e-03
1.728564900008496e+01	1.088581750000000e-03
1.731748080009129e+01	1.097225230000000e-03
1.734933490003459e+01	1.106252660000000e-03
1.738040920009371e+01	1.112014990000000e-03
1.742709410004318e+01	1.123347440000000e-03
1.745821290009189e+01	1.131222470000000e-03
1.748895280004945e+01	1.140250010000000e-03
1.753547080000862e+01	1.150045780000000e-03
1.758221880008932e+01	1.155231730000000e-03
1.761425240000244e+01	1.160993940000000e-03
1.764627130003646e+01	1.167908890000000e-03
1.769245450000744e+01	1.175976010000000e-03
1.773898430005647e+01	1.184619380000000e-03
1.778440090001095e+01	1.192494410000000e-03
1.783136220008601e+01	1.198256740000000e-03
1.789208780007903e+01	1.208628640000000e-03
1.792349010007456e+01	1.213814830000000e-03
1.795531420002226e+01	1.217848270000000e-03
1.798713500006124e+01	1.225339370000000e-03
1.803484830004163e+01	1.232253970000000e-03
1.808051640004851e+01	1.236287530000000e-03
1.812782650010195e+01	1.245314950000000e-03
1.816076680005062e+01	1.251269250000000e-03
1.819266270007938e+01	1.257799920000000e-03
1.822225640004035e+01	1.263754210000000e-03
1.825221490010154e+01	1.271053220000000e-03
1.828348240000196e+01	1.282385430000000e-03
1.833027600008063e+01	1.287571620000000e-03
1.837632450007368e+01	1.298519900000000e-03
1.840748880000319e+01	1.306010880000000e-03
1.843954250006936e+01	1.314077990000000e-03
1.848474990006071e+01	1.319071860000000e-03
1.851585050008725e+01	1.322529280000000e-03
1.854631490004249e+01	1.325794500000000e-03
1.859242820006330e+01	1.331748790000000e-03
1.863974260003306e+01	1.335014010000000e-03
1.868631350004580e+01	1.338855480000000e-03
1.873342890001368e+01	1.340968300000000e-03
1.877952460001688e+01	1.341544670000000e-03
1.880990300001577e+01	1.344041670000000e-03
1.884118860005401e+01	1.348459280000000e-03
1.888714320003055e+01	1.355950250000000e-03
1.893348400003742e+01	1.364401660000000e-03
1.898040860006586e+01	1.369395530000000e-03
1.902740190003533e+01	1.376502330000000e-03
1.905768800002988e+01	1.381496200000000e-03
1.908889240003191e+01	1.386874470000000e-03
1.912025230005383e+01	1.392828770000000e-03
1.915223640005570e+01	1.398206690000000e-03
1.918338780000340e+01	1.406658090000000e-03
1.923169630009215e+01	1.410307600000000e-03
1.929204560001381e+01	1.419526990000000e-03
1.933874550007749e+01	1.424713180000000e-03
1.938550910004415e+01	1.428746730000000e-03
1.941727720003109e+01	1.432204040000000e-03
1.944810690009035e+01	1.437005940000000e-03
1.949429960001726e+01	1.442768150000000e-03
1.954217170004267e+01	1.447954100000000e-03
1.958882970002014e+01	1.454292680000000e-03
1.963541230000556e+01	1.459478630000000e-03
1.968239110009745e+01	1.463896480000000e-03
1.971376590000000e+01	1.468314090000000e-03
1.974516869999934e+01	1.473692250000000e-03
1.979205600009300e+01	1.481375310000000e-03
1.983818760002032e+01	1.486753350000000e-03
1.988511310005561e+01	1.493091930000000e-03
1.993223740009125e+01	1.500966960000000e-03
1.999260620004497e+01	1.506152910000000e-03
2.002343940001447e+01	1.511531070000000e-03
2.005391840008087e+01	1.514988370000000e-03
2.008541830000468e+01	1.519982470000000e-03
2.013231860008091e+01	1.525936760000000e-03
2.019583990005776e+01	1.533427510000000e-03
2.022763430001214e+01	1.537077010000000e-03
2.025915890000761e+01	1.540534430000000e-03
2.029021220002323e+01	1.545336330000000e-03
2.032201620005071e+01	1.549561970000000e-03
2.035251150000840e+01	1.553019390000000e-03
2.038350180000998e+01	1.558205350000000e-03
2.042901390010957e+01	1.560126080000000e-03
2.049168680002913e+01	1.568193200000000e-03
2.053778150002472e+01	1.571842700000000e-03
2.058454589999747e+01	1.572418730000000e-03
2.061500119999982e+01	1.573955410000000e-03
2.064626190008130e+01	1.575876140000000e-03
2.069635930005461e+01	1.577988970000000e-03
2.074053770001046e+01	1.578565340000000e-03
2.078727030009031e+01	1.580101790000000e-03
2.083356850000564e+01	1.582214730000000e-03
2.088093280000612e+01	1.583175150000000e-03
2.091130390006583e+01	1.584519630000000e-03
2.094171080004890e+01	1.587400680000000e-03
2.098869800008833e+01	1.590473930000000e-03
2.103596810007002e+01	1.593931350000000e-03
2.108156780002173e+01	1.596044170000000e-03
2.112681270006578e+01	1.600461780000000e-03
2.115900890005287e+01	1.602766800000000e-03
2.119081330008339e+01	1.605455650000000e-03
2.122158280003350e+01	1.607760670000000e-03
2.125223830004688e+01	1.609489440000000e-03
2.128408720006701e+01	1.611794230000000e-03
2.133120150002651e+01	1.613330910000000e-03
2.137715040007606e+01	1.615251650000000e-03
2.140803550009150e+01	1.615827790000000e-03
2.143920170003548e+01	1.616596130000000e-03
2.148525480006356e+01	1.618516860000000e-03
2.151577310007997e+01	1.619285210000000e-03
2.154655650001951e+01	1.621590110000000e-03
2.159374870010652e+01	1.621590110000000e-03
2.163987230008934e+01	1.623702820000000e-03
2.168678570003249e+01	1.625623550000000e-03
2.173346610006411e+01	1.626007840000000e-03
2.178018030000385e+01	1.626199930000000e-03
2.181033390003722e+01	1.627736380000000e-03
2.184124249999877e+01	1.629657110000000e-03
2.188818660005927e+01	1.630617540000000e-03
2.193555700010620e+01	1.632922560000000e-03
2.198205480002798e+01	1.633498700000000e-03
2.202981380000710e+01	1.634651100000000e-03
2.209200370009057e+01	1.637532140000000e-03
2.212359010009095e+01	1.637724460000000e-03
2.215527000010479e+01	1.638300600000000e-03
2.218625420005992e+01	1.639260910000000e-03
2.223250480007846e+01	1.640221340000000e-03
2.229457430006005e+01	1.642910410000000e-03
2.234127400000580e+01	1.642718330000000e-03
2.238860740000382e+01	1.645599490000000e-03
2.241904970002361e+01	1.644831150000000e-03
2.245020540000405e+01	1.645983550000000e-03
2.248171230009757e+01	1.646751890000000e-03
2.253447579999920e+01	1.646943970000000e-03
2.259197370009497e+01	1.648096370000000e-03
2.263824840006419e+01	1.648480650000000e-03
2.268463220004924e+01	1.649440960000000e-03
2.271566840005107e+01	1.649248760000000e-03
2.274621590005700e+01	1.648864710000000e-03
2.277821340004448e+01	1.650401390000000e-03
2.280920310004149e+01	1.651169500000000e-03
2.284025210002437e+01	1.651361820000000e-03
2.288597960001789e+01	1.651361820000000e-03
2.293233730003703e+01	1.651553790000000e-03
2.297966020007152e+01	1.651937840000000e-03
2.301015010010451e+01	1.650785450000000e-03
2.304111330001615e+01	1.650785450000000e-03
2.308661009999923e+01	1.650401390000000e-03
2.313354740000796e+01	1.648288340000000e-03
2.319456299999729e+01	1.647520230000000e-03
2.324204979999922e+01	1.646367830000000e-03
2.329035040002782e+01	1.645023240000000e-03
2.332439150009304e+01	1.645215200000000e-03
2.335194400011096e+01	1.643678760000000e-03
2.338341650005896e+01	1.641949990000000e-03
2.343113410007209e+01	1.640989680000000e-03
2.349424170004204e+01	1.638876860000000e-03
2.354114480002318e+01	1.635995690000000e-03
2.358758640009910e+01	1.635035380000000e-03
2.361914550000802e+01	1.633306620000000e-03
2.365107660007197e+01	1.631193790000000e-03
2.368359220004641e+01	1.628889000000000e-03
2.372996430005878e+01	1.627736380000000e-03
2.377715370000806e+01	1.626007840000000e-03
2.380815020005684e+01	1.624471160000000e-03
2.383915250003338e+01	1.622934480000000e-03
2.388679250003770e+01	1.620821650000000e-03
2.391711120004766e+01	1.620053310000000e-03
2.394828420004342e+01	1.618132580000000e-03
2.397955370007548e+01	1.616596130000000e-03
2.402564810006879e+01	1.616212070000000e-03
2.405779940006323e+01	1.614675390000000e-03
2.408888550009578e+01	1.614099020000000e-03
2.413492130010854e+01	1.611986310000000e-03
2.418124590010848e+01	1.612370600000000e-03
2.421248010010459e+01	1.611794230000000e-03
2.424372210004367e+01	1.609105150000000e-03
2.429080940003041e+01	1.607376380000000e-03
2.433820460003335e+01	1.605839930000000e-03
2.438439510005992e+01	1.603150860000000e-03
2.443075610010419e+01	1.602958770000000e-03
2.449266030010767e+01	1.599693670000000e-03
2.452379690005910e+01	1.599309380000000e-03
2.455478620005306e+01	1.599885640000000e-03
2.458553020004183e+01	1.600653980000000e-03
2.463300150004216e+01	1.600269690000000e-03
2.468169520003721e+01	1.600846070000000e-03
2.474175200005993e+01	1.605071590000000e-03
2.478866310010199e+01	1.605839930000000e-03
2.481984810007270e+01	1.610065460000000e-03
2.485074290004559e+01	1.614867360000000e-03
2.488122750003822e+01	1.617940610000000e-03
2.492770890006796e+01	1.625623550000000e-03
2.495902280008886e+01	1.629849430000000e-03
2.499096280010417e+01	1.634651100000000e-03
2.503824850008823e+01	1.639645200000000e-03
2.508527250005864e+01	1.642718330000000e-03
2.511632310005371e+01	1.645215200000000e-03
2.514761410001665e+01	1.645791580000000e-03
2.519588170002680e+01	1.647328260000000e-03
2.524230490007903e+01	1.649248760000000e-03
2.528913160006050e+01	1.649440960000000e-03
2.533623020001687e+01	1.648672620000000e-03
2.538089540007059e+01	1.649248760000000e-03
2.541156910010614e+01	1.648672620000000e-03
2.544326480000746e+01	1.649440960000000e-03
2.549098390003201e+01	1.648096370000000e-03
2.553710020007566e+01	1.648288340000000e-03
2.558445000008214e+01	1.645023240000000e-03
2.562955940002576e+01	1.644831150000000e-03
2.569259170000441e+01	1.641565930000000e-03
2.572456680005416e+01	1.639837280000000e-03
2.574883080006111e+01	1.639068940000000e-03
2.578672490001190e+01	1.636571830000000e-03
2.583370120008476e+01	1.633498700000000e-03
2.588102130009793e+01	1.632154220000000e-03
2.592820290010422e+01	1.631385880000000e-03
2.595908250007778e+01	1.629273060000000e-03
2.598972670000512e+01	1.627160240000000e-03
2.602018610003870e+01	1.624855210000000e-03
2.605030170001555e+01	1.621205940000000e-03
2.608156760002021e+01	1.618132580000000e-03
2.612918490008451e+01	1.612562570000000e-03
2.616088120010681e+01	1.609681410000000e-03
2.619040290010162e+01	1.604303250000000e-03
2.623709040007088e+01	1.598348960000000e-03
2.628386690001935e+01	1.596044170000000e-03
2.631464950006921e+01	1.592586630000000e-03
2.634550000005402e+01	1.588937240000000e-03
2.639195760001894e+01	1.584327550000000e-03
2.643797540001106e+01	1.576836570000000e-03
2.648485320003238e+01	1.571650620000000e-03
2.653174370003399e+01	1.564927980000000e-03
2.659436800004914e+01	1.559549710000000e-03
2.662593480001669e+01	1.557052950000000e-03
2.665729550004471e+01	1.553019390000000e-03
2.668903810007032e+01	1.547257070000000e-03
2.673531120002735e+01	1.542647250000000e-03
2.678220670006704e+01	1.538229410000000e-03
2.684436660003848e+01	1.532659400000000e-03
2.689144680008758e+01	1.529586040000000e-03
2.692288740002550e+01	1.526512900000000e-03
2.695404730003793e+01	1.523247690000000e-03
2.698423070006538e+01	1.518637760000000e-03
2.703064140002243e+01	1.516525050000000e-03
2.709286270011216e+01	1.508457940000000e-03
2.713948290003464e+01	1.502311320000000e-03
2.718495390005410e+01	1.497125370000000e-03
2.721567030006554e+01	1.493668180000000e-03
2.724555360001978e+01	1.485985120000000e-03
2.729225450009108e+01	1.476765490000000e-03
2.733866120001767e+01	1.465432930000000e-03
2.738563250005245e+01	1.454869050000000e-03
2.743267900007777e+01	1.444496910000000e-03
2.749501010007225e+01	1.437582190000000e-03
2.752614810003433e+01	1.432972380000000e-03
2.755714320007246e+01	1.427978390000000e-03
2.758759020001162e+01	1.419142940000000e-03
2.763378980010748e+01	1.407810490000000e-03
2.769603720004670e+01	1.398014720000000e-03
2.772780160000548e+01	1.393020740000000e-03
2.775911460001953e+01	1.386490180000000e-03
2.778995480004232e+01	1.380343810000000e-03
2.782027710007969e+01	1.374773560000000e-03
2.785097440006211e+01	1.368435220000000e-03
2.788295480003580e+01	1.359023500000000e-03
2.793024940008763e+01	1.355565970000000e-03
2.797693950007670e+01	1.345578120000000e-03
2.800820430007298e+01	1.340392160000000e-03
2.804017060005572e+01	1.331940880000000e-03
2.808726430009119e+01	1.327138980000000e-03
2.811815380002372e+01	1.320992600000000e-03
2.814909410011023e+01	1.315998730000000e-03
2.819573360006325e+01	1.307547330000000e-03
2.822742740006652e+01	1.304090140000000e-03
2.825917440000921e+01	1.298711870000000e-03
2.829020580009092e+01	1.291220890000000e-03
2.833655120001640e+01	1.282577520000000e-03
2.838361510005780e+01	1.276815430000000e-03
2.841404750000220e+01	1.270860900000000e-03
2.844474659999833e+01	1.260488990000000e-03
2.849223480001092e+01	1.249540600000000e-03
2.853853340004571e+01	1.240705140000000e-03
2.858451310009696e+01	1.230525320000000e-03
2.863005800009705e+01	1.225531330000000e-03
2.869265360001009e+01	1.213238460000000e-03
2.872404590004589e+01	1.205747480000000e-03
2.875508180004545e+01	1.196336000000000e-03
2.878682530007791e+01	1.182890610000000e-03
2.883405230008066e+01	1.167908890000000e-03
2.888078650005627e+01	1.161762280000000e-03
2.892731340008322e+01	1.149469640000000e-03
2.895906950009521e+01	1.142747000000000e-03
2.898943529999815e+01	1.136408420000000e-03
2.902102140011266e+01	1.130646210000000e-03
2.905171040003188e+01	1.125652230000000e-03
2.908345550007652e+01	1.118353570000000e-03
2.913045640010387e+01	1.115088120000000e-03
2.917647570010740e+01	1.107597370000000e-03
2.920750160003081e+01	1.104523890000000e-03
2.923911860003136e+01	1.098953890000000e-03
2.928525280009490e+01	1.094536040000000e-03
2.931621270009782e+01	1.092039280000000e-03
2.934683450008743e+01	1.088005490000000e-03
2.937823430006392e+01	1.085316650000000e-03
2.940934380004182e+01	1.082243170000000e-03
2.944005550001748e+01	1.078785980000000e-03
2.948739120003302e+01	1.075328560000000e-03
2.953433450008743e+01	1.070142610000000e-03
2.958119550009724e+01	1.067261440000000e-03
2.961264970002230e+01	1.062843600000000e-03
2.964311160007492e+01	1.054392430000000e-03
2.969005500001367e+01	1.042291640000000e-03
2.973587020009290e+01	1.030383050000000e-03
2.978248560009524e+01	1.021163540000000e-03
2.982999580004252e+01	1.016553720000000e-03
2.989176810008939e+01	1.009639000000000e-03
2.992388030001894e+01	1.005989500000000e-03
2.995410480001010e+01	1.002340000000000e-03
2.998552159999963e+01	9.948492520000000e-04
3.003224070009310e+01	9.858215930000000e-04
3.009411679999903e+01	9.798672980000000e-04
3.014128030010033e+01	9.718001820000000e-04
3.018870880000759e+01	9.671903100000000e-04
3.022004949999973e+01	9.623884110000000e-04
3.025110400002450e+01	9.550896940000000e-04
3.028186920005828e+01	9.456779230000000e-04
3.032820530002937e+01	9.385712330000000e-04
3.035866520006675e+01	9.272387250000000e-04
3.038990730000660e+01	9.082232140000000e-04
3.043806730001234e+01	8.870951130000001e-04
3.048458280006889e+01	8.746102100000000e-04
3.051607840007637e+01	8.628936480000000e-04
3.054741800006013e+01	8.473355560000000e-04
3.059394220006652e+01	8.302407800000000e-04
3.064031879999675e+01	8.141066060000000e-04
3.068737950001378e+01	8.021977850000001e-04
3.073350810003467e+01	7.918258780000000e-04
3.078079109999817e+01	7.862556380000000e-04
3.081142350006849e+01	7.818380250000000e-04
3.084226679999847e+01	7.739627620000000e-04
3.088916450005490e+01	7.664719600000000e-04
3.093518340005539e+01	7.591730100000000e-04
3.098130050010514e+01	7.553314790000000e-04
3.102791570010595e+01	7.482247890000000e-04
3.105906520003919e+01	7.441912310000000e-04
3.108994269999675e+01	7.403497580000000e-04
3.112033770000562e+01	7.161671530000000e-04
3.124443690001499e+01	7.115424380000000e-04
3.127506500005256e+01	7.059006020000000e-04
3.130626610002946e+01	6.998367030000000e-04
3.133818110008724e+01	6.930435190000001e-04
3.136979110003449e+01	6.863270540000000e-04
3.140099800005555e+01	6.785168660000000e-04
3.143344809999689e+01	6.666767880000000e-04
3.148025850008707e+01	6.614571900000000e-04
3.152675400010776e+01	6.516512370000000e-04
3.155708730011247e+01	6.454145190000000e-04
3.158792810002342e+01	6.362993740000000e-04
3.163435790000949e+01	6.306191789999999e-04
3.166725860000588e+01	6.244017860000000e-04
3.169851940008812e+01	6.172439320000000e-04
3.172914240008686e+01	6.119668250000000e-04
3.175934430002235e+01	6.056149720000000e-04
3.179030540003441e+01	5.965190360000000e-04
3.183708590001334e+01	5.863676780000000e-04
3.188364430004731e+01	5.775595780000000e-04
3.193120230000932e+01	5.724551740000000e-04
3.196259080001619e+01	5.670244570000000e-04
3.199413030000869e+01	5.598858120000000e-04
3.204151460004505e+01	5.500606490000000e-04
3.208869870007038e+01	5.414444600000000e-04
3.213482290005777e+01	5.326555690000000e-04
3.218385000003036e+01	5.254017890000000e-04
3.222949710011017e+01	5.218901790000000e-04
3.226100170006976e+01	5.175148250000000e-04
3.229226630006451e+01	5.112014480000000e-04
3.233915060001891e+01	5.029881720000000e-04
3.238550650002435e+01	4.956385240000000e-04
3.243199420010205e+01	4.890948770000000e-04
3.249422890006099e+01	4.838560710000000e-04
3.254119160003029e+01	4.789434320000000e-04
3.257166060002055e+01	4.751438390000000e-04
3.260359140008222e+01	4.708837370000000e-04
3.263458770001307e+01	4.643016730000000e-04
3.269819830008782e+01	4.580457750000000e-04
3.272920470009558e+01	4.532867170000000e-04
3.277597210009117e+01	4.445553930000000e-04
3.280657170002814e+01	4.392973790000000e-04
3.283698830008507e+01	4.344232150000000e-04
3.286843520007096e+01	4.298944550000000e-04
3.290022740000859e+01	4.250970090000000e-04
3.293068680004217e+01	4.210671180000000e-04
3.297721969999839e+01	4.147153230000000e-04
3.300820790010039e+01	4.102824900000000e-04
3.303919610008597e+01	4.027792890000000e-04
3.308565210003871e+01	3.955064170000000e-04
3.313274700008333e+01	3.913806290000000e-04
3.316472020000219e+01	3.873315580000000e-04
3.319602300005499e+01	3.817281690000000e-04
3.324253940000199e+01	3.739947280000000e-04
3.328917480004020e+01	3.680074590000000e-04
3.333429080003407e+01	3.624616370000000e-04
3.338118380005471e+01	3.599669730000000e-04
3.342717140004970e+01	3.561098420000000e-04
3.345682390010916e+01	3.541716430000000e-04
3.348816980002448e+01	3.519648740000000e-04
3.353562340000644e+01	3.487601640000000e-04
3.358222020009998e+01	3.447686610000000e-04
3.362991470005363e+01	3.422164590000000e-04
3.369194120005704e+01	3.352313940000000e-04
3.373905630002264e+01	3.321610270000000e-04
3.376977250003256e+01	3.290714520000000e-04
3.380084740009625e+01	3.256940690000000e-04
3.383304830000270e+01	3.208774430000000e-04
3.389326520008035e+01	3.164254300000000e-04
3.394032790011261e+01	3.115896250000000e-04
3.398846120003145e+01	3.074254200000000e-04
3.403576490003616e+01	3.050075320000000e-04
3.406733040011022e+01	3.024936890000000e-04
3.409868480009027e+01	3.001141590000000e-04
3.412920240010135e+01	2.982527370000000e-04
3.417663200001698e+01	2.944147850000000e-04
3.420858650002629e+01	2.915555380000000e-04
3.423986380000133e+01	2.864702260000000e-04
3.428615890000947e+01	2.819990330000000e-04
3.433222790004220e+01	2.793508470000000e-04
3.436342550010886e+01	2.765107490000000e-04
3.439482830010820e+01	2.730374110000000e-04
3.444272280007135e+01	2.690459370000000e-04
3.448910270002671e+01	2.652463740000000e-04
3.453505460009910e+01	2.606791970000000e-04
3.458112340001389e+01	2.583380560000000e-04
3.464275970007293e+01	2.517943210000000e-04
3.467294140008744e+01	2.484937140000000e-04
3.470488840003964e+01	2.448284650000000e-04
3.473629460006487e+01	2.399734660000000e-04
3.478341850009747e+01	2.352527660000000e-04
3.483042720006779e+01	2.325854000000000e-04
3.489191180001944e+01	2.246984220000000e-04
3.493912980007008e+01	2.212058900000000e-04
3.496973450004589e+01	2.180779410000000e-04
3.500022430007812e+01	2.145278560000000e-04
3.503149680001661e+01	2.117645200000000e-04
3.509190360002685e+01	2.065832810000000e-04
3.513715030008461e+01	2.035513030000000e-04
3.518452100001741e+01	2.009606830000000e-04
3.523200350010302e+01	1.996749920000000e-04
3.526247150008567e+01	1.986387210000000e-04
3.529381810000632e+01	1.972570750000000e-04
3.534129250003025e+01	1.957794590000000e-04
3.538779410009738e+01	1.944361720000000e-04
3.543371540005319e+01	1.934958850000000e-04
3.549608579999767e+01	1.924020620000000e-04
3.554182050004601e+01	1.913082520000000e-04
3.557341880002059e+01	1.904446980000000e-04
3.560714990005363e+01	1.893700970000000e-04
3.563543040002696e+01	1.874703010000000e-04
3.570008620002773e+01	1.849948170000000e-04
3.573012140009087e+01	1.838050520000000e-04
3.577697970008012e+01	1.816366130000000e-04
3.580920370004606e+01	1.798519660000000e-04
3.584022260003258e+01	1.780673340000000e-04
3.587133010011166e+01	1.759756560000000e-04
3.590235670004040e+01	1.730587970000000e-04
3.593244920007419e+01	1.680694550000000e-04
3.597951790003572e+01	1.657474930000000e-04
3.602535040001385e+01	1.620822730000000e-04
3.605722170008812e+01	1.595875800000000e-04
3.608852040010970e+01	1.561718090000000e-04
3.613356180000119e+01	1.536195630000000e-04
3.616510130011011e+01	1.507794950000000e-04
3.619642240006942e+01	1.470758870000000e-04
3.622755670000333e+01	1.448690450000000e-04
3.625820320006460e+01	1.422976350000000e-04
3.628817950002849e+01	1.382869670000000e-04
3.633455550007056e+01	1.329714140000000e-04
3.638125580002088e+01	1.302464660000000e-04
3.642776109999977e+01	1.250460480000000e-04
3.645890379999764e+01	1.213424260000000e-04
3.649017000000458e+01	1.161227990000000e-04
3.653612030006479e+01	1.111142630000000e-04
3.658222870004829e+01	1.062208830000000e-04
3.663031550007872e+01	1.030929630000000e-04
3.669518690009136e+01	9.464946200000001e-05
3.674014350003563e+01	9.094584680000000e-05
3.677143860002980e+01	8.762602370000000e-05
3.680256130010821e+01	8.401835660000000e-05
3.683377780008595e+01	7.778167490000000e-05
3.688040860008914e+01	7.488402480000000e-05
3.692657250002958e+01	6.999064500000000e-05
3.695860130002256e+01	6.667080740000000e-05
3.698762420006096e+01	6.187336840000000e-05
3.703533130011056e+01	5.853435140000000e-05
3.706677830009721e+01	5.531047280000000e-05
3.709790870000143e+01	5.195227280000000e-05
3.712920170009602e+01	4.993734180000000e-05
3.717611570004374e+01	4.163299310000000e-05
3.728597760002594e+01	3.990585540000000e-05
3.731658090010751e+01	3.838428530000000e-05
3.734807649999857e+01	3.686079440000000e-05
3.737924310006201e+01	3.555439620000000e-05
3.742615390010178e+01	3.298770390000000e-05
3.745692620007321e+01	3.117795860000000e-05
3.748814280005172e+01	2.861702710000000e-05
3.753514430008363e+01	2.582748130000000e-05
3.758223270007875e+01	2.341832990000000e-05
3.762908660003450e+01	2.239818420000000e-05
3.769124920002650e+01	1.951834200000000e-05
3.773921510006767e+01	1.850011900000000e-05
3.776992270001210e+01	1.775854430000000e-05
3.780112170008942e+01	1.701120710000000e-05
3.783302660007030e+01	1.603717280000000e-05
3.789520730008371e+01	1.510732270000000e-05
3.794093490007799e+01	1.397575120000000e-05
3.798872810008470e+01	1.258289830000000e-05
3.803454890009016e+01	1.168378820000000e-05
3.806550230004359e+01	1.079620510000000e-05
3.809676900005434e+01	9.777981180000000e-06
3.814223800005857e+01	8.579168930000001e-06
3.819032740010880e+01	7.405330050000000e-06
3.823691590002272e+01	6.079719240000000e-06
3.828389950003475e+01	5.074943600000000e-06
3.833015680010431e+01	4.613862530000000e-06
3.836154370009899e+01	4.066327620000000e-06
3.839221160009038e+01	3.349728100000000e-06
3.843899490009062e+01	2.529386850000000e-06
3.848562000005040e+01	1.114453880000000e-06
3.861069180001505e+01	9.680479709999999e-07
3.864171830005944e+01	8.148994080000000e-07
3.867366290010978e+01	7.077919690000000e-07
3.870507580006961e+01	6.471104260000000e-07
3.873574890010059e+01	6.091604520000000e-07
3.878218239999842e+01	6.110868750000000e-07
3.882905280007981e+01	6.261128080000000e-07
3.889125730004162e+01	7.368806220000000e-07
3.892273700004444e+01	8.501526170000000e-07
3.895413340011146e+01	1.009272860000000e-06
3.898600090004038e+01	1.310175890000000e-06
3.903245730011258e+01	1.647487470000000e-06
3.909471760003362e+01	1.909477310000000e-06
3.914109869999811e+01	2.132939240000000e-06
3.918796270003077e+01	2.244285040000000e-06
3.921984110004269e+01	2.350429210000000e-06
3.925234870007262e+01	2.476800550000000e-06
3.928235650004353e+01	2.601438610000000e-06
3.932820380001795e+01	2.640736970000000e-06
3.935970200004522e+01	2.683117830000000e-06
3.939114500000142e+01	2.735323050000000e-06
3.943852350011002e+01	2.767493920000000e-06
3.948439550003968e+01	2.792536860000000e-06
3.951568930002395e+01	2.829908910000000e-06
3.954600670002401e+01	2.889820050000000e-06
3.959417150006630e+01	2.954161800000000e-06
3.964446650003083e+01	3.067433680000000e-06
3.968819320003968e+01	3.183980430000000e-06
3.973513250006363e+01	3.283189700000000e-06
3.978061330004130e+01	3.349457760000000e-06
3.981184830004349e+01	3.423238700000000e-06
3.984260470001027e+01	3.514549920000000e-06
3.988919290003832e+01	3.672706950000000e-06
3.993662750010844e+01	3.786364460000000e-06
3.998381950007752e+01	3.795033080000000e-06
4.003010299999733e+01	3.790602480000000e-06
4.009210050001275e+01	3.368914350000000e-06
4.012243380001746e+01	2.925843320000000e-06
4.015429090010002e+01	2.390883310000000e-06
4.018544110003859e+01	1.612812410000000e-06
4.023334220005199e+01	9.524440540000000e-07
4.028064460004680e+01	7.553738329999999e-07
4.032713930006139e+01	6.264979790000000e-07
4.035790150007233e+01	7.625014860000000e-07
4.038904790009838e+01	1.081319970000000e-06
4.042027330002747e+01	1.571394930000000e-06
4.045123090001289e+01	2.337136950000000e-06
4.048220430000219e+01	3.442502930000000e-06
4.052916840009857e+01	4.252359300000000e-06
4.059199740004260e+01	7.678260770000000e-06
4.063877990003675e+01	1.564140800000000e-05
4.074901460006367e+01	1.786805110000000e-05
4.078073280001990e+01	2.045011020000000e-05
4.081271410000045e+01	2.326463440000000e-05
4.084395360003691e+01	2.727412720000000e-05
4.089095090003684e+01	3.181578720000000e-05
4.093879260006361e+01	3.688768990000000e-05
4.098489520000294e+01	4.222087230000000e-05
4.103153970011044e+01	4.546958010000000e-05
4.109361280000303e+01	5.232625700000000e-05
4.112505280005280e+01	5.585546020000000e-05
4.115630700008478e+01	5.893702110000000e-05
4.118619470007252e+01	6.359971300000000e-05
4.123436280002352e+01	6.937285070000000e-05
4.128132590011228e+01	7.247554460000000e-05
4.132815360010136e+01	7.926305990000000e-05
4.135900730011053e+01	8.406022970000001e-05
4.139035700005479e+01	1.022486180000000e-04
4.149920570000540e+01	1.076409320000000e-04
4.153032710007392e+01	1.126302740000000e-04
4.159530030004680e+01	1.226089520000000e-04
4.162446550000459e+01	1.268115010000000e-04
4.165545330010355e+01	1.313210810000000e-04
4.168669880006928e+01	1.377880250000000e-04
4.173354840010870e+01	1.452720170000000e-04
4.178027990006376e+01	1.498967470000000e-04
4.182727290003095e+01	1.585513380000000e-04
4.185820200003218e+01	1.646728780000000e-04
4.188919900008477e+01	1.706792680000000e-04
4.191981360001955e+01	1.767048380000000e-04
4.195307720010169e+01	1.837666640000000e-04
4.198223290010355e+01	1.939372310000000e-04
4.202912560000550e+01	1.987346770000000e-04
4.209090880001895e+01	2.114958620000000e-04
4.213651150010992e+01	2.194404370000000e-04
4.218250810005702e+01	2.235854190000000e-04
4.221497960004490e+01	2.281909550000000e-04
4.224666420009453e+01	2.338327470000000e-04
4.229383200011216e+01	2.401269890000000e-04
4.234041830000933e+01	2.463060960000000e-04
4.238634680001996e+01	2.531760260000000e-04
4.243558060005307e+01	2.618497820000000e-04
4.248221340007149e+01	2.664744970000000e-04
4.251186450000387e+01	2.717324820000000e-04
4.254232010000851e+01	2.794659810000000e-04
4.258910410001408e+01	2.887154410000000e-04
4.263634490000550e+01	2.999989960000000e-04
4.268247070000507e+01	3.105341750000000e-04
4.273031940008514e+01	3.165597740000000e-04
4.277634240000043e+01	3.273444310000000e-04
4.280833190004341e+01	3.348476020000000e-04
4.283922810002696e+01	3.462079330000000e-04
4.288621950009838e+01	3.567815000000000e-04
4.293357930006459e+01	3.670096050000000e-04
4.297916430002078e+01	3.716727370000000e-04
4.304155730002094e+01	3.852015360000000e-04
4.308821150008589e+01	3.909776280000000e-04
4.311920500011183e+01	3.964850620000000e-04
4.315103860001545e+01	4.026257670000000e-04
4.318223630008288e+01	4.107238780000000e-04
4.324791140004527e+01	4.193016790000000e-04
4.329118470009416e+01	4.271311050000000e-04
4.333814610005356e+01	4.346535130000000e-04
4.338429600000381e+01	4.387600930000000e-04
4.341557150008157e+01	4.426556120000000e-04
4.344717530009802e+01	4.472419680000000e-04
4.349392940010875e+01	4.530372970000000e-04
4.354074280010536e+01	4.604253040000000e-04
4.358790670009330e+01	4.680820280000000e-04
4.363430710008834e+01	4.766022900000000e-04
4.368112080008723e+01	4.805937930000000e-04
4.371346050000284e+01	4.855830920000000e-04
4.374421340005938e+01	4.914359890000000e-04
4.379091560002416e+01	4.991310420000000e-04
4.383684240002185e+01	5.076513040000000e-04
4.388368410000112e+01	5.160563740000000e-04
4.393088920006994e+01	5.208346410000000e-04
4.399219520005863e+01	5.300649210000000e-04
4.402301920007449e+01	5.346513350000000e-04
4.405421680002473e+01	5.393528259999999e-04
4.408542880008463e+01	5.456854120000001e-04
4.413272800005507e+01	5.523826690000000e-04
4.417922110005748e+01	5.563164600000000e-04
4.422827110008802e+01	5.636278069999999e-04
4.425706050009467e+01	5.681182960000000e-04
4.428807350003626e+01	5.729924310000000e-04
4.431919310009107e+01	5.773868760000000e-04
4.435046650003642e+01	5.823762040000000e-04
4.438190880010370e+01	5.900904650000000e-04
4.442841330007650e+01	5.941202980000000e-04
4.445889060001355e+01	6.002226730000000e-04
4.448923390009440e+01	6.102588960000000e-04
4.453557210008148e+01	6.234230820000000e-04
4.458226640010253e+01	6.314059720000000e-04
4.461338170000818e+01	6.397727990000000e-04
4.464433610008564e+01	6.518430890000000e-04
4.469178170000669e+01	6.652759040000000e-04
4.483939800004009e+01	7.194486680000000e-04
4.489541250001639e+01	7.335914420000000e-04
4.492647220008075e+01	7.439922770000000e-04
4.495767510007136e+01	7.542780370000000e-04
4.498813620000146e+01	7.681138230000000e-04
4.503550490003545e+01	7.835999130000000e-04
4.508285760006402e+01	7.977619530000000e-04
4.514335830009077e+01	8.121351130000001e-04
4.519021500006784e+01	8.234570850000000e-04
4.522065290005412e+01	8.342801590000000e-04
4.525222270004451e+01	8.466767030000000e-04
4.528244570002425e+01	8.974670200000000e-04
4.539024480001535e+01	8.965066520000000e-04
4.542032060003839e+01	9.005403840000000e-04
4.545101280009840e+01	9.084154740000000e-04
4.548230000003241e+01	9.145617950000000e-04
4.551425410003867e+01	9.214764580000000e-04
4.554628360003699e+01	9.299278610000000e-04
4.559282480005641e+01	9.404919690000000e-04
4.563914880005177e+01	9.525926430000000e-04
4.568587050004862e+01	9.618123290000000e-04
4.573386250005569e+01	9.729525770000000e-04
4.578102510003373e+01	9.789068720000001e-04
4.581163650006056e+01	9.844771120000001e-04
4.584309450001456e+01	9.919680890000001e-04
4.588920640002470e+01	1.000611340000000e-03
4.593614570004866e+01	1.010023060000000e-03
4.598245300003327e+01	1.016745690000000e-03
4.602907530008815e+01	1.020779250000000e-03
4.609101860004012e+01	1.030190960000000e-03
4.612200220010709e+01	1.033264210000000e-03
4.615269520005677e+01	1.037489740000000e-03
4.618472590006422e+01	1.044404580000000e-03
4.623212610010523e+01	1.051511380000000e-03
4.629441230010707e+01	1.057657650000000e-03
4.634125990001485e+01	1.063035920000000e-03
4.638973480009008e+01	1.066493100000000e-03
4.642006570007652e+01	1.070526660000000e-03
4.645050290005747e+01	1.074944510000000e-03
4.648106230003759e+01	1.078209720000000e-03
4.652750610001385e+01	1.083779960000000e-03
4.655927550001070e+01	1.087429350000000e-03
4.659090500010643e+01	1.093959790000000e-03
4.663712990004569e+01	1.102027130000000e-03
4.668358100007754e+01	1.107405060000000e-03
4.671481840009801e+01	1.113167380000000e-03
4.674541040009353e+01	1.119697930000000e-03
4.679264160001185e+01	1.127957020000000e-03
4.683926050004084e+01	1.135640080000000e-03
4.688545910001267e+01	1.142362710000000e-03
4.693323580001015e+01	1.151582460000000e-03
4.697919740003999e+01	1.157920810000000e-03
4.701013810001314e+01	1.164451470000000e-03
4.704081760009285e+01	1.174631300000000e-03
4.708747900009621e+01	1.184427300000000e-03
4.713408160000108e+01	1.194415150000000e-03
4.718004850007128e+01	1.201906010000000e-03
4.722659190010745e+01	1.214390850000000e-03
4.725885940005537e+01	1.222265880000000e-03
4.729023310006596e+01	1.229756980000000e-03
4.732121140009258e+01	1.236671580000000e-03
4.735214640002232e+01	1.244546610000000e-03
4.738269370002672e+01	1.254918750000000e-03
4.742913940001745e+01	1.260488990000000e-03
4.749105930002406e+01	1.272973950000000e-03
4.753701050009113e+01	1.280656780000000e-03
4.758603050000966e+01	1.284306170000000e-03
4.761948610004038e+01	1.289108070000000e-03
4.764957440004218e+01	1.295062360000000e-03
4.769544010004029e+01	1.301785000000000e-03
4.774336270010099e+01	1.308699720000000e-03
4.779107370006386e+01	1.316574750000000e-03
4.783711050008424e+01	1.327523260000000e-03
4.788360660010949e+01	1.333861610000000e-03
4.791446490003727e+01	1.339239770000000e-03
4.794487940007821e+01	1.346346460000000e-03
4.799202220002189e+01	1.356718600000000e-03
4.803889800002798e+01	1.366322390000000e-03
4.808468400000129e+01	1.373429080000000e-03
4.813174940005410e+01	1.382264540000000e-03
4.817810600006487e+01	1.385914050000000e-03
4.820851780008525e+01	1.390139570000000e-03
4.823920680000447e+01	1.395517840000000e-03
4.828752200002782e+01	1.400511710000000e-03
4.833251440001186e+01	1.405313610000000e-03
4.837834150006529e+01	1.407234350000000e-03
4.840948340005707e+01	1.408770910000000e-03
4.844096870010253e+01	1.412420300000000e-03
4.848810320009943e+01	1.415301460000000e-03
4.851917880005203e+01	1.417222200000000e-03
4.855021030001808e+01	1.420871700000000e-03
4.858185610000510e+01	1.425481400000000e-03
4.862822700000834e+01	1.427786420000000e-03
4.865927000006195e+01	1.429130790000000e-03
4.869062580005266e+01	1.433932690000000e-03
4.873737970006187e+01	1.438158330000000e-03
4.878533280000556e+01	1.441807720000000e-03
4.881653950002510e+01	1.444496910000000e-03
4.884751210000832e+01	1.446801700000000e-03
4.889445580006577e+01	1.451219550000000e-03
4.894111410004552e+01	1.456405500000000e-03
4.898707570007537e+01	1.461399370000000e-03
4.903251740010455e+01	1.467737950000000e-03
4.908026280009653e+01	1.471579540000000e-03
4.911122270009946e+01	1.475421010000000e-03
4.914207010006066e+01	1.480991020000000e-03
4.918819300003815e+01	1.487713660000000e-03
4.923637720011175e+01	1.493860270000000e-03
4.928428410005290e+01	1.497509420000000e-03
4.933221330004744e+01	1.502503640000000e-03
4.937824410002213e+01	1.505000520000000e-03
4.940854880004190e+01	1.508073650000000e-03
4.943985500000417e+01	1.512107210000000e-03
4.948632600007113e+01	1.515948680000000e-03
4.953344390005805e+01	1.521903210000000e-03
4.958239120000508e+01	1.526704870000000e-03
4.964271980000194e+01	1.532467200000000e-03
4.969114110001829e+01	1.535732530000000e-03
4.972026870003901e+01	1.537845350000000e-03
4.975189580000006e+01	1.539958180000000e-03
4.978285310009960e+01	1.543415590000000e-03
4.983016880007926e+01	1.544760070000000e-03
4.989174380002078e+01	1.551098660000000e-03
4.994114380003884e+01	1.554747930000000e-03
4.998357310006395e+01	1.557244920000000e-03
5.001442820008378e+01	1.559357740000000e-03
5.004513810004573e+01	1.564543690000000e-03
5.009075150010176e+01	1.567424860000000e-03
5.013683680002578e+01	1.571458420000000e-03
5.018479330011178e+01	1.574915830000000e-03
5.023067800002173e+01	1.575876140000000e-03
5.027901910000946e+01	1.578181050000000e-03
5.031017250008881e+01	1.579717730000000e-03
5.034140680008568e+01	1.583367240000000e-03
5.038822160009295e+01	1.586440370000000e-03
5.043488330009859e+01	1.590089870000000e-03
5.048024580010679e+01	1.591434240000000e-03
5.054302590002771e+01	1.593931350000000e-03
5.059006470011082e+01	1.596428220000000e-03
5.062129110004753e+01	1.597772820000000e-03
5.065340330009349e+01	1.599117300000000e-03
5.068353270005900e+01	1.601230120000000e-03
5.073015470011160e+01	1.603727110000000e-03
5.077789040002972e+01	1.605263680000000e-03
5.080758140003309e+01	1.608336810000000e-03
5.083913600002415e+01	1.608721100000000e-03
5.088639660004992e+01	1.610257550000000e-03
5.091695340001024e+01	1.611794230000000e-03
5.094758580008056e+01	1.612946620000000e-03
5.097892450005747e+01	1.614867360000000e-03
5.102588680002373e+01	1.617364470000000e-03
5.105713440000545e+01	1.619477290000000e-03
5.108764130005147e+01	1.621974170000000e-03
5.113365540001541e+01	1.624279190000000e-03
5.117908110003918e+01	1.624087100000000e-03
5.120964680006728e+01	1.625815640000000e-03
5.124125550000463e+01	1.627160240000000e-03
5.129136790009215e+01	1.628120660000000e-03
5.133492410008330e+01	1.628504720000000e-03
5.138306300004479e+01	1.629657110000000e-03
5.144409410003573e+01	1.630809740000000e-03
5.149050580000039e+01	1.631193790000000e-03
5.152187730011065e+01	1.631193790000000e-03
5.155247220001183e+01	1.632154220000000e-03
5.158349040010944e+01	1.633306620000000e-03
5.163026220002212e+01	1.632922560000000e-03
5.169426140002906e+01	1.633690670000000e-03
5.174014710006304e+01	1.634074960000000e-03
5.178669850004371e+01	1.635227350000000e-03
5.181775620009284e+01	1.634843300000000e-03
5.184964920009952e+01	1.633882990000000e-03
5.188008660008200e+01	1.633882990000000e-03
5.192686550004873e+01	1.633690670000000e-03
5.195855940005276e+01	1.632538270000000e-03
5.199033000005875e+01	1.631962140000000e-03
5.203573910007253e+01	1.631770170000000e-03
5.208255790011026e+01	1.631770170000000e-03
5.211421390005853e+01	1.631577850000000e-03
5.214552720007487e+01	1.630425450000000e-03
5.219204560003709e+01	1.629465140000000e-03
5.223943990003318e+01	1.629465140000000e-03
5.228612100007012e+01	1.628889000000000e-03
5.233257800003048e+01	1.627544410000000e-03
5.237842850002926e+01	1.627352320000000e-03
5.240950130007695e+01	1.627352320000000e-03
5.244051080010831e+01	1.626583980000000e-03
5.248739660007413e+01	1.626391900000000e-03
5.253483870008495e+01	1.624855210000000e-03
5.258260220009834e+01	1.624855210000000e-03
5.264342540001962e+01	1.623318760000000e-03
5.269108610006515e+01	1.621782080000000e-03
5.272212960000616e+01	1.621590110000000e-03
5.275784030009527e+01	1.620053310000000e-03
5.278714510006830e+01	1.618708950000000e-03
5.283346400002483e+01	1.618708950000000e-03
5.287983670004178e+01	1.619285210000000e-03
5.294258580007590e+01	1.620245630000000e-03
5.298921350005548e+01	1.622166370000000e-03
5.302242110006046e+01	1.623510850000000e-03
5.305078490008600e+01	1.625623550000000e-03
5.309823900007177e+01	1.627736380000000e-03
5.312970700010192e+01	1.628696800000000e-03
5.317659410007764e+01	1.631385880000000e-03
5.320770330005325e+01	1.632538270000000e-03
5.323819620010909e+01	1.633882990000000e-03
5.328816260001622e+01	1.634651100000000e-03
5.331699380010832e+01	1.633690670000000e-03
5.334816819999833e+01	1.632922560000000e-03
5.337846040003933e+01	1.632346190000000e-03
5.340967100008857e+01	1.631385880000000e-03
5.344100590003654e+01	1.629273060000000e-03
5.348789040010888e+01	1.626775950000000e-03
5.353474160004407e+01	1.622934480000000e-03
5.358205720002297e+01	1.620629690000000e-03
5.361192930000834e+01	1.617748520000000e-03
5.364370610006154e+01	1.614483310000000e-03
5.369070310005918e+01	1.609489440000000e-03
5.373649620008655e+01	1.605263680000000e-03
5.378515480004717e+01	1.600461780000000e-03
5.383168689999729e+01	1.598348960000000e-03
5.389369370008353e+01	1.595083740000000e-03
5.392511640000157e+01	1.592202580000000e-03
5.395631380006671e+01	1.587016390000000e-03
5.398749640001915e+01	1.580101790000000e-03
5.403403110010549e+01	1.572995100000000e-03
5.409578790003434e+01	1.565696320000000e-03
5.414326870010700e+01	1.558013260000000e-03
5.418920930009335e+01	1.551482710000000e-03
5.422019980009645e+01	1.548409460000000e-03
5.425149730010889e+01	1.543031310000000e-03
5.428413480008021e+01	1.537845350000000e-03
5.433114630007185e+01	1.534387930000000e-03
5.437841650005430e+01	1.526128730000000e-03
5.440876820008270e+01	1.522287260000000e-03
5.444027740007732e+01	1.515372660000000e-03
5.448590260010678e+01	1.509994380000000e-03
5.451693590008654e+01	1.504808430000000e-03
5.454824860009830e+01	1.496933400000000e-03
5.458026290009730e+01	1.493091930000000e-03
5.464269330003299e+01	1.477341750000000e-03
5.468876390007790e+01	1.465432930000000e-03
5.473482300003525e+01	1.454484770000000e-03
5.478249130002223e+01	1.450067150000000e-03
5.481282190000638e+01	1.444880970000000e-03
5.484408180008177e+01	1.437582190000000e-03
5.488976920000277e+01	1.428746730000000e-03
5.493651680008043e+01	1.418374600000000e-03
5.498354919999838e+01	1.408770910000000e-03
5.503088299999945e+01	1.402624530000000e-03
5.509429970011115e+01	1.388218840000000e-03
5.512522540008649e+01	1.380727860000000e-03
5.515703960007522e+01	1.372852830000000e-03
5.518821829999797e+01	1.360367870000000e-03
5.523446350009181e+01	1.345962400000000e-03
5.528227290010545e+01	1.329251680000000e-03
5.534433450002689e+01	1.311965170000000e-03
5.539190950000193e+01	1.298327810000000e-03
5.542389440000989e+01	1.286611310000000e-03
5.545497910003178e+01	1.274702490000000e-03
5.548656360001769e+01	1.259528680000000e-03
5.553365029999986e+01	1.242625880000000e-03
5.557920770009514e+01	1.234942930000000e-03
5.564275020000059e+01	1.213238460000000e-03
5.568878210010007e+01	1.203250610000000e-03
5.571908000006806e+01	1.194607230000000e-03
5.575032310001552e+01	1.185003440000000e-03
5.578317940002307e+01	1.172902760000000e-03
5.582887730002403e+01	1.166180130000000e-03
5.589040190004744e+01	1.145051790000000e-03
5.593682330008596e+01	1.127957020000000e-03
5.598361520003527e+01	1.118161250000000e-03
5.601457510003820e+01	1.107597370000000e-03
5.604477920010686e+01	1.091654990000000e-03
5.609281510009896e+01	1.071871260000000e-03
5.614057440008037e+01	1.049974700000000e-03
5.618715840007644e+01	1.027309800000000e-03
5.623376960004680e+01	1.004068760000000e-03
5.628229680005461e+01	9.910077790000001e-04
5.631159470009152e+01	9.766020809999999e-04
5.634220190008637e+01	9.583549110000000e-04
5.638967790000606e+01	9.381869460000000e-04
5.643595520011149e+01	9.191716670000000e-04
5.648583760007750e+01	9.018848650000001e-04
5.652984350000042e+01	8.918970120000000e-04
5.657752710010391e+01	8.746102100000000e-04
5.660849020001478e+01	8.619332220000000e-04
5.663920780003536e+01	8.452227340000000e-04
5.668443140003365e+01	8.285122460000000e-04
5.673145620001014e+01	8.119937850000000e-04
5.677946930006146e+01	8.041185210000000e-04
5.684153960004915e+01	7.912495640000000e-04
5.688748830009717e+01	7.856793240000000e-04
5.691820490011014e+01	7.818380250000000e-04
5.694973059999757e+01	7.766518390000000e-04
5.698126000002958e+01	7.712738590000000e-04
5.704214450006839e+01	7.476484750000000e-04
5.708808110002428e+01	7.303619060000000e-04
5.713410860009026e+01	7.128830770000000e-04
5.718068600003608e+01	7.034713050000000e-04
5.721160390006844e+01	6.932911929999999e-04
5.724372390005738e+01	6.563718780000000e-04
5.736962330003735e+01	6.430541980000000e-04
5.740178000007290e+01	6.343228740000000e-04
5.743265840003733e+01	6.197578620000000e-04
5.749445340002421e+01	6.067855870000000e-04
5.754126600001473e+01	5.927769820000000e-04
5.758740360010415e+01	5.803997050000000e-04
5.763500790006947e+01	5.663527990000000e-04
5.768129090010189e+01	5.586384800000000e-04
5.771145990001969e+01	5.483911950000000e-04
5.774342980002984e+01	5.340755449999999e-04
5.779296700004488e+01	5.198752040000000e-04
5.783589010010473e+01	5.071907070000000e-04
5.788239290006459e+01	4.951971350000000e-04
5.792890270007774e+01	4.883271760000000e-04
5.797533150005620e+01	4.733592500000000e-04
5.800651680002920e+01	4.612696650000000e-04
5.803711410006508e+01	4.409860990000000e-04
5.808367870002985e+01	4.206066080000000e-04
5.813083560008090e+01	4.089200520000000e-04
5.817790540005080e+01	3.892121890000000e-04
5.820889760006685e+01	3.763742280000000e-04
5.824029990006238e+01	3.568774550000000e-04
5.828825250000227e+01	3.442697630000000e-04
5.831957880000118e+01	3.321034890000000e-04
5.835015420010313e+01	3.198604100000000e-04
5.838111550000031e+01	3.111290570000000e-04
5.842741440003738e+01	2.986173490000000e-04
5.845830850000493e+01	2.914211650000000e-04
5.848950490006246e+01	2.811354640000000e-04
5.853701580001507e+01	2.689499820000000e-04
5.858356500009540e+01	2.626173660000000e-04
5.861556190007832e+01	2.555171380000000e-04
5.864674280001782e+01	2.470161130000000e-04
5.869289700000081e+01	2.379201470000000e-04
5.873907050001435e+01	2.296877650000000e-04
5.878647360007744e+01	2.222996990000000e-04
5.883146660006605e+01	2.160438310000000e-04
5.889266080001835e+01	2.123786110000000e-04
5.892468390008435e+01	2.090395720000000e-04
5.895551540004089e+01	2.057581300000000e-04
5.898700850002933e+01	2.004425770000000e-04
5.903170050005428e+01	1.947815760000000e-04
5.909451180009637e+01	1.894852180000000e-04
5.914090190001298e+01	1.830374680000000e-04
5.918656900001224e+01	1.787965160000000e-04
5.921799350006040e+01	1.742485470000000e-04
5.925079620000906e+01	1.683956940000000e-04
5.929735320003238e+01	1.610076290000000e-04
5.934328660008032e+01	1.525257680000000e-04
5.939097070007119e+01	1.436792810000000e-04
5.943721040000673e+01	1.351590470000000e-04
5.948187790007796e+01	1.313019020000000e-04
5.951291830011178e+01	1.265620230000000e-04
5.954413730010856e+01	1.200183110000000e-04
5.959125430008862e+01	1.130908130000000e-04
5.963714760006405e+01	1.053957310000000e-04
5.968361290008761e+01	9.869849600000001e-05
5.973108550009783e+01	9.489894730000000e-05
5.978090410004370e+01	8.766440440000000e-05
5.980990610003937e+01	8.359617640000000e-05
5.984204420004971e+01	7.730193470000000e-05
5.989004150009714e+01	7.087336420000000e-05
5.993685270007700e+01	6.434884560000000e-05
5.998367780004628e+01	5.859192970000000e-05
6.003080330009107e+01	5.573264930000000e-05
