# [General]
# timestamp=2025-04-17T12:39:30.429672
# comments='# '
# delimiter='\t'
# column_dtypes=float;;float
# column_headers='Time (s);;Power (W)'
# 
# [Metadata]
# scanner_x=-4.648888772663919
# scanner_y=3.7150022250721597
# start recoding time='17.04.2025, 12:38:30.377448'
# sample rate (hz)=50.0
# sample timing='TIMESTAMP'
# 
# ---- END HEADER ----
9.734000777825713e-04	1.466668210000000e-07
2.531040005851537e-02	1.301030320000000e-07
5.691959999967366e-02	1.189325400000000e-07
8.785240002907813e-02	1.063801350000000e-07
1.196454999735579e-01	9.131343150000000e-08
1.654586000367999e-01	7.851150490000000e-08
2.136759000131860e-01	6.895326270000000e-08
2.585051000351086e-01	6.402059680000001e-08
3.197811000281945e-01	5.380976730000000e-08
3.665135999908671e-01	5.114189610000000e-08
3.964065000182018e-01	4.933773210000000e-08
4.274614000460133e-01	4.901144730000000e-08
4.585424000397325e-01	4.945289330000000e-08
5.206153000472113e-01	5.511491350000000e-08
5.688825000543147e-01	6.181335980000000e-08
6.165617000078782e-01	7.060387470000000e-08
6.629408000735566e-01	7.757104470000001e-08
6.943438000744209e-01	8.480689220000000e-08
7.248802999965847e-01	9.482580050000000e-08
7.563191000372171e-01	1.031556780000000e-07
7.876413000049070e-01	1.142877650000000e-07
8.189655999885872e-01	1.326941120000000e-07
8.658854999812320e-01	1.604859820000000e-07
9.131322000175714e-01	1.973178740000000e-07
9.605765000451356e-01	2.231328300000000e-07
9.916295000584796e-01	2.528248050000000e-07
1.023434699978679e+00	2.915568590000000e-07
1.070744800032116e+00	3.390601930000000e-07
1.117459399974905e+00	3.818612130000000e-07
1.164448000025004e+00	4.280402380000000e-07
1.212043900042772e+00	4.736242260000000e-07
1.258966100052930e+00	5.001493260000000e-07
1.290084499982186e+00	5.311848670000000e-07
1.320983399986289e+00	5.699361050000000e-07
1.368605599971488e+00	6.157312100000000e-07
1.416586300008930e+00	6.597798010000000e-07
1.460650300025009e+00	7.097207230000000e-07
1.507416400010698e+00	7.321768290000000e-07
1.554503299994394e+00	7.743060450000000e-07
1.585944600054063e+00	8.016756400000000e-07
1.617512400029227e+00	8.392945010000000e-07
1.664498200058006e+00	9.462797270000000e-07
1.774804600048810e+00	9.626540989999999e-07
1.806493200012483e+00	9.876972630000000e-07
1.837384800077416e+00	1.012933010000000e-06
1.868402100051753e+00	1.036627620000000e-06
1.899468600051478e+00	1.057817830000000e-06
1.931145300040953e+00	1.080356810000000e-06
1.961803100071847e+00	1.105207390000000e-06
2.009507999988273e+00	1.118499430000000e-06
2.056535299983807e+00	1.147010040000000e-06
2.089119400014170e+00	1.168393170000000e-06
2.120491300011054e+00	1.208654680000000e-06
2.167430900037289e+00	1.243329730000000e-06
2.198580999975093e+00	1.276463880000000e-06
2.230073500075378e+00	1.314991660000000e-06
2.261550300056115e+00	1.372013120000000e-06
2.323345700046048e+00	1.424796320000000e-06
2.370093100005761e+00	1.484514540000000e-06
2.416532700066455e+00	1.532674330000000e-06
2.463377500069328e+00	1.560607070000000e-06
2.494453300023451e+00	1.581027050000000e-06
2.525439599994570e+00	1.600483530000000e-06
2.556359000038356e+00	1.611271390000000e-06
2.586743300082162e+00	1.625911860000000e-06
2.618442600010894e+00	1.645561270000000e-06
2.665384100051597e+00	1.671567470000000e-06
2.711825200007297e+00	1.697381210000000e-06
2.761684900033288e+00	1.715296660000000e-06
2.791382799972780e+00	1.732056260000000e-06
2.822314799996093e+00	1.763456570000000e-06
2.868249600054696e+00	1.796975880000000e-06
2.914593999972567e+00	1.826449650000000e-06
2.961376300081611e+00	1.856501400000000e-06
3.008499899995513e+00	1.873453810000000e-06
3.055971599998884e+00	1.905624690000000e-06
3.086572700063698e+00	1.923732730000000e-06
3.116928800009191e+00	1.942996730000000e-06
3.163133300025947e+00	1.964764810000000e-06
3.209776000003330e+00	1.980176190000000e-06
3.256241600029171e+00	2.007723420000000e-06
3.286955800023861e+00	2.034307730000000e-06
3.320241000037640e+00	2.068982890000000e-06
3.366309200064279e+00	2.099419820000000e-06
3.398746300023049e+00	2.122344090000000e-06
3.428011100040749e+00	2.145268130000000e-06
3.459403300075792e+00	2.165302700000000e-06
3.507362400065176e+00	2.192464760000000e-06
3.554776899982244e+00	2.217315340000000e-06
3.586196599993855e+00	2.233497070000000e-06
3.617491899989545e+00	2.256613700000000e-06
3.665089400019497e+00	2.267786840000000e-06
3.694981600041501e+00	2.284353970000000e-06
3.725459999986924e+00	2.297453420000000e-06
3.756883500027470e+00	2.309011730000000e-06
3.787527100066654e+00	2.322689170000000e-06
3.819266100064851e+00	2.331165430000000e-06
3.865755100036040e+00	2.344457700000000e-06
3.914289799984545e+00	2.362565510000000e-06
3.959091700031422e+00	2.377783860000000e-06
3.991777600022033e+00	2.399937560000000e-06
4.020909800077789e+00	2.423054180000000e-06
4.069116799975745e+00	2.460426690000000e-06
4.115394100081176e+00	2.490285620000000e-06
4.162534300005063e+00	2.523034480000000e-06
4.208970800042152e+00	2.534785150000000e-06
4.255137100000866e+00	2.559828540000000e-06
4.285965000046417e+00	2.577551190000000e-06
4.316603100043721e+00	2.604520660000000e-06
4.362326100002974e+00	2.634187470000000e-06
4.410378300002776e+00	2.671559510000000e-06
4.456645700032823e+00	2.689474970000000e-06
4.487373800016940e+00	2.714132730000000e-06
4.519610999966972e+00	2.741102210000000e-06
4.567374299978837e+00	2.755164810000000e-06
4.599539200076833e+00	2.774429050000000e-06
4.630805000080727e+00	2.795041610000000e-06
4.662161100073718e+00	2.829716550000000e-06
4.709712599986233e+00	2.849751130000000e-06
4.756719700060785e+00	2.894058300000000e-06
4.787646000040695e+00	2.933356430000000e-06
4.818270000047050e+00	3.000009880000000e-06
4.865367199992761e+00	3.069745160000000e-06
4.896486300043762e+00	3.140058880000000e-06
4.927318000001833e+00	3.222508210000000e-06
4.958531000069343e+00	3.285886810000000e-06
5.004445199971087e+00	3.393379760000000e-06
5.036040700040758e+00	3.460610740000000e-06
5.068794000078924e+00	3.573883080000000e-06
5.113651799969375e+00	3.686962150000000e-06
5.159697400056757e+00	3.759201950000000e-06
5.190492899972014e+00	3.854751870000000e-06
5.221089600003324e+00	3.991910490000000e-06
5.269302600063384e+00	4.170872670000000e-06
5.316556100035086e+00	4.341936800000000e-06
5.364482000004500e+00	4.532456840000000e-06
5.411384799983352e+00	4.711997010000000e-06
5.457379800034687e+00	4.800418990000000e-06
5.488715499988757e+00	4.912534680000000e-06
5.519726500031538e+00	5.059133850000000e-06
5.566886499989778e+00	5.221336320000000e-06
5.613013299996965e+00	5.411857270000000e-06
5.659775100066327e+00	5.511066320000000e-06
5.722146300016902e+00	5.823334500000000e-06
5.769258800079115e+00	5.978216900000000e-06
5.800849099992774e+00	6.102662160000000e-06
5.832984099979512e+00	6.221135210000000e-06
5.863415400031954e+00	6.382759690000000e-06
5.911033199983649e+00	6.520882830000000e-06
5.958256200072356e+00	6.606991970000000e-06
6.019440600066446e+00	6.885548830000000e-06
6.066544400062412e+00	7.055071820000000e-06
6.097836000029929e+00	7.220163750000000e-06
6.128264600061812e+00	7.408758390000000e-06
6.158652300015092e+00	7.562098740000000e-06
6.220557000022382e+00	7.967411879999999e-06
6.267118000076152e+00	8.222659740000000e-06
6.312888700049371e+00	8.450938370000000e-06
6.359805900021456e+00	9.011432670000001e-06
6.467521800077520e+00	9.005669199999999e-06
6.499419900006615e+00	9.036408300000000e-06
6.530952800065279e+00	9.088280420000000e-06
6.563174100010656e+00	9.147836859999999e-06
6.595112000009976e+00	9.207393300000000e-06
6.626366000040434e+00	9.278477590000000e-06
6.656745200045407e+00	9.339953980000000e-06
6.687480999971740e+00	9.424485139999999e-06
6.721487900009379e+00	9.558967579999999e-06
6.765393099980429e+00	9.747243889999999e-06
6.812024399987422e+00	9.945124480000000e-06
6.859291300061159e+00	1.004886780000000e-05
6.890532399993390e+00	1.015645280000000e-05
6.920625700033270e+00	1.029477880000000e-05
6.967698300024495e+00	1.050034460000000e-05
7.013395700021647e+00	1.065980270000000e-05
7.062069999985397e+00	1.082694420000000e-05
7.122744900058024e+00	1.096719010000000e-05
7.173175900010392e+00	1.110551420000000e-05
7.202149900025688e+00	1.123615490000000e-05
7.233373700059019e+00	1.142058770000000e-05
7.264597899978980e+00	1.178368890000000e-05
7.312405799981207e+00	1.214487110000000e-05
7.357996599981561e+00	1.235427860000000e-05
7.404427299974486e+00	1.273275030000000e-05
7.436031499993987e+00	1.295560650000000e-05
7.467041900032200e+00	1.318422620000000e-05
7.497989000054076e+00	1.343205890000000e-05
7.528852600022219e+00	1.370486550000000e-05
7.560161200002767e+00	1.406220330000000e-05
7.606328199966811e+00	1.423895170000000e-05
7.637432300020009e+00	1.444643840000000e-05
7.668413600069471e+00	1.478072410000000e-05
7.715752999996766e+00	1.503431670000000e-05
7.763518800027668e+00	1.518224690000000e-05
7.793635200010613e+00	1.532249370000000e-05
7.825582999968901e+00	1.552037430000000e-05
7.856453599990346e+00	1.566446370000000e-05
7.887415800010785e+00	1.588732080000000e-05
7.921334800077602e+00	1.616589180000000e-05
7.965464300010353e+00	1.639643230000000e-05
8.014140899991617e+00	1.660391900000000e-05
8.059389700065367e+00	1.671150310000000e-05
8.090946300071664e+00	1.680756210000000e-05
8.122270300053060e+00	1.689593410000000e-05
8.169211399974301e+00	1.700928620000000e-05
8.215453100041486e+00	1.712263660000000e-05
8.264940300025046e+00	1.725903890000000e-05
8.311305999988690e+00	1.742234050000000e-05
8.362532800063491e+00	1.757219070000000e-05
8.394178300048225e+00	1.767209320000000e-05
8.425428900052793e+00	1.785652420000000e-05
8.456536500016227e+00	1.793913540000000e-05
8.488379999995232e+00	1.805824830000000e-05
8.520405999966897e+00	1.818888810000000e-05
8.568324199994095e+00	1.837331910000000e-05
8.616396400029771e+00	1.856351630000000e-05
8.662615400040522e+00	1.866918320000000e-05
8.693425700068474e+00	1.874987170000000e-05
8.724483199999668e+00	1.886514110000000e-05
8.755620900075883e+00	1.894006890000000e-05
8.786357200006023e+00	1.903420530000000e-05
8.817580600036308e+00	1.913218330000000e-05
8.864364200038835e+00	1.926090230000000e-05
8.911582499975339e+00	1.937617530000000e-05
8.958426699973643e+00	1.944341600000000e-05
8.990363100077957e+00	1.952602720000000e-05
9.020294200046919e+00	1.957405580000000e-05
9.067543799988925e+00	1.965858610000000e-05
9.114432899979874e+00	1.976425300000000e-05
9.159415300004184e+00	1.981804600000000e-05
9.221839200006798e+00	1.998902740000000e-05
9.269968000007793e+00	2.012351250000000e-05
9.299678200040944e+00	2.020612370000000e-05
9.331034800037742e+00	2.036942170000000e-05
9.362608800060116e+00	2.063262400000000e-05
9.409919099998660e+00	2.087853320000000e-05
9.472039800020866e+00	2.117055190000000e-05
9.519367199973203e+00	2.141838380000000e-05
9.567271600011736e+00	2.158168540000000e-05
9.598490900010802e+00	2.170079820000000e-05
9.630936800036579e+00	2.181030500000000e-05
9.660813800059259e+00	2.203508120000000e-05
9.708366599981673e+00	2.210232010000000e-05
9.755496500059962e+00	2.225793830000000e-05
9.786640200065449e+00	2.237512850000000e-05
9.817965200054459e+00	2.253458660000000e-05
9.865746799972840e+00	2.267098900000000e-05
9.896513900021091e+00	2.275552290000000e-05
9.927632600069046e+00	2.284389670000000e-05
9.958416400011629e+00	2.294571820000000e-05
1.000774779997300e+01	2.300335290000000e-05
1.006847880000714e+01	2.308404330000000e-05
1.011335920006968e+01	2.319547090000000e-05
1.016044280002825e+01	2.326463440000000e-05
1.019107280008029e+01	2.336453510000000e-05
1.022228690003976e+01	2.359315480000000e-05
1.026869389996864e+01	2.396009770000000e-05
1.031591610005125e+01	2.415221750000000e-05
1.036181250005029e+01	2.438659790000000e-05
1.040928600006737e+01	2.448650050000000e-05
1.047001050005201e+01	2.471704100000000e-05
1.050152310007252e+01	2.485152620000000e-05
1.053335160005372e+01	2.496295380000000e-05
1.056544270005543e+01	2.513777870000000e-05
1.061351950000972e+01	2.539906020000000e-05
1.066113790008239e+01	2.564689020000000e-05
1.072333930002060e+01	2.582172060000000e-05
1.077007129997946e+01	2.593506720000000e-05
1.080118740000762e+01	2.601767850000000e-05
1.083241630007979e+01	2.610797490000000e-05
1.086339569999836e+01	2.620595300000000e-05
1.090936679998413e+01	2.628088080000000e-05
1.095862920000218e+01	2.639999370000000e-05
1.101745420007501e+01	2.663437590000000e-05
1.106803309998941e+01	2.677654270000000e-05
1.109641900006682e+01	2.691102420000000e-05
1.112797869998030e+01	2.700131880000000e-05
1.115910270006862e+01	2.709161530000000e-05
1.122105509997346e+01	2.728565410000000e-05
1.126784590003081e+01	2.736826350000000e-05
1.131498410005588e+01	2.741437310000000e-05
1.136152050003875e+01	2.744895210000000e-05
1.139351399999578e+01	2.752195910000000e-05
1.142538879998028e+01	2.757383120000000e-05
1.147077899996657e+01	2.769102140000000e-05
1.151803090004250e+01	2.780245090000000e-05
1.156480799999554e+01	2.787737500000000e-05
1.161037200002465e+01	2.790811410000000e-05
1.165746889996808e+01	2.791580120000000e-05
1.168906210002024e+01	2.794654030000000e-05
1.172159550001379e+01	2.798304190000000e-05
1.176773700001650e+01	2.797343590000000e-05
1.181444240000565e+01	2.800993750000000e-05
1.186029350000899e+01	2.799264620000000e-05
1.192132449999917e+01	2.799072540000000e-05
1.196782800008077e+01	2.798880270000000e-05
1.199869410006795e+01	2.800225230000000e-05
1.202994799998123e+01	2.796575250000000e-05
1.206411789997946e+01	2.798496280000000e-05
1.212488330004271e+01	2.797919840000000e-05
1.215554589999374e+01	2.796575250000000e-05
1.218655590002891e+01	2.798688180000000e-05
1.221752429998014e+01	2.798496280000000e-05
1.226449650002178e+01	2.796575250000000e-05
1.229521999997087e+01	2.795038020000000e-05
1.232653129997198e+01	2.797343590000000e-05
1.235744649998378e+01	2.797919840000000e-05
1.240495330002159e+01	2.802722700000000e-05
1.243695110001136e+01	2.802338530000000e-05
1.246760279999580e+01	2.799264620000000e-05
1.251448290003464e+01	2.795806360000000e-05
1.256149720004760e+01	2.799264620000000e-05
1.259155820007436e+01	2.796575250000000e-05
1.262337150005624e+01	2.795806360000000e-05
1.266991200007033e+01	2.794461760000000e-05
1.271540460002143e+01	2.790043070000000e-05
1.276157680002507e+01	2.787929590000000e-05
1.280850669997744e+01	2.783126730000000e-05
1.285579459997825e+01	2.776018300000000e-05
1.288643940002657e+01	2.771983960000000e-05
1.291838859999552e+01	2.761225370000000e-05
1.296540410001762e+01	2.751811550000000e-05
1.301191510003991e+01	2.744703490000000e-05
1.306008820002899e+01	2.731447240000000e-05
1.312226259999443e+01	2.720112210000000e-05
1.316900110000279e+01	2.717230380000000e-05
1.320028029999230e+01	2.710506490000000e-05
1.323078420001548e+01	2.708200920000000e-05
1.326115000003483e+01	2.693407810000000e-05
1.332293220004067e+01	2.680728180000000e-05
1.336857930000406e+01	2.669969760000000e-05
1.341545440000482e+01	2.658058110000000e-05
1.346339649998117e+01	2.655176470000000e-05
1.349439540004823e+01	2.649989440000000e-05
1.352959699998610e+01	2.632890940000000e-05
1.355840340000577e+01	2.627703730000000e-05
1.360632560006343e+01	2.619058610000000e-05
1.363755240000319e+01	2.612526440000000e-05
1.366888520005159e+01	2.609644620000000e-05
1.371591280004941e+01	2.601960110000000e-05
1.376306180004030e+01	2.593314460000000e-05
1.379416629998013e+01	2.591393420000000e-05
1.382540540001355e+01	2.593698810000000e-05
1.387237850006204e+01	2.590048830000000e-05
1.391905859997496e+01	2.592930470000000e-05
1.396544210007414e+01	2.596964990000000e-05
1.401485030003823e+01	2.595235670000000e-05
1.405987160000950e+01	2.594467330000000e-05
1.409084950003307e+01	2.591393420000000e-05
1.412112250004429e+01	2.583708740000000e-05
1.416761320002843e+01	2.560462420000000e-05
1.421445470000617e+01	2.528763070000000e-05
1.426208690006752e+01	2.497639980000000e-05
1.430946040002163e+01	2.491876510000000e-05
1.435548280004878e+01	2.478620260000000e-05
1.438704539998434e+01	2.470359500000000e-05
1.441750810004305e+01	2.461522130000000e-05
1.446448089997284e+01	2.460177170000000e-05
1.451170500006992e+01	2.456142830000000e-05
1.455608760006726e+01	2.453644990000000e-05
1.458804790000431e+01	2.456911170000000e-05
1.461908950004727e+01	2.463443340000000e-05
1.466566920001060e+01	2.478428540000000e-05
1.469653700001072e+01	2.499369290000000e-05
1.472771860007197e+01	2.522423160000000e-05
1.475893280003220e+01	2.540482270000000e-05
1.480497789999936e+01	2.576984660000000e-05
1.483787719998509e+01	2.601767850000000e-05
1.486837779998314e+01	2.634235530000000e-05
1.491542770003434e+01	2.655752910000000e-05
1.496280520001892e+01	2.670738100000000e-05
1.499530640000012e+01	2.679767570000000e-05
1.502539049996994e+01	2.694944670000000e-05
1.505747770005837e+01	2.702629540000000e-05
1.512034780008253e+01	2.720880550000000e-05
1.516748439997900e+01	2.733560540000000e-05
1.521455310005695e+01	2.739324010000000e-05
1.526111790002324e+01	2.740284620000000e-05
1.529097830003593e+01	2.747200780000000e-05
1.532244210003410e+01	2.756038160000000e-05
1.536958850000519e+01	2.764683630000000e-05
1.541664389998186e+01	2.779668830000000e-05
1.546270340005867e+01	2.788698110000000e-05
1.550985540007241e+01	2.791772020000000e-05
1.555655950005166e+01	2.791003500000000e-05
1.558687660004944e+01	2.792156370000000e-05
1.561887240002397e+01	2.795998630000000e-05
1.566558260004967e+01	2.795230280000000e-05
1.571279919997323e+01	2.799072540000000e-05
1.576028290006798e+01	2.798688180000000e-05
1.582092860003468e+01	2.802914790000000e-05
1.586772179999389e+01	2.799840880000000e-05
1.589884849998634e+01	2.797727570000000e-05
1.593033920007292e+01	2.797535670000000e-05
1.596077810006682e+01	2.799264620000000e-05
1.600750429998152e+01	2.800801490000000e-05
1.605471399996895e+01	2.798496280000000e-05
1.608614520006813e+01	2.797151320000000e-05
1.611641430004966e+01	2.799072540000000e-05
1.616464460000861e+01	2.796766970000000e-05
1.619513140001800e+01	2.798880270000000e-05
1.622732130007353e+01	2.793885320000000e-05
1.625838360004127e+01	2.790619510000000e-05
1.632076640008017e+01	2.778707860000000e-05
1.636652440007310e+01	2.764875530000000e-05
1.641392219997942e+01	2.755654170000000e-05
1.646091290004551e+01	2.747008510000000e-05
1.649182300001848e+01	2.739131740000000e-05
1.652338690008037e+01	2.737979050000000e-05
1.657089339999948e+01	2.730678900000000e-05
1.661812009999994e+01	2.721457170000000e-05
1.666556500003207e+01	2.697826680000000e-05
1.671241520007607e+01	2.668624800000000e-05
1.675980140001047e+01	2.649605090000000e-05
1.679191610007547e+01	2.628279980000000e-05
1.682246350008063e+01	2.605034020000000e-05
1.687017450004350e+01	2.573718670000000e-05
1.691735310002696e+01	2.543172010000000e-05
1.696505500003695e+01	2.500521800000000e-05
1.701239789999090e+01	2.448650050000000e-05
1.706069409998599e+01	2.412916180000000e-05
1.709352310001850e+01	2.373340070000000e-05
1.712238209997304e+01	2.322813270000000e-05
1.716926810005680e+01	2.255187610000000e-05
1.721643510006834e+01	2.188138930000000e-05
1.726374039996881e+01	2.108986340000000e-05
1.730968910001684e+01	2.043282070000000e-05
1.735590329999104e+01	2.007932380000000e-05
1.738679830008186e+01	1.971814530000000e-05
1.741749030002393e+01	1.914563290000000e-05
1.746339779999107e+01	1.846361560000000e-05
1.752772500005085e+01	1.777391300000000e-05
1.757217599998694e+01	1.699968020000000e-05
1.761831130005885e+01	1.622160380000000e-05
1.766533960006200e+01	1.570480890000000e-05
1.769549159996677e+01	1.520722440000000e-05
1.772729419998359e+01	1.459629040000000e-05
1.775941020005848e+01	1.412368150000000e-05
1.780587809998542e+01	1.329373300000000e-05
1.783685510000214e+01	1.277693720000000e-05
1.786878879996948e+01	1.193738260000000e-05
1.791545810003299e+01	1.117467670000000e-05
1.796122840000317e+01	1.070398960000000e-05
1.799214200000279e+01	1.023137880000000e-05
1.802246940007899e+01	9.620445780000000e-06
1.806908340007067e+01	8.819316460000000e-06
1.811545070004649e+01	8.123849510000000e-06
1.816353380004875e+01	7.436069150000000e-06
1.821024220006075e+01	6.880849010000000e-06
1.827183320000768e+01	6.417845730000000e-06
1.830272050003987e+01	6.064349690000000e-06
1.833449240005575e+01	5.724301450000000e-06
1.836548020003829e+01	5.213269560000000e-06
1.841242940002121e+01	4.765634460000000e-06
1.845847920002416e+01	3.825277420000000e-06
1.858299760008231e+01	3.685035840000000e-06
1.861439070000779e+01	3.531887390000000e-06
1.864548030006699e+01	3.398195760000000e-06
1.867699990002438e+01	3.303802260000000e-06
1.872241060005035e+01	3.290702810000000e-06
1.876913020003121e+01	3.294363070000000e-06
1.881645889999345e+01	3.292629120000000e-06
1.886288680008147e+01	3.300142230000000e-06
1.890941399999429e+01	3.299179070000000e-06
1.894029749999754e+01	3.298215920000000e-06
1.897069610003382e+01	3.296096790000000e-06
1.901764330000151e+01	3.293207100000000e-06
1.906553680007346e+01	3.288198740000000e-06
1.911055730003864e+01	3.219233800000000e-06
1.915746090002358e+01	3.139095720000000e-06
1.921950330003165e+01	2.873445740000000e-06
1.925066310004331e+01	2.739561300000000e-06
1.928075819998048e+01	2.615308860000000e-06
1.931294710002840e+01	2.468132150000000e-06
1.935806420003064e+01	2.374316640000000e-06
1.940491799998563e+01	2.221938760000000e-06
1.943553010001779e+01	2.136406690000000e-06
1.946585010003764e+01	1.973433650000000e-06
1.951308720000088e+01	1.872297840000000e-06
1.954405789996963e+01	1.766731540000000e-06
1.957637250004336e+01	1.623792850000000e-06
1.960643120005261e+01	1.521694000000000e-06
1.963714640005492e+01	1.399753270000000e-06
1.966921469999943e+01	1.237550580000000e-06
1.971525979996659e+01	1.091144670000000e-06
1.976270660001319e+01	9.593791219999999e-07
1.980954709998332e+01	9.040916210000000e-07
1.984109060000628e+01	8.447586310000000e-07
1.987339800002519e+01	7.688586270000000e-07
1.992020619998220e+01	6.898764580000000e-07
1.996682560001500e+01	6.066562150000000e-07
2.001279170007911e+01	5.201609950000000e-07
2.005874700006098e+01	4.716158060000000e-07
2.012061700003687e+01	3.679757580000000e-07
2.015308030007873e+01	3.211644350000000e-07
2.018278330005705e+01	1.699290660000000e-07
2.030740940000396e+01	1.427705740000000e-07
2.033763760002330e+01	1.174354840000000e-07
2.036917109997012e+01	8.467256409999999e-08
2.041544850007631e+01	5.866566970000000e-08
2.046207560005132e+01	4.977917460000000e-08
2.050882960006129e+01	5.000949700000000e-08
2.054221800004598e+01	5.133383140000000e-08
2.057125380006619e+01	5.342590730000000e-08
2.061568470008206e+01	5.473104280000000e-08
2.066278020001482e+01	5.947178750000000e-08
2.070835990004707e+01	6.261948470000000e-08
2.075499799998943e+01	7.254240590000000e-08
2.078540280007292e+01	7.924084849999999e-08
2.081646080000792e+01	8.778187070000000e-08
2.084846850007307e+01	9.668754329999999e-08
2.087876390002202e+01	1.047103170000000e-07
2.091039089998230e+01	1.165909680000000e-07
2.095712649996858e+01	1.218691210000000e-07
2.100467370008118e+01	1.300646630000000e-07
2.103662560007069e+01	1.324829950000000e-07
2.106728910002857e+01	1.350932730000000e-07
2.111375440005213e+01	1.366671260000000e-07
2.114440210000612e+01	1.369742220000000e-07
2.117529549996834e+01	1.372429210000000e-07
2.122240389999934e+01	1.369166400000000e-07
2.126939779997338e+01	1.376459690000000e-07
2.131575870001689e+01	1.400835290000000e-07
2.136368559999391e+01	1.471658350000000e-07
2.140876370004844e+01	1.500448260000000e-07
2.144003729999531e+01	1.534036760000000e-07
2.147305250004865e+01	1.595071240000000e-07
2.151862149999943e+01	1.701593820000000e-07
2.156604379997589e+01	1.889687840000000e-07
2.161392170004547e+01	2.139008470000000e-07
2.165848550002556e+01	2.288524140000000e-07
2.172094670007937e+01	2.756648030000000e-07
2.175277750007808e+01	3.093873890000000e-07
2.178241740004160e+01	3.492518200000000e-07
2.181326730002183e+01	4.302666530000000e-07
2.186107260000426e+01	5.075963260000000e-07
2.190736000007018e+01	5.380176730000000e-07
2.195479410002008e+01	6.008756370000000e-07
2.198545580008067e+01	6.408744180000000e-07
2.201572340005077e+01	6.773992140000000e-07
2.204651580005884e+01	7.176283250000000e-07
2.207880330004264e+01	7.683561310000000e-07
2.210977870004717e+01	8.330567310000000e-07
2.217119650007226e+01	9.530220380000000e-07
2.228124100004788e+01	9.634246680000001e-07
2.231302860006690e+01	9.921279800000001e-07
2.235945300001185e+01	1.013318180000000e-06
2.239004420000128e+01	1.033738040000000e-06
2.242101639998145e+01	1.053002050000000e-06
2.246698879997712e+01	1.053772620000000e-06
2.251418970001396e+01	9.965585829999999e-07
2.256044709996786e+01	8.358973100000000e-07
2.260830199997872e+01	7.237809430000000e-07
2.265546200005338e+01	4.812479230000000e-07
2.268659150006715e+01	3.246318560000000e-07
2.271927420003340e+01	1.786111600000000e-07
2.276538410002831e+01	9.481295390000000e-08
2.281263130006846e+01	5.821146230000000e-08
2.286216280004010e+01	5.493660640000000e-08
2.292181680002250e+01	1.374348670000000e-07
2.303122400003485e+01	1.776255940000000e-07
2.306178170000203e+01	2.418270810000000e-07
2.311018319998402e+01	2.739566300000000e-07
2.314103200007230e+01	3.114794540000000e-07
2.317229270003736e+01	3.486184710000000e-07
2.321944130002521e+01	3.732818360000000e-07
2.326592310005799e+01	3.995382090000000e-07
2.331290899997111e+01	4.366387710000000e-07
2.335893270000815e+01	4.672520500000000e-07
2.340498130000196e+01	5.402632720000000e-07
2.343752280005720e+01	6.063457360000000e-07
2.346765230002347e+01	7.209103500000000e-07
2.351333950005937e+01	1.126205010000000e-06
2.366796270001214e+01	1.177061900000000e-06
2.369855880003888e+01	1.221754130000000e-06
2.372988130000886e+01	1.272996430000000e-06
2.376106340007391e+01	1.346777370000000e-06
2.382247360004112e+01	1.408614590000000e-06
2.385411600000225e+01	1.474882650000000e-06
2.388603880000301e+01	1.556754460000000e-06
2.391737599996850e+01	1.707398500000000e-06
2.396473760006484e+01	1.906395140000000e-06
2.401144260005094e+01	2.110015200000000e-06
2.405936429998837e+01	2.209224480000000e-06
2.412363310006913e+01	2.410917890000000e-06
2.415466880006716e+01	2.493945660000000e-06
2.418532799999230e+01	2.561369460000000e-06
2.421742870006710e+01	2.649020640000000e-06
2.426445520005655e+01	2.715095890000000e-06
2.431181610003114e+01	2.766723130000000e-06
2.435908269998617e+01	2.820469490000000e-06
2.442053120001219e+01	2.853603520000000e-06
2.445073260006029e+01	2.863620920000000e-06
2.448222410003655e+01	2.868051750000000e-06
2.451488250005059e+01	2.874216080000000e-06
2.456039500003681e+01	2.884233250000000e-06
2.460855100001208e+01	2.890783210000000e-06
2.465439689997584e+01	2.902534330000000e-06
2.468537940003444e+01	2.925265560000000e-06
2.471598580002319e+01	2.942217860000000e-06
2.474734810006339e+01	2.971306460000000e-06
2.477828680002131e+01	3.041427360000000e-06
2.480932710005436e+01	3.129656310000000e-06
2.485558490001131e+01	3.352540260000000e-06
2.488681559998076e+01	3.517054210000000e-06
2.491791199997533e+01	3.717784690000000e-06
2.496374070004094e+01	4.021770110000000e-06
2.500974350003526e+01	4.235984760000000e-06
2.504057100007776e+01	4.477362380000000e-06
2.507244440005161e+01	4.745131720000000e-06
2.512099590001162e+01	4.913883910000000e-06
2.516543639998417e+01	4.989783970000000e-06
2.521176310000010e+01	5.020991010000000e-06
2.525896620005369e+01	5.057592260000000e-06
2.532007140002679e+01	5.156030970000000e-06
2.535120949998964e+01	5.240215160000000e-06
2.538262789999135e+01	5.335571590000000e-06
2.541435730003286e+01	5.468877590000000e-06
2.546065530006308e+01	5.579645860000000e-06
2.552253040007781e+01	5.683863490000000e-06
2.556946600007359e+01	5.818904360000000e-06
2.561539190006442e+01	5.896344650000000e-06
2.564644380006939e+01	5.990738830000000e-06
2.567688000004273e+01	6.099386610000000e-06
2.570803049998358e+01	6.180680430000000e-06
2.575545880000573e+01	6.373705670000000e-06
2.578704830002971e+01	6.509516880000000e-06
2.581827050005086e+01	6.692716400000000e-06
2.586583540006541e+01	6.909051080000000e-06
2.591197040001862e+01	7.013461980000000e-06
2.594333580008242e+01	7.163334890000000e-06
2.597477660002187e+01	7.369651940000000e-06
2.600643419998232e+01	7.497565090000000e-06
2.603810050000902e+01	7.676141650000000e-06
2.606941970007028e+01	7.924068999999999e-06
2.611791000002995e+01	8.150420400000000e-06
2.616337970003951e+01	8.389292820000000e-06
2.620976340002380e+01	8.498712300000000e-06
2.624235339998268e+01	9.101728209999999e-06
2.633445850003045e+01	9.140151629999999e-06
2.636545939999633e+01	9.282319299999999e-06
2.639697070000693e+01	9.455224240000000e-06
2.642827669996768e+01	9.635815330000000e-06
2.645930400001816e+01	9.785667319999999e-06
2.652528020006139e+01	1.015645280000000e-05
2.656813450006302e+01	1.036778300000000e-05
2.661548999999650e+01	1.051955680000000e-05
2.664630809996743e+01	1.066556430000000e-05
2.667766809999011e+01	1.090955360000000e-05
2.670969350007363e+01	1.129186880000000e-05
2.675590550003108e+01	1.148206590000000e-05
2.678717899997719e+01	1.171836900000000e-05
2.681743310007732e+01	1.201807300000000e-05
2.686387540004216e+01	1.236772640000000e-05
2.690976930002216e+01	1.253871140000000e-05
2.694060950004496e+01	1.271930250000000e-05
2.697136480000336e+01	1.293447260000000e-05
2.701864110003226e+01	1.314388100000000e-05
2.706481890007854e+01	1.338979200000000e-05
2.711271520005539e+01	1.356846130000000e-05
2.715971959999297e+01	1.385087490000000e-05
2.722132780007087e+01	1.405067720000000e-05
2.725231570005417e+01	1.425816390000000e-05
2.728325860004406e+01	1.448101920000000e-05
2.731403280002996e+01	1.485373010000000e-05
2.736116860003676e+01	1.523027910000000e-05
2.740972009999678e+01	1.562219590000000e-05
2.747044619999360e+01	1.607943520000000e-05
2.751701619999949e+01	1.635416630000000e-05
2.754717220005114e+01	1.658662950000000e-05
2.757918390003033e+01	1.690938370000000e-05
2.761098150000907e+01	1.735893970000000e-05
2.765647529996932e+01	1.759524280000000e-05
2.768821190006565e+01	1.793336920000000e-05
2.771877819998190e+01	1.832145060000000e-05
2.776543670007959e+01	1.868071010000000e-05
2.781102979998104e+01	1.890164280000000e-05
2.784359649999533e+01	1.911681650000000e-05
2.787489109998569e+01	1.936080300000000e-05
2.792024630005471e+01	1.964514010000000e-05
2.796667440002784e+01	1.991986570000000e-05
2.801265280006919e+01	2.018691160000000e-05
2.805985139997210e+01	2.051543380000000e-05
2.812221950001549e+01	2.078439680000000e-05
2.815343160007615e+01	2.105144090000000e-05
2.818449530005455e+01	2.129542740000000e-05
2.821653239999432e+01	2.172193130000000e-05
2.826290620001964e+01	2.217917060000000e-05
2.832540720002726e+01	2.252882400000000e-05
2.835687330004293e+01	2.273438800000000e-05
2.840508409996983e+01	2.303601470000000e-05
2.843525910004973e+01	2.316857720000000e-05
2.846617460006382e+01	2.338950800000000e-05
2.851227110007312e+01	2.356818190000000e-05
2.855880400002934e+01	2.362005030000000e-05
2.860744509997312e+01	2.374492760000000e-05
2.865437920007389e+01	2.373340070000000e-05
2.868547620007303e+01	2.376413980000000e-05
2.871617420006078e+01	2.374108410000000e-05
2.874701370007824e+01	2.374876930000000e-05
2.877763190004043e+01	2.376413980000000e-05
2.880888260004576e+01	2.375837360000000e-05
2.887158000003546e+01	2.375069020000000e-05
2.891785530000925e+01	2.374300680000000e-05
2.896485340001527e+01	2.377182320000000e-05
2.901072650006972e+01	2.379871880000000e-05
2.904221800004598e+01	2.383138050000000e-05
2.907289660000242e+01	2.396009770000000e-05
2.912022370006889e+01	2.423866860000000e-05
2.916643109999131e+01	2.458448220000000e-05
2.921315680001862e+01	2.483615390000000e-05
2.926006940007210e+01	2.516083440000000e-05
2.932145639997907e+01	2.544132620000000e-05
2.935297880007420e+01	2.560654680000000e-05
2.938445590005722e+01	2.580442740000000e-05
2.941536990005989e+01	2.612142270000000e-05
2.946216080000158e+01	2.641536230000000e-05
2.950873850006610e+01	2.652102560000000e-05
2.955551320000086e+01	2.672659320000000e-05
2.958916980004869e+01	2.687644520000000e-05
2.961855020001531e+01	2.702053100000000e-05
2.964927030005492e+01	2.703590140000000e-05
2.968126800004393e+01	2.710121950000000e-05
2.971306400001049e+01	2.721264900000000e-05
2.975958970002830e+01	2.729910010000000e-05
2.980545019998681e+01	2.733944530000000e-05
2.983735719998367e+01	2.740476700000000e-05
2.986841090000235e+01	2.751427380000000e-05
2.991520739998668e+01	2.752003640000000e-05
2.994735719996970e+01	2.755269820000000e-05
2.997942180000246e+01	2.758728080000000e-05
3.000965310004540e+01	2.764107190000000e-05
3.005640790006146e+01	2.766028230000000e-05
3.008923210005742e+01	2.770447100000000e-05
3.012110089999624e+01	2.773905000000000e-05
3.016644120006822e+01	2.776978910000000e-05
3.021273020002991e+01	2.775826210000000e-05
3.024445840006229e+01	2.777171180000000e-05
3.027529430005234e+01	2.781397780000000e-05
3.032243679999374e+01	2.780052820000000e-05
3.036851080006454e+01	2.782166120000000e-05
3.041601240006275e+01	2.783895250000000e-05
3.046337000001222e+01	2.786008550000000e-05
3.051020040002186e+01	2.787737500000000e-05
3.054139889997896e+01	2.791772020000000e-05
3.057343530002981e+01	2.793693060000000e-05
3.062115959997755e+01	2.795230280000000e-05
3.066845870006364e+01	2.798111930000000e-05
3.071548030001577e+01	2.800801490000000e-05
3.076222610007972e+01	2.801570190000000e-05
3.080830040003639e+01	2.800225230000000e-05
3.083984540007077e+01	2.798496280000000e-05
3.087100110005122e+01	2.798111930000000e-05
3.091832900000736e+01	2.796959230000000e-05
3.096438240003772e+01	2.794461760000000e-05
3.101088359998539e+01	2.791195770000000e-05
3.105646360001992e+01	2.792348460000000e-05
3.108926759997848e+01	2.793693060000000e-05
3.112081280001439e+01	2.791964110000000e-05
3.115070260001812e+01	2.791387850000000e-05
3.118165100004990e+01	2.793116980000000e-05
3.121276899997611e+01	2.786969160000000e-05
3.125995390000753e+01	2.791195770000000e-05
3.132172080001328e+01	2.789850810000000e-05
3.136743220000062e+01	2.793501330000000e-05
3.141367410006933e+01	2.795230280000000e-05
3.144542570004705e+01	2.789850810000000e-05
3.147687300003599e+01	2.792540730000000e-05
3.152342039998621e+01	2.795998630000000e-05
3.155823780002538e+01	2.796575250000000e-05
3.161846430005971e+01	2.796190890000000e-05
3.166554299998097e+01	2.797919840000000e-05
3.171170069999062e+01	2.795998630000000e-05
3.174317610007711e+01	2.794845930000000e-05
3.177435930003412e+01	2.793309070000000e-05
3.180654150003102e+01	2.789658900000000e-05
3.183705940004438e+01	2.789082460000000e-05
3.186906659998931e+01	2.781781770000000e-05
3.191540429997258e+01	2.773521010000000e-05
3.196184670005459e+01	2.762954320000000e-05
3.200916450005025e+01	2.746624520000000e-05
3.204005449998658e+01	2.738555670000000e-05
3.207141279999632e+01	2.716077690000000e-05
3.211834190005902e+01	2.694752770000000e-05
3.216611800005194e+01	2.669777500000000e-05
3.221343800006434e+01	2.647491780000000e-05
3.225976100005209e+01	2.616560780000000e-05
3.232226769998670e+01	2.591009430000000e-05
3.235326740005985e+01	2.571221380000000e-05
3.238453450007364e+01	2.553353990000000e-05
3.241601370007265e+01	2.527610380000000e-05
3.246269840002060e+01	2.500137630000000e-05
3.250920990004670e+01	2.492068780000000e-05
3.255650299997069e+01	2.477659840000000e-05
3.258796899998561e+01	2.474009670000000e-05
3.261720790003892e+01	2.468822460000000e-05
3.264787440001965e+01	2.468053940000000e-05
3.267855289997533e+01	2.465364560000000e-05
3.270984220004175e+01	2.459408820000000e-05
3.275704330008011e+01	2.454029350000000e-05
3.280443400004879e+01	2.437507460000000e-05
3.283505650004372e+01	2.425788080000000e-05
3.286733939999249e+01	2.395625780000000e-05
3.291628770006355e+01	2.369689900000000e-05
3.294496670004446e+01	2.347788540000000e-05
3.297544840001501e+01	2.319547090000000e-05
3.300647410005331e+01	2.303793550000000e-05
3.303781100001652e+01	2.282660530000000e-05
3.306962920003571e+01	2.255956310000000e-05
3.311648730002344e+01	2.234054950000000e-05
3.316185220004991e+01	2.212729850000000e-05
3.320814410003368e+01	2.204853080000000e-05
3.323917179997079e+01	2.191404560000000e-05
3.327041450003162e+01	2.169311300000000e-05
3.331728449999355e+01	2.151444100000000e-05
3.336379820003640e+01	2.135690560000000e-05
3.341058110003360e+01	2.126276920000000e-05
3.345647920004558e+01	2.120321370000000e-05
3.348677279998083e+01	2.116670840000000e-05
3.351840649999212e+01	2.110139030000000e-05
3.355036440002732e+01	2.106873030000000e-05
3.358152840007097e+01	2.098804000000000e-05
3.361303900007624e+01	2.082282120000000e-05
3.365988190006465e+01	2.067680910000000e-05
3.372233380004764e+01	2.050390500000000e-05
3.376953090005554e+01	2.037710510000000e-05
3.381643450004049e+01	2.021572980000000e-05
3.384768400003668e+01	2.006779500000000e-05
3.388125550001860e+01	1.998902740000000e-05
3.391037230007350e+01	1.984302070000000e-05
3.395602559996769e+01	1.977961980000000e-05
3.398742650006898e+01	1.971237910000000e-05
3.401898779999465e+01	1.957213320000000e-05
3.406533080001827e+01	1.941459780000000e-05
3.411259809997864e+01	1.933967000000000e-05
3.414439210004639e+01	1.928011440000000e-05
3.417546030005906e+01	1.916484510000000e-05
3.422183000005316e+01	1.909568350000000e-05
3.426908350002486e+01	1.894967500000000e-05
3.431637580005918e+01	1.881134630000000e-05
3.436297010001726e+01	1.856159360000000e-05
3.440823130006902e+01	1.843479730000000e-05
3.444007650006097e+01	1.832913400000000e-05
3.447081029997207e+01	1.819465070000000e-05
3.451705700007733e+01	1.809282730000000e-05
3.456377370003611e+01	1.792568580000000e-05
3.461074759997427e+01	1.782386240000000e-05
3.465744810004253e+01	1.776815040000000e-05
3.471971189999022e+01	1.770474960000000e-05
3.475009029998910e+01	1.765096020000000e-05
3.478153080004267e+01	1.761829840000000e-05
3.481321350007784e+01	1.752224130000000e-05
3.485997620003764e+01	1.734549010000000e-05
3.492125060001854e+01	1.707844790000000e-05
3.496823530003894e+01	1.676529790000000e-05
3.501539700001013e+01	1.657894240000000e-05
3.504631440003868e+01	1.638682620000000e-05
3.507766359997913e+01	1.622160380000000e-05
3.512500020000152e+01	1.599682760000000e-05
3.515678880002815e+01	1.588347730000000e-05
3.520437689998653e+01	1.558569600000000e-05
3.523514600005001e+01	1.543200050000000e-05
3.526629459997639e+01	1.522451380000000e-05
3.531213289999869e+01	1.518801220000000e-05
3.534281270008069e+01	1.514574610000000e-05
3.537441330007277e+01	1.512461220000000e-05
3.542023469996639e+01	1.503239490000000e-05
3.546746369998436e+01	1.494018120000000e-05
3.551455700001679e+01	1.478072410000000e-05
3.556111520004924e+01	1.451752270000000e-05
3.560781309998129e+01	1.436574890000000e-05
3.564038009999786e+01	1.416402670000000e-05
3.567150439997204e+01	1.392387910000000e-05
3.571783410001080e+01	1.370870720000000e-05
3.576447809999809e+01	1.348008750000000e-05
3.581156770000234e+01	1.334752690000000e-05
3.585938400006853e+01	1.323417650000000e-05
3.592226680007298e+01	1.315733060000000e-05
3.595381480001379e+01	1.309777420000000e-05
3.598507220007014e+01	1.303629600000000e-05
3.601639380003326e+01	1.287876060000000e-05
3.606305340002291e+01	1.265590250000000e-05
3.611015570000745e+01	1.242920460000000e-05
3.615713559999131e+01	1.229664300000000e-05
3.621908549999353e+01	1.195851660000000e-05
3.625102800002787e+01	1.182019240000000e-05
3.628160019998904e+01	1.166457600000000e-05
3.631351040001027e+01	1.142827110000000e-05
3.636166619998403e+01	1.121502100000000e-05
3.640592140005901e+01	1.111896200000000e-05
3.643644419999328e+01	1.101906040000000e-05
3.646833060006611e+01	1.083654930000000e-05
3.651533510000445e+01	1.071935910000000e-05
3.654645030002575e+01	1.061177230000000e-05
3.657853639998939e+01	1.050418720000000e-05
3.660958789999131e+01	1.035625520000000e-05
3.667189360002521e+01	1.031206830000000e-05
3.671704330004286e+01	1.027364580000000e-05
3.676451200002339e+01	1.024867020000000e-05
3.681113250006456e+01	1.021601110000000e-05
3.684232649998739e+01	1.019679800000000e-05
3.687403810000978e+01	1.011610950000000e-05
3.692013220000081e+01	1.003734000000000e-05
3.696700429997873e+01	9.973941809999999e-06
3.701335330004804e+01	9.879804569999999e-06
3.705951100005768e+01	9.758769920000000e-06
3.712220189999789e+01	9.606997989999999e-06
3.715330100001302e+01	9.460988620000000e-06
3.718436620000284e+01	9.297688850000000e-06
3.721646540006623e+01	9.011432670000001e-06
3.726334569999017e+01	8.632961909999999e-06
3.730967940005939e+01	8.317888389999999e-06
3.735663000005297e+01	8.171879019999999e-06
3.738663349999115e+01	8.012420950000000e-06
3.741923170001246e+01	7.854885549999999e-06
3.745026259997394e+01	7.703111810000000e-06
3.748117480007932e+01	7.543654190000000e-06
3.751240080001298e+01	7.359221400000000e-06
3.755928589997347e+01	7.286217620000000e-06
3.760654860001523e+01	7.188238210000000e-06
3.763851800002158e+01	7.132523480000000e-06
3.766944800002966e+01	7.088337040000000e-06
3.771611969999503e+01	7.053755780000000e-06
3.774710879998747e+01	6.852607840000000e-06
3.785549900005572e+01	6.794623000000000e-06
3.788709600002039e+01	6.702541670000000e-06
3.791751940001268e+01	6.594470960000000e-06
3.796356000006199e+01	6.454035880000000e-06
3.801050319999922e+01	6.236353780000000e-06
3.805716369999573e+01	6.128668700000000e-06
3.808929420006461e+01	6.016744460000000e-06
3.812160189996939e+01	5.871494070000000e-06
3.816744860005565e+01	5.689064890000000e-06
3.821340010000858e+01	5.523010260000000e-06
3.826059179997537e+01	5.321893700000000e-06
3.832144269999117e+01	5.136960230000000e-06
3.836806690006051e+01	4.961657850000000e-06
3.839921060006600e+01	4.800996980000000e-06
3.843018889997620e+01	4.602963600000000e-06
3.846097400004510e+01	4.229820660000000e-06
3.852142470004037e+01	3.929880680000000e-06
3.856808230001479e+01	3.670780870000000e-06
3.861603819997981e+01	3.489699340000000e-06
3.866332980000880e+01	3.404552900000000e-06
3.869441800005734e+01	3.344834340000000e-06
3.872550760000013e+01	3.287427940000000e-06
3.875734930008184e+01	3.246588450000000e-06
3.881899739999790e+01	3.147764120000000e-06
3.886637980001979e+01	3.077643440000000e-06
3.891429510002490e+01	3.011182800000000e-06
3.896070799999870e+01	2.982479600000000e-06
3.899447979999240e+01	2.954932140000000e-06
3.902340810000896e+01	2.923917240000000e-06
3.907078349997755e+01	2.875564860000000e-06
3.911960980005097e+01	2.829138570000000e-06
3.916491859999951e+01	2.763448260000000e-06
3.921166110003833e+01	2.695061310000000e-06
3.925805689999834e+01	2.685621890000000e-06
3.928982940001879e+01	2.678686770000000e-06
3.932109260000288e+01	2.670788720000000e-06
3.936762829998042e+01	2.649983800000000e-06
3.941367430007085e+01	2.603942900000000e-06
3.946128649997991e+01	2.534207170000000e-06
3.950899580004625e+01	2.491633950000000e-06
3.955578290007543e+01	2.394928970000000e-06
3.958696970005985e+01	2.328468330000000e-06
3.962115530006122e+01	2.220204810000000e-06
3.966690609999932e+01	2.071872590000000e-06
3.971722210000735e+01	1.946271370000000e-06
3.976444499997888e+01	1.835118380000000e-06
3.981069960002787e+01	1.724350800000000e-06
3.985799020004924e+01	1.668292610000000e-06
3.988919410004746e+01	1.604336260000000e-06
3.992147840000689e+01	1.531711290000000e-06
3.996937100007199e+01	1.448298240000000e-06
4.001539700001013e+01	1.371820530000000e-06
4.006212999997661e+01	1.280316610000000e-06
4.011025300004985e+01	1.210003230000000e-06
4.015694660006557e+01	1.173786930000000e-06
4.018822870007716e+01	1.132369330000000e-06
4.021810240007471e+01	1.082475820000000e-06
4.026453170005698e+01	1.018326770000000e-06
4.032824439997785e+01	9.551411040000000e-07
4.035944080003537e+01	8.867541510000000e-07
4.040700740006287e+01	8.538127640000000e-07
4.046814890007954e+01	7.719407900000000e-07
4.049848349997774e+01	7.260925940000001e-07
4.052958009997383e+01	6.690714260000000e-07
4.056075900001451e+01	5.673577450000000e-07
4.060841360001359e+01	5.193904830000001e-07
4.065539560001343e+01	4.504255740000000e-07
4.068650599999819e+01	4.190252980000000e-07
4.071677409997210e+01	3.849280010000000e-07
4.076338120002765e+01	3.259127940000000e-07
4.088839810003992e+01	3.160666320000000e-07
4.091996740002651e+01	3.041668320000000e-07
4.095207010000013e+01	2.908275010000000e-07
4.098295410000719e+01	2.767780240000000e-07
4.101318110001739e+01	2.539188420000000e-07
4.105984190001618e+01	2.248794290000000e-07
4.110680609999690e+01	2.110410830000000e-07
4.115176889998838e+01	1.903123210000000e-07
4.118332680000458e+01	1.793337820000000e-07
4.121438330004457e+01	1.629427260000000e-07
4.126241159997880e+01	1.497761280000000e-07
4.130830899998546e+01	1.442292900000000e-07
4.135509720002301e+01	1.358034180000000e-07
4.138547640002798e+01	1.305636770000000e-07
4.141671790007968e+01	1.220034700000000e-07
4.146295630000532e+01	1.156696780000000e-07
4.149339730001520e+01	1.086833380000000e-07
4.152436849998776e+01	9.862605310000000e-08
4.157014049997088e+01	8.482611240000000e-08
4.161846240004525e+01	7.361722960000000e-08
4.166541959997267e+01	6.402059680000001e-08
4.171241500007454e+01	5.908791680000000e-08
4.175825579999946e+01	5.659279620000000e-08
4.178870040003676e+01	5.453910750000000e-08
4.182001230004244e+01	5.233188460000000e-08
4.186545749998186e+01	5.085400190000000e-08
4.191319009999279e+01	4.999031230000000e-08
4.195780650002416e+01	5.006707230000000e-08
4.202034140005708e+01	5.215914810000000e-08
4.206815980002284e+01	5.400170270000000e-08
4.210032980004326e+01	5.574829130000000e-08
4.213052370003425e+01	5.787874360000000e-08
4.216081040003337e+01	6.177496910000000e-08
4.220724850008264e+01	6.388623320000000e-08
4.227065850002691e+01	7.110291020000001e-08
4.231470310001168e+01	7.555574650000000e-08
4.236098090000451e+01	7.808926480000000e-08
4.239405100001022e+01	8.027728880000000e-08
4.242337610002141e+01	8.258048470000000e-08
4.246921600005589e+01	8.540190070000000e-08
4.251634420000482e+01	8.845362490000000e-08
4.256189140002243e+01	9.158213030000000e-08
4.260924839996733e+01	9.346307910000000e-08
4.265678790002130e+01	9.651480330000000e-08
4.268732500006445e+01	9.910588970000000e-08
4.271849660004955e+01	1.018889150000000e-07
4.276654660003260e+01	1.068215950000000e-07
4.281301050004549e+01	1.125028040000000e-07
4.286055159999523e+01	1.207943110000000e-07
4.292091620003339e+01	1.268209790000000e-07
4.296831650007516e+01	1.316768850000000e-07
4.299912809999660e+01	1.361105150000000e-07
4.303480720007792e+01	1.404481940000000e-07
4.306163940008264e+01	1.451313660000000e-07
4.311438629997429e+01	1.498529090000000e-07
4.317220610007644e+01	1.553037950000000e-07
4.321796749997884e+01	1.631538280000000e-07
4.326448989997152e+01	1.671652540000000e-07
4.329504410002846e+01	1.704088960000000e-07
4.332645390008111e+01	1.749768900000000e-07
4.335794350004289e+01	1.770881680000000e-07
4.340490339999087e+01	1.807156880000000e-07
4.343645659997128e+01	1.820592250000000e-07
4.346660759998485e+01	1.823855060000000e-07
4.351282180007547e+01	1.817521280000000e-07
4.356048480002210e+01	1.812722990000000e-07
4.359169630007818e+01	1.809076340000000e-07
4.362271350005176e+01	1.752839860000000e-07
4.366828490002081e+01	1.410048040000000e-07
4.371467870008200e+01	9.837654600000000e-08
4.376043510006275e+01	6.448122750000000e-08
4.380754489998799e+01	5.380976730000000e-08
4.385372760007158e+01	6.002839110000000e-08
4.388541170000099e+01	9.471062870000000e-08
4.391618659999222e+01	2.099662310000000e-07
4.396258789999411e+01	4.417634050000000e-07
4.400915910000913e+01	6.190325050000000e-07
4.405547060002573e+01	1.632654400000000e-06
4.418153250007890e+01	1.880581520000000e-06
4.421264589997008e+01	2.248137430000000e-06
4.425923910003621e+01	2.471214200000000e-06
4.428921139996964e+01	2.692557020000000e-06
4.432112740003504e+01	2.972077250000000e-06
4.436938629997894e+01	3.254101100000000e-06
4.441248820000328e+01	3.493745000000000e-06
4.445826029998716e+01	3.607209460000000e-06
4.452007930004038e+01	3.881721110000000e-06
4.456785600003786e+01	4.016954340000000e-06
4.460031210002489e+01	4.135234120000000e-06
4.462932589999400e+01	4.243112470000000e-06
4.466098919999786e+01	4.412635460000000e-06
4.472154779999983e+01	4.568673380000000e-06
4.476957560004666e+01	4.732031810000000e-06
4.481546249997336e+01	4.897894090000000e-06
4.486322220007423e+01	5.012514980000000e-06
4.489445190003607e+01	5.123475600000000e-06
4.492543270008173e+01	5.245608920000000e-06
4.495695060002618e+01	5.331140980000000e-06
4.500339810003061e+01	5.507406060000000e-06
4.503380129998550e+01	5.610083010000000e-06
4.506416329997592e+01	5.789815530000000e-06
4.511240470001940e+01	5.967814560000000e-06
4.515734600008000e+01	6.071647020000000e-06
4.518945479998365e+01	6.199366910000000e-06
4.521944470005110e+01	6.375631980000000e-06
4.526529030001257e+01	6.637428670000000e-06
4.531302390003111e+01	6.922150080000000e-06
4.536059619998559e+01	7.282385920000000e-06
4.540719000005629e+01	7.462312170000000e-06
4.545444830006454e+01	7.824666680000000e-06
4.548547580000013e+01	8.052559679999999e-06
4.551602990005631e+01	8.346333739999999e-06
4.556277149997186e+01	9.042171770000000e-06
4.568811230000574e+01	9.030644830000001e-06
4.571911100007128e+01	9.080595190000000e-06
4.575004529999569e+01	9.103649969999999e-06
4.578071099997032e+01	9.132467310000000e-06
4.581128270004410e+01	9.163206410000000e-06
4.585773909999989e+01	9.153601240000000e-06
4.592208970000502e+01	9.178575970000000e-06
4.596529319998808e+01	9.213156770000000e-06
4.599734530004207e+01	9.247738490000000e-06
4.602890580007806e+01	9.282319299999999e-06
4.605982450000010e+01	9.343795680000000e-06
4.612177940004040e+01	9.403352120000000e-06
4.616989939997438e+01	9.464830329999999e-06
4.621597740007564e+01	9.533991940000000e-06
4.626263520005159e+01	9.591628440000000e-06
4.629295849998016e+01	9.701135239999999e-06
4.632489210006315e+01	9.854828930000000e-06
4.637057430006098e+01	1.012187200000000e-05
4.641818530007731e+01	1.036778300000000e-05
4.646445490000769e+01	1.071743740000000e-05
4.651150470005814e+01	1.105748560000000e-05
4.655852910003159e+01	1.124576010000000e-05
4.658982240001205e+01	1.144364070000000e-05
4.662778820004314e+01	1.168762990000000e-05
4.666892109997571e+01	1.203920600000000e-05
4.671475330006797e+01	1.230817000000000e-05
4.676052900007926e+01	1.257905660000000e-05
4.680647910002153e+01	1.272698680000000e-05
4.683813280006871e+01	1.284609970000000e-05
4.687014540005475e+01	1.290373530000000e-05
4.690092070004903e+01	1.292871090000000e-05
4.693156609998550e+01	1.293639430000000e-05
4.696244979999028e+01	1.297866130000000e-05
4.700725190003868e+01	1.305358550000000e-05
4.705440690007526e+01	1.333984160000000e-05
4.708523389999755e+01	1.361072740000000e-05
4.711644520005211e+01	1.411599530000000e-05
4.716395369998645e+01	1.446757140000000e-05
4.719484270003159e+01	1.475766840000000e-05
4.722541229997296e+01	1.506697840000000e-05
4.725647999998182e+01	1.524564690000000e-05
4.729028680000920e+01	1.545697710000000e-05
4.731809229997452e+01	1.579318090000000e-05
4.736447180004325e+01	1.613323000000000e-05
4.741117330000270e+01	1.650977900000000e-05
4.745784499996807e+01	1.668652660000000e-05
4.748907150002196e+01	1.690746290000000e-05
4.751991120004095e+01	1.726864500000000e-05
4.756651300005615e+01	1.766824970000000e-05
4.761727549997158e+01	1.813125350000000e-05
4.766194370004814e+01	1.851740850000000e-05
4.772388110007159e+01	1.879597950000000e-05
4.775480830005836e+01	1.885553500000000e-05
4.778572879999410e+01	1.895543760000000e-05
4.781658270000480e+01	1.912642260000000e-05
4.786205840006005e+01	1.946070550000000e-05
4.790884060005192e+01	1.962016180000000e-05
4.795488710002974e+01	2.001592660000000e-05
4.798536809999496e+01	2.025991490000000e-05
4.801629699999467e+01	2.055769620000000e-05
4.806315719999839e+01	2.072291860000000e-05
4.809664390003309e+01	2.089198280000000e-05
4.812564049998764e+01	2.106104510000000e-05
4.815635780000594e+01	2.119168680000000e-05
4.818700839998201e+01	2.129350830000000e-05
4.821816430008039e+01	2.146064980000000e-05
4.826440740004182e+01	2.157591920000000e-05
4.831050580006558e+01	2.168158610000000e-05
4.835600150004029e+01	2.175074770000000e-05
4.838651250000112e+01	2.182759450000000e-05
4.841692129999865e+01	2.192941790000000e-05
4.846444040001370e+01	2.203123950000000e-05
4.851223870005924e+01	2.213690280000000e-05
4.855928749998566e+01	2.222143670000000e-05
4.860543920006603e+01	2.226562170000000e-05
4.863693530007731e+01	2.232133740000000e-05
4.867019620002247e+01	2.238473460000000e-05
4.870041390007827e+01	2.244813550000000e-05
4.873092720005661e+01	2.246542500000000e-05
4.876199620007537e+01	2.255764230000000e-05
4.880875279998872e+01	2.259030230000000e-05
4.885546370001975e+01	2.264793690000000e-05
4.888644150004257e+01	2.270557160000000e-05
4.891707710002083e+01	2.277473320000000e-05
4.896445159998257e+01	2.284581750000000e-05
4.899533399997745e+01	2.284581750000000e-05
4.902645530004520e+01	2.288808350000000e-05
4.905865280004218e+01	2.293034780000000e-05
4.912194520002231e+01	2.297453650000000e-05
4.916857440001331e+01	2.305138150000000e-05
4.921541830000933e+01	2.311285970000000e-05
4.926224599999841e+01	2.316088830000000e-05
4.929292809998151e+01	2.322428920000000e-05
4.932315900002141e+01	2.337798470000000e-05
4.937004429998342e+01	2.356433830000000e-05
4.941738070000429e+01	2.380832480000000e-05
4.946319540007971e+01	2.405616030000000e-05
4.950992490001954e+01	2.425019560000000e-05
4.955678380001336e+01	2.434433550000000e-05
4.958795830002055e+01	2.439812670000000e-05
4.961911540001165e+01	2.454029350000000e-05
4.975814869999886e+01	2.500137630000000e-05
4.980688260006718e+01	2.519541340000000e-05
4.985392560006585e+01	2.530492020000000e-05
4.988545230007730e+01	2.533758200000000e-05
4.991663270001300e+01	2.545285500000000e-05
4.996356250008103e+01	2.548743400000000e-05
5.001384520006832e+01	2.555467290000000e-05
5.005828450003173e+01	2.558541200000000e-05
5.011896210000850e+01	2.565649630000000e-05
5.016718710004352e+01	2.566994590000000e-05
5.019858830003068e+01	2.570260400000000e-05
5.022989489999600e+01	2.575447620000000e-05
5.026148960005958e+01	2.586974920000000e-05
5.030805580003653e+01	2.592738380000000e-05
5.035544479999226e+01	2.601383490000000e-05
5.038650999998208e+01	2.606186350000000e-05
5.041800409997813e+01	2.616945130000000e-05
5.046545380004682e+01	2.624053560000000e-05
5.049643800000194e+01	2.630009290000000e-05
5.052664429997094e+01	2.637309440000000e-05
5.055732809996698e+01	2.648644480000000e-05
5.060439019999467e+01	2.664013660000000e-05
5.063534170005005e+01	2.670161480000000e-05
5.066911670006812e+01	2.675733230000000e-05
5.071508710004855e+01	2.685146680000000e-05
5.076236849999987e+01	2.688028510000000e-05
5.079261580004822e+01	2.693600070000000e-05
5.082363660004921e+01	2.694368410000000e-05
5.087108309997711e+01	2.699171270000000e-05
5.091816580004524e+01	2.704166400000000e-05
5.096507909998763e+01	2.709545880000000e-05
5.101094190008007e+01	2.717230380000000e-05
5.105738360004034e+01	2.721457170000000e-05
5.108859170007054e+01	2.729718290000000e-05
5.111926239996683e+01	2.736250100000000e-05
5.116790030000266e+01	2.742782270000000e-05
5.121336240007076e+01	2.750466960000000e-05
5.126339490001556e+01	2.754116940000000e-05
5.132171290006954e+01	2.757575200000000e-05
5.136799980001524e+01	2.760072680000000e-05
5.139984510000795e+01	2.756614780000000e-05
5.143048590002581e+01	2.761993710000000e-05
5.146187400002964e+01	2.766604850000000e-05
5.150782200007234e+01	2.768910050000000e-05
5.155429290002212e+01	2.767949450000000e-05
5.158554850006476e+01	2.768141530000000e-05
5.161698130005971e+01	2.768525880000000e-05
5.166545229998883e+01	2.770639370000000e-05
5.169625480007380e+01	2.771983960000000e-05
5.172652310004923e+01	2.776210570000000e-05
5.175825750001241e+01	2.774097270000000e-05
5.180540439998731e+01	2.778131780000000e-05
5.183594830008224e+01	2.778516140000000e-05
5.186698689998593e+01	2.778323870000000e-05
5.191339880006853e+01	2.781205690000000e-05
5.195865589997265e+01	2.780821340000000e-05
5.199258219997864e+01	2.779860730000000e-05
5.202013870002702e+01	2.784855680000000e-05
5.206676259997766e+01	2.785240030000000e-05
5.211281050008256e+01	2.785624570000000e-05
5.216192009998485e+01	2.786584990000000e-05
5.220804759999737e+01	2.791964110000000e-05
5.225515530002303e+01	2.795806360000000e-05
5.228568770003039e+01	2.793693060000000e-05
5.231662649998907e+01	2.792924720000000e-05
5.236293579998892e+01	2.790427420000000e-05
5.241019940003753e+01	2.792732450000000e-05
5.245703940000385e+01	2.792156370000000e-05
5.251818460004870e+01	2.790043070000000e-05
5.256564869999420e+01	2.791387850000000e-05
5.259717740002088e+01	2.789466820000000e-05
5.262781340000220e+01	2.798688180000000e-05
5.265870450006332e+01	2.793693060000000e-05
5.272144140000455e+01	2.794269680000000e-05
5.276705829997081e+01	2.794461760000000e-05
5.281428320007399e+01	2.795230280000000e-05
5.286450220004190e+01	2.795806360000000e-05
5.289222210005391e+01	2.797535670000000e-05
5.292345390003175e+01	2.796382980000000e-05
5.297015750000719e+01	2.797151320000000e-05
5.301783530006651e+01	2.797535670000000e-05
5.306240479997359e+01	2.796190890000000e-05
5.311319070006721e+01	2.799072540000000e-05
5.316984900005627e+01	2.795038020000000e-05
5.320184350002091e+01	2.794077410000000e-05
5.323197550000623e+01	2.798111930000000e-05
5.326240040000994e+01	2.797727570000000e-05
5.330841749999672e+01	2.798688180000000e-05
5.337007689999882e+01	2.800417500000000e-05
5.341764120000880e+01	2.799648790000000e-05
5.346436199999880e+01	2.797535670000000e-05
5.349553610000294e+01	2.796766970000000e-05
5.352677300001960e+01	2.797727570000000e-05
5.355851520004217e+01	2.796190890000000e-05
5.362233549996745e+01	2.797343590000000e-05
5.366655049996916e+01	2.795998630000000e-05
5.371267889998853e+01	2.791772020000000e-05
5.376023380004335e+01	2.794845930000000e-05
5.379220879997592e+01	2.794845930000000e-05
5.382332099997438e+01	2.790427420000000e-05
5.387075010000262e+01	2.788698110000000e-05
5.391852710000239e+01	2.790427420000000e-05
5.396450730005745e+01	2.786200640000000e-05
5.401112789998297e+01	2.790427420000000e-05
5.406045290001202e+01	2.786392910000000e-05
5.408864089997951e+01	2.785047950000000e-05
5.411964320007246e+01	2.776978910000000e-05
5.416798959998414e+01	2.773521010000000e-05
5.421423939999659e+01	2.772368320000000e-05
5.426100409997161e+01	2.759880410000000e-05
5.432259180000983e+01	2.759112070000000e-05
5.437119980005082e+01	2.757575200000000e-05
5.440049340005498e+01	2.761417640000000e-05
5.443237990001217e+01	2.764299280000000e-05
5.446338780003134e+01	2.773521010000000e-05
5.451000020001084e+01	2.781013430000000e-05
5.455662220006343e+01	2.787737500000000e-05
5.461830430000555e+01	2.797535670000000e-05
5.466603119997308e+01	2.800417500000000e-05
5.469858690002002e+01	2.795614640000000e-05
5.472966850001831e+01	2.792156370000000e-05
5.476138440007344e+01	2.781974040000000e-05
5.480709999997634e+01	2.777747430000000e-05
5.485286380001344e+01	2.766604850000000e-05
5.488459660008084e+01	2.757575200000000e-05
5.491547890007496e+01	2.739324010000000e-05
5.496224150003400e+01	2.731831230000000e-05
5.499597789999098e+01	2.722802130000000e-05
5.502563849999569e+01	2.712619790000000e-05
5.505638299998827e+01	2.703974130000000e-05
5.511908199999016e+01	2.683033380000000e-05
5.516570620005950e+01	2.666703590000000e-05
5.521255810000002e+01	2.650181340000000e-05
5.525917600002140e+01	2.637693800000000e-05
5.529008349997457e+01	2.627319370000000e-05
5.532092860003468e+01	2.602728450000000e-05
5.536716530006379e+01	2.584477080000000e-05
5.541408999997657e+01	2.557965130000000e-05
5.546022780006751e+01	2.534526540000000e-05
5.552251929999329e+01	2.515122830000000e-05
5.556937530008145e+01	2.497063720000000e-05
5.560048260004260e+01	2.481694170000000e-05
5.563188070000615e+01	2.471127850000000e-05
5.566234250005800e+01	2.444039270000000e-05
5.571062989998609e+01	2.424059130000000e-05
5.577032470004633e+01	2.398891590000000e-05
5.581874820007943e+01	2.377758940000000e-05
5.586335260001943e+01	2.362005030000000e-05
5.589487870002631e+01	2.348172530000000e-05
5.592552769999020e+01	2.328000120000000e-05
5.595638680004049e+01	2.314552150000000e-05
5.600340559997130e+01	2.286118620000000e-05
5.603450419998262e+01	2.268059510000000e-05
5.607271860004403e+01	2.238281190000000e-05
5.611194440000691e+01	2.207350370000000e-05
5.615743610006757e+01	2.188522920000000e-05
5.618740409996826e+01	2.159705220000000e-05
5.621922960004304e+01	2.121281980000000e-05
5.626445420004893e+01	2.087469330000000e-05
5.631003090005834e+01	2.063454490000000e-05
5.637318190000951e+01	2.036558180000000e-05
5.642285450000782e+01	2.006587780000000e-05
5.646718350006267e+01	1.980651900000000e-05
5.649865239998326e+01	1.958750540000000e-05
5.652983810007572e+01	1.937425260000000e-05
5.656066299998201e+01	1.914947640000000e-05
5.660745290003251e+01	1.902652000000000e-05
5.665362440003082e+01	1.883824550000000e-05
5.668524130003061e+01	1.873066140000000e-05
5.671654649998527e+01	1.858080940000000e-05
5.676206530001946e+01	1.848666940000000e-05
5.679287090001162e+01	1.840021830000000e-05
5.682527859997936e+01	1.835026710000000e-05
5.687037590006366e+01	1.825997240000000e-05
5.691752670006827e+01	1.826765580000000e-05
5.696546820004005e+01	1.822154990000000e-05
5.701252270000987e+01	1.811588300000000e-05
5.705852550000418e+01	1.807361510000000e-05
5.708963469997980e+01	1.800061360000000e-05
5.712111110007390e+01	1.790647370000000e-05
5.717015879997052e+01	1.786228860000000e-05
5.721486980002373e+01	1.781041650000000e-05
5.726125109998975e+01	1.776622780000000e-05
5.730807200004347e+01	1.771051570000000e-05
5.735441330005415e+01	1.763751060000000e-05
5.738542539998889e+01	1.762406100000000e-05
5.741637150000315e+01	1.757219070000000e-05
5.746278190007433e+01	1.750686900000000e-05
5.751389820000622e+01	1.740889090000000e-05
5.755639400007203e+01	1.739736220000000e-05
5.758731229999103e+01	1.738199530000000e-05
5.761867500003427e+01	1.728401550000000e-05
5.766506500006653e+01	1.723982680000000e-05
5.769809050008189e+01	1.718603200000000e-05
5.773071849998087e+01	1.712647650000000e-05
5.776043210003991e+01	1.694204550000000e-05
5.780810370005202e+01	1.682293260000000e-05
5.786893970007077e+01	1.626770970000000e-05
5.791552799998317e+01	1.592574340000000e-05
5.796186230005696e+01	1.574130870000000e-05
5.799377790000290e+01	1.559337940000000e-05
5.802541110001039e+01	1.541855450000000e-05
5.807069820002653e+01	1.526485900000000e-05
5.811734810005873e+01	1.514574610000000e-05
5.816503290005494e+01	1.501126190000000e-05
5.821121219999623e+01	1.488062480000000e-05
5.825774430006277e+01	1.481146320000000e-05
5.828898020007182e+01	1.470195550000000e-05
5.832049050007481e+01	1.453673390000000e-05
5.836774810007773e+01	1.435422290000000e-05
5.841341929999180e+01	1.417939620000000e-05
5.845956370001659e+01	1.407180930000000e-05
5.852051750000101e+01	1.392772080000000e-05
5.856730130000506e+01	1.385087490000000e-05
5.859850900003221e+01	1.378555500000000e-05
5.863009940006305e+01	1.372407680000000e-05
5.866109409998171e+01	1.359343610000000e-05
5.871508009999525e+01	1.343974240000000e-05
5.875573129998520e+01	1.335136950000000e-05
5.878643179999199e+01	1.324954610000000e-05
5.881717599998228e+01	1.307279850000000e-05
5.886419870005921e+01	1.298058120000000e-05
5.889613340003416e+01	1.284609970000000e-05
5.892839830007870e+01	1.272506510000000e-05
5.895936049998272e+01	1.253294790000000e-05
5.900739819998853e+01	1.243496900000000e-05
5.905353919998743e+01	1.235043690000000e-05
5.908543960005045e+01	1.227743090000000e-05
5.911753489996772e+01	1.218713620000000e-05
5.916760779998731e+01	1.208915640000000e-05
5.919801809999626e+01	1.201038870000000e-05
5.922801089996938e+01	1.191240790000000e-05
5.925849330006167e+01	1.179329500000000e-05
5.932081780000590e+01	1.139369030000000e-05
5.936647110001650e+01	1.109975070000000e-05
5.941468829999212e+01	1.079428510000000e-05
5.945866800006479e+01	1.063098350000000e-05
5.949013920000289e+01	1.045423600000000e-05
5.952065610000864e+01	1.024482840000000e-05
5.956731529999524e+01	1.007960690000000e-05
5.961569910007529e+01	9.945124480000000e-06
5.966142490005586e+01	9.804878570000000e-06
5.972337370004971e+01	9.691530069999999e-06
5.975438220007345e+01	9.616604070000000e-06
5.978651440003887e+01	9.537836380000001e-06
5.981777780002449e+01	9.447540830000001e-06
5.986418390006293e+01	9.326506189999999e-06
5.991132149996702e+01	9.234288879999999e-06
5.995810809999239e+01	9.203551600000000e-06
6.000457129999995e+01	9.138231690000000e-06
