# [General]
# timestamp=2025-04-17T12:30:43.728334
# comments='# '
# delimiter='\t'
# column_dtypes=float;;float
# column_headers='Time (s);;Power (W)'
# 
# [Metadata]
# scanner_x=-4.648888772663919
# scanner_y=3.7150022250721597
# start recoding time='17.04.2025, 12:29:43.654662'
# sample rate (hz)=50.0
# sample timing='TIMESTAMP'
# 
# ---- END HEADER ----
1.766499946825206e-03	5.729134050000000e-06
5.230039998423308e-02	5.623375270000000e-06
9.921799995936453e-02	5.508176400000000e-06
1.466002999804914e-01	5.384116780000000e-06
1.923876999644563e-01	5.232509010000000e-06
2.537365999305621e-01	5.101899660000000e-06
2.847900999477133e-01	4.986508430000000e-06
3.163512999890372e-01	4.841450850000000e-06
3.476438999641687e-01	4.607201840000000e-06
3.933524999301881e-01	4.331148830000000e-06
4.405210999539122e-01	4.187632840000000e-06
5.020763999782503e-01	3.776924590000000e-06
5.481041999300942e-01	3.581781360000000e-06
5.801086999708787e-01	3.417459540000000e-06
6.128852999536321e-01	3.258724750000000e-06
6.427855000365525e-01	3.055104570000000e-06
6.893570999382064e-01	2.939135580000000e-06
7.366623999550939e-01	2.712206420000000e-06
7.686371000017971e-01	2.545380310000000e-06
7.983376999618486e-01	2.277033900000000e-06
8.438603000249714e-01	2.091329180000000e-06
8.743934000376612e-01	1.889250260000000e-06
9.049996000248939e-01	1.631113380000000e-06
9.512607000069693e-01	1.317496070000000e-06
9.973618999356404e-01	9.977145509999999e-07
1.045760500011966e+00	7.401553720000000e-07
1.092966499971226e+00	5.294077140000000e-07
1.139321199967526e+00	4.459949140000000e-07
1.170825200038962e+00	3.816532510000000e-07
1.201493500033394e+00	3.392724750000000e-07
1.249303499935195e+00	3.467854410000000e-07
1.295946200028993e+00	4.099711650000000e-07
1.343290699995123e+00	8.226155610000000e-07
1.482161600026302e+00	1.430382780000000e-06
1.590576199931093e+00	1.642478880000000e-06
1.621394800022244e+00	1.922191590000000e-06
1.652355100028217e+00	2.354860040000000e-06
1.699147999985144e+00	2.926036130000000e-06
1.745625999988988e+00	3.376427230000000e-06
1.776215299963951e+00	3.813526750000000e-06
1.807056899997406e+00	4.411479490000000e-06
1.854413699940778e+00	5.215556940000000e-06
1.900621399981901e+00	6.142153320000000e-06
1.946803599945270e+00	7.047943650000000e-06
1.993893099948764e+00	8.092821190000001e-06
2.041634700028226e+00	1.077699380000000e-05
2.165329299983568e+00	1.137832080000000e-05
2.196648100041784e+00	1.215447630000000e-05
2.228251699940301e+00	1.303821770000000e-05
2.260300699970685e+00	1.408910070000000e-05
2.292393299983814e+00	1.553190120000000e-05
2.338186100008897e+00	1.626002630000000e-05
2.369263999979012e+00	1.713032000000000e-05
2.400310999946669e+00	1.843672000000000e-05
2.446275700000115e+00	1.986799730000000e-05
2.492389600025490e+00	2.063838660000000e-05
2.523454500013031e+00	2.137996130000000e-05
2.554848199943081e+00	2.221374960000000e-05
2.601939599961042e+00	2.321468310000000e-05
2.647248300025240e+00	2.425404090000000e-05
2.692880999995396e+00	2.550856700000000e-05
2.739314000005834e+00	2.622516510000000e-05
2.787469399976544e+00	2.748737820000000e-05
2.818242899957113e+00	2.830771880000000e-05
2.849766499944963e+00	2.966406830000000e-05
2.895763900014572e+00	3.171972640000000e-05
2.942347900010645e+00	3.452656530000000e-05
2.988317999988794e+00	3.639586790000000e-05
3.051043299958110e+00	4.239185730000000e-05
3.097193600027822e+00	4.541770610000000e-05
3.128232699935324e+00	4.807853470000000e-05
3.159729999955744e+00	5.088537360000000e-05
3.190305099938996e+00	5.324266020000000e-05
3.252725100028329e+00	5.909455650000000e-05
3.299296799930744e+00	6.371113700000000e-05
3.346251699957065e+00	6.993190620000000e-05
3.393319800030440e+00	7.372430990000000e-05
3.424619599943981e+00	7.747059860000000e-05
3.455797299975529e+00	8.187778440000001e-05
3.487906900001690e+00	8.449441520000000e-05
3.520124100032263e+00	9.499488080000000e-05
3.629260399960913e+00	9.718251389999999e-05
3.660502800019458e+00	9.990745460000000e-05
3.691064300015569e+00	1.040140780000000e-04
3.737240699934773e+00	1.059330320000000e-04
3.768396400031634e+00	1.083317620000000e-04
3.800161399994977e+00	1.123616240000000e-04
3.846668899990618e+00	1.161611650000000e-04
3.893786299973726e+00	1.190780240000000e-04
3.924404699937440e+00	1.225897580000000e-04
3.954487900016829e+00	1.277517880000000e-04
4.002621199935675e+00	1.350055240000000e-04
4.047134599997662e+00	1.418946490000000e-04
4.094862199970521e+00	1.484959070000000e-04
4.140939699951559e+00	1.540417430000000e-04
4.186604999937117e+00	1.565172280000000e-04
4.217222200008109e+00	1.598946260000000e-04
4.249281900003552e+00	1.648455800000000e-04
4.297039599972777e+00	1.690289650000000e-04
4.343016700004227e+00	1.727517670000000e-04
4.389255299931392e+00	1.743828760000000e-04
4.451717299991287e+00	1.784127380000000e-04
4.498054899973795e+00	1.807730730000000e-04
4.529228599974886e+00	1.830950350000000e-04
4.561391899944283e+00	1.858391770000000e-04
4.591315399971791e+00	1.900609200000000e-04
4.653038999997079e+00	1.936877820000000e-04
4.699286899995059e+00	1.972187020000000e-04
4.746886100037955e+00	2.005769060000000e-04
4.794982400024310e+00	2.023423730000000e-04
4.826980700017884e+00	2.029372410000000e-04
4.856350500020199e+00	2.029756290000000e-04
4.888383000041358e+00	2.028796730000000e-04
4.951199600007385e+00	2.012677290000000e-04
4.996901700040326e+00	2.017091030000000e-04
5.046530099934898e+00	2.021888500000000e-04
5.092195600038394e+00	2.023039710000000e-04
5.122342100017704e+00	2.024958670000000e-04
5.153423800016753e+00	2.025534490000000e-04
5.200350299943238e+00	2.029372410000000e-04
5.246491599944420e+00	2.040886320000000e-04
5.299541499931365e+00	2.072741190000000e-04
5.340428699972108e+00	2.100950080000000e-04
5.387131999945268e+00	2.155448890000000e-04
5.418350799940526e+00	2.192101530000000e-04
5.449216200038791e+00	2.227218790000000e-04
5.495352300000377e+00	2.260992770000000e-04
5.541944599943236e+00	2.307623650000000e-04
5.588785300031304e+00	2.340438370000000e-04
5.652310800040141e+00	2.445598070000000e-04
5.699730199994519e+00	2.501440180000000e-04
5.731370899942704e+00	2.541162830000000e-04
5.763372699962929e+00	2.578775170000000e-04
5.794020800036378e+00	2.647858050000000e-04
5.840414299978875e+00	2.679329190000000e-04
5.886585399974138e+00	2.718860050000000e-04
5.918566599953920e+00	2.742079670000000e-04
5.949143699952401e+00	2.773551100000000e-04
5.996240000007674e+00	2.795810870000000e-04
6.028327799984254e+00	2.817879430000000e-04
6.061029099975713e+00	2.845704440000000e-04
6.092047899961472e+00	2.877559450000000e-04
6.138605099986307e+00	2.895789800000000e-04
6.185536899953149e+00	2.924382570000000e-04
6.218600000021979e+00	2.941653070000000e-04
6.248957499978133e+00	2.960650890000000e-04
6.294016900006682e+00	2.972932710000000e-04
6.323993999976665e+00	2.985021860000000e-04
6.355716199963354e+00	3.005554900000000e-04
6.402886600000784e+00	3.036066770000000e-04
6.450518499943428e+00	3.069264930000000e-04
6.498314999975264e+00	3.105917420000000e-04
6.545678199967369e+00	3.144296930000000e-04
6.593080200022087e+00	3.168092230000000e-04
6.623495799954981e+00	3.191887810000000e-04
6.653926700004376e+00	3.214723260000000e-04
6.701155200018547e+00	3.247921700000000e-04
6.748311499948613e+00	3.282463290000000e-04
6.795500700012781e+00	3.312398910000000e-04
6.842056200024672e+00	3.336002700000000e-04
6.888941499986686e+00	3.348092140000000e-04
6.919112200033851e+00	3.360949050000000e-04
6.949841200024821e+00	3.377260580000000e-04
6.995405399939045e+00	3.391652720000000e-04
7.043094399967231e+00	3.407772460000000e-04
7.090485799941234e+00	3.413337110000000e-04
7.151191400014795e+00	3.426386390000000e-04
7.197611500043422e+00	3.424851170000000e-04
7.230251900036819e+00	3.424659370000000e-04
7.261219599982724e+00	3.425235050000000e-04
7.292220599949360e+00	3.423508020000000e-04
7.339364800020121e+00	3.425618920000000e-04
7.401611999957822e+00	3.426002220000000e-04
7.448825399973430e+00	3.426770270000000e-04
7.495765200001188e+00	3.427921620000000e-04
7.526206100010313e+00	3.426962070000000e-04
7.557292799931020e+00	3.426577900000000e-04
7.604378000018187e+00	3.427537450000000e-04
7.650879399967380e+00	3.429840730000000e-04
7.697279999963939e+00	3.426770270000000e-04
7.743188399937935e+00	3.429072680000000e-04
7.790012400015257e+00	3.427921620000000e-04
7.821414600010030e+00	3.428305500000000e-04
7.852770099998452e+00	3.427921620000000e-04
7.898891099961475e+00	3.428113120000000e-04
7.945602699997835e+00	3.427345950000000e-04
7.992440599948168e+00	3.428497290000000e-04
8.039232700015418e+00	3.427345950000000e-04
8.086211799993180e+00	3.429265050000000e-04
8.118306400021538e+00	3.428497290000000e-04
8.148218299960718e+00	3.429072680000000e-04
8.195287200040184e+00	3.428881170000000e-04
8.241513999993913e+00	3.428113120000000e-04
8.289323800010607e+00	3.429456850000000e-04
8.352134299930185e+00	3.430607900000000e-04
8.399216299992986e+00	3.430607900000000e-04
8.430473000044003e+00	3.430032520000000e-04
8.461017000023276e+00	3.431375950000000e-04
8.492881699930876e+00	3.431183580000000e-04
8.540275300038047e+00	3.430992070000000e-04
8.587581799947657e+00	3.429648350000000e-04
8.619244899949990e+00	3.431375950000000e-04
8.650368900038302e+00	3.430224020000000e-04
8.698291099979542e+00	3.430607900000000e-04
8.729299700004049e+00	3.432143130000000e-04
8.760729899979196e+00	3.432334920000000e-04
8.791831800015643e+00	3.430607900000000e-04
8.838742299936712e+00	3.431759250000000e-04
8.885060200002044e+00	3.431951630000000e-04
8.916645499994047e+00	3.436364930000000e-04
8.948257199954242e+00	3.440586730000000e-04
8.994773500016890e+00	3.446343760000000e-04
9.026195999933407e+00	3.451716910000000e-04
9.057662599952891e+00	3.458625000000000e-04
9.089536499930546e+00	3.468028150000000e-04
9.137224999954924e+00	3.479733710000000e-04
9.168254100019112e+00	3.488752990000000e-04
9.199759499984793e+00	3.505064230000000e-04
9.246952299959958e+00	3.524829520000000e-04
9.294107499998063e+00	3.540565380000000e-04
9.327071300009266e+00	3.556109150000000e-04
9.357109699980356e+00	3.567239330000000e-04
9.389259899966419e+00	3.577409660000000e-04
9.452013100031763e+00	3.605618550000000e-04
9.500099799945019e+00	3.621354120000000e-04
9.547208599979058e+00	3.630757270000000e-04
9.592262999969535e+00	3.636321930000000e-04
9.623323200037703e+00	3.640736100000000e-04
9.654292899998836e+00	3.642078950000000e-04
9.702268799999729e+00	3.642271330000000e-04
9.749295399989933e+00	3.642271330000000e-04
9.796159600024112e+00	3.642271330000000e-04
9.842604200006463e+00	3.644382230000000e-04
9.889365799957886e+00	3.645533290000000e-04
9.921530099934898e+00	3.646492840000000e-04
9.951074099983089e+00	3.651482110000000e-04
9.998030100017786e+00	3.663571550000000e-04
1.004560479999054e+01	3.680458760000000e-04
1.009305559995119e+01	3.706748830000000e-04
1.013926229998469e+01	3.725554270000000e-04
1.018598740000743e+01	3.754530920000000e-04
1.021701519994531e+01	3.774680080000000e-04
1.024766150000505e+01	3.807111060000000e-04
1.029295269993600e+01	3.844914610000000e-04
1.033996170002501e+01	3.869285570000000e-04
1.038666179997381e+01	3.907473580000000e-04
1.041723889997229e+01	3.927238870000000e-04
1.044831759994850e+01	3.958902090000000e-04
1.049731430003885e+01	3.982888880000000e-04
1.052736439998262e+01	4.002270870000000e-04
1.055889039998874e+01	4.026257670000000e-04
1.059003960003611e+01	4.042569200000000e-04
1.065299129998311e+01	4.082100060000000e-04
1.069867529999465e+01	4.107430580000000e-04
1.074513369996566e+01	4.129306760000000e-04
1.079148340004031e+01	4.139285300000000e-04
1.082333949999884e+01	4.151183240000000e-04
1.085479180002585e+01	4.165383870000000e-04
1.090141970000695e+01	4.179967800000000e-04
1.094929449993651e+01	4.196279040000000e-04
1.099597599997651e+01	4.212398780000000e-04
1.104172919993289e+01	4.228326140000000e-04
1.108864029997494e+01	4.240031700000000e-04
1.112055590003729e+01	4.251545760000000e-04
1.115182269993238e+01	4.270543580000000e-04
1.119903140002862e+01	4.298752460000000e-04
1.124799730000086e+01	4.322931640000000e-04
1.129387980001047e+01	4.348262150000000e-04
1.134116049995646e+01	4.374744020000000e-04
1.138837159995455e+01	4.386257790000000e-04
1.141917380003724e+01	4.397387970000000e-04
1.145035109994933e+01	4.413699210000000e-04
1.149724589998368e+01	4.428091340000000e-04
1.154297660000157e+01	4.441140630000000e-04
1.159349440003280e+01	4.449967530000000e-04
1.165075589995831e+01	4.458411130000000e-04
1.169613980001304e+01	4.465319220000000e-04
1.172733809996862e+01	4.471460120000000e-04
1.175899390003178e+01	4.482781810000000e-04
1.178829820000101e+01	4.489306880000000e-04
1.185085419996176e+01	4.513677850000000e-04
1.189720010000747e+01	4.533251340000000e-04
1.194401390000712e+01	4.549946460000000e-04
1.199035279999953e+01	4.558006190000000e-04
1.202151190000586e+01	4.569136070000000e-04
1.205283900001086e+01	4.583720000000000e-04
1.209964130003937e+01	4.602334520000000e-04
1.214600950002205e+01	4.621140250000000e-04
1.219215909997001e+01	4.635916270000000e-04
1.225407949998043e+01	4.649732730000000e-04
1.230019740003627e+01	4.659519760000000e-04
1.233100879995618e+01	4.668730540000000e-04
1.236350820004009e+01	4.678709370000000e-04
1.239424139994662e+01	4.693869560000000e-04
1.244105439994019e+01	4.704423770000000e-04
1.248839039995801e+01	4.705383330000000e-04
1.253505219996441e+01	4.709796920000000e-04
1.256712959997822e+01	4.713634550000000e-04
1.259844730002806e+01	4.717088890000000e-04
1.262961059994996e+01	4.719966960000000e-04
1.266149420000147e+01	4.726875920000000e-04
1.269199860002846e+01	4.739541040000000e-04
1.273825669998769e+01	4.748367940000000e-04
1.278520119993482e+01	4.763912580000000e-04
1.281551570002921e+01	4.775425480000000e-04
1.284913300001062e+01	4.795958520000000e-04
1.289411150000524e+01	4.808432710000000e-04
1.292423010000493e+01	4.822440390000000e-04
1.295558329997584e+01	4.838944010000000e-04
1.298721579997800e+01	4.848155370000000e-04
1.301871069998015e+01	4.865233500000000e-04
1.304929560003802e+01	4.887493560000000e-04
1.309594959998503e+01	4.917430340000000e-04
1.314320900000166e+01	4.948901480000000e-04
1.319037560001016e+01	4.965213010000000e-04
1.322143159992993e+01	4.989199810000000e-04
1.325251130003016e+01	5.020094690000000e-04
1.329826249997132e+01	5.053101920000000e-04
1.334549440001138e+01	5.090521880000000e-04
1.339274899999145e+01	5.127941260000000e-04
1.344013919995632e+01	5.145596220000001e-04
1.348830870003439e+01	5.179754230000000e-04
1.351983410003595e+01	5.203932520000000e-04
1.355045600002632e+01	5.235404240000000e-04
1.359820370003581e+01	5.273591960000000e-04
1.364503559994046e+01	5.307941460000000e-04
1.369142269995064e+01	5.342483640000000e-04
1.373691670002881e+01	5.358602500000000e-04
1.376725160004571e+01	5.375297620000000e-04
1.379875910002738e+01	5.388730790000001e-04
1.382836629997473e+01	5.402739630000000e-04
1.385926009994000e+01	5.418090730000000e-04
1.389065229997505e+01	5.448410520000000e-04
1.395262749993708e+01	5.484294960000000e-04
1.399917470000219e+01	5.530926860000000e-04
1.404761270002928e+01	5.571225190000001e-04
1.409388349996880e+01	5.598090360000001e-04
1.412543060001917e+01	5.622653990000000e-04
1.415629089996219e+01	5.653357370000000e-04
1.420201410003938e+01	5.689625980000000e-04
1.424936789995991e+01	5.722056960000000e-04
1.429633020004258e+01	5.754870360000000e-04
1.434286249999423e+01	5.797087800000000e-04
1.438931629993021e+01	5.816277700000000e-04
1.442119889997412e+01	5.841992680000000e-04
1.445201380003709e+01	5.873655320000000e-04
1.449821250000969e+01	5.908004820000000e-04
1.454616719996557e+01	5.944273430000000e-04
1.459398070001043e+01	5.976704410000000e-04
1.463968270004261e+01	5.989369240000000e-04
1.468702429998666e+01	6.013165110000000e-04
1.471846060000826e+01	6.019497520000000e-04
1.474929820001125e+01	6.038303250000000e-04
1.479474739998113e+01	6.070541570000000e-04
1.484201529994607e+01	6.101437610000001e-04
1.488830839993898e+01	6.116405130000000e-04
1.495097260002512e+01	6.159390900000000e-04
1.499770269996952e+01	6.178389300000000e-04
1.502876979997382e+01	6.197962210000000e-04
1.506059679994360e+01	6.218687630000000e-04
1.509239480004180e+01	6.253803730000000e-04
1.513899639993906e+01	6.267620480000000e-04
1.518625399994198e+01	6.292567700000000e-04
1.521611199993640e+01	6.308495650000000e-04
1.524682450003456e+01	6.336128570000000e-04
1.529303329996765e+01	6.354167130000001e-04
1.532357310003135e+01	6.368942560000000e-04
1.535518700000830e+01	6.380648700000000e-04
1.540250129997730e+01	6.396191890000000e-04
1.545047319994774e+01	6.399455010000000e-04
1.549736489995848e+01	6.399455010000000e-04
1.554392720002215e+01	6.401757710000001e-04
1.559002709994093e+01	6.402525470000000e-04
1.562145239999518e+01	6.403676820000000e-04
1.565181169996504e+01	6.409242050000000e-04
1.569763369997963e+01	6.419412090000000e-04
1.574404020002112e+01	6.445509500000000e-04
1.579046940000262e+01	6.462396700000000e-04
1.585318440000992e+01	6.518430890000000e-04
1.590029180003330e+01	6.550477700000000e-04
1.593101619998924e+01	6.584059449999999e-04
1.596311969996896e+01	6.613612060000000e-04
1.599248240003362e+01	6.649497080000000e-04
1.603957419993822e+01	6.662354570000000e-04
1.608764869999141e+01	6.680968800000000e-04
1.614895479998086e+01	6.706874700000000e-04
1.619579339993652e+01	6.715318300000000e-04
1.622736250003800e+01	6.720306700000000e-04
1.625915789999999e+01	6.730093740000000e-04
1.629024649993517e+01	6.736618230000000e-04
1.635456749994773e+01	6.765018920000000e-04
1.639880900003482e+01	6.792652420000000e-04
1.644584729999769e+01	6.829113120000000e-04
1.649194179999176e+01	6.855978280000000e-04
1.652295769995544e+01	6.882652520000000e-04
1.655442960001528e+01	6.914315160000001e-04
1.660180509998463e+01	6.947898070000000e-04
1.664930209994782e+01	6.972652630000000e-04
1.669551540003158e+01	6.998174360000000e-04
1.674233179993462e+01	7.021010390000000e-04
1.678985509998165e+01	7.036362660000000e-04
1.682068080001045e+01	7.057663750000001e-04
1.685136269999202e+01	7.086448020000000e-04
1.689832949999254e+01	7.132311580000000e-04
1.694522869994398e+01	7.176063950000000e-04
1.699253829999361e+01	7.210029870000000e-04
1.703923190000933e+01	7.224229630000000e-04
1.708587239996996e+01	7.249560439999999e-04
1.711720899993088e+01	7.267791080000000e-04
1.714877700002398e+01	7.297343110000000e-04
1.719381209998392e+01	7.333036630000000e-04
1.724296299996786e+01	7.361052560000000e-04
1.728906340000685e+01	7.372183610000000e-04
1.734931189997587e+01	7.411330590000000e-04
1.739626159996260e+01	7.431479170000000e-04
1.742735390004236e+01	7.458536420000000e-04
1.745829300000332e+01	7.492695000000000e-04
1.748925199999940e+01	7.516106120000000e-04
1.753659999999218e+01	7.552375320000000e-04
1.756820209999569e+01	7.572332400000000e-04
1.760118590004276e+01	7.599390230000000e-04
1.764679459994659e+01	7.609177260000000e-04
1.769405399996322e+01	7.618195960000000e-04
1.772453200002201e+01	7.618195960000000e-04
1.775534120004158e+01	7.624144780000000e-04
1.780185429996345e+01	7.630284530000000e-04
1.784830009995494e+01	7.646980810000000e-04
1.789520659996197e+01	7.660989650000000e-04
1.794232959998772e+01	7.679794220000000e-04
1.798948740004562e+01	7.690541680000000e-04
1.802141179994214e+01	7.702246660000000e-04
1.805386270000599e+01	7.726618210000000e-04
1.810196200001519e+01	7.752332020000000e-04
1.814921399997547e+01	7.778238510000000e-04
1.819578880001791e+01	7.808749800000000e-04
1.824262989999261e+01	7.835040450000000e-04
1.829036460001953e+01	7.851542900000000e-04
1.832188770000357e+01	7.870156550000001e-04
1.835322889999952e+01	7.895295860000000e-04
1.840009759995155e+01	7.933099400000000e-04
1.844659790000878e+01	7.963995450000000e-04
1.849306150001939e+01	7.986063140000000e-04
1.853931000002194e+01	7.998344950000000e-04
1.858583160000853e+01	8.022140830000000e-04
1.861707419995219e+01	8.031926700000000e-04
1.864936289994512e+01	8.058217350000000e-04
1.869485309999436e+01	8.084890430000000e-04
1.874189720000140e+01	8.114251540000000e-04
1.878881910000928e+01	8.132865190000000e-04
1.885099169996101e+01	8.174314860000000e-04
1.889854950003792e+01	8.193696850000000e-04
1.892918470001314e+01	8.209047960000000e-04
1.896110650000628e+01	8.232843830000000e-04
1.899256079993211e+01	8.262395860000000e-04
1.904031429998577e+01	8.271798720000000e-04
1.908724919997621e+01	8.296938030000000e-04
1.911820669996087e+01	8.313825240000001e-04
1.914940729993396e+01	8.339155470000001e-04
1.919668299995828e+01	8.348365659999999e-04
1.922838460002095e+01	8.358345369999999e-04
1.925996129994746e+01	8.374847820000000e-04
1.930667600000743e+01	8.388663990000000e-04
1.933767839998472e+01	8.402480740000000e-04
1.936836119997315e+01	8.416105990000000e-04
1.939933699998073e+01	8.442780240000000e-04
1.944615690002684e+01	8.478856759999999e-04
1.949295580002945e+01	8.788357950000000e-04
1.961998870002571e+01	8.726894160000000e-04
1.964933719998226e+01	8.728814430000000e-04
1.968092249997426e+01	8.744181830000000e-04
1.971160469995812e+01	8.771070280000000e-04
1.974278790003154e+01	8.813328460000000e-04
1.979053510003723e+01	8.842139500000000e-04
1.985150410002097e+01	8.918970120000000e-04
1.989847789995838e+01	8.963146250000000e-04
1.994544669997413e+01	8.986196480000000e-04
1.997743550001178e+01	9.013085510000000e-04
2.000941449997481e+01	9.039976280000000e-04
2.004138640000019e+01	9.066867060000000e-04
2.008935250004288e+01	9.084154740000000e-04
2.013633699994534e+01	9.122569460000000e-04
2.016678410000168e+01	9.136014270000000e-04
2.019856089993846e+01	9.160984770000000e-04
2.024485519994050e+01	9.180192140000000e-04
2.027589719998650e+01	9.193636940000000e-04
2.030697010003496e+01	9.189796400000000e-04
2.033830439997837e+01	9.191716670000000e-04
2.038486170000397e+01	9.187873800000000e-04
2.041541819996201e+01	9.178269540000000e-04
2.044723129994236e+01	8.897841910000000e-04
2.049371760000940e+01	8.283200440000001e-04
2.053929570002947e+01	8.917049850000000e-04
2.057043239998166e+01	9.160984770000000e-04
2.060171219997574e+01	9.185953530000000e-04
2.064751099993009e+01	9.189796400000000e-04
2.069437839998864e+01	9.193636940000000e-04
2.074037439993117e+01	9.195557210000000e-04
2.078831740003079e+01	9.184033260000000e-04
2.085160309995990e+01	9.207081170000000e-04
2.088200899993535e+01	9.218607450000000e-04
2.091225699998904e+01	9.232051670000000e-04
2.094405849999748e+01	9.249339350000000e-04
2.099099299998488e+01	9.264703840000000e-04
2.105195550003555e+01	9.281990929999999e-04
2.109797070000786e+01	9.285831470000000e-04
2.114391230000183e+01	9.301198880000000e-04
2.117586950003169e+01	9.316565700000000e-04
2.120686159993056e+01	9.316565700000000e-04
2.125345780001953e+01	9.320406240000000e-04
2.130044240003917e+01	9.320406240000000e-04
2.134840849996544e+01	9.328089650000000e-04
2.139535180001985e+01	9.339613610000000e-04
2.144232539995573e+01	9.343454150000000e-04
2.147439490002580e+01	9.360741820000000e-04
2.150528759998269e+01	9.351138140000000e-04
2.153612689999864e+01	9.358821550000000e-04
2.156661039998289e+01	9.353058410000000e-04
2.159859950002283e+01	9.351138140000000e-04
2.164540799998213e+01	9.362662090000000e-04
2.169227260001935e+01	9.358821550000000e-04
2.173924799996894e+01	9.358821550000000e-04
2.176987790002022e+01	9.358821550000000e-04
2.180144690000452e+01	9.349217290000000e-04
2.184946960001253e+01	9.351138140000000e-04
2.189604979997966e+01	9.353058410000000e-04
2.194289489998482e+01	9.343454150000000e-04
2.199031899997499e+01	9.345376749999999e-04
2.205306930001825e+01	9.347297020000000e-04
2.208429699996486e+01	9.331930200000001e-04
2.211539900000207e+01	9.328089650000000e-04
2.214738760003820e+01	9.314643100000000e-04
2.219523880002089e+01	9.281990929999999e-04
2.224286530003883e+01	9.226288530000001e-04
2.228898129996378e+01	9.199400080000000e-04
2.233694489998743e+01	9.160984770000000e-04
2.236893649992999e+01	9.139854810000000e-04
2.240005679999013e+01	9.099519230000000e-04
2.244694599998184e+01	9.059183650000000e-04
2.249401859997306e+01	9.030372600000000e-04
2.254113989998586e+01	8.995800160000000e-04
2.260546400002204e+01	8.963146250000000e-04
2.264923229999840e+01	8.942018030000000e-04
2.268004689994268e+01	8.926651210000000e-04
2.271244060003664e+01	8.909366440000000e-04
2.274348890001420e+01	8.867108260000000e-04
2.278931789996568e+01	8.842139500000000e-04
2.285208500002045e+01	8.782596560000000e-04
2.289931579993572e+01	8.736498420000000e-04
2.294621860003099e+01	8.703846250000000e-04
2.297838660003617e+01	8.688479430000000e-04
2.300917259999551e+01	8.634697300000000e-04
2.304073969996534e+01	8.602045129999999e-04
2.310313099995255e+01	8.557869010000000e-04
2.315094700001646e+01	8.521374550000000e-04
2.319679960003123e+01	8.457988730000000e-04
2.324381449993234e+01	8.406129200000000e-04
2.327575010003056e+01	8.358110210000000e-04
2.330692729994189e+01	8.298567260000000e-04
2.333802100003231e+01	8.269755640000000e-04
2.338565019995440e+01	8.210212690000000e-04
2.341720639995765e+01	8.183321919999999e-04
2.345173920004163e+01	8.164113970000000e-04
2.349409359996207e+01	8.164113970000000e-04
2.354067969997413e+01	8.177558780000000e-04
2.357156750001013e+01	8.210212690000000e-04
2.360249810002279e+01	8.302407800000000e-04
2.365048199996818e+01	8.434940250000000e-04
2.369673600001261e+01	8.571313810000000e-04
2.374288329994306e+01	8.700003380000000e-04
2.378928389993962e+01	8.782596560000000e-04
2.385139179998077e+01	8.988116750000000e-04
2.388201029994525e+01	9.089915550000000e-04
2.391364879999310e+01	9.160984770000000e-04
2.394514069997240e+01	9.243576210000000e-04
2.399150180001743e+01	9.278150390000000e-04
2.405467790004332e+01	9.308882290000000e-04
2.410086659993976e+01	9.324246779999999e-04
2.414921699999832e+01	9.339613610000000e-04
2.417927690001670e+01	9.353058410000000e-04
2.421059489995241e+01	9.364584690000000e-04
2.424195589998271e+01	9.364584690000000e-04
2.428830499993637e+01	9.362662090000000e-04
2.433535730000585e+01	9.364584690000000e-04
2.436628079996444e+01	9.368425240000000e-04
2.439731709996704e+01	9.374188380000000e-04
2.444349670002703e+01	9.366504960000000e-04
2.447534939995967e+01	9.366504960000000e-04
2.450553239998408e+01	9.370345510000000e-04
2.455160959996283e+01	9.362662090000000e-04
2.459747209993657e+01	9.364584690000000e-04
2.464819269999862e+01	9.356901280000000e-04
2.469067030004226e+01	9.345376749999999e-04
2.475241820001975e+01	9.330009930000000e-04
2.478360760002397e+01	9.328089650000000e-04
2.481546119996347e+01	9.324246779999999e-04
2.484618019999471e+01	9.314643100000000e-04
2.489328680001199e+01	9.320406240000000e-04
2.494015959999524e+01	9.314643100000000e-04
2.498725460004061e+01	9.289674340000001e-04
2.501832539995667e+01	9.293515470000000e-04
2.505024549993686e+01	9.274307520000000e-04
2.508115220000036e+01	9.262783570000000e-04
2.511215319996700e+01	9.257020430000000e-04
2.514432790002320e+01	9.255100160000000e-04
2.519030250003561e+01	9.239735079999999e-04
2.525249889993574e+01	9.218607450000000e-04
2.529928699997254e+01	9.209003770000000e-04
2.534606879996136e+01	9.189796400000000e-04
2.537742329994217e+01	9.178269540000000e-04
2.540828600001987e+01	9.172508730000000e-04
2.545358460000716e+01	9.139854810000000e-04
2.550065639999229e+01	9.120646860000001e-04
2.554828989994712e+01	9.099519230000000e-04
2.559500840003602e+01	9.063026520000000e-04
2.564197739993688e+01	9.034215470000000e-04
2.567268860002514e+01	9.015007530000000e-04
2.570372969994787e+01	8.984273880000000e-04
2.575130450003780e+01	8.957384850000000e-04
2.579706839995924e+01	8.926651210000000e-04
2.584420039993711e+01	8.895919310000000e-04
2.589135149994399e+01	8.878634540000000e-04
2.595271909993608e+01	8.845980630000000e-04
2.598361909994856e+01	8.830615550000000e-04
2.601477220002562e+01	8.803724780000000e-04
2.604524210002273e+01	8.767229740000000e-04
2.609192149993032e+01	8.748022370000000e-04
2.613947829999961e+01	8.732657300000000e-04
2.618682840000838e+01	8.711527330000000e-04
2.621722809993662e+01	8.694242570000000e-04
2.624802159995306e+01	8.671191750000000e-04
2.627996269997675e+01	8.657747530000000e-04
2.631067100004293e+01	8.632777030000000e-04
2.634136900003068e+01	8.607808270000000e-04
2.638850550004281e+01	8.586680630000000e-04
2.644983229995705e+01	8.540581910000000e-04
2.649607520003337e+01	8.517531680000000e-04
2.654255669994745e+01	8.496403459999999e-04
2.657397799997125e+01	8.482959240000000e-04
2.660573840001598e+01	8.457988730000000e-04
2.665141579997726e+01	8.406129200000000e-04
2.669853910000529e+01	8.361950750000000e-04
2.674533519998658e+01	8.323535440000000e-04
2.679183759994339e+01	8.265915090000000e-04
2.685447110002860e+01	8.210212690000000e-04
2.688693149993196e+01	8.148749480000001e-04
2.691714389994740e+01	8.098807880000000e-04
2.694828649994452e+01	8.008533620000000e-04
2.699385960004292e+01	7.931703000000000e-04
2.704052030004095e+01	7.847189550000000e-04
2.709001509996597e+01	7.791489480000000e-04
2.715116340003442e+01	7.649352770000000e-04
2.718150679999962e+01	7.570602470000000e-04
2.721211009996478e+01	7.493771850000000e-04
2.724215679999907e+01	7.370845410000001e-04
2.728914390003774e+01	7.309379870000000e-04
2.733597170002759e+01	7.201817930000001e-04
2.736672339995857e+01	7.126908170000000e-04
2.739842390001286e+01	6.801863779999999e-04
2.750722569995560e+01	6.720882370000000e-04
2.753707810002379e+01	6.628964330000000e-04
2.756837909994647e+01	6.529369280000000e-04
2.760039469995536e+01	6.422866140000000e-04
2.763292500004172e+01	6.319624950000000e-04
2.766257229994517e+01	6.231736039999999e-04
2.769352440000512e+01	6.084742490000000e-04
2.774032640003134e+01	6.001842560000000e-04
2.780340189998969e+01	5.774828020000000e-04
2.784931349998806e+01	5.650862590000000e-04
2.789490700000897e+01	5.580436550000000e-04
2.792629450000823e+01	5.528048500000000e-04
2.795909100002609e+01	5.469519530000000e-04
2.798925019998569e+01	5.418473739999999e-04
2.805598780000582e+01	5.219284790000000e-04
2.809980770002585e+01	5.043506970000000e-04
2.815007670002524e+01	4.880202470000000e-04
2.819396399997640e+01	4.780990710000000e-04
2.822524369996972e+01	4.681971620000000e-04
2.825645480002277e+01	4.576235950000000e-04
2.828826559998561e+01	4.505809920000000e-04
2.833491900004447e+01	4.389328240000000e-04
2.836684859998059e+01	4.315831170000000e-04
2.839779499999713e+01	4.202803830000000e-04
2.844439079996664e+01	4.107622370000000e-04
2.849135789996944e+01	4.058688650000000e-04
2.852315170003567e+01	4.003230420000000e-04
2.855424740002491e+01	3.932227850000000e-04
2.860006169998087e+01	3.832249490000000e-04
2.864734050002880e+01	3.721332760000000e-04
2.869363110000268e+01	3.610032440000000e-04
2.873930879996624e+01	3.575490550000000e-04
2.878581399994437e+01	3.562633650000000e-04
2.881701889995020e+01	3.559371400000000e-04
2.884833720000461e+01	3.555149600000000e-04
2.889485050004441e+01	3.550352410000000e-04
2.894205850001890e+01	3.548817190000000e-04
2.898831219994463e+01	3.549008690000000e-04
2.905091849993914e+01	3.523870550000000e-04
2.909691790002398e+01	3.507366930000000e-04
2.913015830004588e+01	3.490096420000000e-04
2.916090380004607e+01	3.483379840000000e-04
2.919184600003064e+01	3.478774160000000e-04
2.924365099996794e+01	3.478006980000000e-04
2.930102400004398e+01	3.478582660000000e-04
2.934832220000681e+01	3.479158040000000e-04
2.939540379995015e+01	3.470330850000000e-04
2.942738010000903e+01	3.454211690000000e-04
2.945924709993415e+01	3.422932350000000e-04
2.949092749995179e+01	3.340032710000000e-04
2.953725379996467e+01	3.276322390000000e-04
2.956829690001905e+01	3.176919710000000e-04
2.959967799996957e+01	2.993273670000000e-04
2.964701199997216e+01	2.820949590000000e-04
2.969267280003987e+01	2.719052140000000e-04
2.972320320003200e+01	2.615043490000000e-04
2.975448629993480e+01	2.486856250000000e-04
2.980051139998250e+01	2.307047980000000e-04
2.984724130004179e+01	2.145278560000000e-04
2.989411270001438e+01	1.973146280000000e-04
2.994039260002319e+01	1.898690100000000e-04
2.998721249995288e+01	1.778370500000000e-04
3.001832090003882e+01	1.708711500000000e-04
3.005007949995343e+01	1.627730960000000e-04
3.009617110004183e+01	1.549820440000000e-04
3.014306909998413e+01	1.469223640000000e-04
3.019031149998773e+01	1.422976350000000e-04
3.025352040003054e+01	1.315897240000000e-04
3.029871380003169e+01	1.273871750000000e-04
3.033034580003005e+01	1.241441350000000e-04
3.036138439993374e+01	1.211121420000000e-04
3.039276399998926e+01	1.158733500000000e-04
3.043968039995525e+01	1.133402980000000e-04
3.048586419993080e+01	1.090609800000000e-04
3.051780160004273e+01	1.065279280000000e-04
3.054817189997993e+01	1.032464860000000e-04
3.059612739994191e+01	1.007134410000000e-04
3.062832469993737e+01	9.812282220000000e-05
3.066007159999572e+01	9.512920220000001e-05
3.069061209994834e+01	9.054286780000001e-05
3.073704219993670e+01	8.864307890000000e-05
3.076899310003500e+01	8.620597510000000e-05
3.079989110003226e+01	8.300129410000000e-05
3.084657129994594e+01	7.987336720000001e-05
3.089231609995477e+01	7.797357830000000e-05
3.092331670003477e+01	7.599702799999999e-05
3.095437659998424e+01	7.361749890000000e-05
3.098594729998149e+01	7.233179350000000e-05
3.101698439999018e+01	7.031686250000001e-05
3.104876599996351e+01	6.761110130000000e-05
3.109466890001204e+01	6.502048930000000e-05
3.114357810001820e+01	6.375396330000000e-05
3.118879169994034e+01	6.208198470000000e-05
3.131433299998753e+01	6.155366280000000e-05
3.134643409994897e+01	6.064494660000000e-05
3.137741079996340e+01	5.956140010000000e-05
3.140829639998265e+01	5.833761320000000e-05
3.143922099994961e+01	5.758643240000000e-05
3.148589100001846e+01	5.589003920000000e-05
3.151760679995641e+01	5.454136770000000e-05
3.154889520001598e+01	5.224172130000000e-05
3.159585599997081e+01	5.041660920000000e-05
3.162837749999017e+01	4.839744720000000e-05
3.165872710000258e+01	4.589992750000000e-05
3.169066990003921e+01	4.196343430000000e-05
3.173679019999690e+01	4.004994480000000e-05
3.176823809999041e+01	3.753704730000000e-05
3.179998420004267e+01	3.442666280000000e-05
3.184607169998344e+01	3.216159890000000e-05
3.189306080003735e+01	3.086864670000000e-05
3.192408939998131e+01	2.965446220000000e-05
3.195569149998482e+01	2.812328780000000e-05
3.200314609997440e+01	2.624053560000000e-05
3.204908180003986e+01	2.461137770000000e-05
3.209480860002805e+01	2.288231920000000e-05
3.214283230004366e+01	2.114557540000000e-05
3.218933399999514e+01	2.020996360000000e-05
3.222080450004432e+01	1.915523900000000e-05
3.225308649998624e+01	1.785076170000000e-05
3.229968209995423e+01	1.653859730000000e-05
3.234658370004036e+01	1.545313350000000e-05
3.239433449995704e+01	1.463279300000000e-05
3.244064020004589e+01	1.405643980000000e-05
3.248772380000446e+01	1.377979060000000e-05
3.251947149995249e+01	1.347432410000000e-05
3.254929240001366e+01	1.303053250000000e-05
3.259515339997597e+01	1.238117420000000e-05
3.264371860004030e+01	1.175871420000000e-05
3.268835199996829e+01	1.144172070000000e-05
3.273440529999789e+01	1.082310250000000e-05
3.276554369996302e+01	1.028325100000000e-05
3.279662589996587e+01	9.622367540000000e-06
3.282715020002797e+01	8.880792850000000e-06
3.285820310004056e+01	7.876018570000000e-06
3.288842339999974e+01	7.042228390000000e-06
3.295029950002208e+01	4.752186670000000e-06
3.299597839999478e+01	3.415048240000000e-06
3.304329649999272e+01	2.465988700000000e-06
3.309028699994087e+01	2.020275130000000e-06
3.312273569998797e+01	1.639882040000000e-06
3.315438540000468e+01	1.259490550000000e-06
3.320152180001605e+01	6.773548190000000e-07
3.329410119995009e+01	5.843101010000000e-07
3.332547529996373e+01	5.001264750000000e-07
3.335567820002325e+01	4.278866190000000e-07
3.338676419993863e+01	3.939821340000000e-07
3.341828560002614e+01	3.645083380000000e-07
3.345003880001605e+01	3.469781120000000e-07
3.348022759996820e+01	3.396577600000000e-07
3.351140700001270e+01	3.392724750000000e-07
3.354222649999429e+01	3.598849790000000e-07
3.358822269993834e+01	4.813591090000000e-07
3.369786970003042e+01	5.313191880000000e-07
3.372930639993865e+01	5.768264370000000e-07
3.376052909996361e+01	6.207790760000000e-07
3.379231459996663e+01	6.884929460000000e-07
3.383861580002122e+01	7.163232000000000e-07
3.387014939996880e+01	7.478001860000000e-07
3.390164009993896e+01	7.922326400000000e-07
3.394705459999386e+01	8.466839180000000e-07
3.399305439996533e+01	1.032004210000000e-06
3.410178539995104e+01	1.125627020000000e-06
3.413383629999589e+01	1.222139530000000e-06
3.416606519999914e+01	1.328283930000000e-06
3.419636329996865e+01	1.531133310000000e-06
3.424248390004504e+01	1.669833860000000e-06
3.427469450002536e+01	1.896763020000000e-06
3.430608310003299e+01	2.270098780000000e-06
3.433718529995531e+01	2.540564310000000e-06
3.437257400003728e+01	2.921605300000000e-06
3.440084320004098e+01	3.397424960000000e-06
3.444999620004091e+01	3.955501600000000e-06
3.449393560003955e+01	4.568287750000000e-06
3.454038300004322e+01	4.937770880000000e-06
3.457121319998987e+01	5.320545370000000e-06
3.460305659996811e+01	5.808502010000000e-06
3.465017339994665e+01	6.335562830000000e-06
3.469611010001972e+01	6.903079340000000e-06
3.474308549996931e+01	7.484850810000000e-06
3.478931699995883e+01	7.799045310000000e-06
3.485126499994658e+01	9.912463610000000e-06
3.497488789993804e+01	1.016990250000000e-05
3.500615050003398e+01	1.050034460000000e-05
3.503636030002963e+01	1.082310250000000e-05
3.506825849995948e+01	1.109590810000000e-05
3.509924330003560e+01	1.142827110000000e-05
3.514910219993908e+01	1.178753150000000e-05
3.519395889993757e+01	1.213910670000000e-05
3.524036499997601e+01	1.231393430000000e-05
3.527153170004021e+01	1.258097650000000e-05
3.530325290001929e+01	1.294023700000000e-05
3.534923990000971e+01	1.330141820000000e-05
3.539684589998797e+01	1.361457000000000e-05
3.544315790000837e+01	1.364338730000000e-05
3.548835819994565e+01	1.363378120000000e-05
3.553536560002249e+01	1.354540750000000e-05
3.556689320004079e+01	1.319383140000000e-05
3.559822829999030e+01	1.243496900000000e-05
3.564522349997424e+01	1.157043880000000e-05
3.569213189999573e+01	1.031783270000000e-05
3.573933070001658e+01	9.566653720000000e-06
3.578547510004137e+01	8.150746910000000e-06
3.581599989999086e+01	7.251636360000000e-06
3.584839780000038e+01	6.310260690000000e-06
3.587986929994076e+01	5.495681760000000e-06
3.590979209996294e+01	4.713763700000000e-06
3.594108409993351e+01	3.881894830000000e-06
3.598839880002197e+01	3.484210310000000e-06
3.605032989999745e+01	2.648499500000000e-06
3.609666609996930e+01	1.561570460000000e-06
3.623602089995984e+01	1.249686870000000e-06
3.626668230001815e+01	9.688184260000001e-07
3.629829109995626e+01	6.060782880000000e-07
3.634467609995045e+01	3.681684570000000e-07
3.639111349999439e+01	4.022657550000000e-07
3.643668349995278e+01	4.903018290000000e-07
3.646674790000543e+01	6.361300389999999e-07
3.649831329996232e+01	8.093130650000000e-07
3.652920789993368e+01	9.863488230000000e-07
3.656085699994583e+01	1.186886610000000e-06
3.659199530002661e+01	1.476038390000000e-06
3.663890210003592e+01	1.618206510000000e-06
3.668615359999239e+01	1.894258840000000e-06
3.671873379999306e+01	2.085935190000000e-06
3.675029610004276e+01	2.407257630000000e-06
3.679659059992991e+01	2.700070130000000e-06
3.682698000001255e+01	2.981708800000000e-06
3.685891529999208e+01	3.417459540000000e-06
3.689022629999090e+01	3.902718160000000e-06
3.693725950003136e+01	5.004809280000000e-06
3.696826680004597e+01	5.821216290000000e-06
3.700096949993167e+01	7.100920360000000e-06
3.704683170001954e+01	1.125536620000000e-05
3.718721310002729e+01	1.176831940000000e-05
3.721854170004372e+01	1.255023740000000e-05
3.724928400001954e+01	1.390658780000000e-05
3.729503339994699e+01	1.567214710000000e-05
3.734141300001647e+01	1.667115980000000e-05
3.737419370003045e+01	1.791223990000000e-05
3.740453239995986e+01	1.948183850000000e-05
3.745128819998354e+01	2.138572200000000e-05
3.749717879993841e+01	2.379103530000000e-05
3.754405399993993e+01	2.615408080000000e-05
3.759118510002736e+01	2.866890100000000e-05
3.765436970000155e+01	3.053243930000000e-05
3.768528630002402e+01	3.205401300000000e-05
3.771650520002004e+01	3.366203600000000e-05
3.774724960001186e+01	3.585025480000000e-05
3.779411689995322e+01	3.819985070000000e-05
3.784111559996381e+01	4.004418220000000e-05
3.788829469995108e+01	4.094521140000000e-05
3.795051200001035e+01	4.286446710000000e-05
3.798053930001333e+01	4.385771540000000e-05
3.801191380003002e+01	4.519677530000000e-05
3.804400500003248e+01	4.735809490000000e-05
3.809001599997282e+01	4.877016180000000e-05
3.815136749995872e+01	5.277388850000000e-05
3.819724300003145e+01	5.607062850000000e-05
3.824410609994084e+01	5.804175450000000e-05
3.827558579994366e+01	6.008780470000000e-05
3.830615560000297e+01	6.252386080000000e-05
3.833724829996936e+01	6.428365300000000e-05
3.837063180003315e+01	6.643729280000000e-05
3.839917620003689e+01	6.886565100000000e-05
3.844577610003762e+01	7.085791730000000e-05
3.849241029995028e+01	7.246978200000001e-05
3.853930329997092e+01	7.328628270000000e-05
3.857036939996760e+01	7.418923630000000e-05
3.860152110003401e+01	7.532272869999999e-05
3.872707999998238e+01	7.766848280000000e-05
3.875868670002092e+01	7.837355220000000e-05
3.878922929998953e+01	7.888266550000001e-05
3.885135320003610e+01	8.025437999999999e-05
3.888257899996825e+01	8.114196680000000e-05
3.891350669995882e+01	8.225240890000000e-05
3.894416329998057e+01	8.433688340000000e-05
3.899041660001967e+01	9.061962920000000e-05
3.911767559999134e+01	9.161747580000000e-05
3.914733850001357e+01	9.340213729999999e-05
3.919456480001099e+01	9.441917789999999e-05
3.922617010003887e+01	9.535948630000000e-05
3.925830580003094e+01	9.633816080000000e-05
3.928930159995798e+01	9.706738640000001e-05
3.933650580001995e+01	9.844903980000000e-05
3.936768100003246e+01	9.948528170000000e-05
3.939969809993636e+01	1.011356140000000e-04
3.944646819995251e+01	1.036110700000000e-04
3.949332300003152e+01	1.056643810000000e-04
3.952452360000461e+01	1.081398660000000e-04
3.955618199997116e+01	1.114980700000000e-04
3.958721629995853e+01	1.140886890000000e-04
3.961918649997097e+01	1.176963710000000e-04
3.965093889995478e+01	1.223978620000000e-04
3.969613519997802e+01	1.276750260000000e-04
3.974305169994477e+01	1.343338660000000e-04
3.979057459998876e+01	1.392848350000000e-04
3.982216690003406e+01	1.448114780000000e-04
3.985330369998701e+01	1.533701140000000e-04
3.990025830001105e+01	1.647496390000000e-04
3.994768839993048e+01	1.742293530000000e-04
3.999486480001360e+01	1.830950350000000e-04
4.004244500002824e+01	1.898498300000000e-04
4.008725450001657e+01	1.931888400000000e-04
4.012170260003768e+01	1.976024800000000e-04
4.015289299993310e+01	2.023231650000000e-04
4.019698110001627e+01	2.085406450000000e-04
4.024428109999280e+01	2.145278560000000e-04
4.029042900004424e+01	2.209756060000000e-04
4.033859169995412e+01	2.246600340000000e-04
4.039889750001021e+01	2.330459680000000e-04
4.042940090002958e+01	2.372485180000000e-04
4.045981190004386e+01	2.415278290000000e-04
4.049085760000162e+01	2.480715340000000e-04
4.053790729993489e+01	2.514873050000000e-04
4.058510279993061e+01	2.574744870000000e-04
4.061670559993945e+01	2.616386920000000e-04
4.064864949998446e+01	2.671845140000000e-04
4.069414050003979e+01	2.705235380000000e-04
4.072495649999473e+01	2.734787700000000e-04
4.075587909994647e+01	2.770864520000000e-04
4.080078970000613e+01	2.820566010000000e-04
4.084830569999758e+01	2.869307650000000e-04
4.089455389999785e+01	2.922847050000000e-04
4.094037460000254e+01	2.973508090000000e-04
4.098668059997726e+01	2.999222490000000e-04
4.101760130003095e+01	3.028007050000000e-04
4.104897659993730e+01	3.065810890000000e-04
4.109480770002119e+01	3.108987880000000e-04
4.114283369993791e+01	3.151013520000000e-04
4.118927139998414e+01	3.174233130000000e-04
4.125105479999911e+01	3.240053770000000e-04
4.129721710004378e+01	3.271524910000000e-04
4.132827169995289e+01	3.304723360000000e-04
4.136099089996424e+01	3.341184060000000e-04
4.139111079997383e+01	3.387623290000000e-04
4.145635919994675e+01	3.421588920000000e-04
4.150096610002220e+01	3.473017130000000e-04
4.154614680004306e+01	3.528668020000000e-04
4.159310239995830e+01	3.559563190000000e-04
4.162493389996234e+01	3.584701920000000e-04
4.165577419998590e+01	3.614829910000000e-04
4.170370349998120e+01	3.651098230000000e-04
4.174924629996531e+01	3.680650260000000e-04
4.179626730002929e+01	3.707900180000000e-04
4.184239120001439e+01	3.731695470000000e-04
4.188799389998894e+01	3.745703430000000e-04
4.191994569997769e+01	3.762014970000000e-04
4.195131529995706e+01	3.791183700000000e-04
4.199710979999509e+01	3.837814730000000e-04
4.204412320000120e+01	3.889051440000000e-04
4.209038700000383e+01	3.938944430000000e-04
4.215337740001269e+01	3.984232610000000e-04
4.219983659998979e+01	4.021844360000000e-04
4.223031529993750e+01	4.048326230000000e-04
4.226202050002757e+01	4.072696900000000e-04
4.229309789999388e+01	4.101673550000000e-04
4.233920729998499e+01	4.113954780000000e-04
4.238606619997881e+01	4.153485930000000e-04
4.241728940000758e+01	4.189179160000000e-04
4.245047799998429e+01	4.243102160000000e-04
4.249528789997566e+01	4.290308860000000e-04
4.252679050003644e+01	4.321587910000000e-04
4.255784649995621e+01	4.349797380000000e-04
4.258820809994359e+01	4.366108620000000e-04
4.265140360000078e+01	4.403336500000000e-04
4.269718629994895e+01	4.425980440000000e-04
4.274411600001622e+01	4.449775730000000e-04
4.279031119996216e+01	4.471844300000000e-04
4.282191569998395e+01	4.489498390000000e-04
4.285224609996658e+01	4.475681930000000e-04
4.289931649994105e+01	4.367451770000000e-04
4.294544429995585e+01	4.245020970000000e-04
4.299259579996578e+01	4.097835920000000e-04
4.303909680002835e+01	3.932036340000000e-04
4.308593149995431e+01	3.775255750000000e-04
4.311810359999072e+01	3.882526650000000e-04
4.315004979993682e+01	4.383379130000000e-04
4.319574410002679e+01	4.779839360000000e-04
4.324339109996799e+01	4.822057090000000e-04
4.329062440001871e+01	4.860820480000000e-04
4.335138310003094e+01	4.892675210000000e-04
4.339814840001054e+01	4.911481520000000e-04
4.342943220003508e+01	4.931822190000000e-04
4.346088859997690e+01	4.953698950000000e-04
4.349203279998619e+01	4.982099050000000e-04
4.353932710003573e+01	4.997451320000000e-04
4.358624480001163e+01	5.033719940000000e-04
4.361708520003594e+01	5.054828940000000e-04
4.364865069999360e+01	5.083996800000000e-04
4.369581860001199e+01	5.102995200000000e-04
4.372735089994967e+01	5.125254970000000e-04
4.375843059993349e+01	5.143293530000000e-04
4.378929750004318e+01	5.158453709999999e-04
4.385035600000992e+01	5.199327720000000e-04
4.389718800003175e+01	5.222738840000000e-04
4.394271039997693e+01	5.244232020000001e-04
4.398929059994407e+01	5.259007450000000e-04
4.402082989993505e+01	5.285106020000000e-04
4.405215450003743e+01	5.317920000000000e-04
4.409918639995158e+01	5.365510590000000e-04
4.414924429997336e+01	5.418858489999999e-04
4.419372909993399e+01	5.480265830000000e-04
4.423959519993514e+01	5.511161290000000e-04
4.428692700003739e+01	5.568922500000000e-04
4.431795359996613e+01	5.611906530000000e-04
4.434919590002391e+01	5.670244570000000e-04
4.439590420003515e+01	5.736640890000000e-04
4.444347449997440e+01	5.800926590000000e-04
4.448974440002348e+01	5.838730140000000e-04
4.453598199994303e+01	5.897066440000000e-04
4.456682609999552e+01	5.929305920000000e-04
4.459825519996230e+01	5.957130920000000e-04
4.462843929999508e+01	5.984955350000000e-04
4.466087280004285e+01	6.012589440000000e-04
4.469130309997126e+01	6.047322530000000e-04
4.473830760002602e+01	6.062482720000000e-04
4.478516289999243e+01	6.091459070000000e-04
4.481573070003651e+01	6.110648970000000e-04
4.484594050003216e+01	6.144998480000000e-04
4.489311669999734e+01	6.168602270000000e-04
4.492319669993594e+01	6.196043100000000e-04
4.495377629995346e+01	6.226555560000000e-04
4.498586779995821e+01	6.247088310000000e-04
4.501725150004495e+01	6.273570470000000e-04
4.504800189996604e+01	6.307535220000000e-04
4.509425049996935e+01	6.352247440000001e-04
4.514203949994408e+01	6.398687260000000e-04
4.518866849993356e+01	6.426320180000000e-04
4.522029950004071e+01	6.466810590000000e-04
4.525098979996983e+01	6.514976850000000e-04
4.529831829993054e+01	6.571011040000000e-04
4.534474079997744e+01	6.619369380000000e-04
4.539153929997701e+01	6.666576370000000e-04
4.545339629997034e+01	6.696895580000001e-04
4.550072220002767e+01	6.720306700000000e-04
4.553199399996083e+01	6.740264360000000e-04
4.556278209993616e+01	6.755807550000000e-04
4.559324489999563e+01	6.780754770000000e-04
4.564028339996003e+01	6.801096020000000e-04
4.568821679998655e+01	6.812802170000000e-04
4.574930279992986e+01	6.853676170000000e-04
4.579732949996833e+01	6.874976680000000e-04
4.582903639995493e+01	6.890136860000000e-04
4.585922270000447e+01	6.913163820000000e-04
4.589091329998337e+01	6.945595380000000e-04
4.595268760004546e+01	6.980136390000000e-04
4.599915970000438e+01	7.025807860000000e-04
4.604484069999307e+01	7.065531099999999e-04
4.609212649997789e+01	7.091052830000000e-04
4.612315859994851e+01	7.122716630000000e-04
4.615838040004019e+01	7.158025400000000e-04
4.620155699993484e+01	7.201586270000000e-04
4.625399789994117e+01	7.236704110000000e-04
4.629506100004073e+01	7.280263820000000e-04
4.634281499998178e+01	7.319986470000000e-04
4.638933100004215e+01	7.343206670000000e-04
4.642036909994204e+01	7.369113150000000e-04
4.645121279999148e+01	7.406916700000000e-04
4.649714480002876e+01	7.451245330000000e-04
4.654417939996347e+01	7.490583810000000e-04
4.659020939993206e+01	7.518792410000000e-04
4.665451070002746e+01	7.533952590000000e-04
4.670038579998072e+01	7.543356040000000e-04
4.673095380002633e+01	7.546810080000000e-04
4.676221509999596e+01	7.549496950000000e-04
4.679430049995426e+01	7.542012610000000e-04
4.684047319996171e+01	7.488664120000000e-04
4.688641699997243e+01	7.445488010000000e-04
4.691768800001591e+01	7.372950200000000e-04
4.694827870000154e+01	7.248984770000000e-04
4.699409189994913e+01	7.153803600000000e-04
4.702557860000525e+01	7.043079240000000e-04
4.705604539997876e+01	6.893398820000000e-04
4.710140199994203e+01	6.635680910000000e-04
4.714993760001380e+01	6.309837920000000e-04
4.719554380001500e+01	5.943122670000000e-04
4.724216120003257e+01	5.629370570000000e-04
4.728928939998150e+01	5.467792510000000e-04
4.732058619998861e+01	5.304871010000000e-04
4.735205129999667e+01	5.122568110000000e-04
4.739922409993596e+01	4.958687930000000e-04
4.744732369994745e+01	4.837024900000000e-04
4.749379249999765e+01	4.725148900000000e-04
4.754033480002545e+01	4.633613570000000e-04
4.758739570004400e+01	4.586598660000000e-04
4.761888179997914e+01	4.519626380000000e-04
4.764992540003732e+01	4.422909990000000e-04
4.769704619992990e+01	4.313336690000000e-04
4.774409199994989e+01	4.216428210000000e-04
4.779035489994567e+01	4.121247040000000e-04
4.785194429999683e+01	4.039498740000000e-04
4.789723520004191e+01	3.975020950000000e-04
4.792861069994979e+01	3.909776280000000e-04
4.796224020002410e+01	3.832249490000000e-04
4.799045929999556e+01	3.689477740000000e-04
4.805292509996798e+01	3.537494920000000e-04
4.809924370003864e+01	3.402974980000000e-04
4.814764169999398e+01	3.306834260000000e-04
4.819252969999798e+01	3.262314130000000e-04
4.822397269995417e+01	3.217026240000000e-04
4.825432619999629e+01	3.158113690000000e-04
4.830172989994753e+01	3.068881340000000e-04
4.834729249996599e+01	2.981184230000000e-04
4.839391069998965e+01	2.869691530000000e-04
4.844140589993913e+01	2.774318560000000e-04
4.848611189995427e+01	2.725384840000000e-04
4.851813089998905e+01	2.659755700000000e-04
4.854935159999877e+01	2.577815320000000e-04
4.859499849996064e+01	2.491845520000000e-04
4.864235869992990e+01	2.425640710000000e-04
4.868840949994046e+01	2.395896740000000e-04
4.873534829996061e+01	2.343700470000000e-04
4.876630969997495e+01	2.311269780000000e-04
4.879794089996722e+01	2.284788060000000e-04
4.882856079994235e+01	2.266365770000000e-04
4.885928730003070e+01	2.247367960000000e-04
4.889195750001818e+01	2.212442630000000e-04
4.895237179996911e+01	2.174255210000000e-04
4.900174009997863e+01	2.118796690000000e-04
4.904604169994127e+01	2.044532450000000e-04
4.909313519997522e+01	1.983700640000000e-04
4.912386719998904e+01	1.913466110000000e-04
4.916541040001903e+01	1.822890770000000e-04
4.920321059995331e+01	1.721376760000000e-04
4.924920089996886e+01	1.620246770000000e-04
4.929564549995121e+01	1.514319590000000e-04
4.934148449997883e+01	1.419330220000000e-04
4.938777209992986e+01	1.367901570000000e-04
4.941870899999049e+01	1.308797360000000e-04
4.944920999999158e+01	1.237219550000000e-04
4.949510609998833e+01	1.156046640000000e-04
4.954234199994244e+01	1.084468890000000e-04
4.958925149997231e+01	1.048584310000000e-04
4.965456239995547e+01	9.647248950000000e-05
4.970095420000143e+01	9.207804400000000e-05
4.973151409998536e+01	8.906525910000000e-05
4.976320789998863e+01	8.618679569999999e-05
4.979500040004496e+01	8.209936640000000e-05
4.984114709997084e+01	7.851089320000000e-05
4.988724960002583e+01	7.626569280000000e-05
4.991815199994016e+01	7.327208730000001e-05
4.994999590003863e+01	6.908871730000000e-05
4.999709930003155e+01	6.596078310000001e-05
5.002827789995354e+01	6.348531309999999e-05
5.006025740003679e+01	6.081793250000000e-05
5.009159009996802e+01	5.721026170000000e-05
5.014023100002669e+01	5.354502720000000e-05
5.018534119997639e+01	4.698346310000000e-05
5.029516029998194e+01	4.555987470000000e-05
5.032587139995303e+01	4.409017860000000e-05
5.035702789993957e+01	4.236304080000000e-05
5.038924629997928e+01	4.090678700000000e-05
5.043723729997873e+01	3.873393870000000e-05
5.046834989998024e+01	3.747556910000000e-05
5.050009210000280e+01	3.595015730000000e-05
5.054689570004120e+01	3.433444730000000e-05
5.059411339997314e+01	3.267070860000000e-05
5.064038839994464e+01	3.125672450000000e-05
5.070406689995434e+01	3.005406690000000e-05
5.075030229997355e+01	2.913382380000000e-05
5.078184169996530e+01	2.836727440000000e-05
5.081251960003283e+01	2.764491550000000e-05
5.084431149996817e+01	2.665550890000000e-05
5.089128400001209e+01	2.566226250000000e-05
5.095410360000096e+01	2.447497540000000e-05
5.100008220004383e+01	2.327039510000000e-05
5.104865909996442e+01	2.263064740000000e-05
5.107900160003919e+01	2.208310980000000e-05
5.111074359994382e+01	2.155478610000000e-05
5.114644589996897e+01	2.081513590000000e-05
5.119030509993900e+01	2.004090130000000e-05
5.125726290000603e+01	1.937040910000000e-05
5.129982449999079e+01	1.857504320000000e-05
5.134594409994315e+01	1.807938130000000e-05
5.137672419997398e+01	1.759140290000000e-05
5.140727099997457e+01	1.688825070000000e-05
5.145338540000375e+01	1.592382250000000e-05
5.150076309998985e+01	1.478264580000000e-05
5.154725219996180e+01	1.387585050000000e-05
5.159426569996867e+01	1.300555690000000e-05
5.164233860000968e+01	1.253486970000000e-05
5.167415989993606e+01	1.205457560000000e-05
5.170757259998936e+01	1.146861630000000e-05
5.175132229994051e+01	1.063098350000000e-05
5.179758459993172e+01	9.695371769999999e-06
5.184450819995254e+01	8.936506670000000e-06
5.189037859998643e+01	8.219909430000000e-06
5.195195759995840e+01	7.743456990000001e-06
5.198322029993869e+01	7.347695370000000e-06
5.201455429999623e+01	6.965380630000000e-06
5.204843269998673e+01	6.488929560000000e-06
5.209242210001685e+01	6.012477120000000e-06
5.214051459997427e+01	5.635927660000000e-06
5.220190109999385e+01	5.280509870000000e-06
5.224822319997475e+01	4.383739910000000e-06
5.237202689994592e+01	4.230205830000000e-06
5.240395089995582e+01	4.064728270000000e-06
5.243523089995142e+01	3.920826660000000e-06
5.246609749994241e+01	3.793299130000000e-06
5.249707149993628e+01	3.606824290000000e-06
5.254390229994897e+01	3.395691460000000e-06
5.259135829994921e+01	3.190145210000000e-06
5.265326729998924e+01	3.065314790000000e-06
5.268544949998613e+01	2.961289280000000e-06
5.271697870001663e+01	2.844742310000000e-06
5.274824430001900e+01	2.659423220000000e-06
5.279716349998489e+01	2.422091030000000e-06
5.284419570001774e+01	2.190538450000000e-06
5.289036730001681e+01	1.941262780000000e-06
5.295277390000410e+01	1.770198990000000e-06
5.298354749998543e+01	1.639589300000000e-06
5.301431610004511e+01	1.502622580000000e-06
5.304539949994069e+01	1.343117220000000e-06
5.309141610004008e+01	1.226570250000000e-06
5.314027480001096e+01	1.109830690000000e-06
5.319983089994639e+01	9.765241199999999e-07
5.324639240000397e+01	8.977345370000000e-07
5.327798549993895e+01	8.137437250000000e-07
5.330923120002262e+01	7.045169920000000e-07
5.334030459995847e+01	5.498274050000000e-07
5.338727279996965e+01	4.797068410000000e-07
5.341834880004171e+01	4.088154530000000e-07
5.345029189996421e+01	3.517940570000000e-07
5.349658339994494e+01	3.438958340000000e-07
5.354220659995917e+01	3.577659130000000e-07
5.357351629994810e+01	3.787636730000000e-07
5.360413150000386e+01	4.636821130000000e-07
5.371476659993641e+01	4.877313130000000e-07
5.374657690001186e+01	5.174425160000000e-07
5.377830160001758e+01	5.499750840000000e-07
5.381030380004086e+01	5.938317140000000e-07
5.384067009994760e+01	6.667085590000000e-07
5.388665580004454e+01	7.164191520000001e-07
5.391799180000089e+01	7.826167800000000e-07
5.394912410003599e+01	1.102702980000000e-06
5.408898540004157e+01	1.185923220000000e-06
5.412056810001377e+01	1.256429410000000e-06
5.415133100003004e+01	1.372976160000000e-06
5.419935539993457e+01	1.543077020000000e-06
5.424462509993464e+01	1.716452630000000e-06
5.429188160004560e+01	1.850722240000000e-06
5.432566700002644e+01	2.008108820000000e-06
5.435399930004496e+01	2.217700510000000e-06
5.439951240003575e+01	2.534977970000000e-06
5.444598019996192e+01	2.763448260000000e-06
5.449309180001728e+01	2.925843320000000e-06
5.453888909996022e+01	2.995193880000000e-06
5.458459819993004e+01	3.107310020000000e-06
5.461766510002781e+01	3.194575580000000e-06
5.464831910002977e+01	3.310544570000000e-06
5.469669709994923e+01	3.438264680000000e-06
5.482226819999050e+01	3.749377580000000e-06
5.485286430001725e+01	3.838569680000000e-06
5.490031149995048e+01	3.931614630000000e-06
5.493139519996475e+01	4.022732810000000e-06
5.496278579998761e+01	4.133501080000000e-06
5.499388159997761e+01	4.380464360000000e-06
5.504054369998630e+01	4.640527550000000e-06
5.508823290001601e+01	4.809858180000000e-06
5.513433070003521e+01	5.134455930000000e-06
5.516577449999750e+01	5.344625610000000e-06
5.520058940001763e+01	5.479473200000000e-06
5.522829130000900e+01	5.502204200000000e-06
5.525922969996464e+01	5.504323780000000e-06
5.529029699997045e+01	5.430542390000000e-06
5.535315069998614e+01	4.959345920000000e-06
5.539832269994076e+01	4.099403210000000e-06
5.544513589993585e+01	3.146994000000000e-06
5.549199340003543e+01	2.480653620000000e-06
5.552410899999086e+01	1.801984470000000e-06
5.555360839993227e+01	1.099235420000000e-06
5.560182129999157e+01	4.980074660000000e-07
5.564628370001446e+01	3.591144380000000e-07
5.569295960001182e+01	5.791086440000000e-07
5.575685260002501e+01	1.128902000000000e-06
5.580354400002398e+01	1.711251230000000e-06
5.583474990003742e+01	2.215003630000000e-06
5.586576189997140e+01	2.784253410000000e-06
5.589709520002361e+01	3.846468190000000e-06
5.594376509997528e+01	5.214400970000000e-06
5.598937419999857e+01	6.209769250000000e-06
5.605206330004148e+01	1.358959430000000e-05
5.617756989994086e+01	1.524756860000000e-05
5.621313149994239e+01	1.695933500000000e-05
5.624015059997328e+01	1.951257760000000e-05
5.628823770000599e+01	2.069794210000000e-05
5.633502659993246e+01	2.303024850000000e-05
5.636569839995354e+01	2.484768080000000e-05
5.639638649998233e+01	2.812520870000000e-05
5.644277149997652e+01	3.015589030000000e-05
5.647404799994547e+01	3.228839340000000e-05
5.650580789998639e+01	3.499725430000000e-05
5.655124659999274e+01	3.886265770000000e-05
5.659715990000404e+01	4.322949100000000e-05
5.664413959998637e+01	4.663381330000000e-05
5.668922259996179e+01	4.843971690000000e-05
5.673667609994300e+01	5.175182380000000e-05
5.676731230004225e+01	5.388625140000000e-05
5.679914389993064e+01	5.762293590000000e-05
5.684602669999003e+01	6.200321510000000e-05
5.689145190001000e+01	6.684650000000000e-05
5.693802530004177e+01	6.945161289999999e-05
5.698471290001180e+01	7.463686780000000e-05
5.701562359998934e+01	7.789133820000000e-05
5.704683569993358e+01	8.145896570000001e-05
5.707820160000119e+01	9.862176380000000e-05
5.720867369999178e+01	1.014042650000000e-04
5.723494220001157e+01	1.041675710000000e-04
5.726678529998753e+01	1.071036310000000e-04
5.729673569998704e+01	1.094639590000000e-04
5.732728349999525e+01	1.112485920000000e-04
5.735720860003494e+01	1.131675740000000e-04
5.738773700001184e+01	1.143957340000000e-04
5.743527829996310e+01	1.167944280000000e-04
5.746610660001170e+01	1.182912380000000e-04
5.749646860000212e+01	1.204596770000000e-04
5.754316320002545e+01	1.227624450000000e-04
5.758834399993066e+01	1.239714040000000e-04
5.761927829997148e+01	1.250460480000000e-04
5.765061459993012e+01	1.269458300000000e-04
5.769642930000555e+01	1.300929430000000e-04
5.774437329999637e+01	1.336814310000000e-04
5.779135459999088e+01	1.375577410000000e-04
5.785346330003813e+01	1.421633060000000e-04
5.789973069995176e+01	1.468839620000000e-04
5.793036789994221e+01	1.512976010000000e-04
5.796215609996580e+01	1.558264050000000e-04
5.799413989996538e+01	1.623509160000000e-04
5.804144559998531e+01	1.673594230000000e-04
5.808928720001131e+01	1.701035650000000e-04
5.814166500000283e+01	1.758221330000000e-04
5.819844459998421e+01	1.785662610000000e-04
5.823080949997529e+01	1.812720150000000e-04
5.826242219994310e+01	1.842464260000000e-04
5.829413920000661e+01	1.888327680000000e-04
5.834025430004112e+01	1.935918120000000e-04
5.838646780001000e+01	1.954724430000000e-04
5.841743879998103e+01	1.975257180000000e-04
5.844828829995822e+01	2.003850100000000e-04
5.849482459994033e+01	2.026685830000000e-04
5.852616390003823e+01	2.052208290000000e-04
5.855756079999264e+01	2.084255100000000e-04
5.858831709995866e+01	2.107858450000000e-04
5.865007109998260e+01	2.181163440000000e-04
5.869724480004515e+01	2.240843610000000e-04
5.874586949998047e+01	2.299372140000000e-04
5.879115149995778e+01	2.335257010000000e-04
5.882139709999319e+01	2.370374280000000e-04
5.885371910000686e+01	2.425832640000000e-04
5.890038500004448e+01	2.489350740000000e-04
5.894762819993775e+01	2.540587450000000e-04
5.899456759996247e+01	2.579158750000000e-04
5.904116479994263e+01	2.607175850000000e-04
5.908835350000300e+01	2.623870680000000e-04
5.912039209995419e+01	2.646514620000000e-04
5.915195690002292e+01	2.683550990000000e-04
5.919986479997169e+01	2.741504290000000e-04
5.924788869998883e+01	2.800224760000000e-04
5.929410489997827e+01	2.859904780000000e-04
5.934037350001745e+01	2.918817340000000e-04
5.938734020001721e+01	2.946834430000000e-04
5.941830619995017e+01	2.982335280000000e-04
5.945038629998453e+01	3.031461090000000e-04
5.949755720002577e+01	3.079435560000000e-04
5.954429160000291e+01	3.124531650000000e-04
5.959057540004142e+01	3.172697910000000e-04
5.965431060001720e+01	3.223550450000000e-04
5.970118490001187e+01	3.266727730000000e-04
5.973316239996348e+01	3.302420370000000e-04
5.976415549998637e+01	3.330245670000000e-04
5.979530019999947e+01	3.368241300000000e-04
5.984195459994953e+01	3.408348130000000e-04
5.988848770002369e+01	3.435213880000000e-04
5.995021749997977e+01	3.522526820000000e-04
5.999722599994857e+01	3.566087400000000e-04
6.002911350002978e+01	3.605042880000000e-04
