# [General]
# timestamp=2025-04-17T15:52:28.152504
# comments='# '
# delimiter='\t'
# column_dtypes=float;;float
# column_headers='Time (s);;Power (W)'
# 
# [Metadata]
# scanner_x=-4.62856598041918
# scanner_y=3.7529566073227376
# start recoding time='17.04.2025, 15:51:28.000594'
# sample rate (hz)=50.0
# sample timing='TIMESTAMP'
# 
# ---- END HEADER ----
4.083200008608401e-03	3.600971100000000e-05
3.739960002712905e-02	3.604813540000000e-05
8.532940002623945e-02	3.606158500000000e-05
1.470285999821499e-01	3.605005620000000e-05
1.792339000385255e-01	3.602123980000000e-05
2.100777999730781e-01	3.601163550000000e-05
2.416317999595776e-01	3.605390160000000e-05
2.887497999472544e-01	3.605197710000000e-05
3.360125999897718e-01	3.605390160000000e-05
3.833912999834865e-01	3.604813540000000e-05
4.440418999874964e-01	3.602316060000000e-05
4.751417000079527e-01	3.604621450000000e-05
5.059845000505447e-01	3.603660660000000e-05
5.374765000306070e-01	3.605197710000000e-05
5.840766000328586e-01	3.603468940000000e-05
6.457999000558630e-01	3.604045200000000e-05
6.922732000239193e-01	3.602892320000000e-05
7.382412999868393e-01	3.601163550000000e-05
7.693162000505254e-01	3.601163550000000e-05
8.007092999760062e-01	3.602508510000000e-05
8.339328999863937e-01	3.601163550000000e-05
8.934915999416262e-01	3.600010680000000e-05
9.399284999817610e-01	3.599818590000000e-05
9.862161000492051e-01	3.599242340000000e-05
1.032319199992344e+00	3.599049890000000e-05
1.063877400010824e+00	3.600202760000000e-05
1.093660500016995e+00	3.602892320000000e-05
1.140876600053161e+00	3.603660660000000e-05
1.187653500004672e+00	3.598665720000000e-05
1.234880700008944e+00	3.594823280000000e-05
1.281738099991344e+00	3.594054940000000e-05
1.344601599965245e+00	3.592133730000000e-05
1.376120800036006e+00	3.590788760000000e-05
1.409382799989544e+00	3.590404960000000e-05
1.439231700031087e+00	3.589252080000000e-05
1.485804000054486e+00	3.588483740000000e-05
1.532680899952538e+00	3.589252080000000e-05
1.595612599980086e+00	3.590788760000000e-05
1.642752000014298e+00	3.590788760000000e-05
1.674731199978851e+00	3.593670770000000e-05
1.705710800015368e+00	3.593670770000000e-05
1.737691199989058e+00	3.595784070000000e-05
1.784691600012593e+00	3.596360690000000e-05
1.832134500029497e+00	3.596936590000000e-05
1.893642800045200e+00	3.600971100000000e-05
1.940004999982193e+00	3.606158500000000e-05
1.970636400044896e+00	3.606158500000000e-05
2.001974100014195e+00	3.607695180000000e-05
2.033301900024526e+00	3.607887270000000e-05
2.080020499997772e+00	3.610000930000000e-05
2.110484399949200e+00	3.610000930000000e-05
2.141258700052276e+00	3.610193020000000e-05
2.187904999940656e+00	3.613266740000000e-05
2.234604900004342e+00	3.616148750000000e-05
2.264972300035879e+00	3.616917090000000e-05
2.295647999970242e+00	3.619414570000000e-05
2.342174199991859e+00	3.618454140000000e-05
2.388166100019589e+00	3.619798740000000e-05
2.435883200028911e+00	3.620182910000000e-05
2.482831100001931e+00	3.619414570000000e-05
2.545405499986373e+00	3.617301260000000e-05
2.576909899944440e+00	3.615956300000000e-05
2.608878499944694e+00	3.614803790000000e-05
2.640906900051050e+00	3.614419620000000e-05
2.688173600006849e+00	3.614419620000000e-05
2.734671800048091e+00	3.614419620000000e-05
2.783558199997060e+00	3.616532560000000e-05
2.843138399999589e+00	3.616917090000000e-05
2.874501800048165e+00	3.617493350000000e-05
2.905322800041176e+00	3.618645860000000e-05
2.936659500002861e+00	3.619030390000000e-05
2.983493800042197e+00	3.620951610000000e-05
3.046037800027989e+00	3.620567080000000e-05
3.093538300017826e+00	3.614611340000000e-05
3.139553899993189e+00	3.585025480000000e-05
3.171581099973992e+00	3.556015510000000e-05
3.203502499964088e+00	3.552749690000000e-05
3.234621100011282e+00	3.552557610000000e-05
3.281578599940985e+00	3.551212650000000e-05
3.343568200012669e+00	3.562739580000000e-05
3.391044500051066e+00	3.563700370000000e-05
3.438254100037739e+00	3.562163330000000e-05
3.470241499948315e+00	3.558321260000000e-05
3.501260000048205e+00	3.556976300000000e-05
3.533295599976555e+00	3.557744640000000e-05
3.579756199964322e+00	3.572538120000000e-05
3.611417199950665e+00	3.595976160000000e-05
3.642537400010042e+00	3.602700240000000e-05
3.689856700017117e+00	3.601739450000000e-05
3.737104499945417e+00	3.560050030000000e-05
3.768426800030284e+00	3.440745420000000e-05
3.801172200008295e+00	3.424415260000000e-05
3.831624299986288e+00	3.660143560000000e-05
3.892259299987927e+00	5.502550630000000e-05
3.939471999998204e+00	6.439892600000000e-05
3.985726200044155e+00	7.623720740000000e-05
4.047643600031734e+00	8.437146610000000e-05
4.079434799961746e+00	8.852793690000001e-05
4.202686500037089e+00	8.783711380000000e-05
4.233813500031829e+00	8.743412040000000e-05
4.280940499971621e+00	8.745331430000000e-05
4.311295200022869e+00	8.847037680000000e-05
4.342617399990559e+00	9.388187749999999e-05
4.390183500014246e+00	1.094639590000000e-04
4.436776999966241e+00	1.236067910000000e-04
4.481972099980339e+00	1.297475390000000e-04
4.544248800026253e+00	1.351974210000000e-04
4.589793300023302e+00	1.386323860000000e-04
4.622157200006768e+00	1.438519980000000e-04
4.652716899989173e+00	1.482656520000000e-04
4.684134199982509e+00	1.595108190000000e-04
4.731685000006109e+00	1.675129460000000e-04
4.778174499981105e+00	1.867218960000000e-04
4.808518099947833e+00	2.021696420000000e-04
4.838971000048332e+00	2.271355190000000e-04
4.885062100016512e+00	2.422186660000000e-04
4.916102900053374e+00	2.510075860000000e-04
4.945696100010537e+00	2.572442460000000e-04
4.992021800018847e+00	2.699670440000000e-04
5.037852999987081e+00	2.848199220000000e-04
5.084003299940377e+00	3.041247840000000e-04
5.145261400029995e+00	3.229499560000000e-04
5.191285299952142e+00	3.363059950000000e-04
5.222328100004233e+00	3.483379840000000e-04
5.254211700055748e+00	3.638049530000000e-04
5.286283100023866e+00	3.984424110000000e-04
5.346486800001003e+00	4.412355770000000e-04
5.394310500007123e+00	4.883271760000000e-04
5.440998799982481e+00	5.232142280000000e-04
5.487714700051583e+00	5.407536520000000e-04
5.519818500033580e+00	5.493506320000000e-04
5.550736699951813e+00	5.612291280000000e-04
5.582225200021639e+00	5.737792230000000e-04
5.629466300015338e+00	5.982652660000000e-04
5.660594500019215e+00	6.152482819999999e-04
5.690948299947195e+00	6.379497350000000e-04
5.737061699968763e+00	6.530329120000000e-04
5.783518100040965e+00	6.613804140000000e-04
5.814714599982835e+00	6.739497770000000e-04
5.847551399958320e+00	6.932737890000000e-04
5.892282400047407e+00	7.268942430000000e-04
5.938591700047255e+00	7.677108520000000e-04
5.985274699982256e+00	8.113483780000000e-04
6.031719299964607e+00	8.318047040000000e-04
6.092272300040349e+00	9.326169380000000e-04
6.185328599996865e+00	9.426047910000000e-04
6.216053899959661e+00	9.572024570000000e-04
6.247099500033073e+00	9.887027550000000e-04
6.293389300000854e+00	1.059386410000000e-03
6.340601300005801e+00	1.107405060000000e-03
6.371966999955475e+00	1.133527260000000e-03
6.403072100016288e+00	1.158881230000000e-03
6.433663400006481e+00	1.171750130000000e-03
6.495053200051188e+00	1.139865960000000e-03
6.542137500015087e+00	1.072063340000000e-03
6.591491600032896e+00	1.001763970000000e-03
6.635305700008757e+00	9.691111039999999e-04
6.665962100028992e+00	9.385712330000000e-04
6.697316500009038e+00	8.984273880000000e-04
6.743324500042945e+00	8.642380710000000e-04
6.790688600041904e+00	8.367713890000000e-04
6.838433100027032e+00	8.177558780000000e-04
6.885182099998929e+00	7.993168549999999e-04
6.932980400044471e+00	7.889447150000000e-04
6.965329400030896e+00	7.797250290000000e-04
6.994690999970771e+00	7.666639870000000e-04
7.041214199969545e+00	7.522583470000000e-04
7.089197200024500e+00	7.390051030000000e-04
7.135138400015421e+00	7.245996380000000e-04
7.182342499960214e+00	7.201817930000001e-04
7.228571000043303e+00	7.084652320000000e-04
7.259581999969669e+00	6.710328740000000e-04
7.383506900048815e+00	6.658708440000000e-04
7.414798200014047e+00	6.594038570000000e-04
7.445311999996193e+00	6.507492510000000e-04
7.491581900045276e+00	6.400030690000000e-04
7.537819699966349e+00	6.343228740000000e-04
7.569242199999280e+00	6.258793290000000e-04
7.603451199945994e+00	6.141544440000000e-04
7.632293400005437e+00	6.083399060000000e-04
7.678545700036921e+00	5.981501310000000e-04
7.709227500017732e+00	5.901288240000001e-04
7.740521700005047e+00	5.784998650000000e-04
7.787332199979573e+00	5.668708470000000e-04
7.834107200033031e+00	5.605957700000000e-04
7.865844300016761e+00	5.539369890000000e-04
7.902483699959703e+00	5.426534340000000e-04
7.943423100048676e+00	5.294891890000000e-04
7.989964399952441e+00	5.153271490000000e-04
8.036458799964748e+00	5.032184420000000e-04
8.083190200035460e+00	4.956192570000000e-04
8.131211500032805e+00	4.797877630000000e-04
8.162122800014913e+00	4.702888550000000e-04
8.193381099961698e+00	4.590436580000000e-04
8.239839200046845e+00	4.425596560000000e-04
8.286164700053632e+00	4.170948520000000e-04
8.348641799995676e+00	3.956215510000000e-04
8.379834300023504e+00	3.858923450000000e-04
8.410675999941304e+00	3.754915090000000e-04
8.441935800015926e+00	3.660117220000000e-04
8.473358200048096e+00	3.579520560000000e-04
8.504418399999849e+00	3.495469570000000e-04
8.534834999940358e+00	3.331589110000000e-04
8.581830900046043e+00	3.244275580000000e-04
8.642177799949422e+00	3.025128390000000e-04
8.689392999978736e+00	2.824595720000000e-04
8.736682499991730e+00	2.706002850000000e-04
8.768173199961893e+00	2.577047850000000e-04
8.798734199954197e+00	2.431397730000000e-04
8.843771200045012e+00	2.259073810000000e-04
8.891619000001810e+00	2.108242330000000e-04
8.936097500030883e+00	1.970651790000000e-04
8.982779999962077e+00	1.876238090000000e-04
9.029442599974573e+00	1.699884310000000e-04
9.060328199993819e+00	1.603360000000000e-04
9.091560899978504e+00	1.458093610000000e-04
9.138725699973293e+00	1.334127590000000e-04
9.184489800012670e+00	1.223211000000000e-04
9.230374100035988e+00	1.167560620000000e-04
9.262339500011876e+00	1.091185480000000e-04
9.297178199980408e+00	9.915906410000000e-05
9.339433099958114e+00	9.274967310000000e-05
9.370711599942297e+00	8.522730060000000e-05
9.401297900010832e+00	7.526781700000000e-05
9.432218099944293e+00	6.928062070000000e-05
9.481555899954401e+00	5.989682180000000e-05
9.541561300051399e+00	5.045547370000000e-05
9.589101999998093e+00	4.571560570000000e-05
9.636102000018582e+00	4.356634600000000e-05
9.668235799996182e+00	4.157061630000000e-05
9.699475800036453e+00	3.727960940000000e-05
9.825394200044684e+00	3.655724500000000e-05
9.856397000025027e+00	3.596744500000000e-05
9.891972100012936e+00	3.540646500000000e-05
9.935849000001326e+00	3.511444450000000e-05
9.983311800053343e+00	3.494922200000000e-05
1.003124239994213e+01	3.453616960000000e-05
1.006229379994329e+01	3.428065250000000e-05
1.009548999997787e+01	3.388104960000000e-05
1.014065680000931e+01	3.354868750000000e-05
1.018812529998831e+01	3.341612320000000e-05
1.023446599999443e+01	3.348720930000000e-05
1.029678770003375e+01	3.367356110000000e-05
1.034227779996581e+01	3.387144170000000e-05
1.037334609997924e+01	3.410006680000000e-05
1.040480869996827e+01	3.443242530000000e-05
1.043634899996687e+01	3.492808900000000e-05
1.048314150003716e+01	3.533922060000000e-05
1.054622819996439e+01	3.709902010000000e-05
1.059332570002880e+01	3.865132750000000e-05
1.064223760005552e+01	4.018826800000000e-05
1.067370170005597e+01	4.145624550000000e-05
1.070447720005177e+01	4.300279030000000e-05
1.073539010004606e+01	4.478756450000000e-05
1.078339590004180e+01	4.532164890000000e-05
1.084420419996604e+01	4.664342120000000e-05
1.089067110000178e+01	4.555795750000000e-05
1.093809850001708e+01	4.339855150000000e-05
1.096924829995260e+01	4.097787310000000e-05
1.099991070001852e+01	3.804808150000000e-05
1.103177240001969e+01	3.650153300000000e-05
1.109278289997019e+01	3.376385580000000e-05
1.114079960004892e+01	3.359095350000000e-05
1.118752789997961e+01	3.466681300000000e-05
1.123430789995473e+01	3.553518400000000e-05
1.126536690001376e+01	3.651882430000000e-05
1.129634739994071e+01	3.717010260000000e-05
1.134331819997169e+01	3.764463330000000e-05
1.139093320001848e+01	3.865709370000000e-05
1.143735360004939e+01	3.924689010000000e-05
1.148415399994701e+01	4.040151910000000e-05
1.154623059998266e+01	4.155230270000000e-05
1.157688700000290e+01	4.277801050000000e-05
1.160844490001909e+01	4.445135710000000e-05
1.164074780000374e+01	4.887006430000000e-05
1.168706959998235e+01	5.500821860000000e-05
1.173377589997835e+01	5.930012050000000e-05
1.178134790004697e+01	6.054696500000000e-05
1.182842499995604e+01	6.517699510000000e-05
1.185965919995215e+01	6.804915760000000e-05
1.189334760000929e+01	7.009520780000000e-05
1.194017169997096e+01	7.153992920000001e-05
1.198623419995420e+01	7.349761290000000e-05
1.203376210003626e+01	7.621222900000000e-05
1.208057690004352e+01	7.801814350000001e-05
1.214334750000853e+01	8.106512540000001e-05
1.217443490005098e+01	8.232733669999999e-05
1.220611180004198e+01	8.392190649999999e-05
1.223792410001624e+01	9.261535160000000e-05
1.236502210004255e+01	9.447677440000000e-05
1.239381110004615e+01	9.691386370000000e-05
1.242582719994243e+01	9.984989450000000e-05
1.245644139999058e+01	1.030737690000000e-04
1.248830159998033e+01	1.084468890000000e-04
1.253466500004288e+01	1.144916680000000e-04
1.258212449995335e+01	1.196345260000000e-04
1.262742699997034e+01	1.273104140000000e-04
1.265849950001575e+01	1.310524240000000e-04
1.268986669997685e+01	1.351782120000000e-04
1.272190290002618e+01	1.391505070000000e-04
1.275251619995106e+01	1.430844130000000e-04
1.278324270003941e+01	1.465577520000000e-04
1.283102849998977e+01	1.518924980000000e-04
1.286238239996601e+01	1.545790730000000e-04
1.289328179997392e+01	1.572080510000000e-04
1.294136970001273e+01	1.627922900000000e-04
1.298896310001146e+01	1.669180780000000e-04
1.301903960003983e+01	1.694127420000000e-04
1.305027929996140e+01	1.725790500000000e-04
1.308111869997811e+01	1.751312960000000e-04
1.314412379998248e+01	1.858007740000000e-04
1.318999410001561e+01	1.931696460000000e-04
1.323581039998680e+01	1.988882000000000e-04
1.328293109999504e+01	2.024958670000000e-04
1.331435919995420e+01	2.072549400000000e-04
1.334635630005505e+01	2.127623880000000e-04
1.339237170002889e+01	2.232400000000000e-04
1.343941480002832e+01	2.324510710000000e-04
1.348645109997597e+01	2.475150400000000e-04
1.353427089995239e+01	2.598732240000000e-04
1.358119639998768e+01	2.644211930000000e-04
1.361174910003319e+01	2.702548810000000e-04
1.364374800003134e+01	2.810395090000000e-04
1.369096849998459e+01	2.921887790000000e-04
1.373793770000339e+01	3.028774520000000e-04
1.378460240003187e+01	3.172889700000000e-04
1.383131369994953e+01	3.251951420000000e-04
1.389278460002970e+01	3.445192410000000e-04
1.392442890000530e+01	3.506791250000000e-04
1.395481330004986e+01	3.570885460000000e-04
1.398521529999562e+01	3.678731740000000e-04
1.403226070001256e+01	3.731695470000000e-04
1.409302300005220e+01	3.979626930000000e-04
1.413940360001288e+01	4.139669470000000e-04
1.418542730004992e+01	4.247707840000000e-04
1.421702320000622e+01	4.335021080000000e-04
1.424837609997485e+01	4.413891000000000e-04
1.429803499998525e+01	4.521161610000000e-04
1.434333760000300e+01	4.606363950000000e-04
1.439026340004057e+01	4.716897670000000e-04
1.443624159996398e+01	4.843357890000000e-04
1.448300070001278e+01	4.913976299999999e-04
1.451416140003130e+01	5.012226760000000e-04
1.454443260002881e+01	5.159988070000000e-04
1.459173149999697e+01	5.331545249999999e-04
1.463822149997577e+01	5.494274660000000e-04
1.468493200000376e+01	5.647792130000000e-04
1.473186920001172e+01	5.743548970000000e-04
1.479343860002700e+01	6.070541570000000e-04
1.482440919999499e+01	6.192972650000000e-04
1.485599539999384e+01	6.308110900000000e-04
1.488683620002121e+01	6.490221710000000e-04
1.493331250001211e+01	6.570051770000001e-04
1.498134900000878e+01	6.731629840000000e-04
1.502744360000361e+01	6.919112640000001e-04
1.505888210004196e+01	7.059773780000000e-04
1.509145589999389e+01	7.232482310000000e-04
1.512127470003907e+01	7.362588660000000e-04
1.515226050000638e+01	7.473696610000000e-04
1.518357420002576e+01	7.581927350000000e-04
1.523066440003458e+01	7.737556590000000e-04
1.529127299995162e+01	7.915829190000000e-04
1.533786840003449e+01	8.005253620000000e-04
1.538515340001322e+01	8.053419880000000e-04
1.541615189996082e+01	8.112524520000000e-04
1.544743229995947e+01	8.209815710000000e-04
1.549318019999191e+01	8.384634860000000e-04
1.553973610000685e+01	9.105282370000000e-04
1.567995619995054e+01	9.164825310000000e-04
1.571108050004113e+01	9.289674340000001e-04
1.574232429999392e+01	9.414523960000000e-04
1.578932500001974e+01	9.566261430000000e-04
1.583604139997624e+01	9.756417130000000e-04
1.588200240000151e+01	9.844771120000001e-04
1.594432440004312e+01	1.006949930000000e-03
1.597544459998608e+01	1.019434770000000e-03
1.600639220001176e+01	1.034032550000000e-03
1.603714999998920e+01	1.058810040000000e-03
1.608384550001938e+01	1.077633580000000e-03
1.614662030001637e+01	1.101642850000000e-03
1.619320139999036e+01	1.123539520000000e-03
1.623961459996644e+01	1.146204300000000e-03
1.627127080003265e+01	1.164259390000000e-03
1.630241729994304e+01	1.180201540000000e-03
1.633396920002997e+01	1.196720060000000e-03
1.638126209995244e+01	1.207284160000000e-03
1.644220940000378e+01	1.248004150000000e-03
1.648940239998046e+01	1.268556110000000e-03
1.653761420003138e+01	1.284882540000000e-03
1.656809299997985e+01	1.304090140000000e-03
1.659953669994138e+01	1.326946890000000e-03
1.663093320000917e+01	1.336934740000000e-03
1.666126319998875e+01	1.348267310000000e-03
1.669125629996415e+01	1.370548040000000e-03
1.673754120001104e+01	1.390331660000000e-03
1.678450169996358e+01	1.411844040000000e-03
1.683136559999548e+01	1.425481400000000e-03
1.686179019999690e+01	1.442768150000000e-03
1.689237260003574e+01	1.465048870000000e-03
1.694050449994393e+01	1.489250340000000e-03
1.698875210003462e+01	1.522479350000000e-03
1.703469799994491e+01	1.553211360000000e-03
1.708121500001289e+01	1.564927980000000e-03
1.714324450003915e+01	1.585479940000000e-03
1.717538240004797e+01	1.592394660000000e-03
1.720714409998618e+01	1.600269690000000e-03
1.723741209995933e+01	1.619861340000000e-03
1.728840089996811e+01	1.645983550000000e-03
1.733548969996627e+01	1.672682120000000e-03
1.738233159994707e+01	1.689968750000000e-03
1.742965679999907e+01	1.718780030000000e-03
1.746016549994238e+01	1.736835230000000e-03
1.749224619998131e+01	1.771216510000000e-03
1.753862260002643e+01	1.792728900000000e-03
1.758777969994117e+01	1.815201710000000e-03
1.763306509994436e+01	1.828454900000000e-03
1.768050250003580e+01	1.854769190000000e-03
1.771124710002914e+01	1.872824160000000e-03
1.774129160004668e+01	1.888766650000000e-03
1.777234330005012e+01	1.904132660000000e-03
1.780303680000361e+01	1.920266890000000e-03
1.783457429998089e+01	1.940818620000000e-03
1.788338609994389e+01	1.953303810000000e-03
1.794233710004482e+01	1.986340620000000e-03
1.798894499999005e+01	2.012462590000000e-03
1.803583840001374e+01	2.028212880000000e-03
1.806498499994632e+01	2.051837980000000e-03
1.809701310005039e+01	2.101585500000000e-03
1.814390639995690e+01	2.149988660000000e-03
1.819026830000803e+01	2.191668610000000e-03
1.823659069999121e+01	2.220672090000000e-03
1.828320679999888e+01	2.232580680000000e-03
1.834535509999841e+01	2.258318940000000e-03
1.837605680001434e+01	2.278294650000000e-03
1.840949099999852e+01	2.300575140000000e-03
1.843936099996790e+01	2.319782740000000e-03
1.848787319997791e+01	2.345329150000000e-03
1.854829970002174e+01	2.364152110000000e-03
1.858298770000692e+01	2.378750130000000e-03
1.864305590000004e+01	2.408329630000000e-03
1.867479269998148e+01	2.423887610000000e-03
1.870577350002714e+01	2.440213920000000e-03
1.873784580000211e+01	2.465375700000000e-03
1.878531690000091e+01	2.495147750000000e-03
1.883189409994520e+01	2.511858010000000e-03
1.889328129997011e+01	2.567175780000000e-03
1.894126410002355e+01	2.589264190000000e-03
1.897235169995110e+01	2.612889510000000e-03
1.900323489995208e+01	2.632673130000000e-03
1.903483490005601e+01	2.657450970000000e-03
1.908290829998441e+01	2.674929800000000e-03
1.914504450000823e+01	2.722564620000000e-03
1.919107980001718e+01	2.752144120000000e-03
1.923815240000840e+01	2.776345240000000e-03
1.926848690002225e+01	2.798626200000000e-03
1.929957719997037e+01	2.830318410000000e-03
1.934652779996395e+01	2.861242740000000e-03
1.939335040003061e+01	2.891782670000000e-03
1.944023519998882e+01	2.920209430000000e-03
1.948653640004341e+01	2.960353390000000e-03
1.954924930003472e+01	2.989740810000000e-03
1.957964510004967e+01	3.012597790000000e-03
1.961058860004414e+01	3.038143740000000e-03
1.964194110000972e+01	3.067723240000000e-03
1.968923450005241e+01	3.099800090000000e-03
1.973497670004144e+01	3.127074570000000e-03
1.978230279998388e+01	3.145513590000000e-03
1.982887369999662e+01	3.175093090000000e-03
1.985964339994825e+01	3.190267130000000e-03
1.989127899997402e+01	3.221383320000000e-03
1.993672360002529e+01	3.258645770000000e-03
1.998607099999208e+01	3.299173670000000e-03
2.003005469997879e+01	3.317613150000000e-03
2.006137629994191e+01	3.339509480000000e-03
2.009451269998681e+01	3.373698560000000e-03
2.014010690001305e+01	3.398284320000000e-03
2.017128370003775e+01	3.420949450000000e-03
2.020154140004888e+01	3.451297060000000e-03
2.023265849996824e+01	3.474346130000000e-03
2.029340079997201e+01	3.543685420000000e-03
2.034175180003513e+01	3.596697930000000e-03
2.038633130001836e+01	3.638186030000000e-03
2.043213329999708e+01	3.656625510000000e-03
2.046329220000189e+01	3.683899990000000e-03
2.049503820005339e+01	3.724043490000000e-03
2.054234219994396e+01	3.756312190000000e-03
2.059011069999542e+01	3.801641990000000e-03
2.063687909999862e+01	3.846587380000000e-03
2.068389730004128e+01	3.894414290000000e-03
2.074657800002024e+01	3.941088450000000e-03
2.077736029995140e+01	3.981040330000000e-03
2.080846840003505e+01	4.021760080000000e-03
2.083999470004346e+01	4.077653870000000e-03
2.088632839999627e+01	4.131243100000000e-03
2.093315860000439e+01	4.148145670000000e-03
2.098070790001657e+01	4.180605990000000e-03
2.101281610003207e+01	4.200966100000000e-03
2.104357249999885e+01	4.225167450000000e-03
2.107405639998615e+01	4.253402820000000e-03
2.110590770002455e+01	4.285478960000000e-03
2.113788850000128e+01	4.330808760000000e-03
2.118427299999166e+01	4.385742360000000e-03
2.123029660002794e+01	4.411672240000000e-03
2.126101739995647e+01	4.440483640000000e-03
2.129369279998355e+01	4.494072400000000e-03
2.133997329999693e+01	4.525380670000000e-03
2.137117229995783e+01	4.546316810000000e-03
2.140254120004829e+01	4.579161760000000e-03
2.143348679994233e+01	4.604515620000000e-03
2.148011959996074e+01	4.644275640000000e-03
2.151096460002009e+01	4.677696620000000e-03
2.154233690002002e+01	4.724370780000000e-03
2.158937309996691e+01	4.787179180000000e-03
2.163818100001663e+01	4.827898930000000e-03
2.166830699995626e+01	4.858055150000000e-03
2.169958110002335e+01	4.898198410000000e-03
2.174541530001443e+01	4.940647170000000e-03
2.179059959994629e+01	4.991354890000000e-03
2.183747539995238e+01	5.035148000000000e-03
2.188421189994551e+01	5.101413930000000e-03
2.194652999995742e+01	5.142134150000000e-03
2.197817799996119e+01	5.171905740000000e-03
2.200948460004292e+01	5.199948330000000e-03
2.204057860001922e+01	5.252000880000000e-03
2.208784960000776e+01	5.297522530000000e-03
2.213455640000757e+01	5.335745400000000e-03
2.218082200002391e+01	5.361675280000000e-03
2.221126909996383e+01	5.382803730000000e-03
2.224216160003562e+01	5.407581570000000e-03
2.227294239995535e+01	5.431398750000000e-03
2.230434349994175e+01	5.470966450000000e-03
2.233473470003810e+01	5.515719760000000e-03
2.238161329994909e+01	5.542994480000000e-03
2.244369370001368e+01	5.631156730000000e-03
2.249084220000077e+01	5.688779520000000e-03
2.253688429994509e+01	5.705682100000000e-03
2.256868479994591e+01	5.724313200000000e-03
2.259911910002120e+01	5.738142880000000e-03
2.264735850004945e+01	5.760807540000000e-03
2.269334859994706e+01	5.817661990000000e-03
2.274002889997791e+01	5.861262790000000e-03
2.278721650002990e+01	5.905631930000000e-03
2.283367740001995e+01	5.935788150000000e-03
2.286558590002824e+01	5.969593300000000e-03
2.289629950001836e+01	6.013578740000000e-03
2.294236630003434e+01	6.075426470000000e-03
2.298918949998915e+01	6.120180250000000e-03
2.303549110004678e+01	6.147839130000000e-03
2.308185690001119e+01	6.161667870000000e-03
2.314329499995802e+01	6.206805350000000e-03
2.317432690004352e+01	6.230623460000000e-03
2.320473160000984e+01	6.247909740000000e-03
2.323552360001486e+01	6.288245320000000e-03
2.328165529994294e+01	6.317632740000000e-03
2.334418619994540e+01	6.412518210000000e-03
2.339123910001945e+01	6.470332850000000e-03
2.343833969999105e+01	6.497223400000000e-03
2.347009149997029e+01	6.527571470000000e-03
2.350129199994262e+01	6.576166020000000e-03
2.354737769998610e+01	6.626681420000000e-03
2.359492950001732e+01	6.678926290000000e-03
2.364067500003148e+01	6.735204720000000e-03
2.368775110004935e+01	6.781110070000000e-03
2.373378450004384e+01	6.808384790000000e-03
2.376466560002882e+01	6.827784700000000e-03
2.379462249996141e+01	6.852177900000000e-03
2.384168279997539e+01	6.878300100000000e-03
2.388788229995407e+01	6.907111970000000e-03
2.393429610005114e+01	6.959932390000000e-03
2.398145820002537e+01	6.990664640000000e-03
2.404313550004736e+01	7.057890760000000e-03
2.407434189994819e+01	7.092080080000000e-03
2.410664919996634e+01	7.129534610000000e-03
2.413816349999979e+01	7.160651030000000e-03
2.418450139998458e+01	7.186196740000000e-03
2.423115320003126e+01	7.196568420000000e-03
2.427777359995525e+01	7.223458960000000e-03
2.430905909999274e+01	7.252846380000000e-03
2.434045480005443e+01	7.278584880000000e-03
2.437099620001391e+01	7.303362250000000e-03
2.440171330003068e+01	7.335823490000000e-03
2.443229419994168e+01	7.355990350000000e-03
2.448346330004279e+01	7.412845270000000e-03
2.454200639994815e+01	7.449339140000000e-03
2.459180599998217e+01	7.478151000000000e-03
2.463548139994964e+01	7.489675190000000e-03
2.466606750001665e+01	7.514260710000000e-03
2.469751139997970e+01	7.543072570000000e-03
2.474391149997246e+01	7.575724740000000e-03
2.479036330000963e+01	7.612986960000000e-03
2.483664670004509e+01	7.646984890000000e-03
2.488346399995498e+01	7.665423210000000e-03
2.494647870003246e+01	7.723046000000000e-03
2.497760680003557e+01	7.746863180000000e-03
2.500893280003220e+01	7.770681290000000e-03
2.504067849996500e+01	7.806023120000000e-03
2.508816439996008e+01	7.845974530000001e-03
2.513424219994340e+01	7.878435780000000e-03
2.517945539997891e+01	7.900331170000000e-03
2.520964889996685e+01	7.928375150000000e-03
2.524171430000570e+01	7.956225430000000e-03
2.527234439994209e+01	7.975241169999999e-03
2.530333889997564e+01	8.006357590000001e-03
2.533400389994495e+01	8.055336769999999e-03
2.538345500000287e+01	8.113726970000000e-03
2.544338079995941e+01	8.145418950000000e-03
2.549040360003710e+01	8.174806830000001e-03
2.553636479994748e+01	8.181337270000000e-03
2.556673149997368e+01	8.201889690000000e-03
2.559851130004972e+01	8.224939000000001e-03
2.564500809996389e+01	8.248562920000001e-03
2.569128250004724e+01	8.283137340000000e-03
2.573827690002508e+01	8.312524300000000e-03
2.578505870001391e+01	8.327122780000000e-03
2.583170550002251e+01	8.339223450000001e-03
2.586341480002739e+01	8.346137590000000e-03
2.589438880002126e+01	8.353052660000001e-03
2.594001190003473e+01	8.380711080000000e-03
2.598655989998952e+01	8.408945990000000e-03
2.603227610001341e+01	8.426808750000001e-03
2.609779419994447e+01	8.475212380000000e-03
2.614140760002192e+01	8.725948630000001e-03
2.626509610004723e+01	8.676425550000000e-03
2.629545970004983e+01	8.668805470000001e-03
2.632684110000264e+01	8.670710960000000e-03
2.635650280001573e+01	8.684043770000000e-03
2.638818869995885e+01	8.703092110000000e-03
2.643434399995022e+01	8.699282070000000e-03
2.648090640001465e+01	8.708807640000000e-03
2.651091740000993e+01	8.729758670000001e-03
2.654306479997467e+01	8.750712500000001e-03
2.658990030002315e+01	8.779281749999999e-03
2.663660039997194e+01	8.784997280000000e-03
2.668373030005023e+01	8.805950170000000e-03
2.674659500003327e+01	8.826902140000000e-03
2.679229410004336e+01	8.834520350000000e-03
2.682334110001102e+01	8.853568700000000e-03
2.685330429999158e+01	8.859284219999999e-03
2.688580010004807e+01	8.872617039999999e-03
2.694750300003216e+01	8.891663510000000e-03
2.699416869995184e+01	8.893569000000000e-03
2.704072209994774e+01	8.910711849999999e-03
2.709064850001596e+01	8.918330069999999e-03
2.711860299995169e+01	8.927855639999999e-03
2.714953179995064e+01	8.933568370000000e-03
2.717996340000536e+01	8.943093940000001e-03
2.720999580004718e+01	8.944996630000000e-03
2.724076529999729e+01	8.958332240000000e-03
2.729050370003097e+01	8.986901489999999e-03
2.733510749996640e+01	9.019283580000001e-03
2.738246100000106e+01	9.024998170000000e-03
2.741319079999812e+01	9.032616390000000e-03
2.744424580002669e+01	9.055473840000000e-03
2.749070790002588e+01	9.061188440000000e-03
2.754001700005028e+01	9.084044960000001e-03
2.758507999998983e+01	9.116427040000000e-03
2.763165540003683e+01	9.120237079999999e-03
2.767922469996847e+01	9.150713680000000e-03
2.771102379995864e+01	9.179284800000000e-03
2.774239499995019e+01	9.192618539999999e-03
2.778835309995338e+01	9.232617909999999e-03
2.783495739998762e+01	9.264998139999999e-03
2.788195429998450e+01	9.278331880000001e-03
2.794544569996651e+01	9.325951339999999e-03
2.798873460001778e+01	9.356427940000000e-03
2.802042259997688e+01	9.383094500000000e-03
2.805090200004634e+01	9.392618199999999e-03
2.808170199999586e+01	9.413571100000000e-03
2.814440820005257e+01	9.447855870000001e-03
2.819336459995247e+01	9.474523370000000e-03
2.823968819994479e+01	9.548809380000000e-03
2.828589269996155e+01	9.594524280000001e-03
2.831812209996860e+01	9.619286280000000e-03
2.834804259997327e+01	9.621190840000000e-03
2.839791709999554e+01	9.661191140000001e-03
2.843976209999528e+01	9.712619710000000e-03
2.848745569994207e+01	9.771667420000000e-03
2.853424539999105e+01	9.826906030000001e-03
2.858367990003899e+01	9.849762539999999e-03
2.861209129996132e+01	9.876429100000000e-03
2.864347909996286e+01	9.922144000000001e-03
2.868987949995790e+01	9.962144310000001e-03
2.873700660001487e+01	1.000595370000000e-02
2.878363790002186e+01	1.004023850000000e-02
2.883022190001793e+01	1.005357220000000e-02
2.886017560004257e+01	1.008404880000000e-02
2.889066749997437e+01	1.010309720000000e-02
2.892178289999720e+01	1.011452540000000e-02
2.895228690002114e+01	1.012976370000000e-02
2.898330379999243e+01	1.016976400000000e-02
2.903058739996050e+01	1.021547890000000e-02
2.906098810001276e+01	1.022690720000000e-02
2.909369979996700e+01	1.026309750000000e-02
2.913923690002412e+01	1.028976400000000e-02
2.918548590003047e+01	1.030881240000000e-02
2.921621189999860e+01	1.031452510000000e-02
2.924744499998633e+01	1.034119350000000e-02
2.929465930000879e+01	1.034690720000000e-02
2.934116980002727e+01	1.040595490000000e-02
2.938714210002217e+01	1.042119320000000e-02
2.943347060005181e+01	1.045738350000000e-02
2.949523370002862e+01	1.047643180000000e-02
2.952552729996387e+01	1.049928830000000e-02
2.955629950005095e+01	1.052214480000000e-02
2.958892979996745e+01	1.056404970000000e-02
2.963255219999701e+01	1.059262180000000e-02
2.967863880004734e+01	1.064214670000000e-02
2.970876710000448e+01	1.066690780000000e-02
2.974090620002244e+01	1.071643180000000e-02
2.978767079999670e+01	1.074690840000000e-02
2.981882070004940e+01	1.076976680000000e-02
2.985021269996651e+01	1.080024150000000e-02
2.988137770001777e+01	1.081357430000000e-02
2.994367179996334e+01	1.085738470000000e-02
2.999129479995463e+01	1.090881510000000e-02
3.003836799995042e+01	1.094309990000000e-02
3.008598510001320e+01	1.097738650000000e-02
3.011708410002757e+01	1.100024300000000e-02
3.014685999997891e+01	1.102690960000000e-02
3.019334060000256e+01	1.108786280000000e-02
3.024082950002048e+01	1.113738590000000e-02
3.028882609994616e+01	1.119071900000000e-02
3.033225710003171e+01	1.121167280000000e-02
3.037973859999329e+01	1.125548030000000e-02
3.041130779997911e+01	1.128976790000000e-02
3.044201060000341e+01	1.132214910000000e-02
3.048942929995246e+01	1.136214940000000e-02
3.053537419997156e+01	1.140405420000000e-02
3.058233959996141e+01	1.141167250000000e-02
3.063100239995401e+01	1.144976730000000e-02
3.067618209996726e+01	1.148976850000000e-02
3.070732839999255e+01	1.152786430000000e-02
3.073903349996544e+01	1.156976910000000e-02
3.078485820000060e+01	1.164405330000000e-02
3.083226329996251e+01	1.168405360000000e-02
3.087913929997012e+01	1.173738860000000e-02
3.091016369999852e+01	1.176596060000000e-02
3.094124199997168e+01	1.180976820000000e-02
3.098681080003735e+01	1.184786480000000e-02
3.101806609996129e+01	1.188405510000000e-02
3.105061849998310e+01	1.191834170000000e-02
3.108119950001128e+01	1.194119830000000e-02
3.114438019995578e+01	1.200214960000000e-02
3.119080550002400e+01	1.205738820000000e-02
3.123646249994636e+01	1.211453140000000e-02
3.128351420001127e+01	1.217358000000000e-02
3.132157669996377e+01	1.220976930000000e-02
3.134986029996071e+01	1.224786600000000e-02
3.139321280003060e+01	1.232024650000000e-02
3.143988469999749e+01	1.239072250000000e-02
3.148602980002761e+01	1.244405750000000e-02
3.153227129997686e+01	1.245739120000000e-02
3.158140949998051e+01	1.247834230000000e-02
3.161032390000764e+01	1.249167600000000e-02
3.164265249995515e+01	1.250881980000000e-02
3.169005990005098e+01	1.252024810000000e-02
3.173793019994628e+01	1.253929640000000e-02
3.178231519996189e+01	1.255072470000000e-02
3.182860580005217e+01	1.256215290000000e-02
3.185939230001532e+01	1.257739120000000e-02
3.189048900001217e+01	1.259643960000000e-02
3.192092760000378e+01	1.260215230000000e-02
3.195233600004576e+01	1.260596230000000e-02
3.198328759998549e+01	1.262691430000000e-02
3.203049789997749e+01	1.266120090000000e-02
3.206260169995949e+01	1.267834380000000e-02
3.209460740000941e+01	1.271643960000000e-02
3.214123359997757e+01	1.275072430000000e-02
3.218847719999030e+01	1.278691550000000e-02
3.221917599998415e+01	1.281739210000000e-02
3.224963870004285e+01	1.284786690000000e-02
3.228119719994720e+01	1.287072520000000e-02
3.234283700003289e+01	1.291643920000000e-02
3.238882180000655e+01	1.295834410000000e-02
3.243549019994680e+01	1.300977360000000e-02
3.248262859997340e+01	1.303834560000000e-02
3.251443049998488e+01	1.308215320000000e-02
3.254524140001740e+01	1.312596350000000e-02
3.259222989995033e+01	1.321358330000000e-02
3.263981760002207e+01	1.327263190000000e-02
3.268555579998065e+01	1.332977510000000e-02
3.273230090003926e+01	1.335834530000000e-02
3.278404509997927e+01	1.340215470000000e-02
3.281062690005638e+01	1.343263130000000e-02
3.284254780004267e+01	1.347644160000000e-02
3.288749570003711e+01	1.353358480000000e-02
3.293848619994242e+01	1.359834620000000e-02
3.298346879996825e+01	1.361548990000000e-02
3.304402619996108e+01	1.366120480000000e-02
3.309143459994812e+01	1.369929970000000e-02
3.312411690002773e+01	1.372025160000000e-02
3.315507460001390e+01	1.375453830000000e-02
3.318714489997365e+01	1.379834770000000e-02
3.323398669995368e+01	1.381929960000000e-02
3.327994849998504e+01	1.382310970000000e-02
3.330979299999308e+01	1.383644250000000e-02
3.334179490001407e+01	1.388977560000000e-02
3.338867719995324e+01	1.392215770000000e-02
3.341996690002270e+01	1.391453760000000e-02
3.345128699997440e+01	1.394310970000000e-02
3.348333299998194e+01	1.397168080000000e-02
3.354622529994231e+01	1.402310930000000e-02
3.359273030003533e+01	1.406501420000000e-02
3.364214340003673e+01	1.410311090000000e-02
3.368869480001740e+01	1.413930110000000e-02
3.371914519998245e+01	1.416025220000000e-02
3.375057979999110e+01	1.418501600000000e-02
3.378229260002263e+01	1.421358720000000e-02
3.382993510004599e+01	1.424596740000000e-02
3.386115090001840e+01	1.426311020000000e-02
3.389218059997074e+01	1.428215860000000e-02
3.393863730004523e+01	1.430311050000000e-02
3.398735630000010e+01	1.431834880000000e-02
3.401762459997553e+01	1.433168260000000e-02
3.404921870003454e+01	1.436977740000000e-02
3.408106520003639e+01	1.440977680000000e-02
3.414486410003155e+01	1.447073000000000e-02
3.419098509999458e+01	1.448977830000000e-02
3.423752179997973e+01	1.451073030000000e-02
3.428403850004543e+01	1.452596860000000e-02
3.431429090001620e+01	1.454501690000000e-02
3.434555960004218e+01	1.456025520000000e-02
3.439238029997796e+01	1.457168350000000e-02
3.443939690000843e+01	1.457739710000000e-02
3.448566460004076e+01	1.459644550000000e-02
3.454732919996604e+01	1.460596830000000e-02
3.459415270003956e+01	1.464025490000000e-02
3.463363569998182e+01	1.470311170000000e-02
3.468910469999537e+01	1.476406490000000e-02
3.473581530002411e+01	1.476787500000000e-02
3.478230700001586e+01	1.477930320000000e-02
3.482879279996268e+01	1.479263700000000e-02
3.485997009999119e+01	1.480596980000000e-02
3.489495989994612e+01	1.482120810000000e-02
3.492211050004698e+01	1.483263630000000e-02
3.495328000001609e+01	1.484787460000000e-02
3.498463690001518e+01	1.480787530000000e-02
3.503096759994514e+01	1.480596980000000e-02
3.507719149999321e+01	1.480215970000000e-02
3.510949249996338e+01	1.480596980000000e-02
3.514052220003214e+01	1.482120810000000e-02
3.518754720001016e+01	1.484025460000000e-02
3.521850459999405e+01	1.486692110000000e-02
3.524904639995657e+01	1.490120780000000e-02
3.529522860003635e+01	1.494120810000000e-02
3.534233799995854e+01	1.495263630000000e-02
3.538866569998208e+01	1.495644640000000e-02
3.543562779994681e+01	1.496597010000000e-02
3.548238259996288e+01	1.497739830000000e-02
3.551337890001014e+01	1.497930290000000e-02
3.554507420002483e+01	1.499073110000000e-02
3.559203659999184e+01	1.501739960000000e-02
3.564043919998221e+01	1.503644600000000e-02
3.568680360005237e+01	1.505549440000000e-02
3.573450749996118e+01	1.507073270000000e-02
3.579796180000994e+01	1.509930380000000e-02
3.582995869999286e+01	1.509740020000000e-02
3.586126190004870e+01	1.511644670000000e-02
3.589277479995508e+01	1.511835030000000e-02
3.593934659997467e+01	1.512597040000000e-02
3.598595130001195e+01	1.513359040000000e-02
3.603175269998610e+01	1.514121050000000e-02
3.607922640000470e+01	1.514501680000000e-02
3.611482919997070e+01	1.514882690000000e-02
3.614226760005113e+01	1.515073420000000e-02
3.619035339995753e+01	1.514121050000000e-02
3.623706980003044e+01	1.513549410000000e-02
3.628397190000396e+01	1.511835030000000e-02
3.633130690001417e+01	1.511835030000000e-02
3.639336340001319e+01	1.509930380000000e-02
3.642424660001416e+01	1.509740020000000e-02
3.645439520000946e+01	1.509549380000000e-02
3.648618879995774e+01	1.509930380000000e-02
3.653229989996180e+01	1.509740020000000e-02
3.657905189995654e+01	1.509549380000000e-02
3.661029520002194e+01	1.509930380000000e-02
3.664058989996556e+01	1.508025640000000e-02
3.668796789995395e+01	1.505930260000000e-02
3.671912849997170e+01	1.504025610000000e-02
3.675120749999769e+01	1.502120770000000e-02
3.678251149994321e+01	1.501739960000000e-02
3.683023129997309e+01	1.498692300000000e-02
3.686295590002555e+01	1.499073110000000e-02
3.689398219995201e+01	1.495454180000000e-02
3.694044659996871e+01	1.493930350000000e-02
3.698749410000164e+01	1.492977980000000e-02
3.701806419994682e+01	1.493549350000000e-02
3.704926989995874e+01	1.492406520000000e-02
3.708219999994617e+01	1.491263600000000e-02
3.714438019995578e+01	1.488215940000000e-02
3.719126480002888e+01	1.484978010000000e-02
3.723822780000046e+01	1.480406520000000e-02
3.728401049994864e+01	1.478311140000000e-02
3.731536470004357e+01	1.476025490000000e-02
3.734547429997474e+01	1.473930380000000e-02
3.739229720004369e+01	1.472787370000000e-02
3.743938180000987e+01	1.475644480000000e-02
3.748508160002530e+01	1.486692110000000e-02
3.754658940003719e+01	1.496406460000000e-02
3.759314789995551e+01	1.502501780000000e-02
3.762407519994304e+01	1.503835150000000e-02
3.765531529998407e+01	1.508787460000000e-02
3.768677429994568e+01	1.510692390000000e-02
3.773330520000309e+01	1.511644670000000e-02
3.778082340001129e+01	1.514692420000000e-02
3.782694479997735e+01	1.517930350000000e-02
3.785786959994584e+01	1.520216000000000e-02
3.788945480005350e+01	1.521930380000000e-02
3.792125559994020e+01	1.523835400000000e-02
3.795220419997349e+01	1.525549310000000e-02
3.798428700002842e+01	1.527263690000000e-02
3.803163870004937e+01	1.528406700000000e-02
3.808100200002082e+01	1.529358980000000e-02
3.814325259998441e+01	1.532025640000000e-02
3.819125769997481e+01	1.534311380000000e-02
3.822386699996423e+01	1.535263660000000e-02
3.825409169995692e+01	1.536597030000000e-02
3.828511729999445e+01	1.538121050000000e-02
3.834699440002441e+01	1.540025700000000e-02
3.839333470002748e+01	1.541930340000000e-02
3.844017710001208e+01	1.541358980000000e-02
3.848605950002093e+01	1.541930340000000e-02
3.851725599996280e+01	1.543073360000000e-02
3.854851720004808e+01	1.544597370000000e-02
3.858009329997003e+01	1.545549650000000e-02
3.861213819996919e+01	1.545549650000000e-02
3.864100139995571e+01	1.545930650000000e-02
3.868790829996578e+01	1.547073290000000e-02
3.873326480004471e+01	1.547644660000000e-02
3.877995340002235e+01	1.549168680000000e-02
3.881165020004846e+01	1.548787670000000e-02
3.884222310001496e+01	1.551454330000000e-02
3.888910280005075e+01	1.554882990000000e-02
3.893557079997845e+01	1.557549650000000e-02
3.898291739996057e+01	1.557740010000000e-02
3.902940500003751e+01	1.559073290000000e-02
3.906117630004883e+01	1.559264030000000e-02
3.909302190004382e+01	1.559835300000000e-02
3.912513990001753e+01	1.560216300000000e-02
3.915698630001862e+01	1.560025660000000e-02
3.918793919996824e+01	1.561930680000000e-02
3.923489690001588e+01	1.562120950000000e-02
3.928128230001312e+01	1.562311690000000e-02
3.934339439996984e+01	1.565739880000000e-02
3.939003929996397e+01	1.565549710000000e-02
3.942117560002953e+01	1.565549710000000e-02
3.945210100000259e+01	1.566692630000000e-02
3.948314559995197e+01	1.566311720000000e-02
3.954465809999965e+01	1.567835360000000e-02
3.959205420000944e+01	1.566120980000000e-02
3.963957799994387e+01	1.566120980000000e-02
3.968585999996867e+01	1.567073350000000e-02
3.971624280000106e+01	1.567835360000000e-02
3.974775670003146e+01	1.567263900000000e-02
3.979333589994349e+01	1.568025910000000e-02
3.983989309996832e+01	1.566882990000000e-02
3.988632940000389e+01	1.566882990000000e-02
3.993299590004608e+01	1.567263900000000e-02
3.998133390001021e+01	1.569168640000000e-02
4.001149890001398e+01	1.568216270000000e-02
4.004352529998869e+01	1.566120980000000e-02
4.009034090000205e+01	1.563835330000000e-02
4.013794789998792e+01	1.561930680000000e-02
4.018429140001535e+01	1.560216300000000e-02
4.023093369998969e+01	1.557740010000000e-02
4.027758090000134e+01	1.556406640000000e-02
4.030895550001878e+01	1.556025630000000e-02
4.034210170002189e+01	1.552216340000000e-02
4.038663940003607e+01	1.550501960000000e-02
4.044748279999476e+01	1.548597310000000e-02
4.049345579999499e+01	1.544787640000000e-02
4.053919959999621e+01	1.543454360000000e-02
4.058577809995040e+01	1.541739980000000e-02
4.061675479996484e+01	1.538692320000000e-02
4.064733990002424e+01	1.534692380000000e-02
4.069334019999951e+01	1.528406700000000e-02
4.073938959999941e+01	1.523644660000000e-02
4.078671230003238e+01	1.520025730000000e-02
4.083338600001298e+01	1.517740080000000e-02
4.088140279997606e+01	1.516787710000000e-02
4.091237230005208e+01	1.516216060000000e-02
4.094336709997151e+01	1.516406700000000e-02
4.099011699995026e+01	1.514121050000000e-02
4.103649189998396e+01	1.511454020000000e-02
4.108398410002701e+01	1.506311260000000e-02
4.114521710004192e+01	1.503263600000000e-02
4.119128280004952e+01	1.500025670000000e-02
4.122234870004468e+01	1.498501840000000e-02
4.125246420002077e+01	1.496216190000000e-02
4.128369730000850e+01	1.490692140000000e-02
4.134546049998607e+01	1.484978010000000e-02
4.139339979994111e+01	1.481358800000000e-02
4.143970400001854e+01	1.475644480000000e-02
4.148543440003414e+01	1.472597010000000e-02
4.151725859998260e+01	1.470311170000000e-02
4.154784270003438e+01	1.465168320000000e-02
4.159316930000205e+01	1.458882540000000e-02
4.164113919995725e+01	1.456025520000000e-02
4.168826249998529e+01	1.452787410000000e-02
4.173552330001257e+01	1.447263550000000e-02
4.178270810004324e+01	1.444977890000000e-02
4.181574770004954e+01	1.439834850000000e-02
4.184521449997555e+01	1.435453910000000e-02
4.189093610004056e+01	1.427644400000000e-02
4.193721849995200e+01	1.420596710000000e-02
4.198363140004221e+01	1.414691940000000e-02
4.203041889995802e+01	1.411263460000000e-02
4.207600220001768e+01	1.405358590000000e-02
4.210851459996775e+01	1.399263460000000e-02
4.213858769997023e+01	1.392215770000000e-02
4.218524639995303e+01	1.383644250000000e-02
4.223329939995892e+01	1.375644280000000e-02
4.228162869997323e+01	1.372406170000000e-02
4.234340320003685e+01	1.360977440000000e-02
4.239122440002393e+01	1.355644130000000e-02
4.242272300005425e+01	1.355072860000000e-02
4.245433610002510e+01	1.353549030000000e-02
4.248389280005358e+01	1.348025170000000e-02
4.254592319997028e+01	1.341929850000000e-02
4.259202660003211e+01	1.335263160000000e-02
4.264031309995335e+01	1.332596500000000e-02
4.268674399994779e+01	1.330882220000000e-02
4.271628439996857e+01	1.327644010000000e-02
4.274752600002103e+01	1.324215530000000e-02
4.279438700003084e+01	1.319263040000000e-02
4.284240660001524e+01	1.316977390000000e-02
4.288931210001465e+01	1.311263070000000e-02
4.293505279999226e+01	1.305358200000000e-02
4.298161859996617e+01	1.301167910000000e-02
4.301470709999558e+01	1.295263040000000e-02
4.304321589996107e+01	1.289167720000000e-02
4.308900689997245e+01	1.282501030000000e-02
4.313701149995904e+01	1.277929540000000e-02
4.318224330001976e+01	1.276215450000000e-02
4.322881720005535e+01	1.270310580000000e-02
4.325950479996391e+01	1.266501100000000e-02
4.329060990002472e+01	1.262120060000000e-02
4.332122349995188e+01	1.258691400000000e-02
4.335234520002268e+01	1.257358120000000e-02
4.338330730004236e+01	1.254500910000000e-02
4.344614579994231e+01	1.249548610000000e-02
4.349224739999045e+01	1.244024750000000e-02
4.353775989997666e+01	1.237358150000000e-02
4.358336659998167e+01	1.233358120000000e-02
4.361579029995482e+01	1.229548450000000e-02
4.364722799998708e+01	1.226500790000000e-02
4.369308770005591e+01	1.223643780000000e-02
4.373949539999012e+01	1.219643650000000e-02
4.378732420003507e+01	1.216786630000000e-02
4.383433240000159e+01	1.212786510000000e-02
4.388287520001177e+01	1.210119850000000e-02
4.391241520002950e+01	1.207643650000000e-02
4.394313519995194e+01	1.204024630000000e-02
4.398991560004652e+01	1.201167520000000e-02
4.403573819994926e+01	1.199072130000000e-02
4.408298119995743e+01	1.197548300000000e-02
4.428697360004298e+01	1.185929310000000e-02
4.433339239994530e+01	1.180024540000000e-02
4.438060979999136e+01	1.177357880000000e-02
4.441127459995914e+01	1.175072230000000e-02
4.444400729995687e+01	1.171643570000000e-02
4.448932639998384e+01	1.168786360000000e-02
4.452122889994644e+01	1.166691170000000e-02
4.455227640003432e+01	1.163643510000000e-02
4.458449130004738e+01	1.160976850000000e-02
4.463146529998630e+01	1.158119740000000e-02
4.467931949999183e+01	1.150691040000000e-02
4.471068859996740e+01	1.148024390000000e-02
4.474222490005195e+01	1.141357700000000e-02
4.478844889998436e+01	1.138310040000000e-02
4.481901810003910e+01	1.134500560000000e-02
4.485020039998926e+01	1.131071900000000e-02
4.487997420004103e+01	1.129357800000000e-02
4.491117920004763e+01	1.127452960000000e-02
4.494244689994957e+01	1.123262380000000e-02
4.498882640001830e+01	1.118690890000000e-02
4.503743799997028e+01	1.112405300000000e-02
4.508315269998275e+01	1.108405270000000e-02
4.513000739994459e+01	1.104595790000000e-02
4.516000889998395e+01	1.102119400000000e-02
4.519032000005245e+01	1.097357650000000e-02
4.523672349995468e+01	1.091833790000000e-02
4.528418179997243e+01	1.086690930000000e-02
4.534530120005365e+01	1.080214600000000e-02
4.539240360003896e+01	1.076024120000000e-02
4.542324319994077e+01	1.071452820000000e-02
4.545433490001597e+01	1.066309870000000e-02
4.548573539999779e+01	1.059262180000000e-02
4.554761540004984e+01	1.052595490000000e-02
4.559348799998406e+01	1.048214550000000e-02
4.564168580004480e+01	1.042309870000000e-02
4.568808089999948e+01	1.040024030000000e-02
4.571931920002680e+01	1.036976370000000e-02
4.575123809999786e+01	1.034500170000000e-02
4.579977100004908e+01	1.029928870000000e-02
4.584331270004623e+01	1.025928740000000e-02
4.589023869996890e+01	1.021928710000000e-02
4.593660000001546e+01	1.018690690000000e-02
4.598321820003912e+01	1.017166860000000e-02
4.601387390005402e+01	1.014500200000000e-02
4.604406840004958e+01	1.012214370000000e-02
4.609147320000920e+01	1.008785890000000e-02
4.613941860001069e+01	1.007262060000000e-02
4.618724919995293e+01	1.005166770000000e-02
4.623151169996709e+01	1.004404850000000e-02
4.627903390000574e+01	1.002119200000000e-02
4.630926480004564e+01	9.996429090000000e-03
4.633951770002022e+01	9.946906009999999e-03
4.638559840002563e+01	9.893572890000001e-03
4.643248439999297e+01	9.865000840000001e-03
4.648285419994500e+01	9.813572280000000e-03
4.654120289999992e+01	9.743096309999999e-03
4.658850780001376e+01	9.710714220000000e-03
4.662074569996912e+01	9.685953149999999e-03
4.665119090001099e+01	9.664999319999999e-03
4.668237369996496e+01	9.644047360000000e-03
4.674321720004082e+01	9.550714869999999e-03
4.679038000002038e+01	9.499284440000000e-03
4.683832159999292e+01	9.466905150000000e-03
4.688440740003716e+01	9.451665920000000e-03
4.691538549994584e+01	9.436427620000000e-03
4.694631170004141e+01	9.390712720000000e-03
4.699300270003732e+01	9.348807860000001e-03
4.703903979994357e+01	9.306903000000000e-03
4.708590309997089e+01	9.249759840000000e-03
4.713388039998244e+01	9.169760160000000e-03
4.718018679996021e+01	9.143093600000001e-03
4.721066820004489e+01	9.118331600000000e-03
4.724197610002011e+01	9.068808520000001e-03
4.728771309996955e+01	9.019283580000001e-03
4.733504309994169e+01	8.988806980000000e-03
4.738256749999709e+01	8.979283269999999e-03
4.744441330002155e+01	8.914521900000000e-03
4.749071259994525e+01	8.889758960000001e-03
4.752195580000989e+01	8.868806999999999e-03
4.755254770000465e+01	8.851664140000000e-03
4.758315369999036e+01	8.832616729999999e-03
4.764564470003825e+01	8.773569020000000e-03
4.769233200000599e+01	8.718330410000001e-03
4.773958379996475e+01	8.655472660000000e-03
4.778589019994251e+01	8.617376910000000e-03
4.781715699995402e+01	8.571662010000000e-03
4.784908239997458e+01	8.541187270000000e-03
4.787925779994112e+01	8.508806120000000e-03
4.790934100002050e+01	8.461185729999999e-03
4.794098109996412e+01	8.407852610000001e-03
4.798679989995435e+01	8.344995790000000e-03
4.803251489996910e+01	8.304996420000000e-03
4.807866759994067e+01	8.236424070000000e-03
4.811285030003637e+01	8.202137430000001e-03
4.814147160004359e+01	8.148804310000000e-03
4.818866270000581e+01	8.093566630000000e-03
4.823527139995713e+01	8.032613430000000e-03
4.828233830002137e+01	7.994517680000000e-03
4.834485630004201e+01	7.895469670000000e-03
4.839120600000024e+01	7.847852069999999e-03
4.842121980001684e+01	7.811659950000000e-03
4.845229789998848e+01	7.773565130000000e-03
4.848396960005630e+01	7.722136560000000e-03
4.854629660001956e+01	7.674516640000000e-03
4.859209759999067e+01	7.613565310000000e-03
4.864264340000227e+01	7.527850100000000e-03
4.868645429995377e+01	7.468801920000000e-03
4.871752860001288e+01	7.417373820000000e-03
4.874770499998704e+01	7.282810290000000e-03
4.885456380003598e+01	7.238056980000000e-03
4.888544950005598e+01	7.170062510000000e-03
4.893189170002006e+01	7.147013680000000e-03
4.896494520001579e+01	7.108598480000000e-03
4.899412149994168e+01	7.068454750000000e-03
4.904057159996592e+01	6.997578780000000e-03
4.908858650003094e+01	6.932657680000000e-03
4.913659600005485e+01	6.856403310000000e-03
4.918425289995503e+01	6.793979560000000e-03
4.923138649994507e+01	6.763247310000000e-03
4.926247950003017e+01	6.727905480000000e-03
4.929274319997057e+01	6.683536340000000e-03
4.933932819997426e+01	6.640127390000000e-03
4.938588029996026e+01	6.586922800000000e-03
4.943328220001422e+01	6.541592530000000e-03
4.949495439999737e+01	6.502409470000000e-03
4.953994299995247e+01	6.458424030000000e-03
4.957015499996487e+01	6.418472620000000e-03
4.960221319994889e+01	6.380250210000000e-03
4.963442769995891e+01	6.318977570000000e-03
4.968044120003469e+01	6.281906740000000e-03
4.971115099999588e+01	6.242532280000000e-03
4.974244399997406e+01	6.199698900000000e-03
4.978685729997233e+01	6.146494300000000e-03
4.983358169998974e+01	6.114033520000000e-03
4.986422129999846e+01	6.067935840000000e-03
4.989461229997687e+01	6.004166790000000e-03
4.994247330003418e+01	5.935980010000000e-03
4.998992309998721e+01	5.855116530000000e-03
5.003629499999806e+01	5.787121600000000e-03
5.008347890002187e+01	5.732572640000000e-03
5.014525039994624e+01	5.686474500000000e-03
5.017651619995013e+01	5.648635790000000e-03
5.020717259997036e+01	5.620976910000000e-03
5.023857399995904e+01	5.578912330000000e-03
5.028534790000413e+01	5.530701480000000e-03
5.033172839996405e+01	5.503619090000000e-03
5.037860399996862e+01	5.444460080000000e-03
5.040991399995983e+01	5.410846790000000e-03
5.044455889996607e+01	5.384532270000000e-03
5.047181450005155e+01	5.365132820000000e-03
5.050323010003194e+01	5.334593360000000e-03
5.053433219995350e+01	5.290799770000000e-03
5.059674499998800e+01	5.235674330000000e-03
5.064395219995640e+01	5.174786320000000e-03
5.068952350004110e+01	5.109481050000000e-03
5.073537000000942e+01	5.071065850000000e-03
5.076632629998494e+01	5.028233400000000e-03
5.079751930001657e+01	4.977909380000000e-03
5.084438569995109e+01	4.893780690000000e-03
5.089136789995246e+01	4.805426110000000e-03
5.093855660001282e+01	4.742809570000000e-03
5.098546999995597e+01	4.701897500000000e-03
5.103299169999082e+01	4.684227050000000e-03
5.106453370000236e+01	4.664827140000000e-03
5.110220309998840e+01	4.628332800000000e-03
5.114288820000365e+01	4.595872480000000e-03
5.118955300003290e+01	4.522499630000000e-03
5.123600679996889e+01	4.459883550000000e-03
5.128248010005336e+01	4.426654430000000e-03
5.134425149997696e+01	4.361732860000000e-03
5.137612809997518e+01	4.341756920000000e-03
5.140822420001496e+01	4.336379000000000e-03
5.143947989994194e+01	4.306031390000000e-03
5.148515580000822e+01	4.274338480000000e-03
5.154661890002899e+01	4.243799020000000e-03
5.159449279995169e+01	4.200389610000000e-03
5.164215209998656e+01	4.180990160000000e-03
5.167373689997476e+01	4.173114900000000e-03
5.170429130003322e+01	4.162359050000000e-03
5.173477800004184e+01	4.126248880000000e-03
5.178173339995556e+01	4.098781850000000e-03
5.184303260000888e+01	4.026369660000000e-03
5.188986180000938e+01	3.964521460000000e-03
5.193646869994700e+01	3.938207400000000e-03
5.196921520004980e+01	3.915542740000000e-03
5.199903309997171e+01	3.892685520000000e-03
5.203044959995896e+01	3.875398780000000e-03
5.207815539999865e+01	3.853502220000000e-03
5.210959050001111e+01	3.841977800000000e-03
5.214058689994272e+01	3.828724380000000e-03
5.218786679999903e+01	3.812974320000000e-03
5.223492630000692e+01	3.804523260000000e-03
5.226567470002919e+01	3.790309890000000e-03
5.229729250003584e+01	3.774367270000000e-03
5.234315790003166e+01	3.759961810000000e-03
5.239090660004877e+01	3.735376060000000e-03
5.243884399998933e+01	3.698113610000000e-03
5.248562159994617e+01	3.674680370000000e-03
5.253229759994429e+01	3.670838890000000e-03
5.256429600005504e+01	3.652591960000000e-03
5.259655480005313e+01	3.637801860000000e-03
5.264229889994022e+01	3.634152470000000e-03
5.268928739998955e+01	3.627238100000000e-03
5.273427430004813e+01	3.610719230000000e-03
5.278237409994472e+01	3.602652340000000e-03
5.282970959995873e+01	3.587478310000000e-03
5.285972760000732e+01	3.571151990000000e-03
5.289042910002172e+01	3.561164250000000e-03
5.293784849997610e+01	3.555977950000000e-03
5.298366649996024e+01	3.558282740000000e-03
5.303009210003074e+01	3.554057330000000e-03
5.306057019997388e+01	3.541956660000000e-03
5.309394559997600e+01	3.523517170000000e-03
5.313978810003027e+01	3.517178820000000e-03
5.317169029999059e+01	3.509879810000000e-03
5.320329560001846e+01	3.498739800000000e-03
5.323432809999213e+01	3.492977470000000e-03
5.328135499998461e+01	3.490672680000000e-03
5.334348829998635e+01	3.474922150000000e-03
5.339135719998740e+01	3.457635870000000e-03
5.343727370002307e+01	3.450912890000000e-03
5.346924759994727e+01	3.445150800000000e-03
5.350047820003238e+01	3.431129270000000e-03
5.354746439994778e+01	3.418452110000000e-03
5.357922590000089e+01	3.411537730000000e-03
5.361346220003907e+01	3.390793460000000e-03
5.364204900001641e+01	3.367936470000000e-03
5.368888399994466e+01	3.355835800000000e-03
5.373510279995389e+01	3.350649960000000e-03
5.376638939999975e+01	3.347192660000000e-03
5.379774720000569e+01	3.345079720000000e-03
5.384333740000147e+01	3.335475920000000e-03
5.388971140002832e+01	3.333939240000000e-03
5.393593959999271e+01	3.327024400000000e-03
5.398136670002714e+01	3.316268560000000e-03
5.403090809995774e+01	3.301670540000000e-03
5.406141500000376e+01	3.289954040000000e-03
5.409270070004277e+01	3.270170420000000e-03
5.413952379999682e+01	3.256533060000000e-03
5.418759270000737e+01	3.246929260000000e-03
5.423323949996848e+01	3.242127600000000e-03
5.429416629998013e+01	3.219462470000000e-03
5.433991680003237e+01	3.202751740000000e-03
5.437052839994431e+01	3.183352300000000e-03
5.440234679996502e+01	3.153004680000000e-03
5.443354310002178e+01	3.135717940000000e-03
5.448002539994195e+01	3.123809120000000e-03
5.451010289997794e+01	3.106330290000000e-03
5.454120770003647e+01	3.078095150000000e-03
5.458832660003100e+01	3.067915330000000e-03
5.463775260001421e+01	3.060040300000000e-03
5.466820199997164e+01	3.052165270000000e-03
5.469951770000625e+01	3.038719760000000e-03
5.474572939996142e+01	3.010869030000000e-03
5.479223739996087e+01	2.988396210000000e-03
5.483924160001334e+01	2.976295540000000e-03
5.488496119994670e+01	2.961890070000000e-03
5.493241400003899e+01	2.955551260000000e-03
5.496528370003216e+01	2.953054380000000e-03
5.499833620002028e+01	2.949405000000000e-03
5.504235789994709e+01	2.937112240000000e-03
5.509049960004631e+01	2.923859050000000e-03
5.513719689997379e+01	2.912142550000000e-03
5.518346159998327e+01	2.908877100000000e-03
5.523042549996171e+01	2.910605630000000e-03
5.526070780004375e+01	2.910221690000000e-03
5.529234169994015e+01	2.901962490000000e-03
5.533895400003530e+01	2.887941200000000e-03
5.538593400001992e+01	2.868157110000000e-03
5.543346029997338e+01	2.850486200000000e-03
5.549441170005593e+01	2.830702580000000e-03
5.554133260005619e+01	2.816681280000000e-03
5.557322569994722e+01	2.796705580000000e-03
5.560560939996503e+01	2.778074010000000e-03
5.563883199996781e+01	2.755024940000000e-03
5.568328330002259e+01	2.731783780000000e-03
5.574591289996170e+01	2.707582670000000e-03
5.579649169999175e+01	2.691063800000000e-03
5.583873910002876e+01	2.680883980000000e-03
5.587118869996630e+01	2.665709940000000e-03
5.590067989996169e+01	2.651112620000000e-03
5.593231970001943e+01	2.639780050000000e-03
5.598418649996165e+01	2.602133430000000e-03
5.604237759998068e+01	2.585230630000000e-03
5.608957139996346e+01	2.559300740000000e-03
5.613901499996427e+01	2.539324570000000e-03
5.616966310003772e+01	2.517428250000000e-03
5.620104600000195e+01	2.494571030000000e-03
5.623139219998848e+01	2.477092200000000e-03
5.627731379994657e+01	2.444055400000000e-03
5.630827629996929e+01	2.421966990000000e-03
5.633959330001380e+01	2.390658720000000e-03
5.638649790000636e+01	2.370298610000000e-03
5.643413539999165e+01	2.360695270000000e-03
5.646446000004653e+01	2.344752660000000e-03
5.649444659997243e+01	2.315173160000000e-03
5.654195700003766e+01	2.281752180000000e-03
5.658860310004093e+01	2.247562630000000e-03
5.663677320000716e+01	2.208187240000000e-03
5.668346860003658e+01	2.165354560000000e-03
5.674676849995740e+01	2.120601010000000e-03
5.677759249997325e+01	2.089292980000000e-03
5.680903979996219e+01	2.062018260000000e-03
5.683851280005183e+01	2.022642640000000e-03
5.688510219997261e+01	1.984803940000000e-03
5.694606800004840e+01	1.951767020000000e-03
5.699336129997391e+01	1.919882840000000e-03
5.704039360000752e+01	1.900675240000000e-03
5.707314460002817e+01	1.882812240000000e-03
5.710505929996725e+01	1.865333410000000e-03
5.713581819995306e+01	1.841131950000000e-03
5.718235460005235e+01	1.828070610000000e-03
5.722834789997432e+01	1.800219880000000e-03
5.726047039998230e+01	1.784469820000000e-03
5.729038060002495e+01	1.761804800000000e-03
5.733645439997781e+01	1.747975480000000e-03
5.736706509999931e+01	1.735298550000000e-03
5.739823539997451e+01	1.713594070000000e-03
5.744643220002763e+01	1.677291700000000e-03
5.749236989999190e+01	1.635803720000000e-03
5.753840770001989e+01	1.601230120000000e-03
5.758480489999056e+01	1.564543690000000e-03
5.771052620001137e+01	1.492899840000000e-03
5.773962310003117e+01	1.463320110000000e-03
5.778759530000389e+01	1.436237480000000e-03
5.783343680005055e+01	1.399743370000000e-03
5.787955369998235e+01	1.382264540000000e-03
5.791075869998895e+01	1.368243130000000e-03
5.794253710005432e+01	1.356526390000000e-03
5.797357200004626e+01	1.341160500000000e-03
5.800441940000746e+01	1.327715230000000e-03
5.803541010001209e+01	1.309084010000000e-03
5.808322379994206e+01	1.284114200000000e-03
5.814633609994780e+01	1.262985870000000e-03
5.819589109998196e+01	1.243394220000000e-03
5.823990020004567e+01	1.234558760000000e-03
5.827124689996708e+01	1.222458200000000e-03
5.830247420002706e+01	1.211509690000000e-03
5.833296350005548e+01	1.204979370000000e-03
5.839377500000410e+01	1.186155830000000e-03
5.844192869996186e+01	1.172902760000000e-03
5.848842519999016e+01	1.158497180000000e-03
5.853433229995426e+01	1.151006200000000e-03
5.856470099999569e+01	1.143515110000000e-03
5.859674409998115e+01	1.128725470000000e-03
5.864261520002037e+01	1.108557450000000e-03
5.869033719995059e+01	1.093383650000000e-03
5.873648540000431e+01	1.067453530000000e-03
5.878288730001077e+01	1.051127100000000e-03
5.882938719994854e+01	1.033264210000000e-03
5.885938679997344e+01	1.020395200000000e-03
5.889037289994303e+01	9.925442280000001e-04
5.893635119998362e+01	9.633488370000000e-04
5.898364450002555e+01	9.320406240000000e-04
5.903103860002011e+01	9.137934540000000e-04
5.907753600005526e+01	8.746102100000000e-04
5.910952389996964e+01	8.471435290000000e-04
5.914260549994651e+01	8.244785130000000e-04
5.917389940004796e+01	7.995088820000000e-04
5.920463439996820e+01	7.770361260000000e-04
5.923523570003454e+01	7.415021540000000e-04
5.928221920004580e+01	7.242153520000000e-04
5.934423309995327e+01	6.827272590000000e-04
5.939077940001152e+01	6.541079490000000e-04
5.943788680003490e+01	6.416230460000001e-04
5.946828729996923e+01	6.266412670000000e-04
5.949952920002397e+01	5.583890019999999e-04
5.964129870000761e+01	5.279540780000000e-04
5.967140770005062e+01	5.083037540000000e-04
5.970238719996996e+01	4.862547500000000e-04
5.973323310003616e+01	4.622867560000000e-04
5.979679910000414e+01	4.429818360000000e-04
5.984306810004637e+01	4.299520220000000e-04
5.987433110002894e+01	4.171332400000000e-04
5.990522580000106e+01	4.017046890000000e-04
5.993587489996571e+01	3.822270660000000e-04
5.998200489999726e+01	3.732655020000000e-04
6.002857840002980e+01	3.602931970000000e-04
6.006283419998363e+01	3.490863890000000e-04
6.009304009994958e+01	3.290331220000000e-04
