# [General]
# timestamp=2025-04-17T12:33:46.700320
# comments='# '
# delimiter='\t'
# column_dtypes=float;;float
# column_headers='Time (s);;Power (W)'
# 
# [Metadata]
# scanner_x=-4.648888772663919
# scanner_y=3.7150022250721597
# start recoding time='17.04.2025, 12:32:46.622075'
# sample rate (hz)=50.0
# sample timing='TIMESTAMP'
# 
# ---- END HEADER ----
8.978000842034817e-04	2.623103500000000e-04
2.768310008104891e-02	2.616962590000000e-04
7.436410000082105e-02	2.612165120000000e-04
1.050934999948367e-01	2.604297190000000e-04
1.366159999743104e-01	2.591248190000000e-04
1.678197999717668e-01	2.583572350000000e-04
2.147672000573948e-01	2.571866790000000e-04
2.451583000365645e-01	2.565534090000000e-04
2.755421000765637e-01	2.556323020000000e-04
3.223985000513494e-01	2.545384630000000e-04
3.691745999967679e-01	2.540395360000000e-04
4.006409000139683e-01	2.535214300000000e-04
4.317880000453442e-01	2.525811140000000e-04
4.782969000516459e-01	2.515448720000000e-04
5.272890999913216e-01	2.504126750000000e-04
5.748358999844640e-01	2.495107760000000e-04
6.216803999850526e-01	2.481291010000000e-04
6.835531999822706e-01	2.472272030000000e-04
7.149267999920994e-01	2.464979770000000e-04
7.458803000627086e-01	2.455193030000000e-04
7.770790000213310e-01	2.442911500000000e-04
8.235051999799907e-01	2.424873090000000e-04
8.702884999802336e-01	2.407218560000000e-04
9.172281000064686e-01	2.400502270000000e-04
9.498179000802338e-01	2.388412540000000e-04
9.800974000245333e-01	2.379009820000000e-04
1.010900799999945e+00	2.368263380000000e-04
1.042984500061721e+00	2.356173790000000e-04
1.072943900013342e+00	2.338903140000000e-04
1.120256399968639e+00	2.329116400000000e-04
1.165930400020443e+00	2.311269780000000e-04
1.196472899988294e+00	2.300715420000000e-04
1.227338999975473e+00	2.281717610000000e-04
1.274336899979971e+00	2.269436230000000e-04
1.305427300045267e+00	2.255427680000000e-04
1.336043899995275e+00	2.239116290000000e-04
1.367354499991052e+00	2.226643120000000e-04
1.413592200027779e+00	2.205150380000000e-04
1.445096199982800e+00	2.186920170000000e-04
1.476693800068460e+00	2.158135760000000e-04
1.523383700056002e+00	2.126088660000000e-04
1.570249899988994e+00	2.105939490000000e-04
1.601796500035562e+00	2.076387320000000e-04
1.633601600071415e+00	2.029947940000000e-04
1.680251799989492e+00	1.981398090000000e-04
1.728033200022765e+00	1.932272430000000e-04
1.774565699975938e+00	1.889862910000000e-04
1.820966899977066e+00	1.848605020000000e-04
1.883588599972427e+00	1.820395990000000e-04
1.915141100063920e+00	1.799671150000000e-04
1.945362000027671e+00	1.777986760000000e-04
1.976621699985117e+00	1.743445170000000e-04
2.022352700005285e+00	1.707560300000000e-04
2.069354900042526e+00	1.692208460000000e-04
2.115607300074771e+00	1.663231810000000e-04
2.147064100019634e+00	1.647112510000000e-04
2.177737700054422e+00	1.630225450000000e-04
2.209569200058468e+00	1.613338540000000e-04
2.240313600050285e+00	1.595300130000000e-04
2.270709700067528e+00	1.571504980000000e-04
2.316555800032802e+00	1.559031660000000e-04
2.347278599976562e+00	1.545023110000000e-04
2.377193600055762e+00	1.522379170000000e-04
2.423403599997982e+00	1.492826850000000e-04
2.470154399983585e+00	1.478434710000000e-04
2.502486100071110e+00	1.460204370000000e-04
2.533861599978991e+00	1.441590280000000e-04
2.581532599986531e+00	1.420289770000000e-04
2.627273999969475e+00	1.399564640000000e-04
2.674300500075333e+00	1.377304580000000e-04
2.721174700069241e+00	1.352357790000000e-04
2.768749100039713e+00	1.341227760000000e-04
2.799785800045356e+00	1.328946530000000e-04
2.831768400035799e+00	1.311099910000000e-04
2.877603700035252e+00	1.291718360000000e-04
2.924667700077407e+00	1.269266360000000e-04
2.970748300082050e+00	1.243552110000000e-04
3.018724399968050e+00	1.227240860000000e-04
3.081151199992746e+00	1.188669410000000e-04
3.113045900012366e+00	1.172358020000000e-04
3.144129600026645e+00	1.156814320000000e-04
3.176236100029200e+00	1.131867760000000e-04
3.222255300031975e+00	1.107688510000000e-04
3.270232300041243e+00	1.096366540000000e-04
3.317098799976520e+00	1.075641700000000e-04
3.347707099979743e+00	1.061249500000000e-04
3.378246900043450e+00	1.046089460000000e-04
3.409340700018220e+00	1.031121360000000e-04
3.440321500063874e+00	1.011356140000000e-04
3.471269599976949e+00	9.881365260000000e-05
3.517707000020891e+00	9.781577680000000e-05
3.565254800021648e+00	9.562813650000000e-05
3.596258700010367e+00	9.426568430000000e-05
3.627366599976085e+00	9.192452130000000e-05
3.674429000006057e+00	9.050447260000000e-05
3.706357900053263e+00	8.902687840000001e-05
3.737247399985790e+00	8.737655300000000e-05
3.768004400073551e+00	8.624435580000000e-05
3.814361399970949e+00	8.415267800000000e-05
3.845806500059552e+00	8.275183060000000e-05
3.876656700042076e+00	8.067933229999999e-05
3.923306400072761e+00	7.816546710000000e-05
3.970754000009038e+00	7.686057510000000e-05
4.002656899974681e+00	7.538295899999999e-05
4.034888599999249e+00	7.338722930000000e-05
4.081360900076106e+00	7.089255810000000e-05
4.127682600053959e+00	6.778381069999999e-05
4.173625400057063e+00	6.432965890000000e-05
4.221053900080733e+00	5.641259850000000e-05
4.378537300042808e+00	5.532136490000000e-05
4.409724100027233e+00	5.442418110000000e-05
4.440201500081457e+00	5.348280320000000e-05
4.472251900006086e+00	5.217256330000000e-05
4.517587600043043e+00	5.141945800000000e-05
4.551428799983114e+00	5.049537500000000e-05
4.579713199986145e+00	4.916592300000000e-05
4.626282599987462e+00	4.671257920000000e-05
4.673234399990179e+00	4.397874730000000e-05
4.720255300053395e+00	4.142550460000000e-05
4.766975600039586e+00	4.039959820000000e-05
4.797759199980646e+00	3.935832140000000e-05
4.829156000050716e+00	3.840157660000000e-05
4.859776300028898e+00	3.761773770000000e-05
4.891257700044662e+00	3.684158220000000e-05
4.922480700071901e+00	3.585601730000000e-05
4.969979200046510e+00	3.545833530000000e-05
5.016270300024189e+00	3.467449640000000e-05
5.048266099998727e+00	3.409622150000000e-05
5.079283399973065e+00	3.306263170000000e-05
5.125508200027980e+00	3.201943040000000e-05
5.157310600043274e+00	3.071495300000000e-05
5.188327300013043e+00	2.897628840000000e-05
5.218454000074416e+00	2.761801620000000e-05
5.280614200048149e+00	2.460753420000000e-05
5.329858000040986e+00	2.329152990000000e-05
5.374191600014456e+00	2.223680530000000e-05
5.422192799975164e+00	2.167005910000000e-05
5.453493600012735e+00	2.113212940000000e-05
5.484715000027791e+00	2.045587640000000e-05
5.531807200051844e+00	1.947799860000000e-05
5.578639200073667e+00	1.829071150000000e-05
5.625252200057730e+00	1.703041930000000e-05
5.672296300064772e+00	1.614091340000000e-05
5.719195200013928e+00	1.573938790000000e-05
5.750871099997312e+00	1.529367550000000e-05
5.782265400048345e+00	1.468466420000000e-05
5.828215199988335e+00	1.386816440000000e-05
5.875877100042999e+00	1.295176390000000e-05
5.921120900078677e+00	1.191817140000000e-05
5.982352200080641e+00	1.108053860000000e-05
6.030976300011389e+00	1.054837410000000e-05
6.061470700078644e+00	1.019295540000000e-05
6.092705100076273e+00	9.820248120000001e-06
6.123819099972025e+00	9.226604560000000e-06
6.171248300001025e+00	8.542666359999999e-06
6.217348800040781e+00	8.225672899999999e-06
6.279781699995510e+00	7.441833080000000e-06
6.326600700034760e+00	7.082573120000000e-06
6.356993400026113e+00	6.765578290000000e-06
6.387808399973437e+00	6.421687890000000e-06
6.418345100013539e+00	6.156567000000000e-06
6.466316899983212e+00	5.683956260000000e-06
6.497926000040025e+00	5.374647120000000e-06
6.528219499974512e+00	4.959674700000000e-06
6.575159400003031e+00	3.986516280000000e-06
6.684101200080477e+00	3.750341190000000e-06
6.714381800033152e+00	3.540941630000000e-06
6.746789800003171e+00	3.353695770000000e-06
6.778518700040877e+00	3.162019540000000e-06
6.810202499968000e+00	2.941061890000000e-06
6.843106999993324e+00	2.702767230000000e-06
6.874106000061147e+00	2.395699310000000e-06
6.920914400019683e+00	2.120417550000000e-06
6.982025900040753e+00	1.844365100000000e-06
7.029080000007525e+00	1.462553540000000e-06
7.076705400017090e+00	1.261823170000000e-06
7.107356900000013e+00	1.104244010000000e-06
7.138969600084238e+00	9.651582790000001e-07
7.169936200021766e+00	8.788559280000000e-07
7.217772600008175e+00	7.786833290000000e-07
7.280273900018074e+00	6.642553670000000e-07
7.327694299980067e+00	5.887407610000000e-07
7.374346500029787e+00	5.440482480000000e-07
7.405701700015925e+00	5.051351200000000e-07
7.436948499991558e+00	4.629470420000000e-07
7.469466299982741e+00	4.411788550000000e-07
7.514763000071980e+00	4.171959920000000e-07
7.639159300015308e+00	4.279250730000000e-07
7.670296000083908e+00	4.450070890000000e-07
7.702212900039740e+00	4.637204820000000e-07
7.732608800055459e+00	4.864645580000000e-07
7.778535300050862e+00	5.154847710000000e-07
7.824188000056893e+00	5.644467930000000e-07
7.870797000010498e+00	6.224104820000000e-07
7.917354400036857e+00	6.626203800000000e-07
7.948145600035787e+00	7.138472710000000e-07
7.979583300068043e+00	7.807742010000000e-07
8.011056600022130e+00	1.215204410000000e-06
8.135400700033642e+00	1.298232060000000e-06
8.166320000076666e+00	1.377021700000000e-06
8.196751000010408e+00	1.453114240000000e-06
8.227420800016262e+00	1.535178850000000e-06
8.259405300021172e+00	1.623600270000000e-06
8.289190300041810e+00	1.718186240000000e-06
8.320230700075626e+00	1.893102990000000e-06
8.366345599992201e+00	1.987881660000000e-06
8.396873300080188e+00	2.101731520000000e-06
8.427847100072540e+00	2.235230800000000e-06
8.474286400014535e+00	2.329238670000000e-06
8.520602500066161e+00	2.375472600000000e-06
8.552830400061794e+00	2.414963550000000e-06
8.584477500058711e+00	2.436924430000000e-06
8.631155600072816e+00	2.446171270000000e-06
8.677072999998927e+00	2.448675560000000e-06
8.724155600066297e+00	2.449638710000000e-06
8.771146300015971e+00	2.447904760000000e-06
8.818334300071001e+00	2.446941610000000e-06
8.850209000054747e+00	2.443474390000000e-06
8.886249299976043e+00	2.347346940000000e-06
8.927505600033328e+00	1.932786740000000e-06
8.975435100030154e+00	1.538453600000000e-06
9.022397399996407e+00	1.169741610000000e-06
9.071653799968772e+00	8.985050500000000e-07
9.117629699991085e+00	7.653910640000000e-07
9.148599100066349e+00	6.338184450000000e-07
9.179633900057524e+00	5.022455410000000e-07
9.226906700059772e+00	4.301984690000000e-07
9.273605399997905e+00	4.103565350000000e-07
9.322437900002114e+00	4.989705640000000e-07
9.381691800081171e+00	7.457419430000000e-07
9.428787200013176e+00	1.045681760000000e-06
9.459632900077850e+00	1.334063090000000e-06
9.491277200053446e+00	1.680621610000000e-06
9.522165499976836e+00	2.280501120000000e-06
9.568760900059715e+00	2.602786940000000e-06
9.615495700039901e+00	3.203822420000000e-06
9.646362300030887e+00	3.578506490000000e-06
9.677244500024244e+00	4.095936220000000e-06
9.723292100010440e+00	4.472353340000000e-06
9.754472400061786e+00	4.824498320000000e-06
9.785728699993342e+00	5.228078860000000e-06
9.816391700063832e+00	5.469841200000000e-06
9.847477599978447e+00	5.756103290000000e-06
9.877959100063890e+00	6.161995320000000e-06
9.924324100022204e+00	6.735868280000000e-06
9.971053600078449e+00	7.325730620000000e-06
1.001868910004850e+01	7.694442500000000e-06
1.005204980005510e+01	8.159088790000000e-06
1.008259070001077e+01	9.895174120000000e-06
1.020737119996920e+01	1.016029640000000e-05
1.023945950006600e+01	1.050610720000000e-05
1.027024550002534e+01	1.114393760000000e-05
1.031861970003229e+01	1.146669640000000e-05
1.036562509997748e+01	1.205265380000000e-05
1.039666239998769e+01	1.245994370000000e-05
1.042810370004736e+01	1.330526080000000e-05
1.047421230003238e+01	1.397767120000000e-05
1.050539679999929e+01	1.477303980000000e-05
1.053673639998306e+01	1.594879540000000e-05
1.056807170005050e+01	1.678642730000000e-05
1.061398869997356e+01	1.829263060000000e-05
1.064452500001062e+01	1.927435190000000e-05
1.067565830005333e+01	2.067872990000000e-05
1.072228950005956e+01	2.201971260000000e-05
1.076840820000507e+01	2.261912050000000e-05
1.079969300003722e+01	2.330690040000000e-05
1.083123100001831e+01	2.433472950000000e-05
1.087987499998417e+01	2.535871500000000e-05
1.092465479997918e+01	2.639615010000000e-05
1.097179640003014e+01	2.730678900000000e-05
1.101885710004717e+01	2.786776890000000e-05
1.108192090003286e+01	2.959490670000000e-05
1.111379019997548e+01	3.063618350000000e-05
1.114470369997434e+01	3.169667250000000e-05
1.117565790005028e+01	3.358711180000000e-05
1.122321229998488e+01	3.596744500000000e-05
1.126880730001722e+01	3.717202340000000e-05
1.131518610008061e+01	3.978482350000000e-05
1.134584700001869e+01	4.166757570000000e-05
1.137708170001861e+01	4.360027740000000e-05
1.140787600004114e+01	4.553681720000000e-05
1.143792609998491e+01	4.766164420000000e-05
1.148385690001305e+01	5.034359860000000e-05
1.153052520006895e+01	5.315043750000000e-05
1.157701790006831e+01	5.573634550000000e-05
1.162263340002391e+01	5.847786450000000e-05
1.167018850008026e+01	5.992258230000000e-05
1.170136030006688e+01	6.163627399999999e-05
1.173227340006270e+01	6.380528070000000e-05
1.177853180002421e+01	6.606843090000000e-05
1.182635840005241e+01	6.797999230000000e-05
1.187343500007410e+01	6.977053270000000e-05
1.192027600004803e+01	7.080988870000000e-05
1.198313299997244e+01	7.342076420000000e-05
1.201433859998360e+01	7.509603169999999e-05
1.204601649998222e+01	7.688656480000000e-05
1.207706140005030e+01	7.929572170000001e-05
1.212428860005457e+01	8.173369130000000e-05
1.217143820005003e+01	8.413707840000000e-05
1.221899590000976e+01	9.113773560000000e-05
1.234253400005400e+01	9.232750020000000e-05
1.237334599997848e+01	9.416972170000000e-05
1.240445460006595e+01	9.639572820000000e-05
1.243593719997443e+01	1.001569400000000e-04
1.248332890006714e+01	1.051462460000000e-04
1.252966530004051e+01	1.099053330000000e-04
1.257767720008269e+01	1.142997720000000e-04
1.262490280007478e+01	1.183680000000000e-04
1.267183240002487e+01	1.200759000000000e-04
1.270252960000653e+01	1.221483840000000e-04
1.273297530005220e+01	1.244319720000000e-04
1.278009890008252e+01	1.272336810000000e-04
1.282660949998535e+01	1.303040340000000e-04
1.287300670007244e+01	1.328562500000000e-04
1.291980320005678e+01	1.343914340000000e-04
1.298269360000268e+01	1.369436800000000e-04
1.301390780007932e+01	1.381526380000000e-04
1.304531840002164e+01	1.393999700000000e-04
1.307727930007968e+01	1.412997520000000e-04
1.312324260000605e+01	1.434106380000000e-04
1.317025590001140e+01	1.460971980000000e-04
1.321719330002088e+01	1.474020970000000e-04
1.324843849998433e+01	1.489372810000000e-04
1.327919050003402e+01	1.502230010000000e-04
1.331107719999272e+01	1.512208690000000e-04
1.334196760004852e+01	1.522571110000000e-04
1.337332959997002e+01	1.539074150000000e-04
1.342136120004579e+01	1.556536740000000e-04
1.346939620003104e+01	1.564596610000000e-04
1.351658699999098e+01	1.584362180000000e-04
1.354658000008203e+01	1.596835350000000e-04
1.357663130003493e+01	1.610076290000000e-04
1.360769420000724e+01	1.626003800000000e-04
1.363955990003888e+01	1.640587870000000e-04
1.367123960005119e+01	1.661696590000000e-04
1.371760910004377e+01	1.670524070000000e-04
1.376441090006847e+01	1.685491880000000e-04
1.379555819998495e+01	1.695470710000000e-04
1.382752180006355e+01	1.713317180000000e-04
1.387506440002471e+01	1.726941850000000e-04
1.390714140003547e+01	1.744212790000000e-04
1.393742550001480e+01	1.764361950000000e-04
1.396789870003704e+01	1.777986760000000e-04
1.403159020002931e+01	1.819244640000000e-04
1.407840380002744e+01	1.842848000000000e-04
1.412512570002582e+01	1.868178510000000e-04
1.417124619998503e+01	1.883146620000000e-04
1.420231490000151e+01	1.899457710000000e-04
1.423410660005175e+01	1.918647470000000e-04
1.428182779997587e+01	1.940715880000000e-04
1.432706520007923e+01	1.961248640000000e-04
1.437447929999325e+01	1.979095250000000e-04
1.442079440003727e+01	1.996941570000000e-04
1.448265849996824e+01	2.009990860000000e-04
1.451317559997551e+01	2.021696420000000e-04
1.454448669997510e+01	2.036088990000000e-04
1.457542560005095e+01	2.051824410000000e-04
1.462264890002552e+01	2.069671030000000e-04
1.466909960005432e+01	2.080033300000000e-04
1.471515659999568e+01	2.092890650000000e-04
1.474595370003954e+01	2.103636650000000e-04
1.477669199998491e+01	2.114382950000000e-04
1.480735530005768e+01	2.124361780000000e-04
1.483820630004629e+01	2.139521530000000e-04
1.487021209998056e+01	2.158135760000000e-04
1.493122140003834e+01	2.175214470000000e-04
1.497874210006557e+01	2.189030930000000e-04
1.502568079996854e+01	2.205534260000000e-04
1.507584679999854e+01	2.214553530000000e-04
1.510513759998139e+01	2.221845640000000e-04
1.513641939999070e+01	2.232016120000000e-04
1.516810220002662e+01	2.241035250000000e-04
1.521484799997415e+01	2.255619770000000e-04
1.524638989998493e+01	2.263679200000000e-04
1.527773470000830e+01	2.274809230000000e-04
1.532386970007792e+01	2.290928680000000e-04
1.537117940001190e+01	2.298412870000000e-04
1.540269400004763e+01	2.305704840000000e-04
1.543293930008076e+01	2.316643080000000e-04
1.547906450007576e+01	2.327005500000000e-04
1.552570100000594e+01	2.338327470000000e-04
1.557479069998953e+01	2.349457500000000e-04
1.562155440007336e+01	2.361163210000000e-04
1.566951020003762e+01	2.367879500000000e-04
1.570067659998313e+01	2.375363690000000e-04
1.573131210007705e+01	2.388412540000000e-04
1.577854359999765e+01	2.402996760000000e-04
1.582558539998718e+01	2.418540530000000e-04
1.587122970004566e+01	2.430246390000000e-04
1.591780449997168e+01	2.436387150000000e-04
1.597972300008405e+01	2.450011670000000e-04
1.601100340008270e+01	2.455768700000000e-04
1.604227069998160e+01	2.462676780000000e-04
1.607410099997651e+01	2.473039490000000e-04
1.612117409997154e+01	2.481291010000000e-04
1.616795200004708e+01	2.487815510000000e-04
1.621512850001454e+01	2.497218670000000e-04
1.624694810004439e+01	2.504126750000000e-04
1.627843190007843e+01	2.509116020000000e-04
1.631008960003965e+01	2.515065130000000e-04
1.634204020001926e+01	2.521589340000000e-04
1.637325240008067e+01	2.530032940000000e-04
1.641969190002419e+01	2.534254750000000e-04
1.648204170004465e+01	2.541738800000000e-04
1.652818470005877e+01	2.549222850000000e-04
1.657471910002641e+01	2.554787790000000e-04
1.660900399996899e+01	2.561504080000000e-04
1.663758670003153e+01	2.569947680000000e-04
1.666853690007702e+01	2.574936950000000e-04
1.671463569998741e+01	2.585491460000000e-04
1.674604590004310e+01	2.591823870000000e-04
1.677734110003803e+01	2.601610610000000e-04
1.682701430004090e+01	2.614468100000000e-04
1.687134830001742e+01	2.621759780000000e-04
1.690317900001537e+01	2.628284560000000e-04
1.693447169999126e+01	2.639030860000000e-04
1.698079870000947e+01	2.649201200000000e-04
1.702768990001641e+01	2.659755700000000e-04
1.707471950002946e+01	2.671653350000000e-04
1.712288220005576e+01	2.680096660000000e-04
1.716958900005557e+01	2.684510550000000e-04
1.720024769997690e+01	2.689883690000000e-04
1.723121910006739e+01	2.698327010000000e-04
1.727903960004915e+01	2.703700450000000e-04
1.732484350004233e+01	2.713103310000000e-04
1.737261540000327e+01	2.718668260000000e-04
1.741990249999799e+01	2.725000960000000e-04
1.748138050001580e+01	2.737090400000000e-04
1.751215329999104e+01	2.744958330000000e-04
1.754383440001402e+01	2.748220580000000e-04
1.757473510003183e+01	2.755704340000000e-04
1.762065880000591e+01	2.761653450000000e-04
1.768295539997052e+01	2.765491370000000e-04
1.773019680008292e+01	2.770480350000000e-04
1.777566819998901e+01	2.774510650000000e-04
1.780708100006450e+01	2.775278120000000e-04
1.783720279997215e+01	2.778732160000000e-04
1.788289690006059e+01	2.782762170000000e-04
1.793058110005222e+01	2.786408290000000e-04
1.797664790006820e+01	2.786408290000000e-04
1.802355599997099e+01	2.788519200000000e-04
1.807124560000375e+01	2.788327110000000e-04
1.810154830000829e+01	2.788327110000000e-04
1.813228989997879e+01	2.789478460000000e-04
1.817936000006739e+01	2.787367560000000e-04
1.822663970000576e+01	2.784680980000000e-04
1.827226660004817e+01	2.784297390000000e-04
1.831917769997381e+01	2.781994410000000e-04
1.838089470006526e+01	2.779116040000000e-04
1.841108390002046e+01	2.776045590000000e-04
1.844309670000803e+01	2.772399750000000e-04
1.847452140005771e+01	2.770288850000000e-04
1.852119930007029e+01	2.763572270000000e-04
1.856778579996899e+01	2.761653450000000e-04
1.861431139998604e+01	2.755704340000000e-04
1.864543350005988e+01	2.753401930000000e-04
1.867662280006334e+01	2.747452820000000e-04
1.870762130001094e+01	2.744190570000000e-04
1.873834560008254e+01	2.738433830000000e-04
1.876976370008197e+01	2.734403820000000e-04
1.881632179999724e+01	2.728455000000000e-04
1.884808110003360e+01	2.719819890000000e-04
1.887924430007115e+01	2.708305840000000e-04
1.892696000006981e+01	2.695256840000000e-04
1.897381790005602e+01	2.685661890000000e-04
1.900432539999019e+01	2.675299470000000e-04
1.903545730002224e+01	2.659755700000000e-04
1.908307200006675e+01	2.639798330000000e-04
1.913008969998918e+01	2.625022320000000e-04
1.917723090003710e+01	2.611589440000000e-04
1.922434860002249e+01	2.597005220000000e-04
1.927124759997241e+01	2.589712970000000e-04
1.930330570007209e+01	2.582037120000000e-04
1.933239430002868e+01	2.571482910000000e-04
1.937867760006338e+01	2.565342290000000e-04
1.942523380008060e+01	2.563998860000000e-04
1.947192440007348e+01	2.562847220000000e-04
1.951877369999420e+01	2.562655720000000e-04
1.958003549999557e+01	2.560736610000000e-04
1.961203399999067e+01	2.556706600000000e-04
1.964316239999607e+01	2.548838970000000e-04
1.967428699997254e+01	2.532911310000000e-04
1.972024509997573e+01	2.522740980000000e-04
1.976684320007917e+01	2.521973510000000e-04
1.979759339999873e+01	2.523316650000000e-04
1.983303179999348e+01	2.530800700000000e-04
1.987921540008392e+01	2.542698060000000e-04
1.990725070005283e+01	2.555555550000000e-04
1.993846950004809e+01	2.574169480000000e-04
1.996893830003683e+01	2.586642800000000e-04
2.001603479997721e+01	2.613124670000000e-04
2.004639540007338e+01	2.630395470000000e-04
2.007776640006341e+01	2.653423000000000e-04
2.012490890000481e+01	2.678945600000000e-04
2.017288389999885e+01	2.691418920000000e-04
2.020492579997517e+01	2.703316570000000e-04
2.023687350004911e+01	2.719627810000000e-04
2.026884410006460e+01	2.727111570000000e-04
2.031681250000838e+01	2.741312200000000e-04
2.034879040007945e+01	2.748412370000000e-04
2.037975149997510e+01	2.756855970000000e-04
2.042772659996990e+01	2.765683170000000e-04
2.047571060003247e+01	2.767602270000000e-04
2.050769370002672e+01	2.769904970000000e-04
2.053967119997833e+01	2.772783340000000e-04
2.057167340000160e+01	2.777389020000000e-04
2.061911269999109e+01	2.781994410000000e-04
2.068059110001195e+01	2.785064860000000e-04
2.072854729997925e+01	2.789286660000000e-04
2.077673400007188e+01	2.789862340000000e-04
2.080851080000866e+01	2.789670250000000e-04
2.084050679998472e+01	2.789094580000000e-04
2.087256310007069e+01	2.789094580000000e-04
2.091916180006228e+01	2.790438010000000e-04
2.096633279998787e+01	2.786599800000000e-04
2.099729029997252e+01	2.785832620000000e-04
2.102849880000576e+01	2.783337840000000e-04
2.107569900003728e+01	2.782570080000000e-04
2.110665159998462e+01	2.780843060000000e-04
2.113817140005995e+01	2.776813050000000e-04
2.116856760007795e+01	2.772207660000000e-04
2.121545190003235e+01	2.767218390000000e-04
2.124643489997834e+01	2.764723900000000e-04
2.127830280002672e+01	2.758007320000000e-04
2.132525510003325e+01	2.749371920000000e-04
2.137190010002814e+01	2.742463550000000e-04
2.140320529998280e+01	2.735555170000000e-04
2.143494200007990e+01	2.728455000000000e-04
2.148213560006116e+01	2.720203480000000e-04
2.152905110002030e+01	2.712335550000000e-04
2.157708529999945e+01	2.707154490000000e-04
2.162528610008303e+01	2.700054320000000e-04
2.167118270008359e+01	2.695832520000000e-04
2.170249130006414e+01	2.692186390000000e-04
2.173371419997420e+01	2.682783230000000e-04
2.177970449998975e+01	2.669734530000000e-04
2.182566730002873e+01	2.654190760000000e-04
2.187270230008289e+01	2.641525350000000e-04
2.191886410000734e+01	2.635384740000000e-04
2.197992219997104e+01	2.622527540000000e-04
2.201112470007502e+01	2.616770800000000e-04
2.204172470001504e+01	2.610246300000000e-04
2.207230400003027e+01	2.594318940000000e-04
2.211863250005990e+01	2.587410270000000e-04
2.216476259997580e+01	2.570139480000000e-04
2.219524410006125e+01	2.559009590000000e-04
2.222649130003992e+01	2.542314470000000e-04
2.227431540004909e+01	2.535022210000000e-04
2.230624399997760e+01	2.524468000000000e-04
2.233796759997495e+01	2.516024400000000e-04
2.236917640001047e+01	2.510459450000000e-04
2.243123620003462e+01	2.496067320000000e-04
2.247781489999034e+01	2.484937140000000e-04
2.252428790007252e+01	2.473039490000000e-04
2.257122130005155e+01	2.465363360000000e-04
2.260257360001560e+01	2.458071390000000e-04
2.263452810002491e+01	2.448092860000000e-04
2.268092479999177e+01	2.439457310000000e-04
2.272947770007886e+01	2.432357290000000e-04
2.277708350005560e+01	2.422570250000000e-04
2.282296040002257e+01	2.409137670000000e-04
2.286902880005073e+01	2.400694210000000e-04
2.290108139999211e+01	2.385150440000000e-04
2.293217669997830e+01	2.364809330000000e-04
2.297911319998093e+01	2.342357330000000e-04
2.302643700002227e+01	2.322591750000000e-04
2.307329830003437e+01	2.306664390000000e-04
2.312134130008053e+01	2.291312560000000e-04
2.316846870002337e+01	2.284404040000000e-04
2.320032589999028e+01	2.273465940000000e-04
2.323237480001990e+01	2.258689930000000e-04
2.327874920004979e+01	2.240651520000000e-04
2.332566910004243e+01	2.222996990000000e-04
2.337270840001293e+01	2.205917990000000e-04
2.341991830000188e+01	2.197282740000000e-04
2.348370009998325e+01	2.176557750000000e-04
2.351745799998753e+01	2.165043990000000e-04
2.357814640004653e+01	2.135683750000000e-04
2.362909840000793e+01	2.120523710000000e-04
2.367400330002420e+01	2.107666370000000e-04
2.371916219999548e+01	2.101334100000000e-04
2.376584220002405e+01	2.089244520000000e-04
2.379753380001057e+01	2.080993000000000e-04
2.383100180001929e+01	2.069095060000000e-04
2.387555180001073e+01	2.058924580000000e-04
2.392235040001106e+01	2.046451260000000e-04
2.396919159998652e+01	2.039926770000000e-04
2.401639840006828e+01	2.024382990000000e-04
2.404732430004515e+01	2.013061020000000e-04
2.407918270002119e+01	1.999820090000000e-04
2.411073020007461e+01	1.986003630000000e-04
2.414245599997230e+01	1.972762690000000e-04
2.417313240002841e+01	1.952805180000000e-04
2.422017650003545e+01	1.929969440000000e-04
2.428258380002808e+01	1.910779680000000e-04
2.433023149997462e+01	1.891973810000000e-04
2.437660730001517e+01	1.877197650000000e-04
2.440808540000580e+01	1.863189100000000e-04
2.443852269998752e+01	1.848412940000000e-04
2.447024809999857e+01	1.827496160000000e-04
2.453145680006128e+01	1.806003710000000e-04
2.457891190005466e+01	1.782975890000000e-04
2.462493869999889e+01	1.760907760000000e-04
2.467208360007498e+01	1.750353400000000e-04
2.470354350004345e+01	1.736536800000000e-04
2.473365469998680e+01	1.718882270000000e-04
2.478016339999158e+01	1.695662650000000e-04
2.482639539998490e+01	1.667069880000000e-04
2.487329949997365e+01	1.640012200000000e-04
2.492018320003990e+01	1.608349120000000e-04
2.498241170006804e+01	1.586281000000000e-04
2.501298680005129e+01	1.569202000000000e-04
2.504364719998557e+01	1.550204180000000e-04
2.507432200002950e+01	1.521227820000000e-04
2.512191059999168e+01	1.491099970000000e-04
2.516919150005560e+01	1.473061420000000e-04
2.521701250004116e+01	1.446003880000000e-04
2.524840839998797e+01	1.427198000000000e-04
2.527887699997518e+01	1.409543470000000e-04
2.531008680001833e+01	1.387475060000000e-04
2.534108500008006e+01	1.364831410000000e-04
2.537230420007836e+01	1.331057430000000e-04
2.541916759999003e+01	1.314746040000000e-04
2.548097500007134e+01	1.283658490000000e-04
2.552677019999828e+01	1.261014840000000e-04
2.557352049998008e+01	1.247006290000000e-04
2.560528320004232e+01	1.232230130000000e-04
2.563599970005453e+01	1.212656640000000e-04
2.568331680004485e+01	1.187517850000000e-04
2.573104350001086e+01	1.162763220000000e-04
2.577674330002628e+01	1.143765400000000e-04
2.582634710008278e+01	1.127645960000000e-04
2.587026890006382e+01	1.119010490000000e-04
2.590103000006638e+01	1.109607690000000e-04
2.593210990005173e+01	1.084660830000000e-04
2.597940800001379e+01	1.039373160000000e-04
2.602624160004780e+01	9.871769000000000e-05
2.607302390004043e+01	9.493731340000001e-05
2.612099720002152e+01	9.163667710000000e-05
2.616723859997001e+01	9.027421770000000e-05
2.619871340005193e+01	8.854712360000000e-05
2.622906899999361e+01	8.632111710000000e-05
2.627563940000255e+01	8.397996860000000e-05
2.632124710001517e+01	8.188828360000000e-05
2.636884570005350e+01	8.071771300000000e-05
2.641667379997671e+01	7.849169920000000e-05
2.644626320002135e+01	7.732111410000000e-05
2.647745200002100e+01	7.599702799999999e-05
2.650940410001203e+01	7.474969610000000e-05
2.654016560001764e+01	7.342561000000000e-05
2.657124740001746e+01	7.146823920000000e-05
2.661877070006449e+01	7.037443720000000e-05
2.668118359998334e+01	6.753435450000000e-05
2.672771750006359e+01	6.173041040000000e-05
2.685230909998063e+01	6.083706100000000e-05
2.688378350005951e+01	5.977465480000000e-05
2.691417960007675e+01	5.885248540000000e-05
2.694649740005843e+01	5.798411800000000e-05
2.697669470007531e+01	5.682757180000000e-05
2.702346719999332e+01	5.566718030000000e-05
2.707025069999509e+01	5.468738160000000e-05
2.711812970007304e+01	5.412639440000000e-05
2.714963890006766e+01	5.332911310000000e-05
2.718005940003786e+01	5.224556660000000e-05
2.722680230007973e+01	5.092763970000000e-05
2.727358150004875e+01	4.966734560000000e-05
2.731923020002432e+01	4.884508960000000e-05
2.736555320001207e+01	4.752907990000000e-05
2.739600249996874e+01	4.677021930000000e-05
2.742676860000938e+01	4.609588360000000e-05
2.745813380007166e+01	4.537544010000000e-05
2.748938909999561e+01	4.460120910000000e-05
2.752024740003981e+01	4.359066950000000e-05
2.756767760007642e+01	4.306042680000000e-05
2.761646799999289e+01	4.191540570000000e-05
2.764568730001338e+01	4.112580430000000e-05
2.767765480000526e+01	3.988856410000000e-05
2.772421440004837e+01	3.901250970000000e-05
2.775516529998276e+01	3.816719250000000e-05
2.778568650002126e+01	3.709517480000000e-05
2.781638480001129e+01	3.644197930000000e-05
2.784734119998757e+01	3.564084550000000e-05
2.787913630006369e+01	3.463607210000000e-05
2.792581789998803e+01	3.362361170000000e-05
2.797231960005593e+01	3.280327290000000e-05
2.801910180004779e+01	3.233450480000000e-05
2.805088120000437e+01	3.181194550000000e-05
2.808299730008002e+01	3.120100880000000e-05
2.812999230006244e+01	3.049593940000000e-05
2.817665570008103e+01	2.977549780000000e-05
2.822310990002006e+01	2.905505610000000e-05
2.826932970003691e+01	2.873037920000000e-05
2.831700629997067e+01	2.807525930000000e-05
2.834763700002804e+01	2.766604850000000e-05
2.837853190000169e+01	2.713003780000000e-05
2.842564829997718e+01	2.654215860000000e-05
2.847240650001913e+01	2.609836880000000e-05
2.851921689999290e+01	2.587743260000000e-05
2.856538909999654e+01	2.554506860000000e-05
2.859903110004961e+01	2.527226390000000e-05
2.862892639997881e+01	2.499753280000000e-05
2.866018120001536e+01	2.460945690000000e-05
2.869131080002990e+01	2.410802880000000e-05
2.872335790004581e+01	2.337798470000000e-05
2.876888890005648e+01	2.304369810000000e-05
2.881639900000300e+01	2.247310840000000e-05
2.884737460000906e+01	2.212729850000000e-05
2.887881939997897e+01	2.172577110000000e-05
2.892548540001735e+01	2.149715150000000e-05
2.895795469998848e+01	2.128198140000000e-05
2.898802819999401e+01	2.097651300000000e-05
2.901999379997142e+01	2.043282070000000e-05
2.908117949997541e+01	1.975080340000000e-05
2.912839570001233e+01	1.892277580000000e-05
2.917475250002462e+01	1.806016920000000e-05
2.922100540006068e+01	1.763943150000000e-05
2.925127100001555e+01	1.728977800000000e-05
2.928259189997334e+01	1.682293260000000e-05
2.933032399998046e+01	1.630805490000000e-05
2.937757460004650e+01	1.578933730000000e-05
2.942480330006219e+01	1.498244460000000e-05
2.947169590007979e+01	1.406604500000000e-05
2.951903429999948e+01	1.361072740000000e-05
2.954952400003094e+01	1.317462010000000e-05
2.958074030000716e+01	1.272122240000000e-05
2.962704679998569e+01	1.238309600000000e-05
2.967294349998701e+01	1.219866320000000e-05
2.972164150001481e+01	1.203920600000000e-05
2.976727010007016e+01	1.197388610000000e-05
2.981437669997104e+01	1.182019240000000e-05
2.984582649997901e+01	1.170299950000000e-05
2.987784019997343e+01	1.153777790000000e-05
2.992433249996975e+01	1.144172070000000e-05
2.997124590002932e+01	1.135910950000000e-05
3.001714920008089e+01	1.131300180000000e-05
3.008024869998917e+01	1.123615490000000e-05
3.012722590006888e+01	1.113433150000000e-05
3.015917550004087e+01	1.099984910000000e-05
3.019020409998484e+01	1.081349640000000e-05
3.022080770006869e+01	1.056182190000000e-05
3.028218019998167e+01	1.020640320000000e-05
3.032763970002998e+01	9.929754919999999e-06
3.037449910002761e+01	9.812562890000001e-06
3.042116670007817e+01	9.737636899999999e-06
3.045221100002527e+01	9.668474380000000e-06
3.048326540004928e+01	9.564731039999999e-06
3.052919839997776e+01	9.436012990000000e-06
3.057535639998969e+01	9.305373170000001e-06
3.062428840005305e+01	9.095964739999999e-06
3.066989210003521e+01	8.978773620000000e-06
3.071701470005792e+01	8.677148799999999e-06
3.074718750000466e+01	8.452370819999999e-06
3.077802650001831e+01	8.156511290000001e-06
3.082422720000613e+01	7.847201230000000e-06
3.087124650005717e+01	7.603210630000000e-06
3.091745589999482e+01	7.470650420000000e-06
3.096455889998470e+01	7.259320230000000e-06
3.099556359997950e+01	7.096020910000000e-06
3.102720260003116e+01	6.900060270000000e-06
3.105855159997009e+01	6.709865370000000e-06
3.108994149998762e+01	6.492771720000000e-06
3.112115410005208e+01	6.050901900000000e-06
3.116892950003967e+01	4.521669780000000e-06
3.127833900006954e+01	4.127529340000000e-06
3.131010580004659e+01	3.706034020000000e-06
3.134086150000803e+01	3.305536210000000e-06
3.137286330002826e+01	2.969187340000000e-06
3.140440110000782e+01	2.699492140000000e-06
3.143563960003667e+01	2.442896400000000e-06
3.148150160000660e+01	2.182447590000000e-06
3.152781150001101e+01	1.950894780000000e-06
3.157382100005634e+01	1.745926400000000e-06
3.162096229998861e+01	1.526702590000000e-06
3.166850440006237e+01	1.406880870000000e-06
3.169921610003803e+01	1.238321150000000e-06
3.173031160002574e+01	1.027380900000000e-06
3.177676260005683e+01	8.378235070000000e-07
3.182215510006063e+01	6.914175400000000e-07
3.186924550007097e+01	6.403681140000000e-07
3.191654620005284e+01	5.552214470000000e-07
3.194820560002699e+01	5.116848460000000e-07
3.197992269997485e+01	4.804773540000000e-07
3.201117449998856e+01	4.621765020000000e-07
3.204225240007509e+01	4.486917080000000e-07
3.207421300001442e+01	4.303910540000000e-07
3.212132410006598e+01	4.102864470000000e-07
3.224625339999329e+01	4.205164710000000e-07
3.227836520003621e+01	4.325506210000000e-07
3.230799080000725e+01	4.459859040000000e-07
3.233991179999430e+01	4.616860560000000e-07
3.237123629997950e+01	4.889980690000000e-07
3.241928959998768e+01	5.055618430000001e-07
3.246532299998216e+01	5.301676540000000e-07
3.249712469999213e+01	5.527772940000000e-07
3.252808880002704e+01	5.912214080000000e-07
3.257329870003741e+01	6.254622350000000e-07
3.260479890007991e+01	6.714685130000000e-07
3.263592769997194e+01	7.424260390000000e-07
3.268223010003567e+01	8.345921290000000e-07
3.272963800001889e+01	1.075155640000000e-06
3.282399299996905e+01	1.122544860000000e-06
3.285532930004410e+01	1.199600550000000e-06
3.288660850003362e+01	1.309212510000000e-06
3.291746180003975e+01	1.391469600000000e-06
3.294914949999657e+01	1.498962430000000e-06
3.298065560008399e+01	1.651340430000000e-06
3.302757819998078e+01	1.811038600000000e-06
3.307425940001849e+01	1.925659260000000e-06
3.312472600000910e+01	2.027372830000000e-06
3.316733860003296e+01	2.079000300000000e-06
3.321334959997330e+01	2.220397620000000e-06
3.324378120002802e+01	2.347346940000000e-06
3.327514410007279e+01	2.551930270000000e-06
3.332231790001970e+01	2.714517900000000e-06
3.336835160001647e+01	2.800242780000000e-06
3.341491300007328e+01	2.946455880000000e-06
3.344584890000988e+01	3.036225960000000e-06
3.347793910000473e+01	3.178393850000000e-06
3.352601889998186e+01	3.288776720000000e-06
3.355610490008257e+01	3.396846980000000e-06
3.358825470006559e+01	3.538437340000000e-06
3.362015870003961e+01	3.797537150000000e-06
3.368324140005279e+01	4.139665630000000e-06
3.373124510003254e+01	4.606430590000000e-06
3.377740670007188e+01	4.938348870000000e-06
3.382418990007136e+01	5.093616440000000e-06
3.385553080006503e+01	5.233472620000000e-06
3.388586450007278e+01	5.405113820000000e-06
3.391695830004755e+01	5.537650850000000e-06
3.394764570007101e+01	5.699467240000000e-06
3.397858950006776e+01	5.965694980000000e-06
3.402430699998513e+01	6.370815750000000e-06
3.407112650002819e+01	6.713906710000000e-06
3.411832200002391e+01	6.886319170000000e-06
3.415091409999877e+01	7.108818410000000e-06
3.418376839999110e+01	7.446900330000000e-06
3.422872600005940e+01	7.846628249999999e-06
3.427514290006366e+01	8.265618819999999e-06
3.432229939999525e+01	9.447540830000001e-06
3.444719440001063e+01	9.589706680000000e-06
3.447728450002614e+01	9.824089830000000e-06
3.450942580006085e+01	1.015645280000000e-05
3.454078220005613e+01	1.048881770000000e-05
3.457127409998793e+01	1.102290480000000e-05
3.461911420000251e+01	1.129763310000000e-05
3.468116969999392e+01	1.193354090000000e-05
3.472850520000793e+01	1.220250580000000e-05
3.475854379998054e+01	1.245418030000000e-05
3.479024580004625e+01	1.281536060000000e-05
3.482039660005830e+01	1.334944680000000e-05
3.488274739996996e+01	1.387777050000000e-05
3.492908270005137e+01	1.458860610000000e-05
3.497603500005789e+01	1.536475970000000e-05
3.502236649999395e+01	1.580855310000000e-05
3.505381509999279e+01	1.622160380000000e-05
3.508535900001880e+01	1.663465810000000e-05
3.511698479996994e+01	1.687096120000000e-05
3.516494980000425e+01	1.723022070000000e-05
3.519763399998192e+01	1.740120570000000e-05
3.522670660004951e+01	1.762790450000000e-05
3.527280779997818e+01	1.790455280000000e-05
3.531875590002164e+01	1.815814900000000e-05
3.534881200001109e+01	1.840598090000000e-05
3.538032580004074e+01	1.871913260000000e-05
3.542683140002191e+01	1.924745630000000e-05
3.547343969997019e+01	1.976425300000000e-05
3.552144390007015e+01	2.045971630000000e-05
3.556880700006150e+01	2.098035660000000e-05
3.561585479998030e+01	2.193325780000000e-05
3.564748719998170e+01	2.257493180000000e-05
3.567816310003400e+01	2.357394260000000e-05
3.572444810008164e+01	2.473433410000000e-05
3.577126680000219e+01	2.572373710000000e-05
3.581945219996851e+01	2.626935380000000e-05
3.588118380005471e+01	2.782742380000000e-05
3.592875800002366e+01	2.855554890000000e-05
3.596091190003790e+01	2.916648370000000e-05
3.599131900002249e+01	2.982544720000000e-05
3.602172339998651e+01	3.099352400000000e-05
3.608263990003616e+01	3.210204160000000e-05
3.613010200008284e+01	3.345262670000000e-05
3.617670469998848e+01	3.497227590000000e-05
3.622335500002373e+01	3.606734750000000e-05
3.625455459998921e+01	3.709325390000000e-05
3.628614820004441e+01	3.823059160000000e-05
3.631647229997907e+01	3.890300290000000e-05
3.634776540007442e+01	3.970221220000000e-05
3.637937229999807e+01	4.063014060000000e-05
3.642605120001826e+01	4.199609610000000e-05
3.647224699996877e+01	4.305081890000000e-05
3.651917500002310e+01	4.348308720000000e-05
3.655024950008374e+01	4.385387360000000e-05
3.658155370003078e+01	4.430919220000000e-05
3.662821830005851e+01	4.479525160000000e-05
3.667547999997623e+01	4.531396920000000e-05
3.672200399998110e+01	4.615352010000000e-05
3.676861410005949e+01	4.677789910000000e-05
3.681585750007071e+01	4.792099940000000e-05
3.684738360007759e+01	4.868754700000000e-05
3.687884869996924e+01	4.994015760000000e-05
3.692529290006496e+01	5.145211980000000e-05
3.697249880002346e+01	5.261635310000000e-05
3.701850440003909e+01	5.317541220000000e-05
3.708022760006133e+01	5.468546080000000e-05
3.712702150002588e+01	5.530408090000000e-05
3.715805430000182e+01	5.570560460000000e-05
3.718846500001382e+01	5.591693840000000e-05
3.721944630006328e+01	5.600530860000000e-05
3.728121729998384e+01	5.604181210000000e-05
3.732725500001106e+01	5.605717890000000e-05
3.737271290004719e+01	5.567870540000000e-05
3.741962629999034e+01	5.472772680000000e-05
3.745024200004991e+01	5.309856720000000e-05
3.748127280001063e+01	5.007463910000000e-05
3.752758980006911e+01	4.604401330000000e-05
3.757314350001980e+01	4.176363290000000e-05
3.762018359999638e+01	3.766768710000000e-05
3.768384120007977e+01	3.394060700000000e-05
3.772948900004849e+01	3.050938900000000e-05
3.776117790001445e+01	2.706087620000000e-05
3.779256249999162e+01	2.369689900000000e-05
3.782356360007543e+01	1.935119870000000e-05
3.787124080001377e+01	1.607175180000000e-05
3.791782329999842e+01	1.446180800000000e-05
3.798057939996943e+01	1.088842240000000e-05
3.802685720007867e+01	9.766456060000001e-06
3.805816110002343e+01	8.857738980000000e-06
3.808806039998308e+01	7.979761900000001e-06
3.811883910000324e+01	7.405330050000000e-06
3.818146220000926e+01	5.891444290000000e-06
3.822755740000866e+01	4.925093440000000e-06
3.827537320007104e+01	4.125884060000000e-06
3.832257950003259e+01	3.660959240000000e-06
3.835335150000174e+01	3.261354320000000e-06
3.838434119999874e+01	2.777218010000000e-06
3.843027580005582e+01	1.574669910000000e-06
3.853868530003820e+01	1.275308020000000e-06
3.857021160004660e+01	9.297127690000000e-07
3.861748290003743e+01	7.840770880000000e-07
3.864966220001224e+01	6.299654840000001e-07
3.867959339998197e+01	4.910723420000000e-07
3.872684530005790e+01	4.167136750000000e-07
3.877300130005460e+01	4.242264990000000e-07
3.881841619999614e+01	4.540856930000000e-07
3.888124790007714e+01	6.297728990000000e-07
3.892767250002362e+01	1.836852330000000e-06
3.914464090007823e+01	2.032766590000000e-06
3.917499900003895e+01	2.319029140000000e-06
3.920580120000523e+01	2.629178650000000e-06
3.923611050006002e+01	3.030446810000000e-06
3.928312759997789e+01	3.616263480000000e-06
3.932915750006214e+01	4.244076080000000e-06
3.937578620004933e+01	4.849926880000000e-06
3.942346780002117e+01	5.266799230000000e-06
3.945488960004877e+01	5.693881120000000e-06
3.948535910004284e+01	6.163536000000000e-06
3.953231709997635e+01	6.728162590000000e-06
3.958011360000819e+01	7.390071910000000e-06
3.963047109998297e+01	8.063924720000001e-06
3.967259199998807e+01	1.012187200000000e-05
3.981466280005407e+01	1.066940880000000e-05
3.984669839998242e+01	1.130531650000000e-05
3.987813480000477e+01	1.224861440000000e-05
3.992420890007634e+01	1.362417520000000e-05
3.997119479998946e+01	1.481914660000000e-05
4.001827080000658e+01	1.554919440000000e-05
4.004992480005603e+01	1.644061740000000e-05
4.008123120001983e+01	1.760677150000000e-05
4.012924859998748e+01	1.906878790000000e-05
4.017565770004876e+01	2.034828870000000e-05
4.022324720001779e+01	2.167198000000000e-05
4.026919150003232e+01	2.235976170000000e-05
4.031539280002471e+01	2.361044430000000e-05
4.034716380003374e+01	2.447881520000000e-05
4.037789380003233e+01	2.579482130000000e-05
4.042397350003012e+01	2.760264760000000e-05
4.047011890006252e+01	2.928175670000000e-05
4.051707499998156e+01	3.016357370000000e-05
4.056391630007420e+01	3.172740980000000e-05
4.059574750007596e+01	3.277253200000000e-05
4.062698629999068e+01	3.387720790000000e-05
4.065863710001577e+01	3.499917150000000e-05
4.069019320001826e+01	3.609616400000000e-05
4.072083770006429e+01	3.749286040000000e-05
4.076769610005431e+01	3.808073960000000e-05
4.081438660004642e+01	3.915659910000000e-05
4.084632660006173e+01	3.996349190000000e-05
4.087682920007501e+01	4.114309190000000e-05
4.092449360003229e+01	4.207678650000000e-05
4.095842100004666e+01	4.313919270000000e-05
4.098736510006711e+01	4.418623580000000e-05
4.101853540004231e+01	4.501426520000000e-05
4.108118740003556e+01	4.823799460000000e-05
4.113141939998604e+01	5.121197680000000e-05
4.117532070004381e+01	5.387088460000000e-05
4.122154960001353e+01	5.531176070000000e-05
4.125256000005174e+01	5.668732050000000e-05
4.128379989997484e+01	5.850091110000000e-05
4.133124169998337e+01	6.096386280000000e-05
4.137758390000090e+01	6.388212930000000e-05
4.142384389997460e+01	6.683305400000000e-05
4.146887500002049e+01	6.804722939999999e-05
4.151526350004133e+01	7.022584760000001e-05
4.155000559997279e+01	7.169170570000000e-05
4.157866750005633e+01	7.341692250000000e-05
4.162553870002739e+01	7.542455570000000e-05
4.167371410003398e+01	7.746291520000000e-05
4.172119599999860e+01	7.987207210000000e-05
4.176815919997171e+01	8.109585910000000e-05
4.181428370007779e+01	8.320147030000000e-05
4.184572970005684e+01	8.451747270000000e-05
4.187663680000696e+01	9.169423720000000e-05
4.198753589997068e+01	9.265374680000000e-05
4.201663470000494e+01	9.405459420000000e-05
4.204833929997403e+01	9.589679390000000e-05
4.208027210005093e+01	9.873689120000000e-05
4.212718359997962e+01	1.031888970000000e-04
4.217409930005670e+01	1.071611910000000e-04
4.222056000004523e+01	1.109991350000000e-04
4.228282710001804e+01	1.140694880000000e-04
4.233023580000736e+01	1.160460380000000e-04
4.236207240005024e+01	1.173509300000000e-04
4.239312680007424e+01	1.186942170000000e-04
4.242388909996953e+01	1.211697020000000e-04
4.247095920005813e+01	1.235876260000000e-04
4.251782369997818e+01	1.252379300000000e-04
4.256384030007757e+01	1.279245040000000e-04
4.259546189999674e+01	1.299202270000000e-04
4.262919870007318e+01	1.316281270000000e-04
4.265741700003855e+01	1.330097730000000e-04
4.268893070006743e+01	1.351206590000000e-04
4.271987230004743e+01	1.386707440000000e-04
4.276689379999880e+01	1.402059570000000e-04
4.279789649997838e+01	1.420097830000000e-04
4.282917679997627e+01	1.442933430000000e-04
4.287575440004002e+01	1.465961100000000e-04
4.292200859996956e+01	1.478242780000000e-04
4.295275310007855e+01	1.490908030000000e-04
4.298358280002140e+01	1.506451660000000e-04
4.303008040005807e+01	1.529287400000000e-04
4.307902190007735e+01	1.553274630000000e-04
4.312311779998709e+01	1.578605150000000e-04
4.317113919998519e+01	1.601057160000000e-04
4.321666689997073e+01	1.610843900000000e-04
4.324735970003530e+01	1.621973930000000e-04
4.327940040000249e+01	1.635982480000000e-04
4.332570310006849e+01	1.651142230000000e-04
4.337234910007101e+01	1.670907800000000e-04
4.341972850007005e+01	1.693359810000000e-04
4.348234129999764e+01	1.711781950000000e-04
4.352884090004954e+01	1.725214820000000e-04
4.356016810005531e+01	1.735960980000000e-04
4.359127560001798e+01	1.744212790000000e-04
4.362242290005088e+01	1.756494020000000e-04
4.367080710001756e+01	1.765897180000000e-04
4.373238529998343e+01	1.777986760000000e-04
4.377850330004003e+01	1.792186960000000e-04
4.382381900004111e+01	1.803125340000000e-04
4.385470070003066e+01	1.821163610000000e-04
4.388564230001066e+01	1.841312770000000e-04
4.391616140003316e+01	1.855513260000000e-04
4.394714549998753e+01	1.871632560000000e-04
4.397766720002983e+01	1.896195460000000e-04
4.402488430007361e+01	1.928818240000000e-04
4.407232590008061e+01	1.964702820000000e-04
4.411926509998739e+01	1.986195570000000e-04
4.415189330000430e+01	2.013444900000000e-04
4.418284240004141e+01	2.048945900000000e-04
4.422882700001355e+01	2.096152750000000e-04
4.427484650001861e+01	2.136643020000000e-04
4.432123230001889e+01	2.177133280000000e-04
4.436768030002713e+01	2.194979900000000e-04
4.441488609998487e+01	2.222229380000000e-04
4.444561779999640e+01	2.239116290000000e-04
4.447725470003206e+01	2.257922320000000e-04
4.452329779998399e+01	2.275001170000000e-04
4.457025390001945e+01	2.293807190000000e-04
4.461738529999275e+01	2.306856040000000e-04
4.467944520001765e+01	2.336984180000000e-04
4.472704380005598e+01	2.352527660000000e-04
4.475746850005817e+01	2.365576950000000e-04
4.478903430001810e+01	2.379585490000000e-04
4.481976420001592e+01	2.404531990000000e-04
4.488224589999299e+01	2.426792050000000e-04
4.492884830001276e+01	2.447325100000000e-04
4.497671770001762e+01	2.460565880000000e-04
4.502314569998998e+01	2.469777250000000e-04
4.505491240008269e+01	2.475726070000000e-04
4.508609760005493e+01	2.482634450000000e-04
4.511648940003943e+01	2.488391470000000e-04
4.515152870002203e+01	2.498945690000000e-04
4.517970229999628e+01	2.511802600000000e-04
4.522567030007485e+01	2.531568170000000e-04
4.527231829997618e+01	2.548071500000000e-04
4.531915380002465e+01	2.556130930000000e-04
4.534987160004675e+01	2.565150210000000e-04
4.538074370007962e+01	2.576664260000000e-04
4.542829599999823e+01	2.592975510000000e-04
4.547479210002348e+01	2.609094950000000e-04
4.552124680008274e+01	2.627900980000000e-04
4.556825690006372e+01	2.638646980000000e-04
4.561504960001912e+01	2.652079860000000e-04
4.564574170007836e+01	2.658987940000000e-04
4.567816480004694e+01	2.671077670000000e-04
4.572476150002331e+01	2.682207560000000e-04
4.577128810004797e+01	2.693337740000000e-04
4.581931230006739e+01	2.701205670000000e-04
4.588171830005012e+01	2.723849610000000e-04
4.592753530002665e+01	2.732868600000000e-04
4.595839849999174e+01	2.740352650000000e-04
4.598901959997602e+01	2.746109680000000e-04
4.601995290000923e+01	2.754169400000000e-04
4.608153289998882e+01	2.759350460000000e-04
4.612863320007455e+01	2.765299580000000e-04
4.617639629996847e+01	2.769712880000000e-04
4.622280109999701e+01	2.773551100000000e-04
4.625334779999685e+01	2.775469910000000e-04
4.628491679998115e+01	2.779691710000000e-04
4.631567230005749e+01	2.780651270000000e-04
4.634638820006512e+01	2.783721720000000e-04
4.637772410002071e+01	2.787751440000000e-04
4.642445050005335e+01	2.792165030000000e-04
4.647024890000466e+01	2.794467730000000e-04
4.651652569998987e+01	2.794851610000000e-04
4.654817870003171e+01	2.796195040000000e-04
4.657951180008240e+01	2.796002950000000e-04
4.662577530008275e+01	2.795810870000000e-04
4.667406880005728e+01	2.796770710000000e-04
4.672051100002136e+01	2.797730270000000e-04
4.676700280001387e+01	2.797154300000000e-04
4.679856550006662e+01	2.796578630000000e-04
4.682904450001661e+01	2.794275640000000e-04
4.686043910006993e+01	2.794275640000000e-04
4.689120449998882e+01	2.795235490000000e-04
4.692279960005544e+01	2.794275640000000e-04
4.696919910004362e+01	2.791781150000000e-04
4.701636750006583e+01	2.791973240000000e-04
4.704716229997575e+01	2.791589360000000e-04
4.707800780003890e+01	2.790245930000000e-04
4.712558650004212e+01	2.789862340000000e-04
4.724983079999220e+01	2.779116040000000e-04
4.729800469998736e+01	2.775086320000000e-04
4.732917390007060e+01	2.767218390000000e-04
4.737541390000843e+01	2.759350460000000e-04
4.742278060002718e+01	2.752058500000000e-04
4.745328670006711e+01	2.744958330000000e-04
4.748512890003622e+01	2.733060680000000e-04
4.753127280005720e+01	2.717516910000000e-04
4.757779800007120e+01	2.698135500000000e-04
4.762511610006914e+01	2.671269760000000e-04
4.767191979999188e+01	2.647090300000000e-04
4.771773650008254e+01	2.631355020000000e-04
4.774917770002503e+01	2.614468100000000e-04
4.778027780004777e+01	2.591823870000000e-04
4.782727370003704e+01	2.570331560000000e-04
4.787327580002602e+01	2.550758070000000e-04
4.791998700005934e+01	2.531760260000000e-04
4.796727480005939e+01	2.518903060000000e-04
4.802883640001528e+01	2.490502370000000e-04
4.805951669998467e+01	2.475917860000000e-04
4.809023189998697e+01	2.458839150000000e-04
4.812148099998012e+01	2.432932960000000e-04
4.816946100001223e+01	2.416813510000000e-04
4.821613319998141e+01	2.386685660000000e-04
4.824666339997202e+01	2.366536210000000e-04
4.827735810005106e+01	2.335257010000000e-04
4.832431930000894e+01	2.317410400000000e-04
4.835477580002043e+01	2.297453320000000e-04
4.838643169996794e+01	2.270395490000000e-04
4.841802670003381e+01	2.249670800000000e-04
4.847986930003390e+01	2.187304050000000e-04
4.852703610004392e+01	2.137218690000000e-04
4.857336160005070e+01	2.080417030000000e-04
4.862217970006168e+01	2.043764830000000e-04
4.866670120006893e+01	1.988498120000000e-04
4.869769589998759e+01	1.955683690000000e-04
4.872811829997227e+01	1.912890580000000e-04
4.877482110005803e+01	1.869138070000000e-04
4.882124740001746e+01	1.826728550000000e-04
4.886782380007207e+01	1.810609250000000e-04
4.891448410006706e+01	1.784319320000000e-04
4.894552010006737e+01	1.770118830000000e-04
4.897618680004962e+01	1.751696690000000e-04
4.902129920001607e+01	1.729052600000000e-04
4.906797890004236e+01	1.716963310000000e-04
4.911433400004171e+01	1.691057260000000e-04
4.914482899999712e+01	1.675321550000000e-04
4.917986769997515e+01	1.646920570000000e-04
4.922325060004368e+01	1.627155290000000e-04
4.925416070001666e+01	1.611227640000000e-04
4.928495410003234e+01	1.590694740000000e-04
4.931644429999869e+01	1.576494250000000e-04
4.934747999999672e+01	1.560566890000000e-04
4.937859510001726e+01	1.541376990000000e-04
4.942602680006530e+01	1.521035880000000e-04
4.947230550006498e+01	1.501270310000000e-04
4.951891530002467e+01	1.489180720000000e-04
4.954919779999182e+01	1.473637240000000e-04
4.958092850004323e+01	1.449074480000000e-04
4.962684799998533e+01	1.420865450000000e-04
4.967582830006722e+01	1.407048550000000e-04
4.972213830007240e+01	1.399564640000000e-04
4.976884130004328e+01	1.393615970000000e-04
4.981623730005231e+01	1.383061610000000e-04
4.984651549998671e+01	1.377880250000000e-04
4.987785050005186e+01	1.366558280000000e-04
4.992492700007278e+01	1.351974210000000e-04
4.997122990002390e+01	1.334127590000000e-04
5.001849589997437e+01	1.323957110000000e-04
5.006693970004562e+01	1.301505110000000e-04
5.011402520001866e+01	1.278477430000000e-04
5.014689420000650e+01	1.260247230000000e-04
5.017890900000930e+01	1.232613870000000e-04
5.022382239997387e+01	1.201334670000000e-04
5.027121809998062e+01	1.174660870000000e-04
5.033366930007469e+01	1.142038160000000e-04
5.037918380007613e+01	1.106729180000000e-04
5.042531060008332e+01	1.082166350000000e-04
5.045632980007213e+01	1.059905990000000e-04
5.048791070003062e+01	1.036302710000000e-04
5.051887959998567e+01	1.017880420000000e-04
5.056687219999731e+01	9.837227840000001e-05
5.059672999999020e+01	9.631896680000000e-05
5.062753100006375e+01	9.315268110000000e-05
5.067704029998276e+01	9.023582239999999e-05
5.072419059998356e+01	8.820171210000000e-05
5.075370460003614e+01	8.647462530000000e-05
5.078435740002897e+01	8.440214880000000e-05
5.083059380005579e+01	8.142772280000001e-05
5.087585259997286e+01	7.889468540000000e-05
5.092230039997958e+01	7.611217010000000e-05
5.096807770000305e+01	7.465375530000000e-05
5.101426870003343e+01	7.215908410000001e-05
5.104587210004684e+01	7.047038530000000e-05
5.107690390001517e+01	6.784138530000000e-05
5.112303360004444e+01	6.490536180000000e-05
5.116962629999034e+01	6.218040650000001e-05
5.123301019996870e+01	5.641643660000000e-05
5.134229990001768e+01	5.507738020000000e-05
5.137301159999333e+01	5.355388930000000e-05
5.141939120006282e+01	5.275852160000000e-05
5.145041499997023e+01	5.178256470000000e-05
5.148097590007819e+01	5.059143950000000e-05
5.152772360004019e+01	4.918705240000000e-05
5.157483340008184e+01	4.768661530000000e-05
5.162483380001504e+01	4.617849120000000e-05
5.168559530004859e+01	4.476066530000000e-05
5.173203030007426e+01	4.353879920000000e-05
5.176307159999851e+01	4.258973790000000e-05
5.179354450001847e+01	4.163875930000000e-05
5.182527190004475e+01	4.008836910000000e-05
5.187157600000501e+01	3.861674850000000e-05
5.191921820002608e+01	3.778872270000000e-05
5.198119419999421e+01	3.563700370000000e-05
5.202725250006188e+01	3.473981270000000e-05
5.205788990005385e+01	3.416538310000000e-05
5.208916890004184e+01	3.358134930000000e-05
5.212011270003859e+01	3.262460090000000e-05
5.216807010001503e+01	3.202327570000000e-05
5.223016909998842e+01	2.987731930000000e-05
5.227690529997926e+01	2.853825940000000e-05
5.232436500000767e+01	2.760841020000000e-05
5.235511580004822e+01	2.670161480000000e-05
5.238608500000555e+01	2.565073560000000e-05
5.241677930008154e+01	2.494374170000000e-05
5.247899830003735e+01	2.282084100000000e-05
5.252606519998517e+01	2.124739880000000e-05
5.257241510006133e+01	2.001400570000000e-05
5.261886879999656e+01	1.944917680000000e-05
5.265032100002281e+01	1.879790030000000e-05
5.268347100005485e+01	1.795834760000000e-05
5.272870560002048e+01	1.715337570000000e-05
5.277509840007406e+01	1.647903990000000e-05
5.282139599998482e+01	1.562603940000000e-05
5.288349300005939e+01	1.442914890000000e-05
5.293023810000159e+01	1.319191140000000e-05
5.296127560001332e+01	1.218521540000000e-05
5.299228380003478e+01	1.124383830000000e-05
5.302429219998885e+01	9.785667319999999e-06
5.307116370007861e+01	8.465818610000000e-06
5.311723640002310e+01	7.714639649999999e-06
5.316544590005651e+01	6.377500990000000e-06
5.319676950003486e+01	5.662825060000000e-06
5.322693280002568e+01	5.080707520000000e-06
5.325729340000544e+01	4.556226030000000e-06
5.328842370002531e+01	4.001007710000000e-06
5.332162950001657e+01	3.340122250000000e-06
5.336602960003074e+01	3.065393910000000e-06
5.339793830004055e+01	2.740716810000000e-06
5.342915780004114e+01	1.685052330000000e-06
5.353877270000521e+01	1.534600870000000e-06
5.357024600007571e+01	1.362188410000000e-06
5.360147440002766e+01	1.209232660000000e-06
5.363229820004199e+01	1.029114630000000e-06
5.368102760007605e+01	8.655636630000000e-07
5.372601610003039e+01	7.366878090000000e-07
5.377226530003827e+01	6.446062460000000e-07
5.381911819998641e+01	5.981800650000001e-07
5.388161599996965e+01	4.887607470000000e-07
5.391230900003575e+01	4.490770780000000e-07
5.394365470006596e+01	4.240339140000000e-07
5.397468700003810e+01	4.105491200000000e-07
5.402122520003468e+01	4.567533270000000e-07
5.414804610004649e+01	4.902648240000000e-07
5.417911849997472e+01	5.479406010000000e-07
5.421094020002056e+01	6.197234370000000e-07
5.424291230004746e+01	6.899516050000000e-07
5.427323859999888e+01	7.746899090000000e-07
5.432000349997543e+01	9.988702910000000e-07
5.446025990007911e+01	1.021601750000000e-06
5.449091459996998e+01	1.055506230000000e-06
5.452198099996895e+01	1.123508010000000e-06
5.456866880005691e+01	1.164347620000000e-06
5.463104600005317e+01	1.316147630000000e-06
5.468112389999442e+01	1.401486880000000e-06
5.471004879998509e+01	1.466599090000000e-06
5.474194850004278e+01	1.531711290000000e-06
5.477337160008028e+01	1.636699720000000e-06
5.482025880005676e+01	1.734560670000000e-06
5.488248230004683e+01	1.831650930000000e-06
5.492807270004414e+01	1.906587730000000e-06
5.497489700000733e+01	1.930089870000000e-06
5.500641150004230e+01	1.942996730000000e-06
5.503826310008299e+01	1.947619920000000e-06
5.508695959998295e+01	1.944345060000000e-06
5.511639490001835e+01	1.913907910000000e-06
5.514727529999800e+01	1.777711870000000e-06
5.518099640007131e+01	1.413237780000000e-06
5.522684580006171e+01	9.154574060000000e-07
5.527224329998717e+01	6.823634069999999e-07
5.530323800002225e+01	5.064836160000000e-07
5.533476570004132e+01	4.217222910000000e-07
5.536640389997046e+01	4.217222910000000e-07
5.539785000006668e+01	4.706526790000000e-07
5.542787250003312e+01	6.392122030000000e-07
5.547450480004773e+01	9.089076800000000e-07
5.552264470001683e+01	1.239862400000000e-06
5.556914999999572e+01	1.497999390000000e-06
5.560013640008401e+01	1.877499130000000e-06
5.563123090006411e+01	2.666165300000000e-06
5.567863139999099e+01	3.869199190000000e-06
5.572641690005548e+01	5.378336940000000e-06
5.577215640002396e+01	7.131741770000000e-06
5.581904390000273e+01	8.060842450000000e-06
5.588014650007244e+01	1.262324350000000e-05
5.595910950005054e+01	1.393924870000000e-05
5.599004850001074e+01	1.580086610000000e-05
5.602121370006353e+01	1.928395800000000e-05
5.608332800003700e+01	2.187946670000000e-05
5.611489930003881e+01	2.323773880000000e-05
5.614565960003529e+01	2.474585930000000e-05
5.617657620005775e+01	2.620787560000000e-05
5.621003860002384e+01	2.773328920000000e-05
5.623968920006882e+01	2.912037780000000e-05
5.627119630004745e+01	3.107421430000000e-05
5.631733710004482e+01	3.221154840000000e-05
5.636526069999672e+01	3.472060420000000e-05
5.639467060007155e+01	3.614995880000000e-05
5.642560279997997e+01	3.859561550000000e-05
5.647222730005160e+01	4.001728300000000e-05
5.650320630008355e+01	4.165220530000000e-05
5.653419000003487e+01	4.385195280000000e-05
5.656544829998165e+01	4.537928180000000e-05
5.659709210006986e+01	4.734272810000000e-05
5.662757640006021e+01	5.009769300000000e-05
5.667582300002687e+01	5.294679430000000e-05
5.672288170002867e+01	5.617821080000000e-05
5.676907300006133e+01	5.791495280000000e-05
5.680006899998989e+01	5.991874060000000e-05
5.683014980005100e+01	6.297725490000000e-05
5.687692309997510e+01	6.598197070000000e-05
5.692426290002186e+01	6.894057879999999e-05
5.697117959999014e+01	7.163983540000000e-05
5.702303440007381e+01	7.458114850000000e-05
5.708251310000196e+01	7.646775340000000e-05
5.711264890001621e+01	7.794128760000000e-05
5.714348520000931e+01	7.938792990000000e-05
5.717437949997839e+01	8.151851939999999e-05
5.722296779998578e+01	8.357417390000000e-05
5.726849080005195e+01	8.459816310000000e-05
5.731517139996868e+01	9.186696120000000e-05
5.740804660005961e+01	9.267291170000000e-05
5.743909020000137e+01	9.407376640000000e-05
5.746922640001867e+01	9.562813650000000e-05
5.751484000007622e+01	9.825715100000000e-05
5.754612660000566e+01	1.000801790000000e-04
5.757733720005490e+01	1.030545680000000e-04
5.762361730006523e+01	1.046665130000000e-04
5.765489150001667e+01	1.060865620000000e-04
5.768729949998669e+01	1.075066100000000e-04
5.771945249999408e+01	1.088115020000000e-04
5.778019449999556e+01	1.114213080000000e-04
5.782695870008320e+01	1.131483800000000e-04
5.787338510004338e+01	1.144724960000000e-04
5.792013620003127e+01	1.153744090000000e-04
5.795129830006044e+01	1.162571280000000e-04
5.798318990005646e+01	1.176196090000000e-04
5.803019620000850e+01	1.196537270000000e-04
5.807676460000221e+01	1.213040300000000e-04
5.812344019999728e+01	1.232230130000000e-04
5.817038310004864e+01	1.252763030000000e-04
5.829761910007801e+01	1.304767210000000e-04
5.832851570006460e+01	1.327794890000000e-04
5.837570179998875e+01	1.351590470000000e-04
5.842221230000723e+01	1.376920700000000e-04
5.846869720006362e+01	1.387091470000000e-04
5.851621709996834e+01	1.405513610000000e-04
5.854683650005609e+01	1.416451710000000e-04
5.857784440007526e+01	1.430076520000000e-04
5.862469860003330e+01	1.444276710000000e-04
5.867387579998467e+01	1.456750320000000e-04
5.871962730004452e+01	1.468072010000000e-04
5.876621640007943e+01	1.473637240000000e-04
5.879695129999891e+01	1.480161590000000e-04
5.882731339999009e+01	1.486494290000000e-04
5.885899310000241e+01	1.492443260000000e-04
5.889023250003811e+01	1.499351490000000e-04
5.892122869996820e+01	1.509713910000000e-04
5.896897609997541e+01	1.512976010000000e-04
5.901471560006030e+01	1.522762760000000e-04
5.904479219997302e+01	1.528328140000000e-04
5.907549169997219e+01	1.536195630000000e-04
5.912220870004967e+01	1.543104010000000e-04
5.915243230003398e+01	1.548860890000000e-04
5.918597530003171e+01	1.557880020000000e-04
5.923018770001363e+01	1.569777670000000e-04
5.927606780000497e+01	1.580332030000000e-04
5.932322410005145e+01	1.588967570000000e-04
5.937025779997930e+01	1.599521930000000e-04
5.941812509996817e+01	1.607197770000000e-04
5.945022390002850e+01	1.612570920000000e-04
5.948127890005708e+01	1.622165870000000e-04
5.952979080006480e+01	1.632144700000000e-04
5.957449380005710e+01	1.643274740000000e-04
5.962081560003571e+01	1.656131640000000e-04
5.966890300007071e+01	1.663039870000000e-04
5.971625060006045e+01	1.672250950000000e-04
5.974814699997660e+01	1.679735140000000e-04
5.977921720000450e+01	1.688946360000000e-04
5.982632940006442e+01	1.697005940000000e-04
5.987448640004732e+01	1.708327910000000e-04
5.992206660006195e+01	1.722720040000000e-04
5.998125890002120e+01	1.736152920000000e-04
6.002999670000281e+01	1.747474890000000e-04
