# [General]
# timestamp=2025-04-17T12:32:10.437976
# comments='# '
# delimiter='\t'
# column_dtypes=float;;float
# column_headers='Time (s);;Power (W)'
# 
# [Metadata]
# scanner_x=-4.648888772663919
# scanner_y=3.7150022250721597
# start recoding time='17.04.2025, 12:31:10.285830'
# sample rate (hz)=50.0
# sample timing='TIMESTAMP'
# 
# ---- END HEADER ----
1.130199991166592e-03	2.649393280000000e-04
2.730479999445379e-02	2.666663790000000e-04
5.847240006551147e-02	2.683359200000000e-04
8.913630002643913e-02	2.697559540000000e-04
1.195637000491843e-01	2.715981680000000e-04
1.681286999955773e-01	2.735363090000000e-04
2.126078000292182e-01	2.750331190000000e-04
2.586624000687152e-01	2.761461360000000e-04
3.209636000683531e-01	2.771631990000000e-04
3.679758000653237e-01	2.777580810000000e-04
3.992971000261605e-01	2.781802610000000e-04
4.303998000686988e-01	2.788135030000000e-04
4.621463000075892e-01	2.797538180000000e-04
5.097657999722287e-01	2.808860150000000e-04
5.577282999875024e-01	2.819222570000000e-04
6.199617000529543e-01	2.829584990000000e-04
6.669954999815673e-01	2.839179650000000e-04
6.986391000682488e-01	2.849158480000000e-04
7.302282999735326e-01	2.859520900000000e-04
7.621693999972194e-01	2.881973050000000e-04
8.092770000221208e-01	2.905960140000000e-04
8.570894000586122e-01	2.919201220000000e-04
9.188363000284880e-01	2.969286580000000e-04
9.649202000582591e-01	2.993273670000000e-04
9.957449999637902e-01	3.014766260000000e-04
1.027565199998207e+00	3.036450650000000e-04
1.058136400068179e+00	3.065619090000000e-04
1.103486699983478e+00	3.080586900000000e-04
1.133599900058471e+00	3.097473820000000e-04
1.164569200016558e+00	3.125490910000000e-04
1.210590100032277e+00	3.154467560000000e-04
1.257647700025700e+00	3.168476110000000e-04
1.289115300052799e+00	3.181716890000000e-04
1.319090100005269e+00	3.199563650000000e-04
1.367068100022152e+00	3.225853430000000e-04
1.412716699996963e+00	3.253102770000000e-04
1.458783600013703e+00	3.284382110000000e-04
1.505396699998528e+00	3.298966330000000e-04
1.552319600014016e+00	3.330437180000000e-04
1.584014100022614e+00	3.350011250000000e-04
1.615036800038069e+00	3.375533560000000e-04
1.662055899971165e+00	3.407388290000000e-04
1.708261299994774e+00	3.444040490000000e-04
1.753829600056633e+00	3.460160220000000e-04
1.784315600059927e+00	3.482420290000000e-04
1.814816100057214e+00	3.514275010000000e-04
1.862071900046431e+00	3.534232670000000e-04
1.893211100017652e+00	3.558220050000000e-04
1.925178700010292e+00	3.586620440000000e-04
1.956677400041372e+00	3.609072880000000e-04
2.020112500060350e+00	3.665682450000000e-04
2.067016900051385e+00	3.711546310000000e-04
2.113472800003365e+00	3.752036140000000e-04
2.160158400074579e+00	3.772185880000000e-04
2.192146899993531e+00	3.789456390000000e-04
2.222617899999022e+00	3.813059880000000e-04
2.268926299992017e+00	3.844338930000000e-04
2.315021199989133e+00	3.864872270000000e-04
2.361357999965549e+00	3.883486210000000e-04
2.408146900008433e+00	3.897302670000000e-04
2.455148200038821e+00	3.901908350000000e-04
2.485966600012034e+00	3.911311510000000e-04
2.517534899991006e+00	3.921481840000000e-04
2.564582900027744e+00	3.942399050000000e-04
2.610761399962939e+00	3.956982690000000e-04
2.657073499984108e+00	3.965234500000000e-04
2.704379100003280e+00	3.982697380000000e-04
2.734935100073926e+00	3.992483830000000e-04
2.766090900055133e+00	4.002654750000000e-04
2.796602200018242e+00	4.013784640000000e-04
2.828253900050186e+00	4.026833920000000e-04
2.858642900013365e+00	4.046599210000000e-04
2.905788499978371e+00	4.055618190000000e-04
2.966032100026496e+00	4.093998000000000e-04
3.013281899970025e+00	4.122974060000000e-04
3.060626100050285e+00	4.145042330000000e-04
3.092089300043881e+00	4.164808200000000e-04
3.123259700019844e+00	4.184573480000000e-04
3.154618000029586e+00	4.197622470000000e-04
3.185557099990547e+00	4.212782080000000e-04
3.217090900056064e+00	4.236001700000000e-04
3.263009699992836e+00	4.265554020000000e-04
3.310722799971700e+00	4.295490220000000e-04
3.357334200059995e+00	4.312952810000000e-04
3.388880499987863e+00	4.332526300000000e-04
3.419798000017181e+00	4.352291580000000e-04
3.466789499972947e+00	4.383763010000000e-04
3.514228200074285e+00	4.409477410000000e-04
3.560780700063333e+00	4.434615840000000e-04
3.621365200029686e+00	4.456875900000000e-04
3.668711400008760e+00	4.473954900000000e-04
3.699133299989626e+00	4.484125530000000e-04
3.729806500021368e+00	4.495447210000000e-04
3.759863000013866e+00	4.513677850000000e-04
3.807096800068393e+00	4.522312960000000e-04
3.854111699969508e+00	4.535170450000000e-04
3.885389300063252e+00	4.543421670000000e-04
3.916260399972089e+00	4.555702910000000e-04
3.962903500068933e+00	4.568944570000000e-04
3.994147800025530e+00	4.580074460000000e-04
4.027250300045125e+00	4.598688390000000e-04
4.057373200077564e+00	4.612696650000000e-04
4.103546799975447e+00	4.637067610000000e-04
4.134526800015010e+00	4.651843630000000e-04
4.165704400045797e+00	4.675638920000000e-04
4.212225100025535e+00	4.697131520000000e-04
4.259163900045678e+00	4.708453780000000e-04
4.290158200077713e+00	4.720735010000000e-04
4.320655200048350e+00	4.736087280000000e-04
4.367067400016822e+00	4.754125550000000e-04
4.413377400022000e+00	4.770820380000000e-04
4.459903700044379e+00	4.792312390000000e-04
4.507684000069275e+00	4.816300640000000e-04
4.554974399972707e+00	4.829732640000000e-04
4.586971400072798e+00	4.844892540000000e-04
4.617109899991192e+00	4.865042280000000e-04
4.664302599965595e+00	4.885766540000000e-04
4.710407800041139e+00	4.905148530000000e-04
4.757098900037818e+00	4.913016460000000e-04
4.819220800069161e+00	4.935468310000000e-04
4.866954699973576e+00	4.943527750000000e-04
4.897311800043099e+00	4.951012090000000e-04
4.928587800008245e+00	4.958112260000000e-04
4.959630000055768e+00	4.965979610000001e-04
5.008262900053523e+00	4.970010490000000e-04
5.055171400075778e+00	4.971352760000000e-04
5.102312400005758e+00	4.974423210000000e-04
5.132969200029038e+00	4.979029760000000e-04
5.164327900041826e+00	4.982675890000000e-04
5.194504000013694e+00	4.986897690000000e-04
5.225622000056319e+00	4.990542660000000e-04
5.257014399976470e+00	4.993613110000000e-04
5.319036800065078e+00	4.998410590000000e-04
5.366214000037871e+00	5.006662690000000e-04
5.413397300057113e+00	5.011843750000000e-04
5.459376999991946e+00	5.017601070000000e-04
5.490373000036925e+00	5.022013790000000e-04
5.523145099985413e+00	5.026620350000000e-04
5.554405700066127e+00	5.030266470000000e-04
5.584861600073054e+00	5.037941740000000e-04
5.615015799994580e+00	5.047920280000000e-04
5.662032900028862e+00	5.057514650000000e-04
5.708769200020470e+00	5.066918670000000e-04
5.755037700058892e+00	5.068645700000000e-04
5.788152700057253e+00	5.071716150000000e-04
5.817531600012444e+00	5.075362280000000e-04
5.864322100067511e+00	5.080350669999999e-04
5.911612099967897e+00	5.084956650000000e-04
5.957507999963127e+00	5.087259340000000e-04
6.020685700001195e+00	5.091673230000001e-04
6.067671800032258e+00	5.092248900000000e-04
6.097482000011951e+00	5.092248900000000e-04
6.128802899969742e+00	5.090905470000000e-04
6.159877600031905e+00	5.093208159999999e-04
6.205999500001781e+00	5.094168010000000e-04
6.252632600022480e+00	5.098197730000000e-04
6.283939099987037e+00	5.098197730000000e-04
6.314549700007774e+00	5.098773400000000e-04
6.361359199974686e+00	5.098773400000000e-04
6.391994100064039e+00	5.097237300000000e-04
6.423408100032248e+00	5.097237300000000e-04
6.454154600040056e+00	5.099732080000000e-04
6.484971600002609e+00	5.100307750000000e-04
6.516204099985771e+00	5.099924750000000e-04
6.562135200016201e+00	5.098773400000000e-04
6.608224799972959e+00	5.095895030000000e-04
6.655024699983187e+00	5.096086530000000e-04
6.686120999976993e+00	5.094743680000000e-04
6.717589800013229e+00	5.094359510000000e-04
6.763173000072129e+00	5.092632490000000e-04
6.810262300074100e+00	5.088986360000000e-04
6.857043100055307e+00	5.084956650000000e-04
6.903507000068203e+00	5.084380970000000e-04
6.934744999976829e+00	5.080734850000000e-04
6.966121400007978e+00	5.080927510000000e-04
6.997108399984427e+00	5.077857060000000e-04
7.028937099967152e+00	5.073250500000000e-04
7.059897399973124e+00	5.070755720000001e-04
7.106984600075521e+00	5.068645700000000e-04
7.153166500036605e+00	5.063272549999999e-04
7.185059700044803e+00	5.062121200000000e-04
7.217053800006397e+00	5.055019860000000e-04
7.264098500018008e+00	5.053292839999999e-04
7.295243000029586e+00	5.050990730000000e-04
7.326710700057447e+00	5.044082650000001e-04
7.358175800065510e+00	5.039476670000000e-04
7.418856100062840e+00	5.032376500000000e-04
7.465945000061765e+00	5.022589470000000e-04
7.512862500036135e+00	5.015297210000000e-04
7.560761400032789e+00	5.008773300000000e-04
7.592642800067551e+00	5.002248800000000e-04
7.624741200008430e+00	4.996299980000000e-04
7.656057400046848e+00	4.993805200000000e-04
7.702337800059468e+00	4.983827240000000e-04
7.733605699962936e+00	4.979029760000000e-04
7.763743099989370e+00	4.969242730000000e-04
7.810193900018930e+00	4.960414370000000e-04
7.856092800037004e+00	4.954274630000000e-04
7.887090899981558e+00	4.948517310000000e-04
7.919144000043161e+00	4.938346680000000e-04
7.966131899971515e+00	4.931630100000000e-04
8.014204300008714e+00	4.922227820000000e-04
8.060191399999894e+00	4.914167800000000e-04
8.106688200030476e+00	4.914359890000000e-04
8.153596800053492e+00	4.912057190000000e-04
8.184673800016753e+00	4.911289430000000e-04
8.216059600003064e+00	4.910330170000000e-04
8.263601600076072e+00	4.918198100000000e-04
8.310400300077163e+00	4.943527750000000e-04
8.357296400004998e+00	4.960607040000000e-04
8.419137399992906e+00	4.998602670000000e-04
8.466236700071022e+00	5.014530620000000e-04
8.498024499975145e+00	5.027579030000000e-04
8.529970000032336e+00	5.034103520000000e-04
8.561898899963126e+00	5.043890560000000e-04
8.608574500074610e+00	5.054828940000000e-04
8.654917799984105e+00	5.062312120000000e-04
8.703170599997975e+00	5.075362280000000e-04
8.734365500044078e+00	5.084188890000000e-04
8.766032100073062e+00	5.090329800000000e-04
8.797611600020900e+00	5.098005639999999e-04
8.828729300061241e+00	5.102227440000000e-04
8.858152700006030e+00	5.102034770000000e-04
8.905667399987578e+00	5.103187290000000e-04
8.952466699993238e+00	5.100692510000000e-04
8.983996800030582e+00	5.099349070000000e-04
9.016038900008425e+00	5.091673230000001e-04
9.062988899997436e+00	5.082461870000000e-04
9.093637700076215e+00	5.072483910000000e-04
9.124597999965772e+00	5.060009430000000e-04
9.156039600027725e+00	5.050798060000000e-04
9.218215500004590e+00	5.027962620000001e-04
9.264060799963772e+00	5.012226760000000e-04
9.310476100072265e+00	4.997643410000000e-04
9.357026800047606e+00	4.990159070000000e-04
9.388156200060621e+00	4.980756780000000e-04
9.418136400054209e+00	4.962142560000000e-04
9.465078299981542e+00	4.944487590000000e-04
9.511983699980192e+00	4.923571250000000e-04
9.559741000062786e+00	4.899391790000000e-04
9.621554500074126e+00	4.879818010000000e-04
9.667847600067034e+00	4.862930800000000e-04
9.698391800047830e+00	4.847387320000000e-04
9.729822700028308e+00	4.832035050000000e-04
9.760674800025299e+00	4.808048250000000e-04
9.807178699993528e+00	4.796534190000000e-04
9.853962699999101e+00	4.775042180000000e-04
9.884937700000592e+00	4.753357790000000e-04
9.916427399963140e+00	4.715553950000000e-04
9.963185900007375e+00	4.687728650000000e-04
9.993006800068542e+00	4.663165890000000e-04
1.002496780001093e+01	4.635148800000000e-04
1.005610489996616e+01	4.616534860000000e-04
1.010277360002510e+01	4.580074460000000e-04
1.013389130006544e+01	4.558773360000000e-04
1.016513890004717e+01	4.534018520000000e-04
1.021211029996630e+01	4.507153350000000e-04
1.025913939997554e+01	4.489498390000000e-04
1.029016189998947e+01	4.465703100000000e-04
1.032177070004400e+01	4.434999720000000e-04
1.035339679999743e+01	4.420607580000000e-04
1.038488540006801e+01	4.399882750000000e-04
1.041596929996740e+01	4.373208790000000e-04
1.046229010005482e+01	4.345575580000000e-04
1.051019830000587e+01	4.320436860000000e-04
1.055704189999960e+01	4.303742030000000e-04
1.058834180003032e+01	4.288773630000000e-04
1.061910230002832e+01	4.261332210000000e-04
1.066501700005028e+01	4.225447480000000e-04
1.071199330000672e+01	4.192632910000000e-04
1.075996709999163e+01	4.161545370000000e-04
1.080799010000192e+01	4.132377220000000e-04
1.085551430005580e+01	4.115874180000000e-04
1.088706680003088e+01	4.099178770000000e-04
1.091747610003222e+01	4.073848250000000e-04
1.096347129996866e+01	4.047942060000000e-04
1.101224529999308e+01	4.014744190000000e-04
1.105895289999899e+01	3.979051250000000e-04
1.110573720000684e+01	3.961396870000000e-04
1.116715009999461e+01	3.911887180000000e-04
1.119905619998462e+01	3.884637260000000e-04
1.122968870005570e+01	3.859883000000000e-04
1.126019160007127e+01	3.807686730000000e-04
1.130641900002956e+01	3.779285760000000e-04
1.135582060005981e+01	3.727473670000000e-04
1.141808229999151e+01	3.651482110000000e-04
1.146381680003833e+01	3.620202770000000e-04
1.149546210002154e+01	3.580863700000000e-04
1.152698169997893e+01	3.540181210000000e-04
1.155749050003942e+01	3.474169060000000e-04
1.162017690006178e+01	3.418518460000000e-04
1.166583760001231e+01	3.368433100000000e-04
1.171264390007127e+01	3.318348320000000e-04
1.175913610006683e+01	3.290331220000000e-04
1.178985619999003e+01	3.264616830000000e-04
1.182115329999942e+01	3.227004780000000e-04
1.186794660007581e+01	3.175384480000000e-04
1.191400200000498e+01	3.119542380000000e-04
1.196119309996720e+01	3.065619090000000e-04
1.200934039999265e+01	3.012847160000000e-04
1.205373450007755e+01	2.984062590000000e-04
1.208496750006452e+01	2.948753240000000e-04
1.211610019998625e+01	2.889457100000000e-04
1.216391520004254e+01	2.821333470000000e-04
1.221008980006445e+01	2.758391200000000e-04
1.225609520007856e+01	2.726727980000000e-04
1.231920680007897e+01	2.650160750000000e-04
1.236516020004638e+01	2.616386920000000e-04
1.239668080001138e+01	2.589712970000000e-04
1.242857049999293e+01	2.561696160000000e-04
1.246005170000717e+01	2.521589340000000e-04
1.250807219999842e+01	2.478412640000000e-04
1.255590969999321e+01	2.455385110000000e-04
1.261729590001050e+01	2.383615210000000e-04
1.266366169997491e+01	2.344851820000000e-04
1.269445439998526e+01	2.310118580000000e-04
1.272471960005350e+01	2.268476670000000e-04
1.277067900006659e+01	2.205726340000000e-04
1.281708170007914e+01	2.150843500000000e-04
1.286379039997701e+01	2.102869040000000e-04
1.291109199996572e+01	2.058540990000000e-04
1.295671529998071e+01	2.034937350000000e-04
1.298858430003747e+01	2.009798770000000e-04
1.302006600005552e+01	1.972570750000000e-04
1.306597460003104e+01	1.918263880000000e-04
1.311216270003933e+01	1.858199680000000e-04
1.315962150006089e+01	1.791419340000000e-04
1.322224170004483e+01	1.735577240000000e-04
1.326810660003684e+01	1.690097560000000e-04
1.329939890000969e+01	1.651334170000000e-04
1.333076140005141e+01	1.602784030000000e-04
1.336216869996861e+01	1.513551980000000e-04
1.340887460007798e+01	1.425278900000000e-04
1.345455789996777e+01	1.381718320000000e-04
1.350354619999416e+01	1.310716180000000e-04
1.353334850003012e+01	1.272144870000000e-04
1.356431669997983e+01	1.234724770000000e-04
1.359593640000094e+01	1.198839820000000e-04
1.362715349998325e+01	1.160844330000000e-04
1.365814549999777e+01	1.106920900000000e-04
1.370493130001705e+01	1.076601330000000e-04
1.375249370001256e+01	1.021910500000000e-04
1.378330760006793e+01	9.850660720000001e-05
1.381462209997699e+01	9.365159350000000e-05
1.386210949998349e+01	9.037015119999999e-05
1.389360750000924e+01	8.724223150000000e-05
1.392458700004499e+01	8.363454250000001e-05
1.395471439999528e+01	8.119745330000000e-05
1.401837710000109e+01	7.413561980000000e-05
1.406483809999190e+01	6.976036090000000e-05
1.411068220005836e+01	6.576889430000000e-05
1.415962100005709e+01	6.360045520000000e-05
1.418824879999738e+01	6.175822640000000e-05
1.421989369997755e+01	5.903328930000000e-05
1.426891680003610e+01	5.602049710000000e-05
1.431498919997830e+01	5.061064800000000e-05
1.442381199996453e+01	4.903720400000000e-05
1.445459890004713e+01	4.767316570000000e-05
1.448503260000143e+01	4.632642230000000e-05
1.451697540003806e+01	4.486249240000000e-05
1.454898740001954e+01	4.336013080000000e-05
1.457910780003294e+01	4.196920050000000e-05
1.461038179998286e+01	4.004034050000000e-05
1.465709180000704e+01	3.893374010000000e-05
1.470442860003095e+01	3.736029980000000e-05
1.473627850005869e+01	3.632862720000000e-05
1.476703039999120e+01	3.496267160000000e-05
1.481287730007898e+01	3.409237980000000e-05
1.484376439999323e+01	3.326243310000000e-05
1.487437570001930e+01	3.233258390000000e-05
1.490518460003659e+01	3.168322660000000e-05
1.495215819997247e+01	3.051899330000000e-05
1.498347750003450e+01	2.969288650000000e-05
1.501490890001878e+01	2.850368040000000e-05
1.506223749998026e+01	2.746240170000000e-05
1.510839090007357e+01	2.689181200000000e-05
1.513982160005253e+01	2.625590420000000e-05
1.517161079996731e+01	2.545477220000000e-05
1.521831030002795e+01	2.458448220000000e-05
1.526375809998717e+01	2.356241570000000e-05
1.530998899997212e+01	2.233286250000000e-05
1.535701809998136e+01	2.157784180000000e-05
1.541917490004562e+01	1.962016180000000e-05
1.545041829999536e+01	1.862883800000000e-05
1.548148519999813e+01	1.761829840000000e-05
1.551322219998110e+01	1.619663090000000e-05
1.556056360004004e+01	1.470963890000000e-05
1.562235219997820e+01	1.335713300000000e-05
1.566877900005784e+01	1.195467390000000e-05
1.571653350000270e+01	1.093645100000000e-05
1.574839369999245e+01	1.012187200000000e-05
1.577871280000545e+01	9.249658430000000e-06
1.580993099999614e+01	7.916363760000000e-06
1.585783510003239e+01	6.550407760000000e-06
1.590399500005879e+01	5.962526760000000e-06
1.593451859999914e+01	5.292037260000000e-06
1.596568809996825e+01	4.337212430000000e-06
1.601308289996814e+01	3.791599510000000e-06
1.604405909997877e+01	3.317068830000000e-06
1.607609350001439e+01	2.855985940000000e-06
1.610727330006193e+01	2.350717980000000e-06
1.615436310006771e+01	1.540380030000000e-06
1.626311629998963e+01	1.358528270000000e-06
1.629417400003877e+01	1.206728260000000e-06
1.632607369998004e+01	1.059744360000000e-06
1.635708480002359e+01	9.266303780000000e-07
1.640438069996890e+01	7.424669660000000e-07
1.643503729999065e+01	6.359374540000000e-07
1.646576280007139e+01	5.238211430000000e-07
1.651371309999377e+01	4.353996990000000e-07
1.655899589997716e+01	3.566101160000000e-07
1.662114269996528e+01	3.009372160000000e-07
1.666697300004307e+01	2.539331940000000e-07
1.671310699998867e+01	1.949379110000000e-07
1.682107880001422e+01	1.901587720000000e-07
1.685266990005039e+01	1.899860390000000e-07
1.688427000003867e+01	1.965885300000000e-07
1.691459529998247e+01	2.094672170000000e-07
1.694590579997748e+01	2.279503380000000e-07
1.697611749998759e+01	2.494659840000000e-07
1.700761910004076e+01	2.807510380000000e-07
1.705424199998379e+01	3.003089830000000e-07
1.708484240004327e+01	3.286766630000000e-07
1.711610700003803e+01	3.823986110000000e-07
1.716302540001925e+01	4.676550990000000e-07
1.721001420007087e+01	5.262137960000000e-07
1.724073449999560e+01	5.958086720000000e-07
1.727485000004526e+01	6.995098830000000e-07
1.731957990000956e+01	8.472596850000000e-07
1.736612020002212e+01	1.391084420000000e-06
1.746036889997777e+01	1.572550900000000e-06
1.749190580006689e+01	1.746311570000000e-06
1.752467680000700e+01	1.978057070000000e-06
1.757018300006166e+01	2.305351700000000e-06
1.761597929999698e+01	2.550581480000000e-06
1.764753429999109e+01	2.834146930000000e-06
1.767781919997651e+01	3.121372630000000e-06
1.770775070006493e+01	3.563673090000000e-06
1.775444529997185e+01	3.787905140000000e-06
1.778482220007572e+01	4.056637860000000e-06
1.781593569996767e+01	4.509340220000000e-06
1.786134160007350e+01	5.089378650000000e-06
1.790810250001960e+01	5.397215770000000e-06
1.793910499999765e+01	5.669222900000000e-06
1.796994790004101e+01	5.912911550000000e-06
1.801698189997114e+01	5.960494040000000e-06
1.806423540005926e+01	5.835470800000000e-06
1.811082850000821e+01	4.977069690000000e-06
1.815709300001618e+01	4.392793020000000e-06
1.821915620006621e+01	3.062424870000000e-06
1.825020710006356e+01	2.449638710000000e-06
1.828108220000286e+01	1.883085700000000e-06
1.831218620005529e+01	1.194399370000000e-06
1.835922680003569e+01	6.318919650000000e-07
1.842019099998288e+01	3.381166780000000e-07
1.846726399997715e+01	2.082776690000000e-07
1.851363539998420e+01	2.063512030000000e-07
1.854464019997977e+01	2.624093720000000e-07
1.857660610007588e+01	4.103565350000000e-07
1.862375819997396e+01	6.530823950000000e-07
1.865450060006697e+01	8.376309780000000e-07
1.868609450000804e+01	1.157605310000000e-06
1.871809510001913e+01	1.651533010000000e-06
1.876500410004519e+01	2.475259410000000e-06
1.881165769998915e+01	3.090357720000000e-06
1.884300250001252e+01	3.821617610000000e-06
1.887439630005974e+01	4.815444300000000e-06
1.890614049998112e+01	5.586966380000000e-06
1.895292810001411e+01	6.968961770000000e-06
1.898429960000794e+01	7.967797500000000e-06
1.901616910006851e+01	1.214294930000000e-05
1.912504090007860e+01	1.288836570000000e-05
1.915605180000421e+01	1.393924870000000e-05
1.918720310006756e+01	1.497476110000000e-05
1.921913390001282e+01	1.636761230000000e-05
1.926579510001466e+01	1.798908670000000e-05
1.931269789999351e+01	1.963937390000000e-05
1.935904070001561e+01	2.157207930000000e-05
1.940624859998934e+01	2.246734580000000e-05
1.945241680007894e+01	2.422137910000000e-05
1.948345180007163e+01	2.547014450000000e-05
1.951389399997424e+01	2.698402930000000e-05
1.956123920006212e+01	2.809062610000000e-05
1.960705600003712e+01	2.845373090000000e-05
1.965368600003421e+01	2.892825980000000e-05
1.968414190004114e+01	2.914151080000000e-05
1.971503710001707e+01	2.960067100000000e-05
1.976232830004301e+01	3.018086320000000e-05
1.979288790002465e+01	3.107036900000000e-05
1.982380690006539e+01	3.268415460000000e-05
1.985444030002691e+01	3.395789830000000e-05
1.988609040004667e+01	3.561202900000000e-05
1.991711330006365e+01	3.786748860000000e-05
1.996335970005020e+01	4.074540990000000e-05
2.001001860003453e+01	4.315264230000000e-05
2.005659360007849e+01	4.444751900000000e-05
2.009095039998647e+01	4.596716460000000e-05
2.011995780002326e+01	4.764819460000000e-05
2.016708809998818e+01	5.005734420000000e-05
2.021336609998252e+01	5.251837140000000e-05
2.025916540005710e+01	5.592461820000000e-05
2.030554470000789e+01	5.785539910000000e-05
2.035236809996422e+01	6.242971720000000e-05
2.038366970000789e+01	6.571300760000000e-05
2.041368940006942e+01	7.023353830000000e-05
2.046073930000421e+01	7.598553200000000e-05
2.050723990006372e+01	8.212753160000000e-05
2.055518180003855e+01	9.440001300000001e-05
2.068767190002836e+01	9.493731340000001e-05
2.071208600001410e+01	9.551300900000000e-05
2.074382169998717e+01	9.662601220000000e-05
2.077418120007496e+01	9.781577680000000e-05
2.080611240002327e+01	9.862176380000000e-05
2.085321490000933e+01	9.973475970000000e-05
2.088427939999383e+01	1.002528660000000e-04
2.091481270000804e+01	1.010204580000000e-04
2.096134899999015e+01	1.016345490000000e-04
2.099261870002374e+01	1.026899920000000e-04
2.102489240001887e+01	1.040908390000000e-04
2.105693680001423e+01	1.052422090000000e-04
2.110424330004025e+01	1.077944540000000e-04
2.113603369996417e+01	1.098861320000000e-04
2.116710329998750e+01	1.130716190000000e-04
2.121383889997378e+01	1.155279020000000e-04
2.126017370005138e+01	1.166025390000000e-04
2.129128770006355e+01	1.170631080000000e-04
2.132245019997936e+01	1.176387810000000e-04
2.136924050003290e+01	1.183488060000000e-04
2.141703170002438e+01	1.191163970000000e-04
2.146325739996973e+01	1.197496530000000e-04
2.150985939998645e+01	1.209969850000000e-04
2.155627930001356e+01	1.216302480000000e-04
2.158797990006860e+01	1.226473250000000e-04
2.161894070007838e+01	1.242208960000000e-04
2.166455600003246e+01	1.267155460000000e-04
2.171106780006085e+01	1.294596880000000e-04
2.175751160003711e+01	1.317432470000000e-04
2.181890439998824e+01	1.332592660000000e-04
2.186625209997874e+01	1.342571050000000e-04
2.189760360005312e+01	1.348903610000000e-04
2.192896050005220e+01	1.354277050000000e-04
2.196040380001068e+01	1.364639470000000e-04
2.200708530005068e+01	1.381334440000000e-04
2.207070330006536e+01	1.404362120000000e-04
2.211707659997046e+01	1.428349350000000e-04
2.216385540005285e+01	1.446003880000000e-04
2.219393080007285e+01	1.463466610000000e-04
2.222581630002242e+01	1.487453850000000e-04
2.225710549997166e+01	1.522187090000000e-04
2.231944130000193e+01	1.557688370000000e-04
2.236607440002263e+01	1.607965390000000e-04
2.241341330006253e+01	1.661696590000000e-04
2.246011049998924e+01	1.699308780000000e-04
2.249115849996451e+01	1.736728590000000e-04
2.252276419999544e+01	1.775108250000000e-04
2.256829580001067e+01	1.825577350000000e-04
2.261410240002442e+01	1.875662420000000e-04
2.266014659998473e+01	1.928818240000000e-04
2.270714800001588e+01	1.969884180000000e-04
2.275473420007620e+01	1.982741380000000e-04
2.278602120000869e+01	1.997517540000000e-04
2.281715250003617e+01	2.014212510000000e-04
2.286407140002120e+01	2.037432130000000e-04
2.291100209997967e+01	2.069287000000000e-04
2.295837490004487e+01	2.113615340000000e-04
2.302059359999839e+01	2.165811600000000e-04
2.306734940002207e+01	2.202080210000000e-04
2.309875920007471e+01	2.232016120000000e-04
2.312921350006945e+01	2.258497840000000e-04
2.315982539998367e+01	2.302826320000000e-04
2.320604139997158e+01	2.321632200000000e-04
2.325310380000155e+01	2.360587530000000e-04
2.328470159997232e+01	2.388988210000000e-04
2.331573899998330e+01	2.419308150000000e-04
2.336122049996629e+01	2.436962680000000e-04
2.339222929999232e+01	2.453082120000000e-04
2.342308600002434e+01	2.474766520000000e-04
2.345449380006175e+01	2.488775060000000e-04
2.348502420005389e+01	2.510651540000000e-04
2.351570160000119e+01	2.538476550000000e-04
2.356194320006762e+01	2.569179920000000e-04
2.360908970003948e+01	2.599500000000000e-04
2.365503040002659e+01	2.617538270000000e-04
2.368608320003841e+01	2.642676990000000e-04
2.371739760006312e+01	2.687772790000000e-04
2.376420219999272e+01	2.751482530000000e-04
2.381087110005319e+01	2.827857970000000e-04
2.385851240006741e+01	2.910949700000000e-04
2.390621529996861e+01	2.949904880000000e-04
2.396709970000666e+01	3.030117950000000e-04
2.399826060002670e+01	3.057751160000000e-04
2.402894720004406e+01	3.076940770000000e-04
2.405967079999391e+01	3.096130680000000e-04
2.410728730005212e+01	3.104574280000000e-04
2.415450499998406e+01	3.106109510000000e-04
2.418515829998069e+01	3.107836240000000e-04
2.421703449997585e+01	3.112058040000000e-04
2.426425830007065e+01	3.117815070000000e-04
2.429547030001413e+01	3.127601810000000e-04
2.432687039999291e+01	3.142569910000000e-04
2.435815300000831e+01	3.166173120000000e-04
2.442037890001666e+01	3.188433180000000e-04
2.446693880006205e+01	3.206471740000000e-04
2.451357249997091e+01	3.222591190000000e-04
2.456015570007730e+01	3.233337190000000e-04
2.459099820000120e+01	3.241013330000000e-04
2.462087900005281e+01	3.248113500000000e-04
2.466849559999537e+01	3.259051590000000e-04
2.471460409997962e+01	3.269222510000000e-04
2.476019609998912e+01	3.281887620000000e-04
2.480717609997373e+01	3.298198570000000e-04
2.485523240000475e+01	3.306641880000000e-04
2.488600010005757e+01	3.314702190000000e-04
2.491703360003885e+01	3.327942980000000e-04
2.496512529999018e+01	3.337729430000000e-04
2.500913799996488e+01	3.341375560000000e-04
2.505503090005368e+01	3.345789740000000e-04
2.510436980007216e+01	3.351930060000000e-04
2.516498370002955e+01	3.361717100000000e-04
2.519628739997279e+01	3.364979060000000e-04
2.522845789999701e+01	3.374190130000000e-04
2.525809240003582e+01	3.389925700000000e-04
2.530578679998871e+01	3.403166770000000e-04
2.535225140000694e+01	3.441930170000000e-04
2.538315130001865e+01	3.481268940000000e-04
2.541324160003569e+01	3.553230490000000e-04
2.546114520006813e+01	3.599477930000000e-04
2.549296180007514e+01	3.638432830000000e-04
2.552413570007775e+01	3.676620840000000e-04
2.555614750005770e+01	3.693699550000000e-04
2.562027650000528e+01	3.736108770000000e-04
2.566693140007555e+01	3.757601370000000e-04
2.571372010000050e+01	3.775639630000000e-04
2.576216210005805e+01	3.787345490000000e-04
2.579298769996967e+01	3.796940150000000e-04
2.582532990002073e+01	3.808262410000000e-04
2.585675530007575e+01	3.818433030000000e-04
2.590301190002356e+01	3.838774280000000e-04
2.593446400004905e+01	3.854317770000000e-04
2.596481440006755e+01	3.870437500000000e-04
2.601055350003298e+01	3.889434740000000e-04
2.605710790003650e+01	3.897494750000000e-04
2.609015800000634e+01	3.910927630000000e-04
2.611919880006462e+01	3.920138990000000e-04
2.616555589996278e+01	3.933955450000000e-04
2.621219400002155e+01	3.950458490000000e-04
2.625823440006934e+01	3.965618670000000e-04
2.630420520005282e+01	3.972718550000000e-04
2.633490720007103e+01	3.984999780000000e-04
2.636621690005995e+01	3.996705350000000e-04
2.639743700006511e+01	4.012825080000000e-04
2.642879959999118e+01	4.028752450000000e-04
2.646001410007011e+01	4.059839990000000e-04
2.650561230001040e+01	4.071929720000000e-04
2.655226180003956e+01	4.097644120000000e-04
2.658368040004279e+01	4.108581920000000e-04
2.661594020004850e+01	4.127387950000000e-04
2.666222060006112e+01	4.145810380000000e-04
2.669289239996579e+01	4.156172510000000e-04
2.672419760003686e+01	4.177473310000000e-04
2.675499509996735e+01	4.190522010000000e-04
2.681708649999928e+01	4.226982710000000e-04
2.686427640006877e+01	4.255959360000000e-04
2.691107460006606e+01	4.281289580000000e-04
2.695801379997283e+01	4.294722750000000e-04
2.698863170004915e+01	4.307579950000000e-04
2.701919190003537e+01	4.324466860000000e-04
2.706610860000364e+01	4.343464680000000e-04
2.711305180005729e+01	4.369178500000000e-04
2.715957909997087e+01	4.397195590000000e-04
2.720709330006503e+01	4.418112800000000e-04
2.725333490001503e+01	4.430777920000000e-04
2.728467199997976e+01	4.444210500000000e-04
2.731480050005484e+01	4.466087270000000e-04
2.736054370005149e+01	4.486044640000000e-04
2.740688290004618e+01	4.496406760000000e-04
2.745316490007099e+01	4.521545490000000e-04
2.748501970001962e+01	4.539967920000000e-04
2.751669449999463e+01	4.563379040000000e-04
2.756387149996590e+01	4.576235950000000e-04
2.759754870005418e+01	4.585639110000000e-04
2.762774170003831e+01	4.598304510000000e-04
2.765962679998484e+01	4.617302330000000e-04
2.770642080006655e+01	4.623443240000000e-04
2.775330520002171e+01	4.638219250000000e-04
2.778579009999521e+01	4.649349430000000e-04
2.781609229999594e+01	4.659711560000000e-04
2.786227569996845e+01	4.670458150000000e-04
2.789437680004630e+01	4.679668930000000e-04
2.792488549998961e+01	4.688880290000000e-04
2.795694409997668e+01	4.697899570000000e-04
2.801810129999649e+01	4.720542640000000e-04
2.806517279997934e+01	4.737238630000000e-04
2.811220039997716e+01	4.756044650000000e-04
2.815855110005941e+01	4.769093360000000e-04
2.818973430001643e+01	4.781566390000000e-04
2.822106330003589e+01	4.797494330000000e-04
2.826726610003971e+01	4.811118710000000e-04
2.831543519999832e+01	4.824168280000000e-04
2.836152609996498e+01	4.836833690000000e-04
2.841190130007453e+01	4.847387320000000e-04
2.845602200005669e+01	4.854679570000000e-04
2.848797110002488e+01	4.861011690000000e-04
2.851993050007150e+01	4.870991110000000e-04
2.856705010007136e+01	4.884039520000000e-04
2.861498920002487e+01	4.899007620000000e-04
2.866229600005317e+01	4.912823790000000e-04
2.870977299998049e+01	4.927408300000000e-04
2.875574000005145e+01	4.930095750000000e-04
2.878625950007699e+01	4.933741870000000e-04
2.881809279997833e+01	4.942760570000000e-04
2.886420820001513e+01	4.946982370000000e-04
2.891144050005823e+01	4.951587760000000e-04
2.895801719999872e+01	4.958687930000000e-04
2.902008649997879e+01	4.966747950000000e-04
2.906729999999516e+01	4.971928430000000e-04
2.909720610000659e+01	4.973271860000000e-04
2.920710390002932e+01	4.993037440000000e-04
2.925390060001519e+01	4.997451320000000e-04
2.928466600005049e+01	5.003400150000000e-04
2.931607679999433e+01	5.012803590000000e-04
2.936366070003714e+01	5.019519010000000e-04
2.939433140004985e+01	5.024125570000000e-04
2.942631949996576e+01	5.028730370000000e-04
2.945751480001491e+01	5.033527850000000e-04
2.950328659999650e+01	5.034295610000000e-04
2.953544810006861e+01	5.035446960000000e-04
2.956710760004353e+01	5.040628020000000e-04
2.961393200000748e+01	5.046576260000000e-04
2.965970519999973e+01	5.051374900000000e-04
2.969110529997852e+01	5.054061180000000e-04
2.972220209997613e+01	5.058090319999999e-04
2.975418390007690e+01	5.061160770000000e-04
2.981685930001549e+01	5.070372140000000e-04
2.986337460007053e+01	5.074018260000000e-04
2.990998870006297e+01	5.075553200000001e-04
2.995797840005253e+01	5.077857060000000e-04
2.998995199997444e+01	5.080350669999999e-04
3.002100140007678e+01	5.082653950000000e-04
3.006730019999668e+01	5.083229630000000e-04
3.011425250000320e+01	5.088027100000000e-04
3.016326709999703e+01	5.091673230000001e-04
3.020986790000461e+01	5.093591170000000e-04
3.025717760005500e+01	5.094743680000000e-04
3.029013850004412e+01	5.094168010000000e-04
3.032225670001935e+01	5.100307750000000e-04
3.036839329998475e+01	5.103762960000000e-04
3.041517070005648e+01	5.105680899999999e-04
3.046218659996521e+01	5.106448660000000e-04
3.050884829997085e+01	5.107409090000000e-04
3.055448380007874e+01	5.108368350000000e-04
3.058533939998597e+01	5.108560440000000e-04
3.061631329997908e+01	5.108368350000000e-04
3.066338739998173e+01	5.112397480000000e-04
3.070930170000065e+01	5.112397480000000e-04
3.075608520000242e+01	5.114316590000000e-04
3.081812130007893e+01	5.117194960000000e-04
3.086529760004487e+01	5.114509260000000e-04
3.089629930001684e+01	5.114509260000000e-04
3.092791680002119e+01	5.117194960000000e-04
3.095827780000400e+01	5.118538389999999e-04
3.100603040005080e+01	5.118155390000000e-04
3.105170509999152e+01	5.119881830000000e-04
3.108358970005065e+01	5.119498820000000e-04
3.111485090001952e+01	5.119689740000000e-04
3.116116230003536e+01	5.119881830000000e-04
3.119245910004247e+01	5.123143780000000e-04
3.122419470001478e+01	5.119881830000000e-04
3.125502639997285e+01	5.119881830000000e-04
3.130268660001457e+01	5.120650170000000e-04
3.133320390002336e+01	5.120650170000000e-04
3.136362159997225e+01	5.121225840000000e-04
3.140981940005440e+01	5.119114070000000e-04
3.145709480007645e+01	5.118538389999999e-04
3.148814789997414e+01	5.117579710000000e-04
3.152017580007669e+01	5.118538389999999e-04
3.156602660007775e+01	5.116811370000000e-04
3.161292540002614e+01	5.118155390000000e-04
3.166002050007228e+01	5.116619290000000e-04
3.170798559999093e+01	5.113740920000001e-04
3.175429810001515e+01	5.115660609999999e-04
3.178534740000032e+01	5.114316590000000e-04
3.181705389998388e+01	5.114700180000000e-04
3.186368670000229e+01	5.113740920000001e-04
3.190961069997866e+01	5.112014480000000e-04
3.195608490006998e+01	5.111055220000000e-04
3.201808249996975e+01	5.109711780000000e-04
3.206449110002723e+01	5.106833410000000e-04
3.209779719996732e+01	5.110670460000000e-04
3.212846050004009e+01	5.106833410000000e-04
3.216175440000370e+01	5.106448660000000e-04
3.220704340003431e+01	5.102995200000000e-04
3.225365530001000e+01	5.100307750000000e-04
3.228426450002007e+01	5.101459100000000e-04
3.231593410007190e+01	5.098773400000000e-04
3.236219510005321e+01	5.098581310000000e-04
3.239452390000224e+01	5.098773400000000e-04
3.242507970007136e+01	5.094935190000000e-04
3.245603700005449e+01	5.094551600000000e-04
3.250339490000624e+01	5.091097560000000e-04
3.253373719996307e+01	5.088218600000000e-04
3.256503280007746e+01	5.083421130000000e-04
3.261264489998575e+01	5.078240060000000e-04
3.265952240000479e+01	5.074786600000000e-04
3.269061000004876e+01	5.070755720000001e-04
3.272161110001616e+01	5.069220790000000e-04
3.276827630004846e+01	5.060777770000000e-04
3.281491369998548e+01	5.056363300000000e-04
3.286271400004625e+01	5.050798060000000e-04
3.290928320004605e+01	5.045233990000000e-04
3.295499120000750e+01	5.044082650000001e-04
3.298641300003510e+01	5.040244430000000e-04
3.301792250003200e+01	5.036022629999999e-04
3.306421209999826e+01	5.035639040000000e-04
3.311123380006757e+01	5.036214720000000e-04
3.315704870002810e+01	5.049263710000000e-04
3.321989629999734e+01	5.063463470000000e-04
3.326637810003012e+01	5.077857060000000e-04
3.329747590003535e+01	5.087067260000000e-04
3.332893010007683e+01	5.093208159999999e-04
3.335995539999567e+01	5.103953880000000e-04
3.340693960001227e+01	5.113357910000000e-04
3.345356870000251e+01	5.117004040000000e-04
3.348482180002611e+01	5.118731060000000e-04
3.351602710003499e+01	5.122760190000000e-04
3.356226490007248e+01	5.121225840000000e-04
3.359522020001896e+01	5.118346310000000e-04
3.362563560006674e+01	5.114509260000000e-04
3.365708470006939e+01	5.106065660000001e-04
3.370409909996670e+01	5.101459100000000e-04
3.373608990001958e+01	5.095319360000000e-04
3.376719190005679e+01	5.082461870000000e-04
3.381333480007015e+01	5.064806900000000e-04
3.386003830004483e+01	5.054828940000000e-04
3.389190569997299e+01	5.040436520000000e-04
3.392306960001588e+01	5.027196020000000e-04
3.395428299997002e+01	5.016257640000000e-04
3.401729370001704e+01	4.984210250000000e-04
3.406350390007719e+01	4.960031370000000e-04
3.411020500003360e+01	4.930095750000000e-04
3.415603569999803e+01	4.916469920000000e-04
3.418742670002393e+01	4.898624030000000e-04
3.421773100004066e+01	4.878474280000000e-04
3.426471580006182e+01	4.851033450000000e-04
3.431118069996592e+01	4.827046650000000e-04
3.435807209997438e+01	4.798453300000000e-04
3.441961940005422e+01	4.771203680000000e-04
3.446564890001900e+01	4.749328070000000e-04
3.449765530007426e+01	4.723805470000000e-04
3.452908260002732e+01	4.698282860000000e-04
3.456023279996589e+01	4.652419880000000e-04
3.460723560000770e+01	4.611353510000000e-04
3.465519520000089e+01	4.590628960000000e-04
3.470269700000063e+01	4.553976180000000e-04
3.473387390002608e+01	4.533635220000000e-04
3.476537779998034e+01	4.508112320000000e-04
3.479615680000279e+01	4.483933740000000e-04
3.482750610006042e+01	4.457259780000000e-04
3.485899249999784e+01	4.416001900000000e-04
3.490571139997337e+01	4.392973790000000e-04
3.495190450001974e+01	4.352483960000000e-04
3.498261259996798e+01	4.328304490000000e-04
3.501226850005332e+01	4.298560670000000e-04
3.505825860006735e+01	4.282633310000000e-04
3.508986890001688e+01	4.265170720000000e-04
3.512101540004369e+01	4.242718280000000e-04
3.516832509997766e+01	4.209519830000000e-04
3.521394549997058e+01	4.179584210000000e-04
3.526027700002305e+01	4.152142790000000e-04
3.530746390006971e+01	4.122782270000000e-04
3.535548340005334e+01	4.107430580000000e-04
3.538649619999342e+01	4.091695010000000e-04
3.541757649998181e+01	4.068475390000000e-04
3.546352180000395e+01	4.041609650000000e-04
3.551057609997224e+01	4.016087330000000e-04
3.555780120007694e+01	3.991332490000000e-04
3.562319090007804e+01	3.971951080000000e-04
3.566734929999802e+01	3.959669270000000e-04
3.569852980005089e+01	3.946812360000000e-04
3.572927890007850e+01	3.937984870000000e-04
3.576007279998157e+01	3.923400950000000e-04
3.580709020001814e+01	3.911119710000000e-04
3.587062479997985e+01	3.901140880000000e-04
3.591747350001242e+01	3.890969970000000e-04
3.596390720002819e+01	3.879264400000000e-04
3.599560749996454e+01	3.866983170000000e-04
3.602680540003348e+01	3.856044790000000e-04
3.605821220006328e+01	3.841268480000000e-04
3.612207460007630e+01	3.827835900000000e-04
3.616605210001580e+01	3.808262410000000e-04
3.621165030007251e+01	3.787729370000000e-04
3.625822169997264e+01	3.775255750000000e-04
3.629046519997064e+01	3.758177040000000e-04
3.632072269998025e+01	3.734573550000000e-04
3.636710959998891e+01	3.694659100000000e-04
3.641338410007302e+01	3.647260310000000e-04
3.646018300007563e+01	3.593145520000000e-04
3.650742819998413e+01	3.530203250000000e-04
3.655420130002312e+01	3.502377660000000e-04
3.658455050003249e+01	3.471098610000000e-04
3.661654069996439e+01	3.436556730000000e-04
3.666127959999721e+01	3.411418580000000e-04
3.670792870002333e+01	3.382633440000000e-04
3.675348000007216e+01	3.366130400000000e-04
3.678471560007893e+01	3.339648830000000e-04
3.681503910000902e+01	3.305107240000000e-04
3.686179820005782e+01	3.281119860000000e-04
3.689315450005233e+01	3.254254410000000e-04
3.692478850006592e+01	3.221439550000000e-04
3.695597110001836e+01	3.197836340000000e-04
3.701811509998515e+01	3.130480470000000e-04
3.706481330003589e+01	3.089990060000000e-04
3.711301029997412e+01	3.048923680000000e-04
3.716069469996728e+01	3.026088230000000e-04
3.719042050000280e+01	3.003444000000000e-04
3.722143440006766e+01	2.973124210000000e-04
3.726811319997068e+01	2.931674530000000e-04
3.731370950001292e+01	2.891184120000000e-04
3.736080580006819e+01	2.849542360000000e-04
3.740819280000869e+01	2.817303760000000e-04
3.745608739997260e+01	2.799841170000000e-04
3.748673840006813e+01	2.781034850000000e-04
3.751868239999749e+01	2.760502100000000e-04
3.756502530002035e+01	2.738049950000000e-04
3.761029530002270e+01	2.717708990000000e-04
3.765760110004339e+01	2.695640430000000e-04
3.770455700007733e+01	2.682207560000000e-04
3.775156960007735e+01	2.653806880000000e-04
3.778219709999394e+01	2.631355020000000e-04
3.781406970007811e+01	2.592208040000000e-04
3.786087980004959e+01	2.541738800000000e-04
3.790775540005416e+01	2.483977590000000e-04
3.795451379998121e+01	2.451163310000000e-04
3.801509620004799e+01	2.345811370000000e-04
3.806111400004011e+01	2.303210200000000e-04
3.809204899996985e+01	2.266173830000000e-04
3.812355050002225e+01	2.220502500000000e-04
3.816980540007353e+01	2.163700700000000e-04
3.821608559996821e+01	2.119564310000000e-04
3.826127490005456e+01	2.070438640000000e-04
3.830857270001434e+01	2.025534490000000e-04
3.835456930007786e+01	2.001930990000000e-04
3.838645069999620e+01	1.973721960000000e-04
3.841776330000721e+01	1.936110200000000e-04
3.846454890002497e+01	1.895235910000000e-04
3.851220920006745e+01	1.856664460000000e-04
3.855820890003815e+01	1.820971670000000e-04
3.860633800004143e+01	1.803508930000000e-04
3.865394220000599e+01	1.771654060000000e-04
3.868390239996370e+01	1.744020850000000e-04
3.871499810006935e+01	1.686259490000000e-04
3.876121620007325e+01	1.602400440000000e-04
3.880709600006230e+01	1.527560530000000e-04
3.886790359998122e+01	1.465769460000000e-04
3.891400740004610e+01	1.412037960000000e-04
3.896132650005165e+01	1.380950710000000e-04
3.899309110001195e+01	1.353509430000000e-04
3.902418649999890e+01	1.323573380000000e-04
3.905506400007289e+01	1.302080780000000e-04
3.910216370003764e+01	1.262550070000000e-04
3.913411840004846e+01	1.234532680000000e-04
3.916498890006915e+01	1.193850480000000e-04
3.921280640002806e+01	1.148179070000000e-04
3.925888780003879e+01	1.117859210000000e-04
3.928996460000053e+01	1.087347340000000e-04
3.932054680003785e+01	1.047816700000000e-04
3.936709139996674e+01	9.956204300000000e-05
3.941412139998283e+01	9.551300900000000e-05
3.946104590001050e+01	9.129125830000000e-05
3.950935950002167e+01	8.751088170000001e-05
3.955504740006290e+01	8.580299620000000e-05
3.958567359996960e+01	8.388401330000000e-05
3.961776880000252e+01	8.148530470000000e-05
3.966355160006788e+01	7.885630480000000e-05
3.971023640001658e+01	7.616973020000000e-05
3.975665690004826e+01	7.480726340000000e-05
3.981808280001860e+01	7.116120830000000e-05
3.986390930006746e+01	6.935738200000000e-05
3.989578140003141e+01	6.778381069999999e-05
3.992697699996643e+01	6.611430580000000e-05
3.995809480000753e+01	6.371558270000000e-05
4.000500710005872e+01	5.827998030000000e-05
4.011777460004669e+01	5.710806360000000e-05
4.014561949996278e+01	5.583816530000000e-05
4.017727980006021e+01	5.422822140000000e-05
4.020728360000066e+01	5.306782990000000e-05
4.023813569999766e+01	5.183059330000000e-05
4.026889589999337e+01	5.014187990000000e-05
4.031659760000184e+01	4.837055530000000e-05
4.036116780003067e+01	4.658386020000000e-05
4.040914550004527e+01	4.498928320000000e-05
4.045603470003698e+01	4.418623580000000e-05
4.050266450003255e+01	4.272806110000000e-05
4.053383249999024e+01	4.180397810000000e-05
4.056385949999094e+01	4.053792140000000e-05
4.060974900005385e+01	3.919694060000000e-05
4.065688720007893e+01	3.837852270000000e-05
4.071707430004608e+01	3.641123840000000e-05
4.076328119996469e+01	3.528350860000000e-05
4.081017279997468e+01	3.474173720000000e-05
4.084147390001453e+01	3.420380740000000e-05
4.087298079999164e+01	3.349681360000000e-05
4.090512260003015e+01	3.289933010000000e-05
4.095169130002614e+01	3.203480080000000e-05
4.098370460001752e+01	3.148534600000000e-05
4.101472360000480e+01	3.070150340000000e-05
4.106113330007065e+01	3.003293390000000e-05
4.110865229996853e+01	2.956801110000000e-05
4.114052430004813e+01	2.905505610000000e-05
4.117200829996727e+01	2.846141430000000e-05
4.121811160002835e+01	2.756806500000000e-05
4.126487489999272e+01	2.673619930000000e-05
4.131193309999071e+01	2.585437690000000e-05
4.135899820004124e+01	2.481310180000000e-05
4.140604330005590e+01	2.423674600000000e-05
4.143704590003472e+01	2.355088870000000e-05
4.146800510003231e+01	2.265177680000000e-05
4.151481169997714e+01	2.162779130000000e-05
4.156116320006549e+01	2.045011020000000e-05
4.161264629999641e+01	1.947030980000000e-05
4.165597690001596e+01	1.891124880000000e-05
4.170216290000826e+01	1.771819920000000e-05
4.173399360000622e+01	1.681140570000000e-05
4.176707599998917e+01	1.546466050000000e-05
4.181113739998545e+01	1.413520930000000e-05
4.185764200007543e+01	1.287299620000000e-05
4.190371540002525e+01	1.231009260000000e-05
4.193517509999219e+01	1.170492120000000e-05
4.196704949997365e+01	1.079044070000000e-05
4.201287940004840e+01	1.021601110000000e-05
4.204349070007447e+01	9.737636899999999e-06
4.207449150003958e+01	9.222762860000000e-06
4.210576020006556e+01	8.825078109999999e-06
4.216836340003647e+01	7.885624650000001e-06
4.221504250005819e+01	7.288139390000000e-06
4.226124720007647e+01	6.750210100000000e-06
4.230931020004209e+01	6.473560010000000e-06
4.234010719996877e+01	6.239176860000000e-06
4.237138989998493e+01	5.952921130000000e-06
4.241860900004394e+01	5.501445680000000e-06
4.246570269996300e+01	4.971200270000000e-06
4.251308629999403e+01	3.574075440000000e-06
4.262518039997667e+01	3.040271390000000e-06
4.265487720002420e+01	2.709316730000000e-06
4.270195260003675e+01	2.368730290000000e-06
4.273237880005036e+01	2.206334780000000e-06
4.276293910003733e+01	1.988074250000000e-06
4.280925649998244e+01	1.832036220000000e-06
4.285505040001590e+01	1.742651420000000e-06
4.290235540003050e+01	1.605684820000000e-06
4.293326800002251e+01	1.503007980000000e-06
4.296489140007179e+01	1.337723230000000e-06
4.301106889999937e+01	1.241018140000000e-06
4.304266769997776e+01	1.143735180000000e-06
4.307341449998785e+01	1.039517200000000e-06
4.310667710006237e+01	9.522514690000000e-07
4.315358949999791e+01	8.143217090000000e-07
4.318474090006202e+01	7.208913640000000e-07
4.321604039997328e+01	6.043446210000000e-07
4.326274220005143e+01	4.970443110000000e-07
4.330879110004753e+01	4.463800560000000e-07
4.333905850001611e+01	4.086226680000000e-07
4.336948320001829e+01	3.741403130000000e-07
4.341645410005003e+01	3.440885340000000e-07
4.346282240003347e+01	3.048385790000000e-07
4.360307519999333e+01	3.038981050000000e-07
4.363580429996364e+01	3.040708520000000e-07
4.366575240006205e+01	3.045506960000000e-07
4.371212410007138e+01	3.156252150000000e-07
4.375955389998853e+01	3.561805780000000e-07
4.380709250003565e+01	3.907860560000000e-07
4.383916460000910e+01	4.315718060000000e-07
4.387049710005522e+01	4.705533170000000e-07
4.390111930004787e+01	4.919346570000000e-07
4.393305120000150e+01	5.177879530000000e-07
4.396439370000735e+01	5.542551660000000e-07
4.401250579999760e+01	5.705694550000000e-07
4.405831760005094e+01	5.701855910000000e-07
4.410775720002130e+01	5.591302850000000e-07
4.413597369997296e+01	5.250046230000000e-07
4.416804570006207e+01	4.290766360000000e-07
4.421405399998184e+01	3.429180710000000e-07
4.426119580003433e+01	2.694653740000000e-07
4.430855560000055e+01	2.284877500000000e-07
4.435430100001395e+01	2.134786140000000e-07
4.441681099997368e+01	1.927306950000000e-07
4.444717669999227e+01	1.903315050000000e-07
4.447892410005443e+01	1.935559910000000e-07
4.450997810007539e+01	2.174899980000000e-07
4.455709040001966e+01	2.622678890000000e-07
4.462175749999005e+01	3.243773680000000e-07
4.466727520001587e+01	4.009776830000000e-07
4.471290460007731e+01	4.618971160000000e-07
4.474514840007760e+01	5.279795800000000e-07
4.477602440002374e+01	6.158848010000000e-07
4.480709180003032e+01	7.838834790000000e-07
4.486880619998556e+01	1.247953260000000e-06
4.497951900004409e+01	1.355253520000000e-06
4.501175439998042e+01	1.459471380000000e-06
4.504057010007091e+01	1.556947040000000e-06
4.507218420004938e+01	1.688327070000000e-06
4.511923309997655e+01	1.864785080000000e-06
4.516454520006664e+01	2.029684540000000e-06
4.521017510001548e+01	2.220782790000000e-06
4.525715830002446e+01	2.389727800000000e-06
4.532381380000152e+01	2.503770250000000e-06
4.535253400006332e+01	2.583137980000000e-06
4.538209600001574e+01	2.683310640000000e-06
4.541274020005949e+01	2.817580250000000e-06
4.546002240001690e+01	2.925843320000000e-06
4.550694550003391e+01	2.992497000000000e-06
4.555281899997499e+01	3.009834470000000e-06
4.558448940003291e+01	3.022163580000000e-06
4.561735449999105e+01	3.026979130000000e-06
4.564744400000200e+01	3.029483880000000e-06
4.567803379998077e+01	3.030639160000000e-06
4.570892860007007e+01	3.027942740000000e-06
4.575568910001311e+01	3.011953370000000e-06
4.581737459998112e+01	2.769227880000000e-06
4.586411139997654e+01	2.372197510000000e-06
4.591126750002149e+01	2.049333490000000e-06
4.594240649999119e+01	1.707013330000000e-06
4.597364620002918e+01	1.291489870000000e-06
4.602079139999114e+01	8.414838820000000e-07
4.606717040005606e+01	4.910723420000000e-07
4.611475399998017e+01	2.789763580000000e-07
4.616183370002545e+01	1.996088060000000e-07
4.620853870001156e+01	2.221476480000000e-07
4.623967649997212e+01	3.082575970000000e-07
4.627020500006620e+01	5.363428390000000e-07
4.631586660002358e+01	9.532146240000000e-07
4.636225550004747e+01	1.643249670000000e-06
4.640922490006778e+01	2.424210150000000e-06
4.645609580003656e+01	2.893480310000000e-06
4.650247549999040e+01	3.684843480000000e-06
4.653235420002602e+01	4.185513260000000e-06
4.656388550007250e+01	5.038713880000000e-06
4.661402310000267e+01	5.910600520000000e-06
4.665684030007105e+01	7.014810310000000e-06
4.670397170004435e+01	7.612377890000000e-06
4.673516669997480e+01	8.477907609999999e-06
4.676692379999440e+01	1.222171700000000e-05
4.687513579998631e+01	1.367988990000000e-05
4.690712960006204e+01	1.586426520000000e-05
4.695416800002567e+01	1.684214480000000e-05
4.698591150005814e+01	1.798524320000000e-05
4.701709280000068e+01	1.939923100000000e-05
4.706493540003430e+01	2.102646250000000e-05
4.711283630004618e+01	2.255187610000000e-05
4.716066150006372e+01	2.412916180000000e-05
4.720598490000702e+01	2.483999740000000e-05
4.725243860005867e+01	2.610989580000000e-05
4.728310190001503e+01	2.689949540000000e-05
4.731392029998824e+01	2.817323730000000e-05
4.736123939999379e+01	2.965254130000000e-05
4.740772540005855e+01	3.069958260000000e-05
4.745472160005011e+01	3.124519940000000e-05
4.751704710000195e+01	3.295888750000000e-05
4.756331970007159e+01	3.370237760000000e-05
4.759623160003684e+01	3.438632120000000e-05
4.762964609998744e+01	3.505104540000000e-05
4.766072360007092e+01	3.612690130000000e-05
4.770491570001468e+01	3.674744220000000e-05
4.775259350007400e+01	3.815950910000000e-05
4.778492690005805e+01	3.919309890000000e-05
4.781612750003114e+01	4.056097900000000e-05
4.786398909997661e+01	4.175979120000000e-05
4.789567460003309e+01	4.294707470000000e-05
4.792706640006509e+01	4.420736880000000e-05
4.795816380006727e+01	4.627455200000000e-05
4.801273119996767e+01	4.860493940000000e-05
4.806597440002952e+01	5.160197540000000e-05
4.811329140001908e+01	5.455481730000000e-05
4.816127579996828e+01	5.653747210000000e-05
4.819342500006314e+01	5.850475650000000e-05
4.822493849997409e+01	6.068912990000000e-05
4.825604979996569e+01	6.235671750000000e-05
4.831755969999358e+01	6.719039080000000e-05
4.836410460004117e+01	7.063121300000000e-05
4.841019299998879e+01	7.355909470000000e-05
4.845608310005628e+01	7.544759860000000e-05
4.848729700001422e+01	7.757242570000000e-05
4.851963550003711e+01	8.017561780000000e-05
4.856607050006278e+01	8.323413200000000e-05
4.861629809997976e+01	9.161747580000000e-05
4.873863609996624e+01	9.202048390000000e-05
4.876944709999952e+01	9.359402609999999e-05
4.880010280001443e+01	9.526353100000001e-05
4.883155930007342e+01	9.716331989999999e-05
4.886228570004459e+01	1.002528660000000e-04
4.890962619998027e+01	1.043594890000000e-04
4.895614710007794e+01	1.062016890000000e-04
4.901800480007660e+01	1.107112840000000e-04
4.905011930002365e+01	1.132251420000000e-04
4.908107199997175e+01	1.157773880000000e-04
4.911753030004911e+01	1.193658750000000e-04
4.915961940004490e+01	1.229351620000000e-04
4.920648970000912e+01	1.242784490000000e-04
4.925286210002378e+01	1.268306810000000e-04
4.928385250002611e+01	1.283274910000000e-04
4.931502480001654e+01	1.299202270000000e-04
4.934626380004920e+01	1.315513650000000e-04
4.937712930003181e+01	1.332016690000000e-04
4.940815829997882e+01	1.351014510000000e-04
4.945868130004965e+01	1.372890980000000e-04
4.950246750004590e+01	1.382869670000000e-04
4.953291189996526e+01	1.395534930000000e-04
4.956364750000648e+01	1.417794990000000e-04
4.961104860005435e+01	1.434106380000000e-04
4.964292240003124e+01	1.454639420000000e-04
4.967356929997914e+01	1.479202330000000e-04
4.970454369997606e+01	1.498200140000000e-04
4.975205420004204e+01	1.537922940000000e-04
4.978313980007078e+01	1.568242730000000e-04
4.981417110003531e+01	1.616984520000000e-04
4.986079489998519e+01	1.667837500000000e-04
4.990727470000274e+01	1.692976070000000e-04
4.993816770007834e+01	1.719457940000000e-04
4.996905449999031e+01	1.754767150000000e-04
5.001605269999709e+01	1.793338600000000e-04
5.006132380000781e+01	1.834020800000000e-04
5.010868629999459e+01	1.873743460000000e-04
5.015479669999331e+01	1.886600660000000e-04
5.021771960007027e+01	1.912890580000000e-04
5.024972750002053e+01	1.929393910000000e-04
5.028117309999652e+01	1.949543080000000e-04
5.031298140005674e+01	1.982741380000000e-04
5.035915999999270e+01	2.020928800000000e-04
5.040528810000978e+01	2.038007810000000e-04
5.045220719999634e+01	2.072549400000000e-04
5.048285140004009e+01	2.097496040000000e-04
5.051292200002354e+01	2.123786110000000e-04
5.054497499996796e+01	2.148732600000000e-04
5.057609420001972e+01	2.176941630000000e-04
5.060789199999999e+01	2.206877540000000e-04
5.065466380002908e+01	2.224340280000000e-04
5.070134560007136e+01	2.256003350000000e-04
5.073241130006500e+01	2.276152520000000e-04
5.076401789998636e+01	2.310502170000000e-04
5.080979770002887e+01	2.330267740000000e-04
5.084091879997868e+01	2.357325430000000e-04
5.087111060007010e+01	2.385534170000000e-04
5.091708769998513e+01	2.410096930000000e-04
5.096362920000684e+01	2.440033130000000e-04
5.101007870002650e+01	2.467666350000000e-04
5.105709180003032e+01	2.496642990000000e-04
5.110534260002896e+01	2.511035130000000e-04
5.113672820001375e+01	2.528114130000000e-04
5.116705509996973e+01	2.553444650000000e-04
5.121405860001687e+01	2.582037120000000e-04
5.126124700007495e+01	2.611205850000000e-04
5.130751549999695e+01	2.647474470000000e-04
5.135379209998064e+01	2.668583180000000e-04
5.138500979996752e+01	2.696791780000000e-04
5.141637960006483e+01	2.725192750000000e-04
5.144651020003948e+01	2.748220580000000e-04
5.147746039996855e+01	2.771056320000000e-04
5.150780879997183e+01	2.802527450000000e-04
5.155552829999942e+01	2.816344200000000e-04
5.162328840000555e+01	2.844936680000000e-04
5.166661209997255e+01	2.859329110000000e-04
5.171362050005700e+01	2.867580620000000e-04
5.174511720007285e+01	2.874296920000000e-04
5.177503710007295e+01	2.884083950000000e-04
5.180627800000366e+01	2.890224860000000e-04
5.185322669998277e+01	2.906344020000000e-04
5.188448939996306e+01	2.922079580000000e-04
5.191500300006010e+01	2.954126680000000e-04
5.196234610001557e+01	3.000182040000000e-04
5.200884999998379e+01	3.023593160000000e-04
5.203951190004591e+01	3.051802340000000e-04
5.207215260004159e+01	3.088262750000000e-04
5.218157360004261e+01	3.188433180000000e-04
5.221216420002747e+01	3.233529280000000e-04
5.225908530002926e+01	3.285341660000000e-04
5.230609870003536e+01	3.308177110000000e-04
5.233682500000577e+01	3.336386580000000e-04
5.236840789997950e+01	3.376493110000000e-04
5.241537930001505e+01	3.411993970000000e-04
5.246137669996824e+01	3.444232860000000e-04
5.250814950000495e+01	3.463230680000000e-04
5.255462750000879e+01	3.473017130000000e-04
5.262116260000039e+01	3.500842430000000e-04
5.264936809998471e+01	3.512548280000000e-04
5.267890539998189e+01	3.523486670000000e-04
5.270925559999887e+01	3.543251660000000e-04
5.275601060001645e+01	3.554190040000000e-04
5.281793989997823e+01	3.580288030000000e-04
5.286366899998393e+01	3.603699730000000e-04
5.291013950004708e+01	3.618667540000000e-04
5.294016440003179e+01	3.634211030000000e-04
5.297122110007331e+01	3.654168690000000e-04
5.301811379997525e+01	3.675277400000000e-04
5.306341010006145e+01	3.698113140000000e-04
5.311315870005637e+01	3.722292310000000e-04
5.317279219999909e+01	3.749158060000000e-04
5.321978929999750e+01	3.768155880000000e-04
5.325105409999378e+01	3.784083240000000e-04
5.328293890005443e+01	3.803081050000000e-04
5.331339580006897e+01	3.830906350000000e-04
5.336034330003895e+01	3.863528550000000e-04
5.340645260002930e+01	3.877729180000000e-04
5.346814580005594e+01	3.920522290000000e-04
5.351477390003856e+01	3.936642020000000e-04
5.354595479997806e+01	3.954680290000000e-04
5.357766660000198e+01	3.978283780000000e-04
5.361228970007505e+01	4.002654750000000e-04
5.365706610004418e+01	4.030863350000000e-04
5.371719210001174e+01	4.058304770000000e-04
5.376313380000647e+01	4.086130070000000e-04
5.381067500007339e+01	4.096876360000000e-04
5.384211420000065e+01	4.108774010000000e-04
5.387327630002983e+01	4.122974060000000e-04
5.390370580006856e+01	4.128923170000000e-04
5.393421209999360e+01	4.140245150000000e-04
5.396539540006779e+01	4.153678310000000e-04
5.401358040003106e+01	4.172099870000000e-04
5.405808460002299e+01	4.187068260000000e-04
5.410332260001451e+01	4.193784260000000e-04
5.413621410005726e+01	4.203955180000000e-04
5.416629119997378e+01	4.220458210000000e-04
5.421449220005888e+01	4.232739450000000e-04
5.425955209997483e+01	4.245404850000000e-04
5.430608939996455e+01	4.250010530000000e-04
5.436749059997965e+01	4.267473120000000e-04
5.441424569999799e+01	4.274381500000000e-04
5.444578120007645e+01	4.281865260000000e-04
5.447607840003911e+01	4.291844090000000e-04
5.450809889996890e+01	4.300863370000000e-04
5.455512010003440e+01	4.309882350000000e-04
5.461712050007191e+01	4.329455840000000e-04
5.466433449997567e+01	4.345767370000000e-04
5.471008690004237e+01	4.352483960000000e-04
5.474108329997398e+01	4.361119060000000e-04
5.477286320005078e+01	4.372824620000000e-04
5.482047040003818e+01	4.380308670000000e-04
5.486699560005218e+01	4.396428410000000e-04
5.491331430000719e+01	4.413123530000000e-04
5.495989639998879e+01	4.426940000000000e-04
5.500738109997474e+01	4.435191510000000e-04
5.503937590005808e+01	4.447856630000000e-04
5.506997960002627e+01	4.463783990000000e-04
5.511872749996837e+01	4.485276880000000e-04
5.516477490006946e+01	4.507536650000000e-04
5.521141200000420e+01	4.528069990000000e-04
5.525787400000263e+01	4.547259600000000e-04
5.530348100000992e+01	4.561459940000000e-04
5.533366480004042e+01	4.573357870000000e-04
5.536501930002123e+01	4.587366130000000e-04
5.541351600002963e+01	4.601374970000000e-04
5.545913319999818e+01	4.615191430000000e-04
5.550608690001536e+01	4.624978460000000e-04
5.555407329997979e+01	4.639946270000000e-04
5.558459270000458e+01	4.649349430000000e-04
5.561622850003187e+01	4.661246780000000e-04
5.564713729999494e+01	4.670458150000000e-04
5.567847270006314e+01	4.677749820000000e-04
5.570900180004537e+01	4.685042080000000e-04
5.575603479996789e+01	4.690991190000000e-04
5.581838110007811e+01	4.707877820000000e-04
5.586433480004780e+01	4.720159340000000e-04
5.591124889999628e+01	4.730138460000000e-04
5.594215150002856e+01	4.738582070000000e-04
5.597334819997195e+01	4.747792260000000e-04
5.601995260000695e+01	4.760457670000000e-04
5.606714529998135e+01	4.766022900000000e-04
5.611403409997001e+01	4.775234270000000e-04
5.616291910002474e+01	4.788282970000000e-04
5.620620450004935e+01	4.790585370000000e-04
5.623614649998490e+01	4.794423880000000e-04
5.626707469997928e+01	4.804018540000000e-04
5.631396379997022e+01	4.811886470000000e-04
5.635980550001841e+01	4.819754390000000e-04
5.640629349998198e+01	4.826854270000000e-04
5.645347489998676e+01	4.830500400000000e-04
5.648472239996772e+01	4.834146530000000e-04
5.651597700000275e+01	4.837985030000000e-04
5.654711649997625e+01	4.842397760000000e-04
5.657746120006777e+01	4.849882390000000e-04
5.660878939996473e+01	4.866001250000000e-04
5.666942150006071e+01	4.876171880000000e-04
5.671705069998279e+01	4.886534300000000e-04
5.676232450001407e+01	4.892099530000000e-04
5.680886560003273e+01	4.895169990000000e-04
5.683986569999252e+01	4.900543140000000e-04
5.687009059998672e+01	4.904572850000000e-04
5.691728350007907e+01	4.911289430000000e-04
5.696423889999278e+01	4.918964700000000e-04
5.701082129997667e+01	4.922803490000000e-04
5.705815070006065e+01	4.929327410000000e-04
5.710476760007441e+01	4.929327410000000e-04
5.714129549998324e+01	4.935851900000001e-04
5.716723580006510e+01	4.940458460000000e-04
5.721354240004439e+01	4.942568480000000e-04
5.726113480003551e+01	4.945063270000000e-04
5.730760479997844e+01	4.951012090000000e-04
5.735460209997837e+01	4.954082540000000e-04
5.741603940003552e+01	4.963293900000000e-04
5.744643650006037e+01	4.965979610000001e-04
5.747709339996800e+01	4.970201410000000e-04
5.750906820001546e+01	4.971161829999999e-04
5.755502329999581e+01	4.969433650000000e-04
5.761709790001623e+01	4.975959309999999e-04
5.766410910000559e+01	4.982675890000000e-04
5.771031600004062e+01	4.989775480000000e-04
5.774199380003847e+01	4.995916390000000e-04
5.777365390001796e+01	5.006087010000000e-04
5.782015549996868e+01	5.013379270000000e-04
5.786710010003299e+01	5.025469000000000e-04
5.791501440003049e+01	5.037557569999999e-04
5.796252349996939e+01	5.046961010000000e-04
5.801021850004327e+01	5.052334160000000e-04
5.804007840005215e+01	5.056363300000000e-04
5.807159239996690e+01	5.063463470000000e-04
5.812063050002325e+01	5.068837780000000e-04
5.816532689996529e+01	5.074018260000000e-04
5.821234009996988e+01	5.075745280000000e-04
5.825867680006195e+01	5.082461870000000e-04
5.830457330006175e+01	5.083613210000001e-04
5.833499900007155e+01	5.085340240000000e-04
5.836641730007250e+01	5.087451430000000e-04
5.841267900005914e+01	5.091097560000000e-04
5.845859190006740e+01	5.095127270000000e-04
5.850610140000936e+01	5.095319360000000e-04
5.855266819999088e+01	5.102227440000000e-04
5.858340020000469e+01	5.103953880000000e-04
5.861586779996287e+01	5.107600010000000e-04
5.864733379997779e+01	5.111055220000000e-04
5.867806890001521e+01	5.112397480000000e-04
5.870953430002555e+01	5.115467940000000e-04
5.875709029997233e+01	5.116811370000000e-04
5.881965640000999e+01	5.119881830000000e-04
5.886707250005566e+01	5.122760190000000e-04
5.891333590005524e+01	5.122184520000000e-04
5.894459920004010e+01	5.123335869999999e-04
5.897614190005697e+01	5.124296290000000e-04
5.900757510005496e+01	5.123719460000000e-04
5.905414750007913e+01	5.128901100000000e-04
5.910072940005921e+01	5.131587390000000e-04
5.913271699997131e+01	5.129668860000000e-04
5.916465250006877e+01	5.129284690000000e-04
5.921047489997000e+01	5.131011710000000e-04
5.924152360006701e+01	5.134082170000000e-04
5.927268569997977e+01	5.131587390000000e-04
5.931973680004012e+01	5.131587390000000e-04
5.936598200001754e+01	5.127557670000000e-04
5.941228020004928e+01	5.128133340000000e-04
5.945861380000133e+01	5.126214240000000e-04
5.951107999996748e+01	5.125062890000000e-04
5.953624719998334e+01	5.122952280000000e-04
5.956833510007709e+01	5.122568110000000e-04
5.961536210007034e+01	5.117004040000000e-04
5.966331710002851e+01	5.116619290000000e-04
5.971024150005542e+01	5.111630890000000e-04
5.975701259996276e+01	5.111246140000000e-04
5.981911979999859e+01	5.107792680000000e-04
5.985057140002027e+01	5.105873570000000e-04
5.988145470002200e+01	5.102803119999999e-04
5.991288860002533e+01	5.101651770000000e-04
5.996015459997579e+01	5.095702950000000e-04
6.001023200002965e+01	5.093015500000000e-04
6.005569649999961e+01	5.093591170000000e-04
