# [General]
# timestamp=2025-04-17T12:41:13.061570
# comments='# '
# delimiter='\t'
# column_dtypes=float;;float
# column_headers='Time (s);;Power (W)'
# 
# [Metadata]
# scanner_x=-4.648888772663919
# scanner_y=3.7150022250721597
# start recoding time='17.04.2025, 12:40:12.878417'
# sample rate (hz)=50.0
# sample timing='TIMESTAMP'
# 
# ---- END HEADER ----
7.425999501720071e-04	7.899217960000000e-06
2.921059995424002e-02	7.964137690000000e-06
6.047019991092384e-02	8.114011510000000e-06
1.071200999431312e-01	8.201855050000000e-06
1.578787999460474e-01	8.432637510000000e-06
2.168463999405503e-01	8.946112760000000e-06
3.411079000215977e-01	8.951876230000000e-06
3.716733999317512e-01	9.019118810000000e-06
4.037223999621347e-01	9.097886499999999e-06
4.344092999817804e-01	9.149756810000001e-06
4.655034999595955e-01	9.251580200000000e-06
5.122904999880120e-01	9.343795680000000e-06
5.596969999605790e-01	9.451382540000000e-06
6.209508000174537e-01	9.551284169999999e-06
6.513203999493271e-01	9.620445780000000e-06
6.817834000103176e-01	9.685765690000000e-06
7.134218999417499e-01	9.783745549999999e-06
7.606815999606624e-01	9.929754919999999e-06
8.063719000201672e-01	9.991233130000000e-06
8.535871999338269e-01	1.010650250000000e-05
8.854834999656305e-01	1.018335020000000e-05
9.164721999550238e-01	1.025827620000000e-05
9.480331999948248e-01	1.029093530000000e-05
9.791399999521673e-01	1.034857180000000e-05
1.010965699912049e+00	1.041773340000000e-05
1.057341599953361e+00	1.045615680000000e-05
1.104437000001781e+00	1.046576200000000e-05
1.135498299961910e+00	1.047728980000000e-05
1.166523899999447e+00	1.047728980000000e-05
1.212367499945685e+00	1.044270900000000e-05
1.244410299928859e+00	1.040428560000000e-05
1.275627599912696e+00	1.031783270000000e-05
1.307161199976690e+00	1.027940930000000e-05
1.353390999953263e+00	1.021793100000000e-05
1.383942499989644e+00	1.018527200000000e-05
1.415732000023127e+00	1.014684680000000e-05
1.461506899911910e+00	1.016606070000000e-05
1.508076699916273e+00	1.018142850000000e-05
1.539730699965730e+00	1.022369450000000e-05
1.569810500019230e+00	1.037738820000000e-05
1.617326100007631e+00	1.060216620000000e-05
1.665561700006947e+00	1.087497280000000e-05
1.711213800008409e+00	1.110167250000000e-05
1.758706799941137e+00	1.136295300000000e-05
1.806398299988359e+00	1.144556240000000e-05
1.836373099940829e+00	1.157620320000000e-05
1.867796199978329e+00	1.169339340000000e-05
1.914375099935569e+00	1.180482290000000e-05
1.962506699957885e+00	1.191432970000000e-05
2.008704899926670e+00	1.203151990000000e-05
2.054677899926901e+00	1.206802340000000e-05
2.101582599920221e+00	1.214102760000000e-05
2.133342899964191e+00	1.218521540000000e-05
2.164096200023778e+00	1.227935350000000e-05
2.211291900021024e+00	1.237925430000000e-05
2.258461299934424e+00	1.245033670000000e-05
2.307139899930917e+00	1.249260370000000e-05
2.367629399988800e+00	1.265206080000000e-05
2.414884499972686e+00	1.268471990000000e-05
2.446608999976888e+00	1.274235640000000e-05
2.478135999990627e+00	1.278270070000000e-05
2.508709599962458e+00	1.286339100000000e-05
2.557198299909942e+00	1.289989180000000e-05
2.617574699921533e+00	1.298250300000000e-05
2.664956899941899e+00	1.304590210000000e-05
2.711883899988607e+00	1.307856110000000e-05
2.742580599966459e+00	1.310545850000000e-05
2.772788399946876e+00	1.315925060000000e-05
2.819503400009125e+00	1.319383140000000e-05
2.865649399929680e+00	1.323609830000000e-05
2.913271299912594e+00	1.328796860000000e-05
2.960095199989155e+00	1.336481640000000e-05
3.005901399999857e+00	1.336481640000000e-05
3.036877000005916e+00	1.343590070000000e-05
3.068499099928886e+00	1.345127020000000e-05
3.115195899968967e+00	1.350890490000000e-05
3.161956199910492e+00	1.356077700000000e-05
3.208687599981204e+00	1.361649170000000e-05
3.256388499983586e+00	1.363186130000000e-05
3.302497399970889e+00	1.371639250000000e-05
3.333700799965300e+00	1.373176200000000e-05
3.364380299928598e+00	1.380476620000000e-05
3.411470099934377e+00	1.386624440000000e-05
3.458363299956545e+00	1.390274610000000e-05
3.505274399998598e+00	1.392964260000000e-05
3.553219199995510e+00	1.400456860000000e-05
3.584415199933574e+00	1.402570250000000e-05
3.615452899946831e+00	1.404875550000000e-05
3.647422299953178e+00	1.411023370000000e-05
3.678764099953696e+00	1.412560320000000e-05
3.709815099951811e+00	1.415826230000000e-05
3.756746199913323e+00	1.416210400000000e-05
3.819241399993189e+00	1.422166040000000e-05
3.864412599941716e+00	1.425047780000000e-05
3.912339499918744e+00	1.427545340000000e-05
3.943746399949305e+00	1.429658640000000e-05
3.975646200007759e+00	1.430619250000000e-05
4.006278099957854e+00	1.432348380000000e-05
4.054315899964422e+00	1.433308990000000e-05
4.085091199958697e+00	1.436382900000000e-05
4.116255900007673e+00	1.436190630000000e-05
4.162003699922934e+00	1.439072370000000e-05
4.208436799934134e+00	1.437151240000000e-05
4.239900199929252e+00	1.442914890000000e-05
4.270522199920379e+00	1.446372970000000e-05
4.317484500003047e+00	1.445604450000000e-05
4.364591300021857e+00	1.448870530000000e-05
4.410715700010769e+00	1.450599480000000e-05
4.456340399920009e+00	1.451560090000000e-05
4.503330399980769e+00	1.453289220000000e-05
4.535028400016017e+00	1.454826180000000e-05
4.566153699997813e+00	1.458092080000000e-05
4.613107100012712e+00	1.456939480000000e-05
4.660330999991857e+00	1.459437040000000e-05
4.706991999992169e+00	1.459821210000000e-05
4.752368699992076e+00	1.458284260000000e-05
4.784335799980909e+00	1.458284260000000e-05
4.814941899967380e+00	1.459244870000000e-05
4.844793399912305e+00	1.459629040000000e-05
4.875472599989735e+00	1.459437040000000e-05
4.906791199930012e+00	1.460589560000000e-05
4.954417799948715e+00	1.461165990000000e-05
4.985879499930888e+00	1.463087120000000e-05
5.016493199975230e+00	1.460205390000000e-05
5.063531899941154e+00	1.461934520000000e-05
5.111291599925607e+00	1.460013210000000e-05
5.141727700014599e+00	1.459437040000000e-05
5.172748600016348e+00	1.459437040000000e-05
5.218784499913454e+00	1.456170960000000e-05
5.265405699959956e+00	1.455402530000000e-05
5.312482099980116e+00	1.456363130000000e-05
5.359500400023535e+00	1.450407490000000e-05
5.406412699958310e+00	1.452712790000000e-05
5.437699900008738e+00	1.451944440000000e-05
5.468570399913006e+00	1.451368010000000e-05
5.514980199979618e+00	1.450407490000000e-05
5.561398099991493e+00	1.448294100000000e-05
5.608532099984586e+00	1.447717750000000e-05
5.654264200013131e+00	1.445988620000000e-05
5.685741699999198e+00	1.444451850000000e-05
5.716449299943633e+00	1.444451850000000e-05
5.747592599946074e+00	1.443683230000000e-05
5.778732999926433e+00	1.437151240000000e-05
5.810045099933632e+00	1.435998640000000e-05
5.856362699996680e+00	1.426776910000000e-05
5.903054399997927e+00	1.418900140000000e-05
5.934388199937530e+00	1.412944490000000e-05
5.965438199928030e+00	1.401801640000000e-05
6.011325499974191e+00	1.397959390000000e-05
6.042218899936415e+00	1.391811570000000e-05
6.073487299960107e+00	1.385663750000000e-05
6.103856100002304e+00	1.380476620000000e-05
6.135400699917227e+00	1.375481590000000e-05
6.166491599986330e+00	1.367604820000000e-05
6.212303799926303e+00	1.362417520000000e-05
6.259211399941705e+00	1.355117180000000e-05
6.306996500003152e+00	1.352811610000000e-05
6.337958600022830e+00	1.350698490000000e-05
6.369283000007272e+00	1.349737890000000e-05
6.415526599972509e+00	1.341668940000000e-05
6.460472199949436e+00	1.340131980000000e-05
6.510003799921833e+00	1.339747810000000e-05
6.559047600021586e+00	1.335521120000000e-05
6.619196699932218e+00	1.331294420000000e-05
6.649901399970986e+00	1.329565480000000e-05
6.681306699989364e+00	1.328796860000000e-05
6.711756999953650e+00	1.324378260000000e-05
6.757876700023189e+00	1.316885660000000e-05
6.819582599913701e+00	1.314772450000000e-05
6.867040299926884e+00	1.305934980000000e-05
6.912386299925856e+00	1.303821770000000e-05
6.944358399952762e+00	1.299018730000000e-05
6.974949099938385e+00	1.295752830000000e-05
7.021873699966818e+00	1.290565520000000e-05
7.070602299994789e+00	1.288068050000000e-05
7.117523699998856e+00	1.281920410000000e-05
7.165402599959634e+00	1.277501540000000e-05
7.211682299966924e+00	1.277309550000000e-05
7.242658599978313e+00	1.272698680000000e-05
7.273447699961253e+00	1.271161730000000e-05
7.304374599945731e+00	1.269624770000000e-05
7.335231799981557e+00	1.265206080000000e-05
7.367395099950954e+00	1.264245470000000e-05
7.414494099910371e+00	1.257137140000000e-05
7.460267900023609e+00	1.254255400000000e-05
7.507393599953502e+00	1.246186460000000e-05
7.538867899915203e+00	1.244265240000000e-05
7.569797599921003e+00	1.235812120000000e-05
7.617115599918179e+00	1.229664300000000e-05
7.664684599963948e+00	1.225245610000000e-05
7.711670099990442e+00	1.221787530000000e-05
7.758465199964121e+00	1.217368840000000e-05
7.820735999965109e+00	1.214679110000000e-05
7.852180799935013e+00	1.209492070000000e-05
7.883326799958013e+00	1.208147110000000e-05
7.914424499962479e+00	1.206033900000000e-05
7.960624399944209e+00	1.201423040000000e-05
8.006097499979660e+00	1.202575820000000e-05
8.053846800001338e+00	1.201230860000000e-05
8.084356499952264e+00	1.201423040000000e-05
8.115841599996202e+00	1.200270340000000e-05
8.147479399922304e+00	1.203344250000000e-05
8.179712999961339e+00	1.200846690000000e-05
8.209586099954322e+00	1.200078260000000e-05
8.257245199987665e+00	1.199886080000000e-05
8.303853499935940e+00	1.202575820000000e-05
8.335653799935244e+00	1.204688940000000e-05
8.367487499956042e+00	1.210452590000000e-05
8.414079000009224e+00	1.217561020000000e-05
8.446006999933161e+00	1.227166740000000e-05
8.477559400023893e+00	1.231969780000000e-05
8.508854700019583e+00	1.243496900000000e-05
8.556155900005251e+00	1.248299760000000e-05
8.619676199974492e+00	1.263861300000000e-05
8.666594199952669e+00	1.263861300000000e-05
8.713899999973364e+00	1.265782430000000e-05
8.745306600001641e+00	1.267127210000000e-05
8.776294499984942e+00	1.266358870000000e-05
8.808337299968116e+00	1.266358870000000e-05
8.854819200001657e+00	1.269048330000000e-05
8.916977199958637e+00	1.272506510000000e-05
8.963467199937440e+00	1.282112410000000e-05
9.009423099923879e+00	1.287491610000000e-05
9.040044499910437e+00	1.294407870000000e-05
9.073058199952357e+00	1.301900470000000e-05
9.118203299934976e+00	1.314196110000000e-05
9.164441999979317e+00	1.322265050000000e-05
9.212035099975765e+00	1.334944680000000e-05
9.258699400001206e+00	1.343397890000000e-05
9.307418299955316e+00	1.349929880000000e-05
9.335964499972761e+00	1.355309180000000e-05
9.367483799927868e+00	1.365875690000000e-05
9.413363999919966e+00	1.375481590000000e-05
9.461675599915907e+00	1.387200700000000e-05
9.507786799920723e+00	1.399496340000000e-05
9.555769699974917e+00	1.405067720000000e-05
9.617513199918903e+00	1.419668570000000e-05
9.648779699928127e+00	1.422550300000000e-05
9.680303199915215e+00	1.423703000000000e-05
9.712328399997205e+00	1.425624210000000e-05
9.759435300016776e+00	1.430619250000000e-05
9.823241099948063e+00	1.436959250000000e-05
9.855251299915835e+00	1.436959250000000e-05
9.916426899959333e+00	1.442722710000000e-05
9.948259899974801e+00	1.444643840000000e-05
9.979220699984580e+00	1.449638880000000e-05
1.001031049992889e+01	1.449254710000000e-05
1.005847579997499e+01	1.452520610000000e-05
1.011922250001226e+01	1.455594520000000e-05
1.016539909993298e+01	1.456939480000000e-05
1.021300220000558e+01	1.458860610000000e-05
1.024482849997003e+01	1.459437040000000e-05
1.027547889994457e+01	1.459821210000000e-05
1.030615199997555e+01	1.459821210000000e-05
1.035394679999445e+01	1.458668430000000e-05
1.038554799999110e+01	1.460973820000000e-05
1.041782480000984e+01	1.460013210000000e-05
1.046441739995498e+01	1.457131480000000e-05
1.051096939994022e+01	1.456170960000000e-05
1.054133429995272e+01	1.456363130000000e-05
1.057303809991572e+01	1.455402530000000e-05
1.061866829998326e+01	1.456363130000000e-05
1.066549159993883e+01	1.454057560000000e-05
1.071113209996838e+01	1.453865570000000e-05
1.075822939991485e+01	1.452904960000000e-05
1.082035719999112e+01	1.450791660000000e-05
1.085156530002132e+01	1.445796620000000e-05
1.088342849991750e+01	1.447333580000000e-05
1.091443250002339e+01	1.441569930000000e-05
1.096113229996990e+01	1.435614290000000e-05
1.100755400001071e+01	1.431772030000000e-05
1.105572549998760e+01	1.431003600000000e-05
1.110332689993083e+01	1.427929690000000e-05
1.113533979991917e+01	1.426776910000000e-05
1.116637689992785e+01	1.426008570000000e-05
1.121435849997215e+01	1.424087260000000e-05
1.126054039993323e+01	1.420437090000000e-05
1.131016489991453e+01	1.416018400000000e-05
1.135536049993243e+01	1.414481450000000e-05
1.141734899999574e+01	1.412944490000000e-05
1.144881819991861e+01	1.413905100000000e-05
1.148004930000752e+01	1.412175970000000e-05
1.151131739991251e+01	1.408910070000000e-05
1.155831280001439e+01	1.404683370000000e-05
1.160542029992212e+01	1.405643980000000e-05
1.165184840001166e+01	1.400264680000000e-05
1.168397769995499e+01	1.398919900000000e-05
1.171541699999943e+01	1.394693210000000e-05
1.174636579991784e+01	1.391811570000000e-05
1.177765459998045e+01	1.385855920000000e-05
1.180889599991497e+01	1.378939670000000e-05
1.185536849999335e+01	1.377018540000000e-05
1.190212699992117e+01	1.367028380000000e-05
1.193464170000516e+01	1.360688570000000e-05
1.196646759996656e+01	1.354924920000000e-05
1.201350929995533e+01	1.348392930000000e-05
1.204464510001708e+01	1.339747810000000e-05
1.207649809995200e+01	1.323033480000000e-05
1.210845189995598e+01	1.298058120000000e-05
1.215442409995012e+01	1.282688750000000e-05
1.218546179996338e+01	1.262708520000000e-05
1.221658050001133e+01	1.235235690000000e-05
1.226442229992244e+01	1.201615210000000e-05
1.231116409995593e+01	1.183940370000000e-05
1.234230809996370e+01	1.167994560000000e-05
1.237408929993398e+01	1.148974930000000e-05
1.242047439992893e+01	1.128226360000000e-05
1.246831509994809e+01	1.101137700000000e-05
1.251549429993611e+01	1.077891560000000e-05
1.256233200000133e+01	1.047344810000000e-05
1.260937810002360e+01	1.034664910000000e-05
1.263924409996253e+01	1.020832500000000e-05
1.266945909999777e+01	1.006039570000000e-05
1.271557369991206e+01	9.912463610000000e-06
1.276241470000241e+01	9.762611630000000e-06
1.280963509995490e+01	9.674238750000001e-06
1.285634039994329e+01	9.610839700000001e-06
1.290233860001899e+01	9.437934750000000e-06
1.293353509996086e+01	9.282319299999999e-06
1.296469099994283e+01	9.057541319999999e-06
1.301075289992150e+01	8.832764250000000e-06
1.305734379997011e+01	8.538823750000000e-06
1.310401889996137e+01	8.442764740000000e-06
1.313581469992641e+01	8.292912750000000e-06
1.316691189992707e+01	8.125772180000000e-06
1.321334579994436e+01	7.985525370000000e-06
1.324439529993106e+01	7.835674300000001e-06
1.327571590000298e+01	7.685822310000000e-06
1.330673469998874e+01	7.545575950000000e-06
1.335378749994561e+01	7.286217620000000e-06
1.338464629999362e+01	7.126760010000000e-06
1.341632979991846e+01	6.882770780000000e-06
1.346230259991717e+01	6.529274740000000e-06
1.350951220002025e+01	6.323708480000000e-06
1.354089750000276e+01	6.100852720000000e-06
1.357136349997018e+01	5.368512570000000e-06
1.367956029996276e+01	5.187624080000000e-06
1.370987040002365e+01	5.006158520000000e-06
1.374142699991353e+01	4.814289240000000e-06
1.377282459998969e+01	4.605082270000000e-06
1.381995079992339e+01	4.345019080000000e-06
1.386643069994170e+01	4.097670170000000e-06
1.391346840001643e+01	3.855906930000000e-06
1.396043570002075e+01	3.538437340000000e-06
1.402146499999799e+01	3.279529660000000e-06
1.405359419994056e+01	3.059727990000000e-06
1.408419319998939e+01	2.864006320000000e-06
1.411614479997661e+01	2.585064290000000e-06
1.416192149999551e+01	2.280115950000000e-06
1.420852569991257e+01	2.014658550000000e-06
1.425596089998726e+01	1.875765410000000e-06
1.431754279998131e+01	1.570431780000000e-06
1.434885499998927e+01	1.429227040000000e-06
1.437971060001291e+01	1.293030890000000e-06
1.441146420000587e+01	1.128709190000000e-06
1.445797200000379e+01	9.888530030000001e-07
1.450561609992292e+01	9.287494440000000e-07
1.455121389997657e+01	8.391720600000000e-07
1.458287859999109e+01	7.836919170000000e-07
1.461524099996313e+01	7.312939940000000e-07
1.464594680001028e+01	6.796666410000000e-07
1.467669130000286e+01	6.185997560000000e-07
1.470823559991550e+01	5.251696390000001e-07
1.475549729994964e+01	4.725791310000000e-07
1.481752319994848e+01	3.550689200000000e-07
1.486437929992098e+01	2.938095350000000e-07
1.490998919995036e+01	2.096783620000000e-07
1.501988619996700e+01	1.937095390000000e-07
1.505011850001756e+01	1.816945310000000e-07
1.508231039997190e+01	1.682976460000000e-07
1.511326709995046e+01	1.482598580000000e-07
1.515876159991603e+01	1.319839810000000e-07
1.519083879992831e+01	1.128866740000000e-07
1.522077179991174e+01	9.173567860000000e-08
1.526744979992509e+01	7.094936190000000e-08
1.531445439998060e+01	5.778278120000000e-08
1.536242959997617e+01	4.903064980000000e-08
1.541050579992589e+01	4.461618630000000e-08
1.545758309995290e+01	4.198670570000000e-08
1.548943890002556e+01	3.947238620000000e-08
1.552047410001978e+01	3.661259740000000e-08
1.556848799996078e+01	3.346489660000000e-08
1.561640009994153e+01	3.075864190000000e-08
1.566436729999259e+01	2.993333940000000e-08
1.571233849995770e+01	2.941511920000000e-08
1.575898629997391e+01	2.964544170000000e-08
1.578997309994884e+01	3.041316890000000e-08
1.582112560002133e+01	3.089300190000000e-08
1.586743360001128e+01	3.260119290000000e-08
1.591448709997348e+01	3.400231560000000e-08
1.596132829994895e+01	3.567211950000000e-08
1.600803359993733e+01	3.906932730000000e-08
1.605534800002351e+01	4.190993150000000e-08
1.608689209993463e+01	4.494247110000000e-08
1.611685489991214e+01	4.885789910000000e-08
1.616338669997640e+01	5.238947050000000e-08
1.620844439999200e+01	5.795551770000000e-08
1.625535240001045e+01	6.139111260000000e-08
1.630228099995293e+01	7.102613610000000e-08
1.633440109994262e+01	7.818522359999999e-08
1.636651530000381e+01	8.563222310000001e-08
1.639640819991473e+01	9.234987170000000e-08
1.642679009994026e+01	1.013899010000000e-07
1.645728209998924e+01	1.192204450000000e-07
1.650442199991085e+01	1.282988510000000e-07
1.653586259996518e+01	1.381066280000000e-07
1.656800829991698e+01	1.509469310000000e-07
1.661587039998267e+01	1.615800040000000e-07
1.666232959995978e+01	1.684895640000000e-07
1.669333509996068e+01	1.752264320000000e-07
1.672450259991456e+01	1.826158210000000e-07
1.675542920001317e+01	1.887000990000000e-07
1.681772589997854e+01	2.051295520000000e-07
1.686499249993358e+01	2.124997560000000e-07
1.691156929999124e+01	2.178354920000000e-07
1.695814919995610e+01	2.207144830000000e-07
1.698932849999983e+01	2.228065480000000e-07
1.702036419999786e+01	2.269330820000000e-07
1.706683459994383e+01	2.295433750000000e-07
1.711327209998854e+01	2.298504710000000e-07
1.715916469995864e+01	2.184304720000000e-07
1.720621699991170e+01	2.019434650000000e-07
1.725374690000899e+01	1.611577570000000e-07
1.728440339991357e+01	1.342103810000000e-07
1.731542389991228e+01	9.847250480000000e-08
1.736155799997505e+01	6.532572880000000e-08
1.740844849997666e+01	4.210186690000000e-08
1.745580080000218e+01	3.523067350000000e-08
1.750221669999883e+01	2.981817810000000e-08
1.753346700000111e+01	3.183346560000000e-08
1.756445850001182e+01	3.862788490000000e-08
1.759838119999040e+01	4.968321580000000e-08
1.762819299998228e+01	6.162143510000000e-08
1.765755669993814e+01	9.025780659999999e-08
1.770408319996204e+01	1.084146390000000e-07
1.773546260001604e+01	1.365327620000000e-07
1.776717319991440e+01	1.779518750000000e-07
1.781403699994553e+01	2.277008240000000e-07
1.786185180000030e+01	2.615001900000000e-07
1.789092729997355e+01	2.916528100000000e-07
1.792308279999997e+01	3.332254720000000e-07
1.795441389991902e+01	3.623224810000000e-07
1.798492969991639e+01	3.971006490000000e-07
1.801545429998077e+01	4.507458580000000e-07
1.806308989995159e+01	5.179991260000000e-07
1.811045519995969e+01	6.076124920000000e-07
1.815834039996844e+01	6.762859930000000e-07
1.818983699998353e+01	7.519266769999999e-07
1.822120729996823e+01	1.058395810000000e-06
1.836148399999365e+01	1.089796110000000e-06
1.839338069991209e+01	1.125434440000000e-06
1.842467889992986e+01	1.171090160000000e-06
1.845638889994007e+01	1.207691640000000e-06
1.851850999996532e+01	1.283784170000000e-06
1.854963829996996e+01	1.323853210000000e-06
1.858064479997847e+01	1.368160380000000e-06
1.861404969997238e+01	1.424603620000000e-06
1.866063739999663e+01	1.476808960000000e-06
1.870718049991410e+01	1.492990690000000e-06
1.875422729994170e+01	1.520923430000000e-06
1.878547729994170e+01	1.537683030000000e-06
1.881610980001278e+01	1.551167770000000e-06
1.884731819992885e+01	1.571009760000000e-06
1.887861689995043e+01	1.583723820000000e-06
1.890874109999277e+01	1.604528850000000e-06
1.895542679994833e+01	1.614546140000000e-06
1.901736259995960e+01	1.639974700000000e-06
1.906372909992933e+01	1.661550300000000e-06
1.911089339992031e+01	1.671374890000000e-06
1.914234089991078e+01	1.680428910000000e-06
1.917439659999218e+01	1.686208070000000e-06
1.920531739993021e+01	1.696032770000000e-06
1.925302539998665e+01	1.707591080000000e-06
1.928440289990976e+01	1.712407080000000e-06
1.931624339998234e+01	1.729359500000000e-06
1.936212539998814e+01	1.744577960000000e-06
1.940885759994853e+01	1.751898140000000e-06
1.944028290000279e+01	1.762108010000000e-06
1.947103449993301e+01	1.771354730000000e-06
1.951837720000185e+01	1.785224980000000e-06
1.956570039992221e+01	1.803140440000000e-06
1.961253599997144e+01	1.832421620000000e-06
1.965936869999859e+01	1.861702690000000e-06
1.970573169994168e+01	1.882315130000000e-06
1.973798159998842e+01	1.906009740000000e-06
1.976853689993732e+01	1.943767300000000e-06
1.981615480000619e+01	1.979212810000000e-06
1.986564909992740e+01	2.013695390000000e-06
1.990793969994411e+01	2.035848870000000e-06
1.995512549998239e+01	2.048563150000000e-06
2.001732039998751e+01	2.071872590000000e-06
2.004904089996126e+01	2.080733790000000e-06
2.007951920002233e+01	2.092870090000000e-06
2.011151379998773e+01	2.106740110000000e-06
2.015870689996518e+01	2.119454390000000e-06
2.022067309997510e+01	2.133517230000000e-06
2.026776009995956e+01	2.148542990000000e-06
2.031442970002536e+01	2.158945560000000e-06
2.034544519998599e+01	2.165688100000000e-06
2.037623089994304e+01	2.183603560000000e-06
2.040716750000138e+01	2.193235330000000e-06
2.046979040000588e+01	2.234267640000000e-06
2.051660889992490e+01	2.270483950000000e-06
2.056235439993907e+01	2.317102370000000e-06
2.060960089997388e+01	2.343108920000000e-06
2.064063629996963e+01	2.370656380000000e-06
2.067270929994993e+01	2.404368390000000e-06
2.071945360000245e+01	2.440584470000000e-06
2.076648120000027e+01	2.492404750000000e-06
2.081252619996667e+01	2.540371950000000e-06
2.085926129994914e+01	2.600282640000000e-06
2.090593989996705e+01	2.622436340000000e-06
2.093608439993113e+01	2.649213000000000e-06
2.096740770002361e+01	2.701226090000000e-06
2.101450279995333e+01	2.750541630000000e-06
2.106258709996473e+01	2.796967690000000e-06
2.110829769994598e+01	2.850906640000000e-06
2.115631579991896e+01	2.880766030000000e-06
2.121944419993088e+01	2.949345800000000e-06
2.125067779992241e+01	2.981130820000000e-06
2.128125409991480e+01	3.013494510000000e-06
2.131195919995662e+01	3.048169670000000e-06
2.135872689995449e+01	3.085927120000000e-06
2.142089770000894e+01	3.119061150000000e-06
2.146765899995808e+01	3.166064740000000e-06
2.151437079999596e+01	3.193420070000000e-06
2.154635429999325e+01	3.222123040000000e-06
2.157739459990989e+01	3.253908740000000e-06
2.160891059995629e+01	3.284730840000000e-06
2.165626680001151e+01	3.297830290000000e-06
2.171754430001602e+01	3.340596320000000e-06
2.176445050002076e+01	3.369877730000000e-06
2.181153369997628e+01	3.393379760000000e-06
2.184258339996450e+01	3.421119570000000e-06
2.187437320000026e+01	3.450400980000000e-06
2.190837650001049e+01	3.495864120000000e-06
2.196749059995636e+01	3.549802840000000e-06
2.201436079991981e+01	3.571956540000000e-06
2.206231489998754e+01	3.616070900000000e-06
2.211111049994361e+01	3.638995170000000e-06
2.214091299998108e+01	3.660763470000000e-06
2.216876669996418e+01	3.707382350000000e-06
2.221632859995589e+01	3.756890240000000e-06
2.226329989999067e+01	3.811021770000000e-06
2.230993609991856e+01	3.864190600000000e-06
2.235606739996001e+01	3.891737830000000e-06
2.241852109995671e+01	3.946255220000000e-06
2.244907959992997e+01	3.967445540000000e-06
2.248114990000613e+01	3.995570750000000e-06
2.251363379997201e+01	4.032942800000000e-06
2.256046710000373e+01	4.068774160000000e-06
2.260834199993405e+01	4.107494530000000e-06
2.265651489992160e+01	4.124447060000000e-06
2.271846849995200e+01	4.160470330000000e-06
2.274966339999810e+01	4.170680310000000e-06
2.278087419993244e+01	4.200925100000000e-06
2.281223489996046e+01	4.235406780000000e-06
2.286028020002414e+01	4.279136190000000e-06
2.290598289994523e+01	4.300134150000000e-06
2.295134199992754e+01	4.339239690000000e-06
2.298201029992197e+01	4.367943350000000e-06
2.301401729998179e+01	4.388362870000000e-06
2.304502299998421e+01	4.413599070000000e-06
2.307583829993382e+01	4.442109460000000e-06
2.310664219991304e+01	4.463106960000000e-06
2.315330869995523e+01	4.525136770000000e-06
2.318437589996029e+01	4.559041370000000e-06
2.321534290001728e+01	4.613750660000000e-06
2.326241550000850e+01	4.666149380000000e-06
2.330845000001136e+01	4.684642590000000e-06
2.334180049994029e+01	4.712382630000000e-06
2.336993699998129e+01	4.746287690000000e-06
2.341630309994798e+01	4.790209000000000e-06
2.346236609993502e+01	4.904829890000000e-06
2.350966139999218e+01	5.007891100000000e-06
2.355580869992264e+01	5.054510440000000e-06
2.361709139996674e+01	5.121163670000000e-06
2.364817359996960e+01	5.166433770000000e-06
2.367834179999772e+01	5.190706360000000e-06
2.370979769993573e+01	5.238866830000000e-06
2.375694009999279e+01	5.266991590000000e-06
2.381858079996891e+01	5.318426700000000e-06
2.386645829991903e+01	5.376411080000000e-06
2.392171569995116e+01	5.439596410000000e-06
2.396189789997879e+01	5.568665530000000e-06
2.400578210002277e+01	5.613164830000000e-06
2.405197669996414e+01	5.694073480000000e-06
2.408342479995918e+01	5.743774640000000e-06
2.411467269994318e+01	5.811198210000000e-06
2.416240939998534e+01	5.861477350000000e-06
2.420873680000659e+01	5.890180550000000e-06
2.423961409996264e+01	5.926397080000000e-06
2.427003000001423e+01	5.949706060000000e-06
2.431628499994986e+01	5.994205820000000e-06
2.436172619997524e+01	6.056620800000000e-06
2.440917529992294e+01	6.096689960000000e-06
2.445534689992201e+01	6.124237190000000e-06
2.451746639993507e+01	6.193394710000000e-06
2.455000059993472e+01	6.222675890000000e-06
2.458033809997141e+01	6.269680400000000e-06
2.461232139996719e+01	6.342882900000000e-06
2.465927289996762e+01	6.419746570000000e-06
2.470610619999934e+01	6.464245870000000e-06
2.475282439996954e+01	6.566152480000000e-06
2.478458530001808e+01	6.640511860000000e-06
2.481671259994619e+01	6.706394290000000e-06
2.484755690000020e+01	6.781908720000000e-06
2.487879270000849e+01	6.837389260000000e-06
2.490988699998707e+01	6.912133360000000e-06
2.495689549995586e+01	6.941222180000000e-06
2.501874019997194e+01	7.023478700000000e-06
2.506494089995977e+01	7.107469170000000e-06
2.511156430002302e+01	7.161408580000000e-06
2.514473689999431e+01	7.231529710000000e-06
2.517474039993249e+01	7.295293470000000e-06
2.522121759993024e+01	7.409528730000000e-06
2.526810079999268e+01	7.562869090000000e-06
2.531443989998661e+01	7.726035620000000e-06
2.536109389993362e+01	7.897677280000000e-06
2.540719719999470e+01	7.957587510000000e-06
2.543852829991374e+01	8.034066010000000e-06
2.546957600000314e+01	8.122102370000000e-06
2.551542269997299e+01	8.204359800000000e-06
2.556205409998074e+01	8.277562299999999e-06
2.560931590001564e+01	8.333812730000000e-06
2.565748579998035e+01	8.416262970000000e-06
2.571752209996339e+01	8.452286240000000e-06
2.574865179997869e+01	8.483300920000000e-06
2.578079320001416e+01	8.763601730000000e-06
2.590296909993049e+01	8.698281820000000e-06
2.593409539991990e+01	8.700201760000000e-06
2.596437880001031e+01	8.763601730000000e-06
2.601171450002585e+01	8.815472939999999e-06
2.605842479993589e+01	8.815472939999999e-06
2.608944879996125e+01	8.873108529999999e-06
2.612134999991395e+01	8.919217179999999e-06
2.616904069995508e+01	8.974930100000000e-06
2.621532580000348e+01	9.070989110000000e-06
2.626241249998566e+01	9.124782080000001e-06
2.630820949992631e+01	9.192023749999999e-06
2.635396570002194e+01	9.243894970000000e-06
2.638768489996437e+01	9.278477590000000e-06
2.641643320000730e+01	9.349559150000000e-06
2.646308589994442e+01	9.418721669999999e-06
2.650987940002233e+01	9.520545060000000e-06
2.655661939992569e+01	9.562811099999999e-06
2.661835359991528e+01	9.666554430000000e-06
2.666550889995415e+01	9.728030820000000e-06
2.669693759991787e+01	9.781825610000000e-06
2.672753599996213e+01	9.814484660000000e-06
2.675874600000679e+01	9.868276720000000e-06
2.680541409994476e+01	9.893252350000000e-06
2.685192389995791e+01	9.920149750000000e-06
2.688342169998214e+01	9.948967090000001e-06
2.691459029994439e+01	9.989311370000000e-06
2.696131829998922e+01	1.001044530000000e-05
2.699191849993076e+01	1.004694600000000e-05
2.702324759995099e+01	1.006807910000000e-05
2.705459999991581e+01	1.008344860000000e-05
2.710096319997683e+01	1.010458250000000e-05
2.713288679998368e+01	1.012379380000000e-05
2.716518769995309e+01	1.015261110000000e-05
2.721217579999939e+01	1.017566590000000e-05
2.725919799995609e+01	1.019103550000000e-05
2.729057820001617e+01	1.019871980000000e-05
2.732176369999070e+01	1.024482840000000e-05
2.736873989994638e+01	1.028325100000000e-05
2.741621129994746e+01	1.033320220000000e-05
2.746279209991917e+01	1.035241350000000e-05
2.750890030001756e+01	1.041581160000000e-05
2.755624099995475e+01	1.042733950000000e-05
2.758728979993612e+01	1.047152640000000e-05
2.761925829993561e+01	1.048881770000000e-05
2.766583989991341e+01	1.055029410000000e-05
2.771309779991861e+01	1.061753570000000e-05
2.775880720000714e+01	1.064443310000000e-05
2.780459199997131e+01	1.065211650000000e-05
2.785201529995538e+01	1.067517040000000e-05
2.788304979994427e+01	1.070975300000000e-05
2.791428549995180e+01	1.074241210000000e-05
2.796075099997688e+01	1.081157460000000e-05
2.800738289998844e+01	1.080004680000000e-05
2.805456909991335e+01	1.082886590000000e-05
2.810505829995964e+01	1.086344670000000e-05
2.816385749995243e+01	1.090955360000000e-05
2.819447450002190e+01	1.093645100000000e-05
2.822546360001434e+01	1.098832310000000e-05
2.825691689993255e+01	1.099984910000000e-05
2.830434729997069e+01	1.101714040000000e-05
2.833670310000889e+01	1.104403600000000e-05
2.836686999991070e+01	1.109590810000000e-05
2.841332849999890e+01	1.116122890000000e-05
2.846043460001238e+01	1.115546460000000e-05
2.849134139996022e+01	1.119580970000000e-05
2.852280979999341e+01	1.119580970000000e-05
2.855442329996731e+01	1.121502100000000e-05
2.858555049996357e+01	1.124576010000000e-05
2.861670989997219e+01	1.124960180000000e-05
2.866375169996172e+01	1.131492260000000e-05
2.871035439998377e+01	1.135142520000000e-05
2.875631909992080e+01	1.133797740000000e-05
2.878743719996419e+01	1.136679480000000e-05
2.881834369990975e+01	1.139561210000000e-05
2.886464149993844e+01	1.143211470000000e-05
2.891098229994532e+01	1.148014330000000e-05
2.895693260000553e+01	1.148782760000000e-05
2.901842600002419e+01	1.156467530000000e-05
2.906480429996736e+01	1.161270390000000e-05
2.909663889999501e+01	1.163767960000000e-05
2.912901269993745e+01	1.167802380000000e-05
2.915856939996593e+01	1.174526640000000e-05
2.920539839996491e+01	1.174910810000000e-05
2.925171979994047e+01	1.177216200000000e-05
2.928218550002202e+01	1.178561070000000e-05
2.931385249993764e+01	1.187782620000000e-05
2.935996449994855e+01	1.189703830000000e-05
2.939005839999299e+01	1.194698870000000e-05
2.942139239993412e+01	1.198349130000000e-05
2.945342159993015e+01	1.202959990000000e-05
2.948474979994353e+01	1.206994510000000e-05
2.951591630000621e+01	1.213910670000000e-05
2.956257660000119e+01	1.220058490000000e-05
2.960968999995384e+01	1.226782570000000e-05
2.967371120001189e+01	1.232546220000000e-05
2.970438499993179e+01	1.236964820000000e-05
2.973535009997431e+01	1.243304720000000e-05
2.976739009993616e+01	1.251565660000000e-05
2.981348070001695e+01	1.260018870000000e-05
2.986136669991538e+01	1.266358870000000e-05
2.990971389994957e+01	1.270777560000000e-05
2.995785090001300e+01	1.274043460000000e-05
2.998654379998334e+01	1.279038500000000e-05
3.001736359996721e+01	1.282496580000000e-05
3.006477339996491e+01	1.286531100000000e-05
3.011210139992181e+01	1.289605010000000e-05
3.016021729994100e+01	1.296521170000000e-05
3.020702109998092e+01	1.300939860000000e-05
3.025435740000103e+01	1.304590210000000e-05
3.028534319996834e+01	1.307471940000000e-05
3.031598409998696e+01	1.312659150000000e-05
3.036317049991339e+01	1.323033480000000e-05
3.040968689997680e+01	1.331486600000000e-05
3.045656680001412e+01	1.332255210000000e-05
3.050288389995694e+01	1.338210860000000e-05
3.053427369997371e+01	1.342053110000000e-05
3.056541859998833e+01	1.346471800000000e-05
3.059700820001308e+01	1.348777100000000e-05
3.062870230001863e+01	1.351659010000000e-05
3.066136529995129e+01	1.358575260000000e-05
3.070705799991265e+01	1.365875690000000e-05
3.075442729995120e+01	1.367604820000000e-05
3.081641630001832e+01	1.374520980000000e-05
3.086312869994435e+01	1.379131850000000e-05
3.089435019996017e+01	1.381821400000000e-05
3.092540349997580e+01	1.387585050000000e-05
3.095543179998640e+01	1.387585050000000e-05
3.101814329996705e+01	1.402185810000000e-05
3.106505530001596e+01	1.403146420000000e-05
3.111067899991758e+01	1.406412500000000e-05
3.115845490002539e+01	1.408525800000000e-05
3.119056299992371e+01	1.411599530000000e-05
3.122154129995033e+01	1.413136490000000e-05
3.126792379992548e+01	1.415249880000000e-05
3.131442189996596e+01	1.420052920000000e-05
3.136137289996259e+01	1.424279440000000e-05
3.142362399992999e+01	1.424087260000000e-05
3.145400899997912e+01	1.427737520000000e-05
3.148433949996252e+01	1.429466650000000e-05
3.151544929994270e+01	1.432924730000000e-05
3.156236580002587e+01	1.434077330000000e-05
3.160929259995464e+01	1.437727590000000e-05
3.165637659991626e+01	1.436190630000000e-05
3.171859039994888e+01	1.439072370000000e-05
3.176542930002324e+01	1.437535410000000e-05
3.179650329996366e+01	1.440609320000000e-05
3.182726469996851e+01	1.442146280000000e-05
3.185729279997759e+01	1.440993760000000e-05
3.190488069993444e+01	1.442914890000000e-05
3.196548689994961e+01	1.446180800000000e-05
3.201157739991322e+01	1.444836020000000e-05
3.205763349996414e+01	1.446757140000000e-05
3.208856179995928e+01	1.448486180000000e-05
3.211949129996356e+01	1.449638880000000e-05
3.216647069994360e+01	1.450407490000000e-05
3.221214089996647e+01	1.454057560000000e-05
3.225949510000646e+01	1.454441920000000e-05
3.230567629996222e+01	1.454634000000000e-05
3.235238860000391e+01	1.456170960000000e-05
3.238288169994485e+01	1.455594520000000e-05
3.241331470001023e+01	1.453673390000000e-05
3.245982559991535e+01	1.456747300000000e-05
3.250641689996701e+01	1.454441920000000e-05
3.255338779999875e+01	1.454249740000000e-05
3.258429929998238e+01	1.455402530000000e-05
3.261574199993629e+01	1.450983650000000e-05
3.266243129991926e+01	1.451944440000000e-05
3.269414549996145e+01	1.449446880000000e-05
3.272478379996028e+01	1.449062530000000e-05
3.275603739998769e+01	1.448294100000000e-05
3.281850549997762e+01	1.444836020000000e-05
3.286649649997707e+01	1.440609320000000e-05
3.291205609997269e+01	1.439456810000000e-05
3.295875109999906e+01	1.436959250000000e-05
3.298971699993126e+01	1.433308990000000e-05
3.302724209998269e+01	1.433693160000000e-05
3.306708710000385e+01	1.431964210000000e-05
3.311341839993838e+01	1.427929690000000e-05
3.316259169997647e+01	1.424471610000000e-05
3.320768170000520e+01	1.420629090000000e-05
3.325551029993221e+01	1.418707960000000e-05
3.328733439999633e+01	1.417171010000000e-05
3.331852570001502e+01	1.411407540000000e-05
3.336546959995758e+01	1.410831190000000e-05
3.341235539992340e+01	1.407373110000000e-05
3.345860369992442e+01	1.405067720000000e-05
3.350492119998671e+01	1.401033300000000e-05
3.355381539999507e+01	1.396998780000000e-05
3.358319339994341e+01	1.391235130000000e-05
3.361437799991108e+01	1.388545570000000e-05
3.366158149996772e+01	1.380092450000000e-05
3.370770359993912e+01	1.374328800000000e-05
3.375542810000479e+01	1.371062900000000e-05
3.381759739993140e+01	1.361457000000000e-05
3.386922170000616e+01	1.358959430000000e-05
3.389599270001054e+01	1.357422480000000e-05
3.392650269996375e+01	1.351466840000000e-05
3.395982899994124e+01	1.345319010000000e-05
3.402237999998033e+01	1.341092500000000e-05
3.406762069999240e+01	1.332831380000000e-05
3.411344619991723e+01	1.327452170000000e-05
3.416207009996288e+01	1.323609830000000e-05
3.419194659998175e+01	1.319383140000000e-05
3.422242409992032e+01	1.315156620000000e-05
3.425436919997446e+01	1.311314370000000e-05
3.428548229997978e+01	1.304974380000000e-05
3.431665259995498e+01	1.300939860000000e-05
3.436387110000942e+01	1.292294750000000e-05
3.441136219992768e+01	1.287107440000000e-05
3.445979819993954e+01	1.279422850000000e-05
3.448927649995312e+01	1.277693720000000e-05
3.452602300001308e+01	1.272506510000000e-05
3.456819419993553e+01	1.266935210000000e-05
3.461408289999235e+01	1.260018870000000e-05
3.466261639993172e+01	1.254831750000000e-05
3.470847959991079e+01	1.249068100000000e-05
3.475557849998586e+01	1.246570630000000e-05
3.478542199998628e+01	1.243304720000000e-05
3.481768420001026e+01	1.235812120000000e-05
3.486505219992250e+01	1.227743090000000e-05
3.491128140001092e+01	1.219289970000000e-05
3.495903089991771e+01	1.209876250000000e-05
3.500660600000992e+01	1.206610340000000e-05
3.505312299996149e+01	1.191432970000000e-05
3.508497450000141e+01	1.186822100000000e-05
3.511624220001977e+01	1.176063600000000e-05
3.516270769992843e+01	1.165497090000000e-05
3.521074180002324e+01	1.152433010000000e-05
3.525758309999947e+01	1.143595730000000e-05
3.530478379991837e+01	1.138216430000000e-05
3.535157179995440e+01	1.129571050000000e-05
3.538356529991142e+01	1.124960180000000e-05
3.541559150000103e+01	1.115546460000000e-05
3.546232009993400e+01	1.104787950000000e-05
3.550915109994821e+01	1.098447960000000e-05
3.555573609995190e+01	1.092108140000000e-05
3.561848890001420e+01	1.081541630000000e-05
3.566635499999393e+01	1.074433380000000e-05
3.569764709996525e+01	1.067132870000000e-05
3.572919440001715e+01	1.062137740000000e-05
3.575984509999398e+01	1.055413760000000e-05
3.580692829994950e+01	1.053492630000000e-05
3.585342089994811e+01	1.047728980000000e-05
3.588443079998251e+01	1.045423600000000e-05
3.591539939993527e+01	1.038315260000000e-05
3.596138879994396e+01	1.038699430000000e-05
3.599224369996227e+01	1.035433520000000e-05
3.602350160002243e+01	1.033127960000000e-05
3.605471249995753e+01	1.033704390000000e-05
3.610339609999210e+01	1.030246310000000e-05
3.613344210002106e+01	1.028517270000000e-05
3.616783239995129e+01	1.026596150000000e-05
3.621228819992393e+01	1.024482840000000e-05
3.626077129994519e+01	1.023714230000000e-05
3.629035649995785e+01	1.021408930000000e-05
3.632186769996770e+01	1.019295540000000e-05
3.635336039995309e+01	1.020064160000000e-05
3.638369889999740e+01	1.016990250000000e-05
3.641576210001949e+01	1.015261110000000e-05
3.646278429997619e+01	1.013339990000000e-05
3.650861429993529e+01	1.011034600000000e-05
3.655433309997898e+01	1.007192170000000e-05
3.658560949994717e+01	1.006231560000000e-05
3.661670219991356e+01	1.005078960000000e-05
3.666373689996544e+01	1.000468090000000e-05
3.671079629997257e+01	9.977783520000001e-06
3.675675960001536e+01	9.954730560000000e-06
3.681812559999526e+01	9.906701960000001e-06
3.686529310001060e+01	9.902858440000001e-06
3.689603129995521e+01	9.875962860000000e-06
3.692649589991197e+01	9.839459379999999e-06
3.695813839999028e+01	9.776061230000000e-06
3.702012609993108e+01	9.710741320000000e-06
3.706738369993400e+01	9.631973630000001e-06
3.711442110000644e+01	9.601234520000000e-06
3.716191119991709e+01	9.551284169999999e-06
3.719426169991493e+01	9.520545060000000e-06
3.722517469990999e+01	9.493647670000000e-06
3.725633359991480e+01	9.457146010000000e-06
3.730368699994870e+01	9.420643439999999e-06
3.733436779992189e+01	9.368771319999999e-06
3.736553519999143e+01	9.343795680000000e-06
3.741251289995853e+01	9.297688850000000e-06
3.745940980000887e+01	9.272713210000000e-06
3.749062940001022e+01	9.238132409999999e-06
3.752191200002562e+01	9.201629840000000e-06
3.755374879995361e+01	9.190101989999999e-06
3.758434359997045e+01	9.145915099999999e-06
3.761633549991529e+01	9.097886499999999e-06
3.766343630000483e+01	9.061383930000000e-06
3.771039139991626e+01	9.024880460000000e-06
3.775747630000114e+01	8.978773620000000e-06
3.778901309997309e+01	8.959560550000001e-06
3.782187029998749e+01	8.890398020000000e-06
3.786749430000782e+01	8.802025150000001e-06
3.791550459992141e+01	8.707887900000001e-06
3.796219150000252e+01	8.596458430000001e-06
3.800885400001425e+01	8.510007320000000e-06
3.805579100002069e+01	8.454292579999999e-06
3.808588619995862e+01	8.412025640000001e-06
3.811741489998531e+01	8.340944080000001e-06
3.816451949998736e+01	8.260253710000000e-06
3.821055459999479e+01	8.191092090000000e-06
3.825750559999142e+01	8.121927750000000e-06
3.830390209995676e+01	8.100796550000000e-06
3.833470369991846e+01	8.068135680000001e-06
3.836556750000454e+01	8.048924430000000e-06
3.839972039998975e+01	8.006659300000000e-06
3.842885999998543e+01	7.981683670000000e-06
3.845947050000541e+01	7.929811550000000e-06
3.850742979999632e+01	7.851043849999999e-06
3.857006669999100e+01	7.762668249999999e-06
3.861663259996567e+01	7.712719710000000e-06
3.866381800000090e+01	7.664688380000000e-06
3.869574689993169e+01	7.624344110000000e-06
3.872593169996981e+01	7.610896320000000e-06
3.875537699996494e+01	7.576315060000000e-06
3.881749499996658e+01	7.497547360000000e-06
3.886537999997381e+01	7.325538260000000e-06
3.898891019995790e+01	7.271020880000000e-06
3.901849559997208e+01	7.193772490000000e-06
3.905030969996005e+01	7.137135980000000e-06
3.908141240000259e+01	7.060273220000000e-06
3.911237029999029e+01	6.964338810000000e-06
3.916014699998777e+01	6.838929950000000e-06
3.920920369995292e+01	6.756480160000000e-06
3.925534719997086e+01	6.714484700000000e-06
3.928648879996035e+01	6.664783540000000e-06
3.931749409995973e+01	6.619899520000000e-06
3.936441999999806e+01	6.533789470000000e-06
3.941145459993277e+01	6.468869740000000e-06
3.945789309998509e+01	6.412040880000000e-06
3.950420580001082e+01	6.383337680000000e-06
3.953521559992805e+01	6.360606680000000e-06
3.956657239992637e+01	6.341342210000000e-06
3.959711299999617e+01	6.315528480000000e-06
3.962813490000553e+01	6.266982840000000e-06
3.965906450001057e+01	6.189542550000000e-06
3.972103739995509e+01	6.124237190000000e-06
3.976716059993487e+01	6.034082160000000e-06
3.981434699997772e+01	5.949513710000000e-06
3.986223889992107e+01	5.891914500000000e-06
3.989236729999539e+01	5.848955420000000e-06
3.992360480001662e+01	5.788273940000000e-06
3.995481199992355e+01	5.742233950000000e-06
4.001691140001640e+01	5.639557000000000e-06
4.006358029996045e+01	5.568087540000000e-06
4.010960730002262e+01	5.490453530000000e-06
4.015658660000190e+01	5.455586230000000e-06
4.018794299999718e+01	5.409159710000000e-06
4.022059029992670e+01	5.346166290000000e-06
4.026526349992491e+01	5.263139430000000e-06
4.031342749996111e+01	5.197641710000000e-06
4.036054289992899e+01	5.124823930000000e-06
4.040795099991374e+01	5.065106050000000e-06
4.045595460000914e+01	5.034090010000000e-06
4.048736849997658e+01	4.987664400000000e-06
4.051917659991886e+01	4.922744670000000e-06
4.056555389997084e+01	4.848192930000000e-06
4.061272869992536e+01	4.789823380000000e-06
4.066054319997784e+01	4.725674900000000e-06
4.070789149997290e+01	4.657673340000000e-06
4.075337890000083e+01	4.627236190000000e-06
4.078515949996654e+01	4.588900080000000e-06
4.081590539996978e+01	4.553262440000000e-06
4.086444289993960e+01	4.506257940000000e-06
4.090941949991975e+01	4.457520390000000e-06
4.095517380000092e+01	4.431321490000000e-06
4.101674499991350e+01	4.354651080000000e-06
4.106552860001102e+01	4.325562710000000e-06
4.109437790000811e+01	4.300326510000000e-06
4.112604130001273e+01	4.279136190000000e-06
4.115653479995672e+01	4.264881230000000e-06
4.122033979999833e+01	4.226738380000000e-06
4.126616449991707e+01	4.198035190000000e-06
4.131336639996152e+01	4.165094200000000e-06
4.135906279995106e+01	4.157002420000000e-06
4.139585899992380e+01	4.124253790000000e-06
4.142178739991505e+01	4.102100770000000e-06
4.146733030001633e+01	4.075130620000000e-06
4.151481309998780e+01	4.039299710000000e-06
4.156314430001657e+01	4.014064420000000e-06
4.160854349995498e+01	4.001350130000000e-06
4.165540349995717e+01	3.986323920000000e-06
4.168635410000570e+01	3.970335460000000e-06
4.171862639999017e+01	3.937778730000000e-06
4.176490159996320e+01	3.893279430000000e-06
4.181152839993592e+01	3.844734240000000e-06
4.185794239991810e+01	3.790794840000000e-06
4.190392029995564e+01	3.760550270000000e-06
4.193529870000202e+01	3.720866970000000e-06
4.196597819996532e+01	3.678100940000000e-06
4.199755919992458e+01	3.648819530000000e-06
4.202577509998810e+01	3.623776590000000e-06
4.205626280000433e+01	3.602971450000000e-06
4.210329789994285e+01	3.569067080000000e-06
4.213454140000977e+01	3.556545150000000e-06
4.216579909995198e+01	3.527071390000000e-06
4.221115829993505e+01	3.501643280000000e-06
4.225790199998301e+01	3.474288410000000e-06
4.228933439997490e+01	3.451556950000000e-06
4.231987869995646e+01	3.415726040000000e-06
4.236748169991188e+01	3.374115980000000e-06
4.241555939998943e+01	3.314012250000000e-06
4.246466509997845e+01	3.244083930000000e-06
4.250937400001567e+01	3.160671210000000e-06
4.255576849996578e+01	3.134086910000000e-06
4.258643839997239e+01	3.101338050000000e-06
4.261707459995523e+01	3.051829710000000e-06
4.266374380001798e+01	3.001165400000000e-06
4.271382750000339e+01	2.936823880000000e-06
4.275820179993752e+01	2.859382680000000e-06
4.282867059996352e+01	2.771153960000000e-06
4.286889939999674e+01	2.710472470000000e-06
4.289750279998407e+01	2.666743280000000e-06
4.292888579994906e+01	2.628986070000000e-06
4.296034270001110e+01	2.567919410000000e-06
4.300750349997543e+01	2.513595060000000e-06
4.305483369994909e+01	2.489129660000000e-06
4.310261800000444e+01	2.418431000000000e-06
4.313346399995498e+01	2.374701810000000e-06
4.316387849999592e+01	2.321148030000000e-06
4.320353059994522e+01	2.250642180000000e-06
4.324364180001430e+01	2.187456180000000e-06
4.327379419992212e+01	2.139103800000000e-06
4.330488139996305e+01	2.105198970000000e-06
4.335159869992640e+01	2.032381420000000e-06
4.338274489995092e+01	1.979020230000000e-06
4.341366259998176e+01	1.902542290000000e-06
4.345934549998492e+01	1.849759200000000e-06
4.349040689994581e+01	1.795049340000000e-06
4.352080389996991e+01	1.736294280000000e-06
4.356819669995457e+01	1.679273170000000e-06
4.361521269998048e+01	1.635158580000000e-06
4.366219089995138e+01	1.579678500000000e-06
4.370808349992149e+01	1.527087760000000e-06
4.375541009998415e+01	1.489715710000000e-06
4.378629019996151e+01	1.439822310000000e-06
4.381909120001364e+01	1.379911280000000e-06
4.386296739999671e+01	1.311331520000000e-06
4.390921399998479e+01	1.257585150000000e-06
4.395644049998373e+01	1.235046400000000e-06
4.401742519997060e+01	1.167044620000000e-06
4.406336499995086e+01	1.134103290000000e-06
4.409490459994413e+01	1.101739830000000e-06
4.412647709995508e+01	1.062633940000000e-06
4.415832459996454e+01	1.015437190000000e-06
4.420731059997343e+01	9.805695530000000e-07
4.426729039999191e+01	9.493618900000000e-07
4.431445279996842e+01	9.198880660000000e-07
4.436129249993246e+01	8.961934550000000e-07
4.439293739991263e+01	8.696092100000000e-07
4.442401409999002e+01	8.455291440000000e-07
4.445435239991639e+01	8.328149190000000e-07
4.450078679993749e+01	8.064234860000000e-07
4.453277239995077e+01	7.877374630000000e-07
4.456363879994024e+01	7.534475800000000e-07
4.461020719993394e+01	7.176166150000000e-07
4.465658710000571e+01	6.966187700000000e-07
4.468832680000924e+01	6.765842500000001e-07
4.471979609993286e+01	6.571277140000000e-07
4.476688969996758e+01	6.336256320000000e-07
4.481288979994133e+01	6.141690390000000e-07
4.486015389999375e+01	5.661934210000000e-07
4.496939260000363e+01	5.548309900000000e-07
4.500066129991319e+01	5.402440590000000e-07
4.503219289996196e+01	5.252925350000000e-07
4.506413539999630e+01	5.135270270000000e-07
4.509535989991855e+01	5.032394480000000e-07
4.512537219992373e+01	4.920498210000000e-07
4.515607929998077e+01	4.833936490000000e-07
4.522055119997822e+01	4.551411050000000e-07
4.526536969991866e+01	4.397288930000000e-07
4.531122449995019e+01	4.246813890000000e-07
4.535776189994067e+01	4.166202250000000e-07
4.539115979999769e+01	4.066589270000000e-07
4.541981869994197e+01	3.965632520000000e-07
4.546628149994649e+01	3.827440760000000e-07
4.551236309995875e+01	3.704603560000000e-07
4.555950709991157e+01	3.577736720000000e-07
4.562027209997177e+01	3.424190420000000e-07
4.566755389992613e+01	3.318435230000000e-07
4.570007969997823e+01	3.217670330000000e-07
4.572995329997502e+01	3.117481530000000e-07
4.576111710001715e+01	2.924589350000000e-07
4.580733999994118e+01	2.708665080000000e-07
4.585461429995485e+01	2.606940650000000e-07
4.590156739996746e+01	2.457041150000000e-07
4.593343590002041e+01	2.360498850000000e-07
4.596439370000735e+01	2.274513240000000e-07
4.599549849994946e+01	2.193325490000000e-07
4.602613839996047e+01	2.098318820000000e-07
4.605740859999787e+01	1.955136920000000e-07
4.610354089993052e+01	1.863201220000000e-07
4.613435820001177e+01	1.767618870000000e-07
4.616556809993926e+01	1.651691550000000e-07
4.621229169995058e+01	1.557260560000000e-07
4.626038290001452e+01	1.511004800000000e-07
4.629198809992522e+01	1.458607100000000e-07
4.632297989993822e+01	1.401027280000000e-07
4.635920459998306e+01	1.336154010000000e-07
4.641471319994889e+01	1.282988510000000e-07
4.646140149992425e+01	1.229055470000000e-07
4.650927929999307e+01	1.187982050000000e-07
4.655545520002488e+01	1.157656650000000e-07
4.658728370000608e+01	1.124643990000000e-07
4.661865640000906e+01	1.084338240000000e-07
4.666554529999848e+01	1.025223000000000e-07
4.682489940000232e+01	8.904860489999999e-08
4.685386119992472e+01	8.749396590000000e-08
4.688508099992760e+01	8.482611240000000e-08
4.691500899998937e+01	8.140970210000000e-08
4.696152649994474e+01	7.542139710000000e-08
4.700901739997789e+01	6.853100130000000e-08
4.705534409999382e+01	6.438526159999999e-08
4.710113919992000e+01	5.716858810000000e-08
4.713218989991583e+01	5.296526240000000e-08
4.716421929991338e+01	4.916499560000000e-08
4.719617329991888e+01	4.665067620000000e-08
4.722850979992654e+01	4.476973460000000e-08
4.725719269993715e+01	4.206347980000000e-08
4.730439579999074e+01	4.148768800000000e-08
4.735083819995634e+01	3.943399920000000e-08
4.738203500001691e+01	3.889659440000000e-08
4.741291109996382e+01	3.657421030000000e-08
4.745910420001019e+01	3.534583470000000e-08
4.748977619991638e+01	3.419423680000000e-08
4.752034509996884e+01	3.267796700000000e-08
4.756723839999177e+01	3.167991740000000e-08
4.761263689992484e+01	3.024042170000000e-08
4.765979930001777e+01	3.054751830000000e-08
4.770858480001334e+01	3.045155590000000e-08
4.775281829992309e+01	3.075864190000000e-08
4.778438079997431e+01	3.089300190000000e-08
4.781574749993160e+01	3.095057720000000e-08
4.786379109998234e+01	3.104655020000000e-08
4.790840149996802e+01	3.179507860000000e-08
4.795596369996201e+01	3.183346560000000e-08
4.801771349995397e+01	3.327296130000000e-08
4.806446469994262e+01	3.390633910000000e-08
4.809550369996578e+01	3.436698750000000e-08
4.812654590001330e+01	3.686210450000000e-08
4.815735160000622e+01	4.423232980000000e-08
4.821970259991940e+01	5.187125040000000e-08
4.826542979991063e+01	5.939501340000000e-08
4.831226239993703e+01	6.695715630000000e-08
4.835818029998336e+01	7.238885759999999e-08
4.838862669991795e+01	7.818522359999999e-08
4.841987889993470e+01	8.388563090000000e-08
4.846688259998336e+01	9.146697980000000e-08
4.851374139997642e+01	9.979685700000000e-08
4.856022380001377e+01	1.060922510000000e-07
4.860619359998964e+01	1.084146390000000e-07
4.865272429992910e+01	1.127139130000000e-07
4.868411269993521e+01	1.161303230000000e-07
4.871768339991104e+01	1.223681350000000e-07
4.876190699997824e+01	1.293352910000000e-07
4.880892729992047e+01	1.367055230000000e-07
4.886272079998162e+01	1.422523750000000e-07
4.891805259999819e+01	1.513691790000000e-07
4.896548419992905e+01	1.575493940000000e-07
4.899508119991515e+01	1.635185210000000e-07
4.902559580001980e+01	1.714645210000000e-07
4.905820279999170e+01	1.833643490000000e-07
4.910434149997309e+01	1.897941220000000e-07
4.915103419998195e+01	2.067033760000000e-07
4.918227260001004e+01	2.196396450000000e-07
4.921513609995600e+01	2.376429360000000e-07
4.926004249998368e+01	2.480840920000000e-07
4.928992279991508e+01	2.581221850000000e-07
4.932273859996349e+01	2.695229570000000e-07
4.935311579995323e+01	2.759143170000000e-07
4.938436729996465e+01	2.832269670000000e-07
4.941542049997952e+01	2.917295770000000e-07
4.946277569991071e+01	3.004433320000000e-07
4.950953879998997e+01	3.100591640000000e-07
4.955538429995067e+01	3.142432940000000e-07
4.958739669993520e+01	3.204043250000000e-07
4.961891449999530e+01	3.302120890000000e-07
4.966653579997364e+01	3.431483720000000e-07
4.971384320000652e+01	3.562957720000000e-07
4.976009729993530e+01	3.696542590000000e-07
4.982040139997844e+01	3.811702240000000e-07
4.987403119995724e+01	3.940681100000000e-07
4.989943290001247e+01	3.978491920000000e-07
4.993027739995159e+01	4.036647570000000e-07
4.996215969999321e+01	4.185203580000000e-07
5.000729639991187e+01	4.315718060000000e-07
5.005484539992176e+01	4.419937060000000e-07
5.010400910000317e+01	4.566190060000000e-07
5.013324649992865e+01	4.648912860000000e-07
5.016513139999006e+01	4.737586040000000e-07
5.020092829992063e+01	4.802458880000000e-07
5.024568479997106e+01	4.931629860000000e-07
5.027428379992489e+01	5.035849430000001e-07
5.030535079992842e+01	5.098995080000000e-07
5.035181939997710e+01	5.199951830000000e-07
5.038335969997570e+01	5.279412109999999e-07
5.041447129996959e+01	5.434493460000000e-07
5.046115639992058e+01	5.561169020000000e-07
5.049314419995062e+01	5.680743700000000e-07
5.054102709994186e+01	5.868645870000000e-07
5.057191149995197e+01	5.978623110000000e-07
5.061819069995545e+01	6.107985660000000e-07
5.066542279999703e+01	6.230054620000000e-07
5.071241769997869e+01	6.335234270000000e-07
5.076261679991148e+01	6.402027000000000e-07
5.079104449995793e+01	6.474001000000000e-07
5.082194759999402e+01	6.599141780000000e-07
5.085367520002183e+01	6.711038050000000e-07
5.088539830001537e+01	6.867463180000000e-07
5.091614370001480e+01	7.092600640000000e-07
5.096337989997119e+01	7.361690560000000e-07
5.100907819997519e+01	7.530974810000000e-07
5.105543960002251e+01	7.601606170000000e-07
5.108574749995023e+01	7.661873270000001e-07
5.111754220002331e+01	7.749586080000000e-07
5.116466210002545e+01	7.841906040000000e-07
5.121406989998650e+01	7.926740300000000e-07
5.125926229998004e+01	7.993533020000000e-07
5.130644479999319e+01	8.022130940000000e-07
5.135325929999817e+01	8.075296020000000e-07
5.138418249995448e+01	8.107924710000000e-07
5.141547499992885e+01	8.136906330000000e-07
5.146072709991131e+01	8.170302980000000e-07
5.150814930000342e+01	8.216942430000000e-07
5.155499309999868e+01	8.234791840000000e-07
5.161727389995940e+01	8.394479780000000e-07
5.166441779991146e+01	9.110267460000000e-07
5.179008940001950e+01	9.173836590000000e-07
5.182190819992684e+01	9.297127690000000e-07
5.185337939998135e+01	9.403077570000000e-07
5.188450429996010e+01	9.499398740000000e-07
5.191621099994518e+01	9.668922300000000e-07
5.196246439998504e+01	9.902014429999999e-07
5.200930209993385e+01	1.012933010000000e-06
5.206349560001399e+01	1.026995510000000e-06
5.208702430000994e+01	1.030077900000000e-06
5.211800219991710e+01	1.034508610000000e-06
5.216535789996851e+01	1.034123220000000e-06
5.221122479997575e+01	1.034701200000000e-06
5.225847439991776e+01	1.034701200000000e-06
5.230535089992918e+01	1.035857050000000e-06
5.235200459999032e+01	1.036435040000000e-06
5.238239589997102e+01	1.034701200000000e-06
5.241441750002559e+01	1.023913340000000e-06
5.245940359996166e+01	1.001759870000000e-06
5.250606229994446e+01	9.859634250000000e-07
5.255336759996135e+01	9.595717070000001e-07
5.258441799995489e+01	9.401151710000000e-07
5.261579999991227e+01	9.144940800000000e-07
5.266235679993406e+01	8.967713820000000e-07
5.269271949992981e+01	8.832865890000000e-07
5.272558379999828e+01	8.653711350000000e-07
5.275540879997425e+01	8.538127640000000e-07
5.281748480000533e+01	8.162479050000000e-07
5.286441889998969e+01	7.856183970000000e-07
5.291069980000611e+01	7.636573970000000e-07
5.295752659998834e+01	7.524842540000001e-07
5.298712840001099e+01	7.451640160000000e-07
5.301828469999600e+01	7.287895870000000e-07
5.306410700001288e+01	7.112594740000000e-07
5.311119520000648e+01	7.010496570000000e-07
5.315772819996346e+01	6.925735080000000e-07
5.321923779998906e+01	6.698370500000000e-07
5.331336509995162e+01	6.664974420000000e-07
5.334509389998857e+01	6.588969090000000e-07
5.337643659999594e+01	6.496841250000000e-07
5.340698909992352e+01	6.421220180000000e-07
5.343934399995487e+01	6.301453940000000e-07
5.346915889997035e+01	6.146372580000000e-07
5.351526979997288e+01	5.955207030000000e-07
5.356226749997586e+01	5.773063090000000e-07
5.360893390001729e+01	5.591110720000000e-07
5.365642279991880e+01	5.507619680000000e-07
5.371938919997774e+01	5.250046230000000e-07
5.375123619998340e+01	5.116461350000000e-07
5.378204239998013e+01	4.988442020000000e-07
5.381336769997142e+01	4.753900100000000e-07
5.385978699999396e+01	4.527995540000000e-07
5.390688839997165e+01	4.313222920000000e-07
5.395413570001256e+01	4.221670910000000e-07
5.401645519991871e+01	3.986169190000000e-07
5.404708189994562e+01	3.863140710000000e-07
5.407894539996050e+01	3.728979150000000e-07
5.410944009991363e+01	3.543956100000000e-07
5.415628629992716e+01	3.451252720000000e-07
5.422003460000269e+01	3.219205950000000e-07
5.426541479991283e+01	3.060093830000000e-07
5.431204729992896e+01	2.956833780000000e-07
5.434335039998405e+01	2.858948280000000e-07
5.437438579997979e+01	2.736111360000000e-07
5.440531459997874e+01	2.667399310000000e-07
5.445139379997272e+01	2.523642020000000e-07
5.448174590000417e+01	2.432857680000000e-07
5.451285739999730e+01	2.286029000000000e-07
5.456051769992337e+01	2.139584440000000e-07
5.460709239996504e+01	2.067417740000000e-07
5.463880339998286e+01	1.983926840000000e-07
5.466966909996700e+01	1.856483610000000e-07
5.471706529997755e+01	1.703513420000000e-07
5.476396070001647e+01	1.568584620000000e-07
5.481045699992683e+01	1.465324860000000e-07
5.485713419993408e+01	1.368974550000000e-07
5.490440539992414e+01	1.312162400000000e-07
5.493620939995162e+01	1.231934590000000e-07
5.496751350001432e+01	1.111016840000000e-07
5.501460449991282e+01	1.014666750000000e-07
5.506110859999899e+01	9.238824110000000e-08
5.510802589997184e+01	8.296435540000000e-08
5.515545620000921e+01	7.755184580000000e-08
5.521896289999131e+01	6.688038210000001e-08
5.525036860001273e+01	6.200529160000000e-08
5.528135259996634e+01	5.720697520000000e-08
5.531340069998987e+01	5.064287830000000e-08
5.536331569997128e+01	4.442425090000000e-08
5.540825460001361e+01	3.977948280000000e-08
5.545421549992170e+01	3.812886720000000e-08
5.550084240001161e+01	3.515389930000000e-08
5.553252469992731e+01	3.365683200000000e-08
5.556407580000814e+01	3.244765880000000e-08
5.561044780001976e+01	3.127685840000000e-08
5.565747219999321e+01	3.146879380000000e-08
5.571985080000013e+01	3.150718090000000e-08
5.576777069992386e+01	3.164153030000000e-08
5.581437999999616e+01	3.185266450000000e-08
5.584601689991541e+01	3.202540100000000e-08
5.587969269999303e+01	3.229411050000000e-08
5.590808329998981e+01	3.350328370000000e-08
5.595473769993987e+01	3.352248260000000e-08
5.601773720001802e+01	3.542260880000000e-08
5.606543359998614e+01	3.613276430000000e-08
5.611169299995527e+01	3.676614570000000e-08
5.614266529993620e+01	3.761064700000000e-08
5.617443599994294e+01	3.862788490000000e-08
5.620567669998854e+01	3.964513700000000e-08
5.625288149993867e+01	4.135332790000000e-08
5.628624329995364e+01	4.304234480000000e-08
5.631543690001126e+01	4.530714290000000e-08
5.636287069995888e+01	4.966401330000000e-08
5.640937210002448e+01	5.144899260000000e-08
5.644033569993917e+01	5.379057910000000e-08
5.647188939992338e+01	5.630489850000000e-08
5.651790560001973e+01	5.922227690000000e-08
5.656527939997613e+01	6.104563250000001e-08
5.661049410002306e+01	6.352156130000000e-08
5.666063659999054e+01	6.605507960000000e-08
5.671978669997770e+01	6.883809790000000e-08
5.675300359993707e+01	7.259998109999999e-08
5.678270069998689e+01	7.676491259999999e-08
5.681335920002311e+01	8.545949020000001e-08
5.686129509995226e+01	9.703300920000000e-08
5.690801469993312e+01	1.093934900000000e-07
5.695538309996482e+01	1.161687210000000e-07
5.701755939994473e+01	1.311586570000000e-07
5.704924819990993e+01	1.378379300000000e-07
5.708001809997950e+01	1.443636250000000e-07
5.711150150001049e+01	1.534228600000000e-07
5.715754099993501e+01	1.641518990000000e-07
5.722352419991512e+01	1.723666260000000e-07
5.726678319997154e+01	1.807540850000000e-07
5.731219229998533e+01	1.878747900000000e-07
5.734340709995013e+01	1.942853340000000e-07
5.737475369998720e+01	2.023848960000000e-07
5.742104809999000e+01	2.135937790000000e-07
5.745241849997547e+01	2.182001570000000e-07
5.748299029993359e+01	2.241308720000000e-07
5.751327539992053e+01	2.339770480000000e-07
5.756036120001227e+01	2.522106400000000e-07
5.760630969994236e+01	2.631124120000000e-07
5.763722939998843e+01	2.747435420000000e-07
5.766836869996041e+01	2.912689470000000e-07
5.771756289992481e+01	3.071993720000000e-07
5.776304589991923e+01	3.269300350000000e-07
5.780974129994866e+01	3.474476670000000e-07
5.785568739997689e+01	3.602879700000000e-07
5.791640210000332e+01	3.980603080000000e-07
5.794702510000207e+01	4.147392760000000e-07
5.797809180000331e+01	4.315525930000000e-07
5.800909229996614e+01	4.553522500000000e-07
5.805615069996566e+01	4.680581750000000e-07
5.810351539996918e+01	4.870787510000000e-07
5.813521340000443e+01	5.005524029999999e-07
5.816601719998289e+01	5.198416490000000e-07
5.821278870000970e+01	5.353114150000000e-07
5.824400499998592e+01	5.504357430000000e-07
5.827610909997020e+01	5.646387540000000e-07
5.830811400001403e+01	5.889182260000000e-07
5.835610630002338e+01	6.046759040000000e-07
5.841827429994009e+01	6.646932890000000e-07
5.846547629998531e+01	7.192405750000000e-07
5.851223809993826e+01	7.561491770000000e-07
5.854341549996752e+01	7.859563880000000e-07
5.857437359995674e+01	8.223276500000000e-07
5.860502619994804e+01	8.439776019999999e-07
5.865202399995178e+01	9.597645199999999e-07
5.882348179991823e+01	1.053772620000000e-06
5.885349000000861e+01	1.079393660000000e-06
5.888338879996445e+01	1.107518980000000e-06
5.891437909996603e+01	1.149321750000000e-06
5.896066149999388e+01	1.199215490000000e-06
5.900837900000624e+01	1.221176150000000e-06
5.903911010001320e+01	1.247760680000000e-06
5.906941999995615e+01	1.274922620000000e-06
5.911662719992455e+01	1.308634750000000e-06
5.916342629992869e+01	1.334641070000000e-06
5.921113109996077e+01	1.355446100000000e-06
5.925862969993614e+01	1.376251130000000e-06
5.930359659995884e+01	1.387424160000000e-06
5.933464909996837e+01	1.398789890000000e-06
5.936550949991215e+01	1.416512760000000e-06
5.941234429995529e+01	1.430768070000000e-06
5.945834479993209e+01	1.458315520000000e-06
5.950546579994261e+01	1.472763640000000e-06
5.955337889993098e+01	1.492798110000000e-06
5.958433069998864e+01	1.510135690000000e-06
5.961545939999633e+01	1.535178850000000e-06
5.964811269997153e+01	1.559066050000000e-06
5.967795049992856e+01	1.588539820000000e-06
5.970950659993105e+01	1.629957410000000e-06
5.975746370002162e+01	1.683318490000000e-06
5.981972659996245e+01	1.739183970000000e-06
5.986675389995798e+01	1.801021310000000e-06
5.991229679994285e+01	1.836274350000000e-06
5.994396529998630e+01	1.867481840000000e-06
5.997470659995452e+01	1.908128750000000e-06
6.000624739995692e+01	1.935483620000000e-06
6.007590759999584e+01	2.012154250000000e-06
6.011627379991114e+01	2.065900620000000e-06
