# [General]
# timestamp=2025-04-17T12:26:55.987382
# comments='# '
# delimiter='\t'
# column_dtypes=float;;float
# column_headers='Time (s);;Power (W)'
# 
# [Metadata]
# scanner_x=-4.648888772663919
# scanner_y=3.7150022250721597
# start recoding time='17.04.2025, 12:25:55.785272'
# sample rate (hz)=50.0
# sample timing='TIMESTAMP'
# 
# ---- END HEADER ----
7.100999355316162e-04	2.958048600000000e-03
2.671199990436435e-02	2.955935660000000e-03
5.802459991537035e-02	2.955743340000000e-03
8.803449990227818e-02	2.954975240000000e-03
1.182939999271184e-01	2.954398980000000e-03
1.649862999329343e-01	2.951901870000000e-03
2.116641999455169e-01	2.951709790000000e-03
2.436585999093950e-01	2.950749590000000e-03
2.754062999738380e-01	2.948828740000000e-03
3.220986999804154e-01	2.947484140000000e-03
3.689812999218702e-01	2.944219160000000e-03
4.160411999328062e-01	2.943258500000000e-03
4.625303999055177e-01	2.942105990000000e-03
5.243673999793828e-01	2.941145790000000e-03
5.558245999272913e-01	2.940185140000000e-03
5.865397999295965e-01	2.939225170000000e-03
6.181956999935210e-01	2.936536210000000e-03
6.642869999632239e-01	2.935191620000000e-03
7.104132999666035e-01	2.933462850000000e-03
7.568430999526754e-01	2.931734080000000e-03
7.878243000013754e-01	2.930005310000000e-03
8.186165000079200e-01	2.929237210000000e-03
8.499665999552235e-01	2.928084690000000e-03
8.797152999322861e-01	2.925011560000000e-03
9.113764999201521e-01	2.923474880000000e-03
9.580387999303639e-01	2.920786150000000e-03
9.885999999241903e-01	2.919249470000000e-03
1.019838699954562e+00	2.917904640000000e-03
1.066996600013226e+00	2.912526480000000e-03
1.113728799973615e+00	2.911374210000000e-03
1.144421399920247e+00	2.909645670000000e-03
1.174971199943684e+00	2.907724820000000e-03
1.221708399942145e+00	2.904843540000000e-03
1.268386699957773e+00	2.903114770000000e-03
1.314501499990001e+00	2.900425810000000e-03
1.361995399929583e+00	2.898313110000000e-03
1.423899399931543e+00	2.894471630000000e-03
1.454472700017504e+00	2.894663720000000e-03
1.485452099936083e+00	2.895239740000000e-03
1.518090199911967e+00	2.893703520000000e-03
1.563510300009511e+00	2.893895380000000e-03
1.611444999929518e+00	2.894279550000000e-03
1.658002799958922e+00	2.896392250000000e-03
1.688754100003280e+00	2.898121020000000e-03
1.719714900013059e+00	2.902538750000000e-03
1.750516599975526e+00	2.906572310000000e-03
1.781351499957964e+00	2.912718570000000e-03
1.812755699967965e+00	2.921554260000000e-03
1.859788900008425e+00	2.924819710000000e-03
1.923904499970376e+00	2.934999530000000e-03
1.970755699905567e+00	2.940569770000000e-03
2.018519899924286e+00	2.943642670000000e-03
2.049569199909456e+00	2.945371440000000e-03
2.081131499959156e+00	2.948828740000000e-03
2.113036899943836e+00	2.952862300000000e-03
2.160021099960431e+00	2.954783150000000e-03
2.208036599913612e+00	2.959777370000000e-03
2.238645799923688e+00	2.959200650000000e-03
2.270542699960060e+00	2.964002780000000e-03
2.316040399949998e+00	2.966115720000000e-03
2.346886799903587e+00	2.968804450000000e-03
2.377514199935831e+00	2.970149270000000e-03
2.422410099999979e+00	2.973414720000000e-03
2.469088100013323e+00	2.977448050000000e-03
2.518016599933617e+00	2.980137010000000e-03
2.563283899915405e+00	2.982441800000000e-03
2.610601399908774e+00	2.984362650000000e-03
2.641712200012989e+00	2.985899340000000e-03
2.672426500008442e+00	2.989548720000000e-03
2.720116699929349e+00	2.991085410000000e-03
2.767031700001098e+00	2.995503140000000e-03
2.813172399997711e+00	2.998768580000000e-03
2.860743199940771e+00	3.000689200000000e-03
2.923934899969026e+00	3.005106930000000e-03
2.955135699943639e+00	3.008372380000000e-03
2.986604799982160e+00	3.011637370000000e-03
3.017769499914721e+00	3.013557990000000e-03
3.064153100014664e+00	3.013750070000000e-03
3.112138899974525e+00	3.014518650000000e-03
3.158928099903278e+00	3.014326560000000e-03
3.190244399942458e+00	3.014326560000000e-03
3.222029499942437e+00	3.013942160000000e-03
3.255226399982348e+00	3.013174050000000e-03
3.283523899968714e+00	3.011637370000000e-03
3.314749200013466e+00	3.009908600000000e-03
3.361714700004086e+00	3.007027550000000e-03
3.424674200010486e+00	3.003570250000000e-03
3.471768999937922e+00	3.001265460000000e-03
3.519669699948281e+00	3.000496890000000e-03
3.551401300006546e+00	2.997615840000000e-03
3.580612499965355e+00	2.996847730000000e-03
3.611590999993496e+00	2.993390200000000e-03
3.658990199910477e+00	2.992045600000000e-03
3.721662999945693e+00	2.989548720000000e-03
3.767879399936646e+00	2.991277490000000e-03
3.814672100008465e+00	2.989548720000000e-03
3.846051799948327e+00	2.988972700000000e-03
3.877478400012478e+00	2.990701000000000e-03
3.924719100003131e+00	2.989740810000000e-03
3.971768499934115e+00	2.989932890000000e-03
4.018683700007387e+00	2.989164790000000e-03
4.065999599988572e+00	2.988012040000000e-03
4.112475399975665e+00	2.987628100000000e-03
4.143978999927640e+00	2.987436020000000e-03
4.175443599931896e+00	2.985323310000000e-03
4.221216199919581e+00	2.981481610000000e-03
4.268199499929324e+00	2.977063650000000e-03
4.314974799985066e+00	2.971301320000000e-03
4.361449399963021e+00	2.970149270000000e-03
4.424026599968784e+00	2.962274240000000e-03
4.455174500006251e+00	2.957856520000000e-03
4.485369500005618e+00	2.955167090000000e-03
4.517073099967092e+00	2.947484140000000e-03
4.564192799967714e+00	2.939801200000000e-03
4.610773199936375e+00	2.938264520000000e-03
4.658047399949282e+00	2.930773890000000e-03
4.689600499928929e+00	2.926163840000000e-03
4.721739399945363e+00	2.922898860000000e-03
4.752979399985634e+00	2.919441320000000e-03
4.783276799949817e+00	2.913487140000000e-03
4.814385599922389e+00	2.908685010000000e-03
4.861746400012635e+00	2.902922690000000e-03
4.923787300009280e+00	2.895239740000000e-03
4.969495599973015e+00	2.887556560000000e-03
5.017981899902225e+00	2.881986790000000e-03
5.048141199979000e+00	2.877568830000000e-03
5.079123399918899e+00	2.871230480000000e-03
5.110493799904361e+00	2.867196920000000e-03
5.156780099961907e+00	2.858937720000000e-03
5.187834399985150e+00	2.853367480000000e-03
5.219749499927275e+00	2.844147850000000e-03
5.267874999903142e+00	2.834544050000000e-03
5.314394299988635e+00	2.830318410000000e-03
5.344677699962631e+00	2.826093000000000e-03
5.376673699938692e+00	2.819754650000000e-03
5.423411799944006e+00	2.810342700000000e-03
5.471086999983527e+00	2.802275820000000e-03
5.518515000003390e+00	2.794976810000000e-03
5.563669999944977e+00	2.785373010000000e-03
5.608993000001647e+00	2.778650030000000e-03
5.640788599965163e+00	2.772503770000000e-03
5.671274199965410e+00	2.764244560000000e-03
5.717333699925803e+00	2.750607440000000e-03
5.763545800000429e+00	2.737738190000000e-03
5.810042299912311e+00	2.730439650000000e-03
5.857024399912916e+00	2.719299170000000e-03
5.888042700011283e+00	2.712768740000000e-03
5.919411299983039e+00	2.704701150000000e-03
5.950949399964884e+00	2.696442180000000e-03
5.982169599970803e+00	2.688182980000000e-03
6.013642499921843e+00	2.676850420000000e-03
6.060963099938817e+00	2.670896240000000e-03
6.123740999959409e+00	2.652649300000000e-03
6.169514599954709e+00	2.638627310000000e-03
6.217103299917653e+00	2.628447490000000e-03
6.247934899991378e+00	2.619612260000000e-03
6.279397599981166e+00	2.605974910000000e-03
6.326948400004767e+00	2.589648360000000e-03
6.358533199992962e+00	2.581005220000000e-03
6.389516799943522e+00	2.568328050000000e-03
6.420211599906906e+00	2.550465050000000e-03
6.465843199985102e+00	2.528376640000000e-03
6.511022099992260e+00	2.519348870000000e-03
6.543019099975936e+00	2.506479620000000e-03
6.574462599935941e+00	2.491306280000000e-03
6.620871599996462e+00	2.474211390000000e-03
6.668604500009678e+00	2.455387960000000e-03
6.714773299987428e+00	2.436948940000000e-03
6.760769399930723e+00	2.426576570000000e-03
6.823062699986622e+00	2.398725830000000e-03
6.853735999902710e+00	2.383359710000000e-03
6.884429399971850e+00	2.365880880000000e-03
6.914708199910820e+00	2.340911190000000e-03
6.961401799926534e+00	2.325929470000000e-03
7.008512199972756e+00	2.300959780000000e-03
7.041623499942943e+00	2.283096310000000e-03
7.071071899961680e+00	2.258703110000000e-03
7.119135699933395e+00	2.243144900000000e-03
7.150286899995990e+00	2.226242330000000e-03
7.180787799996324e+00	2.208955350000000e-03
7.211796299903654e+00	2.184370070000000e-03
7.258642499917187e+00	2.171884990000000e-03
7.289925999939442e+00	2.156327010000000e-03
7.320634300005622e+00	2.133085860000000e-03
7.368131999974139e+00	2.104467010000000e-03
7.416031399974599e+00	2.086411700000000e-03
7.449192999978550e+00	2.067972670000000e-03
7.480802299920470e+00	2.049917120000000e-03
7.511809299932793e+00	2.026484120000000e-03
7.558716099942103e+00	2.013615330000000e-03
7.604947799933143e+00	1.992295030000000e-03
7.636106699937955e+00	1.979233700000000e-03
7.667322899913415e+00	1.957721310000000e-03
7.714085999992676e+00	1.945236700000000e-03
7.746005399967544e+00	1.928333890000000e-03
7.777035699924454e+00	1.907974130000000e-03
7.823952500009909e+00	1.880315130000000e-03
7.870070099947043e+00	1.847086240000000e-03
7.916944099939428e+00	1.815009630000000e-03
7.963097999920137e+00	1.776786750000000e-03
8.014138299971819e+00	1.752585290000000e-03
8.042132599977776e+00	1.730112590000000e-03
8.072458499926142e+00	1.694578560000000e-03
8.118976199999452e+00	1.655779430000000e-03
8.166644199984148e+00	1.616980180000000e-03
8.212673499947414e+00	1.579333680000000e-03
8.259734199964441e+00	1.559549710000000e-03
8.322228899924085e+00	1.512299410000000e-03
8.352799499989487e+00	1.490402730000000e-03
8.383583799935877e+00	1.466585560000000e-03
8.414873000001535e+00	1.428554770000000e-03
8.461595200002193e+00	1.389179260000000e-03
8.522778499987908e+00	1.357486700000000e-03
8.569294999935664e+00	1.328483570000000e-03
8.617206099908799e+00	1.313117570000000e-03
8.649283999926411e+00	1.296983220000000e-03
8.681113999919035e+00	1.279696360000000e-03
8.711963400011882e+00	1.257223660000000e-03
8.759684199932963e+00	1.245122980000000e-03
8.806998000014573e+00	1.223226310000000e-03
8.837741900002584e+00	1.209204900000000e-03
8.869601799990050e+00	1.187116260000000e-03
8.916898999945261e+00	1.173094850000000e-03
8.949248599936254e+00	1.156000070000000e-03
8.980288799968548e+00	1.138329160000000e-03
9.011222300003283e+00	1.122771180000000e-03
9.058886799961329e+00	1.094344070000000e-03
9.089591199997813e+00	1.075520760000000e-03
9.119810999953188e+00	1.047477820000000e-03
9.166621299926192e+00	1.016169440000000e-03
9.212204299983568e+00	1.000227290000000e-03
9.244039200013503e+00	9.839008560000001e-04
9.275489599909633e+00	9.723762630000000e-04
9.321146399946883e+00	9.719922090000000e-04
9.368337199906819e+00	9.833247170000000e-04
9.414768399903551e+00	9.883185850000000e-04
9.461844599922188e+00	9.873582750000000e-04
9.524789999937639e+00	9.869739880000001e-04
9.556056699948385e+00	9.883185850000000e-04
9.588186800014228e+00	9.875502439999999e-04
9.619683099910617e+00	9.867819030000000e-04
9.667070699972101e+00	9.871661899999999e-04
9.714728199993260e+00	9.839008560000001e-04
9.761720299953595e+00	9.714158950000000e-04
9.824128099950030e+00	9.589312250000000e-04
9.854997099959292e+00	9.474066900000000e-04
9.885528499959037e+00	9.343454150000000e-04
9.916026599938050e+00	9.099519230000000e-04
9.963581199990585e+00	8.826772680000000e-04
1.001056259998586e+01	8.678875750000000e-04
1.005803229997400e+01	8.404208930000000e-04
1.008901869994588e+01	8.239024320000000e-04
1.011989520001225e+01	8.083443390000000e-04
1.015216439997312e+01	7.937466140000001e-04
1.018400759994984e+01	7.795330020000000e-04
1.021498019993305e+01	7.585969290000000e-04
1.026258939993568e+01	7.347795180000000e-04
1.031031699990854e+01	7.238312970000000e-04
1.035578290000558e+01	7.030872510000000e-04
1.038769729994237e+01	6.909864020000000e-04
1.041880270000547e+01	6.802302090000000e-04
1.044916339998599e+01	6.700503290000000e-04
1.048014180001337e+01	6.182034270000000e-04
1.060592339991126e+01	6.085126080000000e-04
1.063670229993295e+01	5.953292710000000e-04
1.066735060000792e+01	5.732419090000000e-04
1.071406899997965e+01	5.510585620000000e-04
1.076077950000763e+01	5.384124230000000e-04
1.079190529999323e+01	5.239818130000000e-04
1.082366439991165e+01	5.034103520000000e-04
1.087060479994398e+01	4.774849800000000e-04
1.092237119993661e+01	4.537472850000000e-04
1.096272349997889e+01	4.321972080000000e-04
1.100874939991627e+01	4.219306870000000e-04
1.104029699997045e+01	4.091887090000000e-04
1.107128169992939e+01	3.959093590000000e-04
1.110323139990214e+01	3.803848520000000e-04
1.113367959996685e+01	3.645917460000000e-04
1.116527040000074e+01	3.394339290000000e-04
1.121181279991288e+01	3.148710530000000e-04
1.125874819990713e+01	3.032420650000000e-04
1.128957939997781e+01	2.891375920000000e-04
1.132063819991890e+01	2.696791780000000e-04
1.136706929991487e+01	2.553444650000000e-04
1.139921139995568e+01	2.424681150000000e-04
1.143070989998523e+01	2.305512750000000e-04
1.146063230000436e+01	2.214169800000000e-04
1.152255449991208e+01	1.999052470000000e-04
1.157089209998958e+01	1.864916270000000e-04
1.161621759994887e+01	1.720225550000000e-04
1.166266919998452e+01	1.638093380000000e-04
1.169400719995610e+01	1.569777670000000e-04
1.172505090001505e+01	1.489180720000000e-04
1.177276329998858e+01	1.398413440000000e-04
1.181909579993226e+01	1.320502920000000e-04
1.186608089995570e+01	1.242400610000000e-04
1.191288259997964e+01	1.182336780000000e-04
1.195963870000560e+01	1.150481690000000e-04
1.199143920000643e+01	1.116132040000000e-04
1.202243529993575e+01	1.073530800000000e-04
1.206946179992519e+01	1.020183340000000e-04
1.211704219994135e+01	9.714414769999999e-05
1.216342689993326e+01	9.194372250000000e-05
1.220974989992101e+01	8.916119990000000e-05
1.225805569998920e+01	8.334671290000000e-05
1.228855709999334e+01	8.019957750000001e-05
1.231952879996970e+01	7.678381370000000e-05
1.236574249994010e+01	7.394373100000000e-05
1.241301799996290e+01	7.091174479999999e-05
1.245977019995917e+01	6.883924650000000e-05
1.252183360001072e+01	6.404181480000001e-05
1.256903959996998e+01	6.193093580000000e-05
1.260000500001479e+01	6.008872510000000e-05
1.262998369999696e+01	5.165769110000000e-05
1.273900189995766e+01	4.909099520000000e-05
1.276969799993094e+01	4.601135150000000e-05
1.280169100000057e+01	4.272037770000000e-05
1.283360979997087e+01	3.920078600000000e-05
1.286433359992225e+01	3.372158970000000e-05
1.291010829992592e+01	3.115874280000000e-05
1.295703679998405e+01	2.721841520000000e-05
1.298815190000460e+01	2.491684430000000e-05
1.301939149992540e+01	2.287463580000000e-05
1.305031029996462e+01	2.112060250000000e-05
1.308129959995858e+01	1.941267690000000e-05
1.311247950000688e+01	1.741081180000000e-05
1.316033069998957e+01	1.630229420000000e-05
1.320697920001112e+01	1.382205570000000e-05
1.323774469993077e+01	1.175294980000000e-05
1.326855039992370e+01	8.828921639999999e-06
1.331560470000841e+01	7.461044330000000e-06
1.334689799998887e+01	6.383264920000000e-06
1.337935049994849e+01	5.424597930000000e-06
1.341119169990998e+01	4.878984780000000e-06
1.345808030001353e+01	4.097066720000000e-06
1.348132659995463e+01	3.720515450000000e-06
1.352062560000923e+01	3.215245900000000e-06
1.356975579995196e+01	2.842538150000000e-06
1.361393220000900e+01	2.148735580000000e-06
1.373907759995200e+01	2.012924600000000e-06
1.377015559992287e+01	1.872875830000000e-06
1.380131389992312e+01	1.717608370000000e-06
1.383142750000115e+01	1.560799660000000e-06
1.386302119994070e+01	1.335989510000000e-06
1.391011840000283e+01	1.245641560000000e-06
1.395741339994129e+01	1.133717890000000e-06
1.398949349997565e+01	1.098657440000000e-06
1.401369379996322e+01	1.094612120000000e-06
1.406797829992138e+01	1.117921440000000e-06
1.409811759996228e+01	1.150092200000000e-06
1.412125660001766e+01	1.199793360000000e-06
1.415989749995060e+01	1.244485700000000e-06
1.420703369996045e+01	1.329054380000000e-06
1.423801009997260e+01	1.406688060000000e-06
1.426937130000442e+01	1.581604810000000e-06
1.431605979998130e+01	1.905239290000000e-06
1.436317699996289e+01	2.207683340000000e-06
1.439501769992057e+01	2.586220030000000e-06
1.442588679993059e+01	3.057030880000000e-06
1.447256499994546e+01	3.696979770000000e-06
1.452008539997041e+01	4.350991280000000e-06
1.456823410000652e+01	5.120585680000000e-06
1.461407549993601e+01	5.979565230000000e-06
1.466167649999261e+01	6.508360910000000e-06
1.469277189997956e+01	7.022516000000000e-06
1.472397289995570e+01	7.723338970000000e-06
1.477034189994447e+01	1.077122940000000e-05
1.490967169997748e+01	1.133221390000000e-05
1.494020389998332e+01	1.200462520000000e-05
1.497145319997799e+01	1.291718310000000e-05
1.501853349991143e+01	1.394885480000000e-05
1.506640809995588e+01	1.448294100000000e-05
1.509701729996596e+01	1.490944210000000e-05
1.512890769995283e+01	1.534554760000000e-05
1.516094959992915e+01	1.564909510000000e-05
1.520828529994469e+01	1.625234290000000e-05
1.524020539992489e+01	1.698431150000000e-05
1.527191919996403e+01	1.862499450000000e-05
1.532002420001663e+01	2.045779550000000e-05
1.536811169993598e+01	2.159513130000000e-05
1.539847049990203e+01	2.233670600000000e-05
1.543024010001682e+01	2.310901980000000e-05
1.546179029997438e+01	2.405231500000000e-05
1.552365849993657e+01	2.487649910000000e-05
1.557184099999722e+01	2.553930610000000e-05
1.561657700000796e+01	2.569492060000000e-05
1.566365769994445e+01	2.569107890000000e-05
1.569412609993014e+01	2.567186860000000e-05
1.572517220000736e+01	2.533758200000000e-05
1.577197170001455e+01	2.494950420000000e-05
1.581939099996816e+01	2.493797730000000e-05
1.586587420001160e+01	2.494758340000000e-05
1.591286069992930e+01	2.494374170000000e-05
1.595974590000696e+01	2.495526680000000e-05
1.599090410000645e+01	2.494182080000000e-05
1.602196069993079e+01	2.495334770000000e-05
1.607007169991266e+01	2.542595580000000e-05
1.611614890000783e+01	2.658826820000000e-05
1.616215549991466e+01	2.813481480000000e-05
1.620979310001712e+01	2.920682890000000e-05
1.625693419994786e+01	3.137391470000000e-05
1.628827159991488e+01	3.293775080000000e-05
1.631860349990893e+01	3.524316340000000e-05
1.636603669996839e+01	3.771379490000000e-05
1.641286889999174e+01	4.092599920000000e-05
1.645919149997644e+01	4.256092140000000e-05
1.652154939994216e+01	4.643016650000000e-05
1.656887650000863e+01	4.809006350000000e-05
1.660097089991905e+01	4.975764390000000e-05
1.663209819991607e+01	5.164615870000000e-05
1.666260109993163e+01	5.419171790000000e-05
1.672420139994938e+01	5.620895170000000e-05
1.677237139991485e+01	5.823579340000000e-05
1.681914209993556e+01	6.043745820000000e-05
1.686653240001760e+01	6.204163950000000e-05
1.689704409998376e+01	6.345754810000000e-05
1.692882899998222e+01	6.488306100000000e-05
1.695943809999153e+01	6.550744730000000e-05
1.700615419994574e+01	6.584556830000000e-05
1.703646380000282e+01	6.583788490000000e-05
1.706738489994314e+01	6.553626010000000e-05
1.711461419996340e+01	6.498296720000000e-05
1.716166340000927e+01	6.467365170000000e-05
1.719270050001796e+01	6.412804210000001e-05
1.722385219996795e+01	6.233942260000000e-05
1.727102099999320e+01	5.797643100000000e-05
1.731788409990259e+01	5.265861910000000e-05
1.736370089999400e+01	4.675292800000000e-05
1.741062079998665e+01	4.349077060000000e-05
1.745698769995943e+01	3.852453300000000e-05
1.748888680001255e+01	3.562355780000000e-05
1.751938939990941e+01	3.215967440000000e-05
1.756690609990619e+01	2.874574600000000e-05
1.761430039990228e+01	2.575639880000000e-05
1.766085589991417e+01	2.422522270000000e-05
1.772255519998726e+01	2.012927330000000e-05
1.777040519996081e+01	1.824652280000000e-05
1.780169130000286e+01	1.676721690000000e-05
1.783317729993723e+01	1.528022590000000e-05
1.786351149994880e+01	1.306319340000000e-05
1.791032769996673e+01	1.215447630000000e-05
1.795812480000313e+01	1.054260970000000e-05
1.798984559997916e+01	9.553204109999999e-06
1.802062239998486e+01	8.269859789999999e-06
1.806745560001582e+01	7.364985320000000e-06
1.809954699990340e+01	6.606120680000000e-06
1.813089219992980e+01	5.868389510000000e-06
1.816188199992757e+01	4.882826940000000e-06
1.820885890000500e+01	4.439035370000000e-06
1.825607919995673e+01	3.712831590000000e-06
1.828729639993981e+01	3.376625270000000e-06
1.831821719999425e+01	2.934755460000000e-06
1.836438689997885e+01	1.934520470000000e-06
1.847416209999938e+01	1.776556130000000e-06
1.850543809996452e+01	1.609344960000000e-06
1.853669410001021e+01	1.486248270000000e-06
1.856870059994981e+01	1.355446100000000e-06
1.861556860001292e+01	1.233312560000000e-06
1.866259029996581e+01	1.144505630000000e-06
1.870847139996476e+01	1.115609850000000e-06
1.873993469995912e+01	1.096538430000000e-06
1.877196179993916e+01	1.107711570000000e-06
1.881843899993692e+01	1.150092200000000e-06
1.885012829990592e+01	1.224836520000000e-06
1.888203869992867e+01	1.355831270000000e-06
1.891227400000207e+01	1.571394930000000e-06
1.895936179999262e+01	1.690831480000000e-06
1.900598429993261e+01	1.878077000000000e-06
1.903696519997902e+01	2.001559100000000e-06
1.906751149997581e+01	2.327890340000000e-06
1.911363589996472e+01	2.563295770000000e-06
1.914517179992981e+01	2.835880880000000e-06
1.917599859996699e+01	3.241772450000000e-06
1.922227109991945e+01	3.970143100000000e-06
1.926817429997027e+01	5.058940590000000e-06
1.931427289999556e+01	6.245793430000000e-06
1.936082429997623e+01	7.083196580000000e-06
1.942135879991110e+01	1.333215730000000e-05
1.953260889998637e+01	1.507081830000000e-05
1.956201429991052e+01	1.695165160000000e-05
1.959353750001173e+01	1.868647270000000e-05
1.962515189999249e+01	2.120897620000000e-05
1.967131179990247e+01	2.459024470000000e-05
1.971812929993030e+01	2.754885460000000e-05
1.976499880000483e+01	3.110303080000000e-05
1.981162149994634e+01	3.446124540000000e-05
1.985806679993402e+01	3.609808480000000e-05
1.988929289998487e+01	3.815950910000000e-05
1.992073599994183e+01	4.121033630000000e-05
1.996701629995368e+01	4.461081700000000e-05
2.001374480000231e+01	4.835902660000000e-05
2.006058559997473e+01	5.065291040000000e-05
2.012392009992618e+01	5.746155880000000e-05
2.017041039990727e+01	6.131928240000000e-05
2.020070569997188e+01	6.467941420000000e-05
2.023131880001165e+01	6.825087620000000e-05
2.026264299999457e+01	7.402401390000000e-05
2.032432629994582e+01	8.011989850000000e-05
2.037146870000288e+01	9.937015420000000e-05
2.049608529999387e+01	1.022102220000000e-04
2.052648509992287e+01	1.056835830000000e-04
2.055805029999465e+01	1.090801520000000e-04
2.058826170000248e+01	1.120545710000000e-04
2.061986599990632e+01	1.165449790000000e-04
2.066580439999234e+01	1.212656640000000e-04
2.071278409997467e+01	1.235300300000000e-04
2.074476119992323e+01	1.260822900000000e-04
2.077600259997416e+01	1.291718360000000e-04
2.082264369993936e+01	1.331632960000000e-04
2.087011039990466e+01	1.385556240000000e-04
2.091727309999987e+01	1.444276710000000e-04
2.096416069997940e+01	1.503956880000000e-04
2.101016099995468e+01	1.535044430000000e-04
2.104062290000729e+01	1.570737220000000e-04
2.107276779995300e+01	1.623509160000000e-04
2.111826109990943e+01	1.677624390000000e-04
2.116466669994406e+01	1.733082750000000e-04
2.121172589994967e+01	1.793914130000000e-04
2.125877819990274e+01	1.827688250000000e-04
2.131977820000611e+01	1.917496270000000e-04
2.134992429998238e+01	1.964319090000000e-04
2.138205779995769e+01	2.013828630000000e-04
2.141399639996234e+01	2.088668840000000e-04
2.146082519995980e+01	2.124361780000000e-04
2.152355359995272e+01	2.201120660000000e-04
2.156944479991216e+01	2.252741250000000e-04
2.162069899996277e+01	2.290353000000000e-04
2.164927369996440e+01	2.319713240000000e-04
2.168107239995152e+01	2.355406180000000e-04
2.171275209996384e+01	2.398967040000000e-04
2.175905009999406e+01	2.422954280000000e-04
2.180643989995588e+01	2.465555440000000e-04
2.183816189994104e+01	2.498753890000000e-04
2.187013950000983e+01	2.564574530000000e-04
2.191717849997804e+01	2.611589440000000e-04
2.194868249993306e+01	2.660907340000000e-04
2.197905879991595e+01	2.715981680000000e-04
2.201073139999062e+01	2.758391200000000e-04
2.205814199999440e+01	2.825747070000000e-04
2.208857899997383e+01	2.864702260000000e-04
2.212288509996142e+01	2.919009420000000e-04
2.216698039998300e+01	2.972932710000000e-04
2.221345059992746e+01	3.004595640000000e-04
2.224415769998450e+01	3.034915430000000e-04
2.227508119994309e+01	3.079243760000000e-04
2.232246820000000e+01	3.135469740000000e-04
2.237013259995729e+01	3.181525100000000e-04
2.241697799996473e+01	3.231034790000000e-04
2.246331719995942e+01	3.290331220000000e-04
2.251044699992053e+01	3.317196390000000e-04
2.254104989999905e+01	3.348283940000000e-04
2.257205730001442e+01	3.387814800000000e-04
2.261729709990323e+01	3.430607900000000e-04
2.266375369997695e+01	3.482036410000000e-04
2.271003909991123e+01	3.504680350000000e-04
2.275693789997604e+01	3.554381840000000e-04
2.278837839991320e+01	3.591034620000000e-04
2.281902609998360e+01	3.623848900000000e-04
2.285014759993646e+01	3.658198690000000e-04
2.288083049992565e+01	3.700799430000000e-04
2.291133929998614e+01	3.761439290000000e-04
2.295821859990247e+01	3.794445950000000e-04
2.300518029998057e+01	3.857388220000000e-04
2.303628080000635e+01	3.906705820000000e-04
2.306772629998159e+01	3.986918890000000e-04
2.311463129997719e+01	4.027409600000000e-04
2.314586659998167e+01	4.069243150000000e-04
2.317732119990978e+01	4.115106710000000e-04
2.320861530001275e+01	4.146577560000000e-04
2.323968619992957e+01	4.190905890000000e-04
2.327044939994812e+01	4.270735370000000e-04
2.331840729992837e+01	4.350948730000000e-04
2.336400920001324e+01	4.439988700000000e-04
2.341080800001509e+01	4.490458230000000e-04
2.344211549998727e+01	4.545340780000000e-04
2.347723379998934e+01	4.626705490000000e-04
2.352058739995118e+01	4.719583670000000e-04
2.356704150000587e+01	4.805937930000000e-04
2.361352499993518e+01	4.900543140000000e-04
2.365969849994872e+01	4.944295510000000e-04
2.372049049998168e+01	5.051566400000000e-04
2.375143720000051e+01	5.112973160000000e-04
2.378304949996527e+01	5.181289160000000e-04
2.381432899995707e+01	5.274935390000000e-04
2.386083439993672e+01	5.322333890000000e-04
2.392228349996731e+01	5.452248150000000e-04
2.396808769996278e+01	5.537834370000000e-04
2.401498279999942e+01	5.598858120000000e-04
2.404603029997088e+01	5.655660060000000e-04
2.407803500001319e+01	5.713804280000000e-04
2.412554969999474e+01	5.777130720000000e-04
2.417158600001130e+01	5.852738980000000e-04
2.421703419997357e+01	5.950797930000000e-04
2.426342579990160e+01	6.039454600000001e-04
2.430997679999564e+01	6.076491550000000e-04
2.434130349999759e+01	6.122163030000000e-04
2.437183429999277e+01	6.174167500000000e-04
2.441903889994137e+01	6.230009020000000e-04
2.446640049992129e+01	6.268963920000000e-04
2.451300989999436e+01	6.297748190000000e-04
2.456098039995413e+01	6.315403150000000e-04
2.460854599997401e+01	6.331522600000000e-04
2.463967730000149e+01	6.337855590000000e-04
2.467147369997110e+01	6.344572180000001e-04
2.471836269996129e+01	6.357428500000000e-04
2.476494829996955e+01	6.369710320000000e-04
2.481083809991833e+01	6.382567810000000e-04
2.485809319990221e+01	6.408665210000000e-04
2.488965329993516e+01	6.440521100000000e-04
2.491941460000817e+01	6.480243760000000e-04
2.495063440001104e+01	6.528600930000000e-04
2.498072019999381e+01	6.591543790000000e-04
2.501179689995479e+01	6.713591280000000e-04
2.505862769996747e+01	6.781906120000000e-04
2.512060259992722e+01	7.000093460000001e-04
2.516698390000965e+01	7.151500900000000e-04
2.521372969995718e+01	7.238814140000000e-04
2.524478810001165e+01	7.329197830000000e-04
2.527667870000005e+01	7.436660820000000e-04
2.532313459995203e+01	7.555636690000000e-04
2.536949209996965e+01	7.724891180000000e-04
2.541612489998806e+01	7.935977770000000e-04
2.546295859990641e+01	8.178728750000000e-04
2.550983509991784e+01	8.291372800000000e-04
2.554179920000024e+01	8.430690500000000e-04
2.557268049998675e+01	9.045739430000000e-04
2.568223609996494e+01	9.049579970000000e-04
2.571347019996028e+01	9.099519230000000e-04
2.574405519990250e+01	9.164825310000000e-04
2.577430509997066e+01	9.258943030000000e-04
2.582008360000327e+01	9.374188380000000e-04
2.586598010000307e+01	9.522085890000000e-04
2.591381850000471e+01	9.664219690000000e-04
2.595995479996782e+01	9.754496859999999e-04
2.602246199990623e+01	9.973461270000000e-04
2.605362189991865e+01	1.006757840000000e-03
2.608535750000738e+01	1.017322070000000e-03
2.611560939997435e+01	1.032495750000000e-03
2.616173960000742e+01	1.046133110000000e-03
2.620903429994360e+01	1.053624090000000e-03
2.627201039995998e+01	1.074176170000000e-03
2.631837549991906e+01	1.084356220000000e-03
2.634914389997721e+01	1.095112410000000e-03
2.638001389999408e+01	1.108557450000000e-03
2.641099649993703e+01	1.119697930000000e-03
2.645810269995127e+01	1.137560820000000e-03
2.648858959996141e+01	1.149853690000000e-03
2.651954999996815e+01	1.164835530000000e-03
2.656602139992174e+01	1.182506560000000e-03
2.661292250000406e+01	1.191726070000000e-03
2.664407509996090e+01	1.200753500000000e-03
2.667527779994998e+01	1.210741580000000e-03
2.672251769993454e+01	1.220345150000000e-03
2.676924419996794e+01	1.230909370000000e-03
2.681455479993019e+01	1.243202250000000e-03
2.686186319997068e+01	1.262409730000000e-03
2.692400569992606e+01	1.276047090000000e-03
2.695450579992030e+01	1.287763710000000e-03
2.698550329997670e+01	1.298519900000000e-03
2.701612019992899e+01	1.318111430000000e-03
2.706264239992015e+01	1.343273320000000e-03
2.711007739999332e+01	1.354221600000000e-03
2.715803930000402e+01	1.375157850000000e-03
2.719057239999529e+01	1.391100000000000e-03
2.721990459994413e+01	1.406274040000000e-03
2.725109959999099e+01	1.424905260000000e-03
2.728148949996103e+01	1.444688880000000e-03
2.731270349991973e+01	1.472539850000000e-03
2.735933779994957e+01	1.486561260000000e-03
2.740637889993377e+01	1.506729170000000e-03
2.743814089999069e+01	1.520366520000000e-03
2.746854759997223e+01	1.538613690000000e-03
2.751585029996932e+01	1.548601550000000e-03
2.754725319996942e+01	1.560318170000000e-03
2.757763499999419e+01	1.572803010000000e-03
2.760904010001104e+01	1.581254420000000e-03
2.765595779998694e+01	1.596812510000000e-03
2.768670329998713e+01	1.604303250000000e-03
2.771705799992196e+01	1.617172500000000e-03
2.776420380000491e+01	1.629657110000000e-03
2.781097449990921e+01	1.635803720000000e-03
2.784188739990350e+01	1.642526360000000e-03
2.787353819992859e+01	1.651169500000000e-03
2.791975539992563e+01	1.661733720000000e-03
2.796655089990236e+01	1.671145440000000e-03
2.801425149990246e+01	1.678828500000000e-03
2.806080209999345e+01	1.682669970000000e-03
2.812216009991243e+01	1.691121380000000e-03
2.815342609991785e+01	1.696883350000000e-03
2.818470459990203e+01	1.701493280000000e-03
2.821604389999993e+01	1.710520710000000e-03
2.826222799997777e+01	1.718972110000000e-03
2.830983599997126e+01	1.723197870000000e-03
2.835626749997027e+01	1.730304560000000e-03
2.838760189991444e+01	1.736450940000000e-03
2.841888629994355e+01	1.742213150000000e-03
2.844969589996617e+01	1.748167440000000e-03
2.848093730001710e+01	1.754698110000000e-03
2.851301220001187e+01	1.764685960000000e-03
2.855810439994093e+01	1.770832460000000e-03
2.858952289994340e+01	1.776978840000000e-03
2.862052549992222e+01	1.786966690000000e-03
2.866650829999708e+01	1.798683200000000e-03
2.871259060001466e+01	1.803869150000000e-03
2.874310329998843e+01	1.810399820000000e-03
2.877496449998580e+01	1.817698710000000e-03
2.882233130000532e+01	1.824997480000000e-03
2.886882939992938e+01	1.833640850000000e-03
2.891456099995412e+01	1.841131950000000e-03
2.896158969996031e+01	1.848622920000000e-03
2.900812239991501e+01	1.851888140000000e-03
2.903883099998347e+01	1.856882010000000e-03
2.906913570000324e+01	1.864949120000000e-03
2.911716189992148e+01	1.872248020000000e-03
2.916287679993547e+01	1.881275560000000e-03
2.920842309994623e+01	1.886653830000000e-03
2.923961889999919e+01	1.894336890000000e-03
2.926967059995513e+01	1.904900770000000e-03
2.931691259995569e+01	1.911815260000000e-03
2.934711989993230e+01	1.916809360000000e-03
2.937831119995099e+01	1.923724310000000e-03
2.940994359995238e+01	1.928333890000000e-03
2.945605539996177e+01	1.934288190000000e-03
2.948703600000590e+01	1.940242480000000e-03
2.951857499999460e+01	1.947733570000000e-03
2.956485019996762e+01	1.957529220000000e-03
2.961202469991986e+01	1.962330890000000e-03
2.964413229993079e+01	1.969438050000000e-03
2.967495059990324e+01	1.977504930000000e-03
2.972203489998356e+01	1.986148530000000e-03
2.976894729991909e+01	1.999017320000000e-03
2.981604689999949e+01	2.009005290000000e-03
2.986419059999753e+01	2.022066390000000e-03
2.991248149995226e+01	2.028020800000000e-03
2.994208299997263e+01	2.033783120000000e-03
2.997412109992001e+01	2.044539430000000e-03
3.002063599997200e+01	2.057408220000000e-03
3.006660399993416e+01	2.074502870000000e-03
3.011339379998390e+01	2.088716490000000e-03
3.015903549990617e+01	2.096399430000000e-03
3.018949819996487e+01	2.106195320000000e-03
3.022011859994382e+01	2.115799110000000e-03
3.025214879994746e+01	2.124442720000000e-03
3.028348410001490e+01	2.134046520000000e-03
3.031545019999612e+01	2.148259900000000e-03
3.036244369996712e+01	2.163433940000000e-03
3.040926989994477e+01	2.170732710000000e-03
3.045705869991798e+01	2.185138180000000e-03
3.048928699991666e+01	2.197046760000000e-03
3.052060259995051e+01	2.207995390000000e-03
3.055377329990733e+01	2.221824600000000e-03
3.058363329991698e+01	2.235269870000000e-03
3.061500959994737e+01	2.255053730000000e-03
3.066218799992930e+01	2.274453170000000e-03
3.071049939992372e+01	2.282520290000000e-03
3.077042580000125e+01	2.301151860000000e-03
3.081702249997761e+01	2.306913960000000e-03
3.084816329996102e+01	2.313636480000000e-03
3.087969979993068e+01	2.323240270000000e-03
3.091124089993536e+01	2.337646200000000e-03
3.095912389992736e+01	2.343408300000000e-03
3.100489400001243e+01	2.356085230000000e-03
3.103698400000576e+01	2.363384000000000e-03
3.106860829994548e+01	2.374332630000000e-03
3.111559479997959e+01	2.379710320000000e-03
3.114663550001569e+01	2.384512450000000e-03
3.117703339993022e+01	2.389890610000000e-03
3.120889000000898e+01	2.393732080000000e-03
3.125466330000199e+01	2.400838540000000e-03
3.128513099998236e+01	2.405832750000000e-03
3.131670600001235e+01	2.413707790000000e-03
3.136389579996467e+01	2.426384480000000e-03
3.141116019990295e+01	2.435412260000000e-03
3.144223189994227e+01	2.442903120000000e-03
3.147463379998226e+01	2.455964450000000e-03
3.151994149992242e+01	2.472482620000000e-03
3.156809600000270e+01	2.491306280000000e-03
3.161930809996556e+01	2.509937160000000e-03
3.166242730000522e+01	2.528568730000000e-03
3.172456599993166e+01	2.540669170000000e-03
3.175573199999053e+01	2.550465050000000e-03
3.178762439999264e+01	2.561605540000000e-03
3.181854539993219e+01	2.576971660000000e-03
3.186529639991932e+01	2.596563190000000e-03
3.191071839991491e+01	2.604054290000000e-03
3.195725939993281e+01	2.622301220000000e-03
3.198917299997993e+01	2.634401900000000e-03
3.202078979997896e+01	2.647079060000000e-03
3.205109409999568e+01	2.658219540000000e-03
3.208269760000985e+01	2.668399360000000e-03
3.211543949996121e+01	2.682228810000000e-03
3.216077149997000e+01	2.689527580000000e-03
3.220806959993206e+01	2.700475740000000e-03
3.223905059997924e+01	2.708350770000000e-03
3.226952460000757e+01	2.721027940000000e-03
3.231606320000719e+01	2.729095050000000e-03
3.234713279991411e+01	2.738122600000000e-03
3.237849439994898e+01	2.747533840000000e-03
3.240952759992797e+01	2.753104080000000e-03
3.245602669997606e+01	2.762899970000000e-03
3.248704209993593e+01	2.769622950000000e-03
3.251731079991441e+01	2.776537320000000e-03
3.256531639990862e+01	2.786141120000000e-03
3.261237320001237e+01	2.789598660000000e-03
3.264348279999103e+01	2.793824070000000e-03
3.267447129997890e+01	2.800930990000000e-03
3.272108889999799e+01	2.809766210000000e-03
3.276861499994993e+01	2.819946500000000e-03
3.281598919990938e+01	2.828013620000000e-03
3.286212730000261e+01	2.838385520000000e-03
3.292489779996686e+01	2.843379740000000e-03
3.295528280001599e+01	2.849333920000000e-03
3.298715179995634e+01	2.854712310000000e-03
3.301839649991598e+01	2.863163360000000e-03
3.306576679996215e+01	2.873151330000000e-03
3.311284459999297e+01	2.882946980000000e-03
3.315980929997750e+01	2.886596600000000e-03
3.322149419994093e+01	2.897737080000000e-03
3.325269079999998e+01	2.901770640000000e-03
3.328356899996288e+01	2.906380220000000e-03
3.331465730001219e+01	2.914447340000000e-03
3.336109769996256e+01	2.920401520000000e-03
3.341312319994904e+01	2.925587820000000e-03
3.347065979999024e+01	2.932310100000000e-03
3.351890509994701e+01	2.935191620000000e-03
3.354980689997319e+01	2.939033090000000e-03
3.358095360000152e+01	2.943258500000000e-03
3.361362809990533e+01	2.949212910000000e-03
3.365968089993112e+01	2.951709790000000e-03
3.372111399995629e+01	2.959969220000000e-03
3.376826379995327e+01	2.968996530000000e-03
3.381487969995942e+01	2.973990750000000e-03
3.384696759993676e+01	2.976103450000000e-03
3.387825099995825e+01	2.982633890000000e-03
3.391065510001499e+01	2.984938680000000e-03
3.395880099991336e+01	2.991469580000000e-03
3.400449339998886e+01	2.998000010000000e-03
3.403539639990777e+01	3.001457310000000e-03
3.406708589999471e+01	3.006451530000000e-03
3.411401689995546e+01	3.009332340000000e-03
3.414572979998775e+01	3.012405710000000e-03
3.417697759997100e+01	3.014518650000000e-03
3.420809709990863e+01	3.016247410000000e-03
3.423908500000834e+01	3.019320310000000e-03
3.427018469991162e+01	3.022777620000000e-03
3.431698369991500e+01	3.025658660000000e-03
3.436435859999619e+01	3.028732030000000e-03
3.441095879999921e+01	3.029500130000000e-03
3.444165379996412e+01	3.031228900000000e-03
3.447232629999053e+01	3.034494350000000e-03
3.451998749992345e+01	3.036223120000000e-03
3.456698409991805e+01	3.038719760000000e-03
3.462082399998326e+01	3.040640610000000e-03
3.466206040000543e+01	3.041216640000000e-03
3.472384330001660e+01	3.042945410000000e-03
3.475493840000127e+01	3.044482090000000e-03
3.478577229997609e+01	3.044482090000000e-03
3.481604639999568e+01	3.045634830000000e-03
3.486419170000590e+01	3.048707730000000e-03
3.492404820001684e+01	3.049860240000000e-03
3.496982060000300e+01	3.051589010000000e-03
3.501610060001258e+01	3.051205070000000e-03
3.504795209993608e+01	3.051396930000000e-03
3.508265899994876e+01	3.052165270000000e-03
3.512736809998751e+01	3.054277970000000e-03
3.515886490000412e+01	3.053893800000000e-03
3.520599079993553e+01	3.053701950000000e-03
3.523783709993586e+01	3.054470060000000e-03
3.526821929996368e+01	3.053893800000000e-03
3.531487289990764e+01	3.054085890000000e-03
3.534579799999483e+01	3.052549200000000e-03
3.537708179990295e+01	3.054277970000000e-03
3.540809699997772e+01	3.054853990000000e-03
3.543960649997462e+01	3.054853990000000e-03
3.547074709995650e+01	3.053893800000000e-03
3.551689630001783e+01	3.054085890000000e-03
3.556471710000187e+01	3.054470060000000e-03
3.561191769992001e+01	3.053893800000000e-03
3.564280389994383e+01	3.053701950000000e-03
3.567373649997171e+01	3.053317780000000e-03
3.571999859996140e+01	3.052549200000000e-03
3.576761769992299e+01	3.051781100000000e-03
3.581423509994056e+01	3.051012520000000e-03
3.586196000000928e+01	3.049860240000000e-03
3.592464450001717e+01	3.050244410000000e-03
3.595609589992091e+01	3.048899820000000e-03
3.598758660000749e+01	3.049284220000000e-03
3.601830150000751e+01	3.048131710000000e-03
3.606443549995311e+01	3.047939620000000e-03
3.611233869998250e+01	3.047939620000000e-03
3.616029899998102e+01	3.046978960000000e-03
3.622189990000334e+01	3.045634830000000e-03
3.625345209997613e+01	3.044674170000000e-03
3.628417110000737e+01	3.043521890000000e-03
3.631430389999878e+01	3.041601270000000e-03
3.636090450000484e+01	3.041793360000000e-03
3.640793929994106e+01	3.039872510000000e-03
3.643822839995846e+01	3.039680420000000e-03
3.646964709996246e+01	3.037759800000000e-03
3.651662110001780e+01	3.036223120000000e-03
3.654852929990739e+01	3.037375170000000e-03
3.657974149996880e+01	3.037375170000000e-03
3.661388660001103e+01	3.037375170000000e-03
3.665874819993041e+01	3.036991230000000e-03
3.672101019998081e+01	3.040448530000000e-03
3.676841439993586e+01	3.044674170000000e-03
3.681542689993512e+01	3.044098150000000e-03
3.684670769993681e+01	3.048899820000000e-03
3.687834309996106e+01	3.050820440000000e-03
3.692498569993768e+01	3.053125690000000e-03
3.697196739993524e+01	3.056198590000000e-03
3.701913399994373e+01	3.054853990000000e-03
3.706586319999769e+01	3.057351340000000e-03
3.711251959996298e+01	3.057159250000000e-03
3.714417669991963e+01	3.055814650000000e-03
3.717494179995265e+01	3.055238630000000e-03
3.722316229995340e+01	3.052165270000000e-03
3.727078069990966e+01	3.049668390000000e-03
3.731811039999593e+01	3.046786880000000e-03
3.736497889994644e+01	3.043906060000000e-03
3.741163529991172e+01	3.042177300000000e-03
3.744283590000123e+01	3.041024790000000e-03
3.747365369996987e+01	3.036414970000000e-03
3.752011609997135e+01	3.030268710000000e-03
3.756604069995228e+01	3.022201590000000e-03
3.761322729999665e+01	3.011061110000000e-03
3.765973319998011e+01	3.003378170000000e-03
3.772106409992557e+01	2.987051850000000e-03
3.775240749993827e+01	2.974182830000000e-03
3.778475009999238e+01	2.963810930000000e-03
3.781437919999007e+01	2.947484140000000e-03
3.786096429999452e+01	2.939225170000000e-03
3.792365739995148e+01	2.914447340000000e-03
3.796981489995960e+01	2.897545000000000e-03
3.801603970001452e+01	2.884291810000000e-03
3.804703339992557e+01	2.872959240000000e-03
3.807793619995937e+01	2.855096250000000e-03
3.812460360000841e+01	2.830126560000000e-03
3.817159589997027e+01	2.801123080000000e-03
3.821807579998858e+01	2.772503770000000e-03
3.826483339990955e+01	2.740235530000000e-03
3.831210330000613e+01	2.725061490000000e-03
3.834395369992126e+01	2.705277880000000e-03
3.837428180000279e+01	2.682804830000000e-03
3.842042499990202e+01	2.658219540000000e-03
3.846794589993078e+01	2.635362330000000e-03
3.851469019998331e+01	2.617114920000000e-03
3.856178399990313e+01	2.596755280000000e-03
3.860883869999088e+01	2.586383370000000e-03
3.864092579996213e+01	2.575627060000000e-03
3.867186569992919e+01	2.561221600000000e-03
3.871804279997014e+01	2.544702730000000e-03
3.876497239992023e+01	2.524727260000000e-03
3.881168119993526e+01	2.505519660000000e-03
3.885828099993523e+01	2.493611070000000e-03
3.888894569990225e+01	2.476516180000000e-03
3.892002199997660e+01	2.457885300000000e-03
3.895189629995730e+01	2.439637670000000e-03
3.898223439999856e+01	2.422543010000000e-03
3.901357650000136e+01	2.401414790000000e-03
3.906089560000692e+01	2.391234740000000e-03
3.912290509999730e+01	2.360695270000000e-03
3.916968029993586e+01	2.331883880000000e-03
3.921622419997584e+01	2.311523770000000e-03
3.924780949996784e+01	2.291548070000000e-03
3.927908819995355e+01	2.270227530000000e-03
3.931028799992055e+01	2.255053730000000e-03
3.935798999993131e+01	2.230083800000000e-03
3.938856699992903e+01	2.215870420000000e-03
3.941950089996681e+01	2.197238850000000e-03
3.946594959998038e+01	2.178223340000000e-03
3.951298949995544e+01	2.169772280000000e-03
3.954436029994395e+01	2.159976400000000e-03
3.957755079993512e+01	2.148067810000000e-03
3.960828559997026e+01	2.138464010000000e-03
3.964191769994795e+01	2.127707700000000e-03
3.967192759993486e+01	2.108884510000000e-03
3.971832139999606e+01	2.088524400000000e-03
3.976498440001160e+01	2.063554940000000e-03
3.981176949990913e+01	2.048957160000000e-03
3.984215109993238e+01	2.030518140000000e-03
3.987344250001479e+01	2.004203620000000e-03
3.992216189997271e+01	1.975968250000000e-03
3.996798019995913e+01	1.950230330000000e-03
4.001516509999055e+01	1.928525980000000e-03
4.006214850000106e+01	1.907205560000000e-03
4.012445719994139e+01	1.892031640000000e-03
4.015540109993890e+01	1.879162740000000e-03
4.018798990000505e+01	1.866677780000000e-03
4.021802199992817e+01	1.849391030000000e-03
4.026409409998450e+01	1.832872510000000e-03
4.031116479996126e+01	1.812896920000000e-03
4.037351099995431e+01	1.791384540000000e-03
4.042048329999670e+01	1.777554860000000e-03
4.045098580000922e+01	1.764109820000000e-03
4.048148999991827e+01	1.750088180000000e-03
4.051249679992907e+01	1.726847140000000e-03
4.055875119997654e+01	1.715322610000000e-03
4.060395129991230e+01	1.692657820000000e-03
4.063723609992303e+01	1.674410650000000e-03
4.066792039992288e+01	1.647135940000000e-03
4.071428159996867e+01	1.632730360000000e-03
4.074595959996805e+01	1.617940610000000e-03
4.077707259997260e+01	1.597964900000000e-03
4.082402539998293e+01	1.574147490000000e-03
4.087034769996535e+01	1.543799650000000e-03
4.091691909998190e+01	1.510186470000000e-03
4.096321600000374e+01	1.474652670000000e-03
4.100939039990772e+01	1.457557900000000e-03
4.104010979994200e+01	1.438542620000000e-03
4.107086219999474e+01	1.410883620000000e-03
4.111936329992022e+01	1.380535890000000e-03
4.116527839994524e+01	1.348267310000000e-03
4.121225769992452e+01	1.316190700000000e-03
4.125989789993037e+01	1.299864260000000e-03
4.132297029998153e+01	1.258183970000000e-03
4.135395189991686e+01	1.236287530000000e-03
4.138604489993304e+01	1.211317720000000e-03
4.141790220001712e+01	1.173094850000000e-03
4.146476469992194e+01	1.129877870000000e-03
4.151194619992748e+01	1.088005490000000e-03
4.155884229997173e+01	1.066685190000000e-03
4.158893339999486e+01	1.041523530000000e-03
4.162012079998385e+01	1.014824960000000e-03
4.165338409994729e+01	9.863978480000000e-04
4.168516049999744e+01	9.587389650000000e-04
4.171367239998654e+01	9.207081170000000e-04
4.176090959995054e+01	8.968909389999999e-04
4.180764589994214e+01	8.603965400000000e-04
4.183810809999704e+01	8.386921250000000e-04
4.186891109996941e+01	8.048868620000000e-04
4.191480289993342e+01	7.872160060000000e-04
4.194681329990271e+01	7.674323860000001e-04
4.197903899999801e+01	7.436149170000000e-04
4.201070859993342e+01	7.263281150000000e-04
4.205699339997955e+01	6.952119870000000e-04
4.208801169996150e+01	6.713947510000000e-04
4.211871529999189e+01	6.356687520000000e-04
4.216560049995314e+01	5.978299300000000e-04
4.221358749992214e+01	5.770859420000000e-04
4.224558260000776e+01	5.017025400000000e-04
4.235394860000815e+01	4.846428350000000e-04
4.238587329990696e+01	4.671993370000000e-04
4.241606319998391e+01	4.435575390000000e-04
4.246329869993497e+01	4.218539110000000e-04
4.251085819990840e+01	4.126236890000000e-04
4.255904869991355e+01	3.979626930000000e-04
4.259006339998450e+01	3.903635370000000e-04
4.262018689990509e+01	3.806151510000000e-04
4.266813399991952e+01	3.713081530000000e-04
4.271405800001230e+01	3.644573740000000e-04
4.276163329998963e+01	3.575874430000000e-04
4.282328929996584e+01	3.509861710000000e-04
4.286954270000570e+01	3.463422470000000e-04
4.290020969999023e+01	3.424467000000000e-04
4.293121479998808e+01	3.380139240000000e-04
4.296120959997643e+01	3.306641880000000e-04
4.300823929999024e+01	3.271909080000000e-04
4.305666459992062e+01	3.204360840000000e-04
4.308701269992162e+01	3.164829980000000e-04
4.311794399993960e+01	3.103614730000000e-04
4.316490609990433e+01	3.064083870000000e-04
4.319595979992300e+01	3.021482840000000e-04
4.322691339999437e+01	2.976002870000000e-04
4.325795060000382e+01	2.944915610000000e-04
4.328905449993908e+01	2.903465650000000e-04
4.332425049995072e+01	2.837836510000000e-04
4.336712539999280e+01	2.759734340000000e-04
4.341441079997458e+01	2.680480830000000e-04
4.346188479999546e+01	2.629819790000000e-04
4.349378239992075e+01	2.582037120000000e-04
4.352509879996069e+01	2.522740980000000e-04
4.357169469993096e+01	2.442527620000000e-04
4.361705110000912e+01	2.364041720000000e-04
4.366397829994094e+01	2.283828360000000e-04
4.371132219990250e+01	2.215129060000000e-04
4.375703769992106e+01	2.178092980000000e-04
4.378896489995532e+01	2.132037630000000e-04
4.381898529990576e+01	2.065449230000000e-04
4.386647729994729e+01	1.987538850000000e-04
4.391321259993128e+01	1.928434210000000e-04
4.396121099998709e+01	1.867794780000000e-04
4.400802469998598e+01	1.837474990000000e-04
4.403901289997157e+01	1.800438770000000e-04
4.407128189993091e+01	1.760332090000000e-04
4.410307219997048e+01	1.721376760000000e-04
4.413672939990647e+01	1.678392000000000e-04
4.416607249993831e+01	1.618903480000000e-04
4.421182049997151e+01	1.548860890000000e-04
4.425874680001289e+01	1.514127650000000e-04
4.432008309999947e+01	1.419138280000000e-04
4.436798769992311e+01	1.378072190000000e-04
4.439982940000482e+01	1.341803730000000e-04
4.443060680001508e+01	1.305726910000000e-04
4.446091149991844e+01	1.279245040000000e-04
4.452360959991347e+01	1.220716220000000e-04
4.457016219990328e+01	1.178115050000000e-04
4.461711639992427e+01	1.135321870000000e-04
4.466503409994766e+01	1.105193950000000e-04
4.469698359991889e+01	1.074490430000000e-04
4.472703439998440e+01	1.036494650000000e-04
4.475807889993303e+01	1.010396520000000e-04
4.478877159999683e+01	9.810362830000001e-05
4.481966259994078e+01	9.455353570000000e-05
4.486689079995267e+01	9.027421770000000e-05
4.491332669998519e+01	8.645544590000000e-05
4.495985719992314e+01	8.401835660000000e-05
4.499202299991157e+01	8.117825930000000e-05
4.502397659991402e+01	7.707165790000000e-05
4.507138139999006e+01	7.237017420000001e-05
4.511806090001483e+01	6.899276920000001e-05
4.516400989994872e+01	6.536590080000000e-05
4.521092230000068e+01	6.325503640000000e-05
4.525826619996224e+01	5.957060780000000e-05
4.528966439992655e+01	5.738296750000000e-05
4.532082239992451e+01	4.848390740000000e-05
4.546070679998957e+01	4.654736040000000e-05
4.549106469994877e+01	4.496431210000000e-05
4.552243349992204e+01	4.269156120000000e-05
4.556878219998907e+01	3.937945440000000e-05
4.561496689997148e+01	3.551405100000000e-05
4.566295879997779e+01	3.280327290000000e-05
4.569363659992814e+01	3.036337690000000e-05
4.572470689995680e+01	2.766412580000000e-05
4.575625919993035e+01	2.609644620000000e-05
4.578789689997211e+01	2.441733700000000e-05
4.581872659991495e+01	2.230404430000000e-05
4.586545089993160e+01	2.041361040000000e-05
4.591190569999162e+01	1.895543760000000e-05
4.595880459994078e+01	1.821578370000000e-05
4.599112989997957e+01	1.732243800000000e-05
4.602180959994439e+01	1.617741870000000e-05
4.606781509995926e+01	1.449638880000000e-05
4.611460639990401e+01	1.270585290000000e-05
4.616177919995971e+01	1.058871840000000e-05
4.620806049997918e+01	9.576258890000000e-06
4.625629839999601e+01	8.070057450000000e-06
4.628804469993338e+01	7.234345050000000e-06
4.631891849997919e+01	6.056665820000000e-06
4.636577879998367e+01	4.930855540000000e-06
4.641289479995612e+01	4.108592750000000e-06
4.645861929992680e+01	3.762782170000000e-06
4.652151589991990e+01	3.013523380000000e-06
4.656802969996352e+01	1.679465750000000e-06
4.669551290001255e+01	1.478157400000000e-06
4.672597669996321e+01	1.328476510000000e-06
4.675725589995272e+01	1.226570250000000e-06
4.678843660000712e+01	1.165696060000000e-06
4.681905429996550e+01	1.126782990000000e-06
4.686493959999643e+01	1.121581590000000e-06
4.691178560000844e+01	1.160494890000000e-06
4.695812530000694e+01	1.205572520000000e-06
4.698981299996376e+01	1.269143470000000e-06
4.702027529990301e+01	1.380296680000000e-06
4.706690639990848e+01	1.515722260000000e-06
4.711377519997768e+01	1.622251720000000e-06
4.716252449993044e+01	1.687556510000000e-06
4.720704509993084e+01	1.717801070000000e-06
4.723805039993022e+01	1.763649380000000e-06
4.727012210001703e+01	1.824523450000000e-06
4.730145319993608e+01	1.906780310000000e-06
4.733261109993327e+01	1.992119680000000e-06
4.736410729994532e+01	2.111363530000000e-06
4.741109129996039e+01	2.206912770000000e-06
4.745738669997081e+01	2.267979650000000e-06
4.748831329995301e+01	2.368922650000000e-06
4.751902619993780e+01	2.580826050000000e-06
4.756609579990618e+01	2.790032570000000e-06
4.759774929995183e+01	2.964371330000000e-06
4.762895589997061e+01	3.190337570000000e-06
4.766197239991743e+01	3.466967880000000e-06
4.772289360000286e+01	3.657680960000000e-06
4.776959119993262e+01	3.775190860000000e-06
4.781591919995844e+01	3.785594120000000e-06
4.786226510000415e+01	3.786750090000000e-06
4.789315569994505e+01	3.785786480000000e-06
4.792370129993651e+01	3.782318800000000e-06
4.797122309997212e+01	3.780200130000000e-06
4.801712679991033e+01	3.782704200000000e-06
4.806429689994548e+01	3.782318800000000e-06
4.811218469997402e+01	3.781548460000000e-06
4.816122839995660e+01	3.781548460000000e-06
4.819099109992385e+01	3.780970470000000e-06
4.822223419998772e+01	3.594495180000000e-06
4.826911369990557e+01	2.472948150000000e-06
4.831551529990975e+01	1.461975780000000e-06
4.836269679991528e+01	1.204416660000000e-06
4.840857779991347e+01	1.530362740000000e-06
4.847095579991583e+01	3.612410640000000e-06
4.850214070000220e+01	5.205347410000000e-06
4.853308259998448e+01	7.095332880000000e-06
4.856438299990259e+01	1.627923850000000e-05
4.869738869997673e+01	1.957789940000000e-05
4.872238649998326e+01	2.128774390000000e-05
4.875316399999429e+01	2.334724560000000e-05
4.878492469992489e+01	2.547782790000000e-05
4.881563389999792e+01	2.864776620000000e-05
4.886175999999978e+01	3.233258390000000e-05
4.892430909990799e+01	3.581759300000000e-05
4.896986119996291e+01	3.956196450000000e-05
4.901603209995665e+01	4.205949150000000e-05
4.904700679995585e+01	4.455510130000000e-05
4.907802529993933e+01	4.753484250000000e-05
4.912418259994593e+01	5.113512820000000e-05
4.925335319992155e+01	6.117518930000000e-05
4.929743519995827e+01	6.527305229999999e-05
4.932793989998754e+01	6.811448110000000e-05
4.935798759991303e+01	7.133436880000000e-05
4.938909750001039e+01	7.501342040000000e-05
4.942009819997475e+01	8.044650169999999e-05
4.946716559992637e+01	1.024980670000000e-04
4.959470469993539e+01	1.075449760000000e-04
4.962603609997313e+01	1.145108620000000e-04
4.966060019994620e+01	1.232038190000000e-04
4.971953229990322e+01	1.444468650000000e-04
4.976622019999195e+01	1.597986700000000e-04
4.981297129997984e+01	1.751121020000000e-04
4.986085409997031e+01	1.845150840000000e-04
4.989581020001788e+01	1.964511180000000e-04
4.992396419995930e+01	2.090395720000000e-04
4.997193020000122e+01	2.228754020000000e-04
5.001813669991679e+01	2.353295280000000e-04
5.006454459996894e+01	2.473423370000000e-04
5.011051339993719e+01	2.532335930000000e-04
5.015688889997546e+01	2.653615080000000e-04
5.019154189992696e+01	2.756280300000000e-04
5.021969429997262e+01	2.902314010000000e-04
5.026602709991857e+01	3.097473820000000e-04
5.031282409990672e+01	3.281119860000000e-04
5.035947799996939e+01	3.382825820000000e-04
5.042072499997448e+01	3.606386310000000e-04
5.046805799996946e+01	3.687942520000000e-04
5.049832979997154e+01	3.746855360000000e-04
5.052994629996829e+01	3.810181220000000e-04
5.056110619998071e+01	3.905938360000000e-04
5.060762219992466e+01	3.960628820000000e-04
5.063901509996504e+01	4.041609650000000e-04
5.067175440001301e+01	4.173251800000000e-04
5.071788879996166e+01	4.305469050000000e-04
5.076479349995498e+01	4.391439140000000e-04
5.079603789991233e+01	4.486812100000000e-04
5.082802699995227e+01	4.594658390000000e-04
5.085809130000416e+01	4.667771570000000e-04
5.091955769993365e+01	4.926449620000000e-04
5.096606379991863e+01	5.107984760000000e-04
5.101292589993682e+01	5.245959040000000e-04
5.105984259990510e+01	5.319647030000000e-04
5.109050829999615e+01	5.405041740000000e-04
5.112116509990301e+01	5.518644469999999e-04
5.116836469992995e+01	5.653548289999999e-04
5.121532089996617e+01	5.801502270000000e-04
5.126184009993449e+01	5.977472170000000e-04
5.132408869999927e+01	6.146917590000000e-04
5.137057779997122e+01	6.282397080000000e-04
5.140154549991712e+01	6.399455010000000e-04
5.143303630000446e+01	6.522652690000000e-04
5.146403149992693e+01	6.725679850000000e-04
5.150926530000288e+01	6.819518749999999e-04
5.155604589998256e+01	6.997598680000000e-04
5.158791919995565e+01	7.117919159999999e-04
5.161885229998734e+01	7.301948499999999e-04
5.166986159991939e+01	7.450285480000000e-04
5.169737099995837e+01	7.550648300000000e-04
5.172998589999042e+01	7.676916430000000e-04
5.176126459997613e+01	7.858259490000000e-04
5.182230210001580e+01	8.030775350000001e-04
5.186917730001733e+01	8.204635230000000e-04
5.191493319999427e+01	8.357001350000000e-04
5.196203259995673e+01	8.449495650000000e-04
5.199326659995131e+01	9.070708180000000e-04
5.210246789990924e+01	9.078391590000000e-04
5.213393269991502e+01	9.153301360000000e-04
5.216789229994174e+01	9.280070660000000e-04
5.221343709994107e+01	9.414523960000000e-04
5.225946570001543e+01	9.489431400000000e-04
5.232199849991594e+01	9.677666240000000e-04
5.235308129992336e+01	9.773704220000000e-04
5.238475279998966e+01	9.887027550000000e-04
5.241604259994347e+01	1.004260730000000e-03
5.246232910000253e+01	1.022508020000000e-03
5.250942909996957e+01	1.031343360000000e-03
5.255619639996439e+01	1.048630220000000e-03
5.258662289998028e+01	1.057849730000000e-03
5.261797329992987e+01	1.067261440000000e-03
5.264902789995540e+01	1.077441270000000e-03
5.268019139999524e+01	1.088773830000000e-03
5.271269539999776e+01	1.103371500000000e-03
5.275820579996798e+01	1.111630820000000e-03
5.282179979991633e+01	1.135064060000000e-03
5.286862869991455e+01	1.148317010000000e-03
5.291532729996834e+01	1.155616020000000e-03
5.294692119990941e+01	1.163875100000000e-03
5.297858669993002e+01	1.174247240000000e-03
5.301030719990376e+01	1.182698640000000e-03
5.305704649991821e+01	1.195951710000000e-03
5.308790389995556e+01	1.206323740000000e-03
5.311872289993335e+01	1.224762990000000e-03
5.316961009998340e+01	1.242241820000000e-03
5.321290859999135e+01	1.251269250000000e-03
5.324415849999059e+01	1.260297020000000e-03
5.327497619995847e+01	1.271821330000000e-03
5.332188309996855e+01	1.285842970000000e-03
5.336792389990296e+01	1.300824690000000e-03
5.341498839994892e+01	1.316190700000000e-03
5.346132749994285e+01	1.332132840000000e-03
5.352371709991712e+01	1.345962400000000e-03
5.355444380000699e+01	1.358447130000000e-03
5.358581109996885e+01	1.372276690000000e-03
5.361655039992183e+01	1.390523630000000e-03
5.366324729996268e+01	1.410115510000000e-03
5.371321690001059e+01	1.428554770000000e-03
5.375698449998163e+01	1.437005940000000e-03
5.378770549991168e+01	1.448914530000000e-03
5.381851949996781e+01	1.458902490000000e-03
5.384930609993171e+01	1.469082430000000e-03
5.388011659996118e+01	1.482143650000000e-03
5.390991659997962e+01	1.491363160000000e-03
5.395703569997568e+01	1.514027940000000e-03
5.398814789997414e+01	1.527089160000000e-03
5.401900769991335e+01	1.545144130000000e-03
5.406594220001716e+01	1.563583270000000e-03
5.411306489992421e+01	1.574915830000000e-03
5.414515779993962e+01	1.587400680000000e-03
5.417893369996455e+01	1.604303250000000e-03
5.420898399990983e+01	1.615635700000000e-03
5.425689640000928e+01	1.636187780000000e-03
5.428895379998721e+01	1.649248760000000e-03
5.431906709994655e+01	1.666919910000000e-03
5.436492099997122e+01	1.688047890000000e-03
5.441260749998037e+01	1.704182360000000e-03
5.444313699996565e+01	1.718203770000000e-03
5.447397809999529e+01	1.739332100000000e-03
5.452096609992441e+01	1.762957200000000e-03
5.456826729991008e+01	1.785430240000000e-03
5.461497809994034e+01	1.808863370000000e-03
5.466113019990735e+01	1.833832940000000e-03
5.470948869991116e+01	1.844973420000000e-03
5.474055849993601e+01	1.859379120000000e-03
5.477193229994737e+01	1.880315130000000e-03
5.481958289991599e+01	1.903172120000000e-03
5.486662169999909e+01	1.923724310000000e-03
5.491382579994388e+01	1.944852180000000e-03
5.496201329992618e+01	1.967517190000000e-03
5.500908089999575e+01	1.979041610000000e-03
5.504039659991395e+01	1.993447080000000e-03
5.507143899996299e+01	2.014191360000000e-03
5.511816770001315e+01	2.036280000000000e-03
5.516469150001649e+01	2.061826180000000e-03
5.521223820000887e+01	2.086027530000000e-03
5.526032629993279e+01	2.099280710000000e-03
5.532251909992192e+01	2.130012960000000e-03
5.535338999994565e+01	2.143458230000000e-03
5.538492430001497e+01	2.156710950000000e-03
5.541776360000949e+01	2.179184000000000e-03
5.546333259996027e+01	2.199928280000000e-03
5.551037229993381e+01	2.211644780000000e-03
5.555703309993260e+01	2.231812570000000e-03
5.558811219991185e+01	2.246602440000000e-03
5.561908340000082e+01	2.261968560000000e-03
5.565256710001267e+01	2.279639480000000e-03
5.568213149998337e+01	2.297118310000000e-03
5.571336759999394e+01	2.318438610000000e-03
5.575980899995193e+01	2.329771170000000e-03
5.582020299998112e+01	2.363384000000000e-03
5.586655809998047e+01	2.386049130000000e-03
5.591358769999351e+01	2.398533750000000e-03
5.594424599991180e+01	2.411402990000000e-03
5.597500819992274e+01	2.427345140000000e-03
5.602199189993553e+01	2.447320850000000e-03
5.606848439993337e+01	2.471138020000000e-03
5.611490269994829e+01	2.491114200000000e-03
5.616223849996459e+01	2.510897820000000e-03
5.620994390000124e+01	2.520309530000000e-03
5.624088379996829e+01	2.530681440000000e-03
5.627183579991106e+01	2.546047560000000e-03
5.631916139996611e+01	2.561413450000000e-03
5.636454079998657e+01	2.580428960000000e-03
5.641236610000487e+01	2.597523390000000e-03
5.646174279996194e+01	2.614810130000000e-03
5.652070829994045e+01	2.622877250000000e-03
5.655123460001778e+01	2.630176260000000e-03
5.658117149991449e+01	2.636706690000000e-03
5.661403679999057e+01	2.643621530000000e-03
5.665892329998314e+01	2.648423190000000e-03
5.672574529994745e+01	2.662829120000000e-03
5.676887139992323e+01	2.673201030000000e-03
5.681501849996857e+01	2.680307950000000e-03
5.684690339991357e+01	2.684341510000000e-03
5.687806379992981e+01	2.691640520000000e-03
5.692397020000499e+01	2.698939060000000e-03
5.697027459996752e+01	2.707966600000000e-03
5.701689239998814e+01	2.716610210000000e-03
5.706473799992818e+01	2.723908750000000e-03
5.711153220001142e+01	2.726982110000000e-03
5.714207910001278e+01	2.731207760000000e-03
5.717361359996721e+01	2.736778000000000e-03
5.722149419994093e+01	2.743500520000000e-03
5.726882429991383e+01	2.749647250000000e-03
5.731498449994251e+01	2.756369530000000e-03
5.736199020000640e+01	2.763668540000000e-03
5.740892549999990e+01	2.769046230000000e-03
5.743926139990799e+01	2.773848360000000e-03
5.747050039994065e+01	2.781723390000000e-03
5.751793039997574e+01	2.789982590000000e-03
5.756626349990256e+01	2.798049710000000e-03
5.761261219996959e+01	2.805540800000000e-03
5.765898559999187e+01	2.810726870000000e-03
5.772100919997320e+01	2.820714610000000e-03
5.775293469999451e+01	2.825900910000000e-03
5.778508509998210e+01	2.832047180000000e-03
5.781975489994511e+01	2.840498460000000e-03
5.786399300000630e+01	2.849333920000000e-03
5.791174879996106e+01	2.857977290000000e-03
5.795806219999213e+01	2.861626680000000e-03
5.798952249996364e+01	2.867196920000000e-03
5.802082599990536e+01	2.872959240000000e-03
5.805116039991844e+01	2.877376740000000e-03
5.808247209992260e+01	2.881794470000000e-03
5.811309150001034e+01	2.887556560000000e-03
5.816030709992629e+01	2.890822010000000e-03
5.822426219994668e+01	2.901578550000000e-03
5.827062610001303e+01	2.909453590000000e-03
5.831700029992498e+01	2.913871080000000e-03
5.834732019994408e+01	2.917712790000000e-03
5.837786979996599e+01	2.922706310000000e-03
5.840805649990216e+01	2.925779670000000e-03
5.843974629999138e+01	2.930389480000000e-03
5.846996889996808e+01	2.937880340000000e-03
5.851812129991595e+01	2.946140010000000e-03
5.856556649995036e+01	2.955743340000000e-03
5.861167469993234e+01	2.961121500000000e-03
5.864242769998964e+01	2.968804450000000e-03
5.867398369999137e+01	2.977832220000000e-03
5.871966689999681e+01	2.985899340000000e-03
5.876493469998240e+01	2.993006260000000e-03
5.881139399996027e+01	2.999344610000000e-03
5.885815059999004e+01	3.004338360000000e-03
5.891978779993951e+01	3.008756320000000e-03
5.895117949997075e+01	3.013750070000000e-03
5.898214520001784e+01	3.016631350000000e-03
5.901298799994402e+01	3.020472820000000e-03
5.905913249996956e+01	3.023545960000000e-03
5.912140659999568e+01	3.027579280000000e-03
5.916878539999016e+01	3.032381410000000e-03
5.923317339993082e+01	3.035262460000000e-03
5.926359069999307e+01	3.040064590000000e-03
5.931099219992757e+01	3.043330040000000e-03
5.937295429990627e+01	3.047171050000000e-03
5.942091609991621e+01	3.051973180000000e-03
5.946738709998317e+01	3.051781100000000e-03
5.951387789996807e+01	3.054277970000000e-03
5.954432939994149e+01	3.055814650000000e-03
5.957598769990727e+01	3.057543420000000e-03
5.962277029990219e+01	3.060808410000000e-03
5.966918869991787e+01	3.061384890000000e-03
5.971710739994887e+01	3.063305750000000e-03
5.976371159998234e+01	3.065034280000000e-03
5.981095820001792e+01	3.065226370000000e-03
5.984255589998793e+01	3.066378650000000e-03
5.987361349991988e+01	3.068107410000000e-03
5.991965249995701e+01	3.069259920000000e-03
5.996593439998105e+01	3.070604520000000e-03
6.010856369999237e+01	3.074061590000000e-03
6.013925839995500e+01	3.073869510000000e-03
