# [General]
# timestamp=2025-04-17T17:44:49.072968
# comments='# '
# delimiter='\t'
# column_dtypes=float;;float
# column_headers='Time (s);;Power (W)'
# 
# [Metadata]
# scanner_x=-4.626422588500507
# scanner_y=3.7529566073
# start recoding time='17.04.2025, 17:43:48.988150'
# sample rate (hz)=20.0
# sample timing='TIMESTAMP'
# 
# ---- END HEADER ----
1.029700040817261e-03	3.388873670000000e-05
5.907840002328157e-02	3.390218260000000e-05
1.366825000150129e-01	3.390218260000000e-05
1.989917999599129e-01	3.392139120000000e-05
2.607383000431582e-01	3.391947390000000e-05
3.221737999701872e-01	3.387720790000000e-05
3.856640999438241e-01	3.390026180000000e-05
4.476462999591604e-01	3.388681220000000e-05
5.090176999801770e-01	3.389257470000000e-05
5.867507000220940e-01	3.390602430000000e-05
6.499549000291154e-01	3.390410350000000e-05
7.121712999651209e-01	3.392139120000000e-05
7.892316000070423e-01	3.393099910000000e-05
8.514239999931306e-01	3.393868610000000e-05
9.137553999898955e-01	3.395789830000000e-05
9.927255000220612e-01	3.398094850000000e-05
1.055012800032273e+00	3.401168940000000e-05
1.134310699999332e+00	3.402513900000000e-05
1.194767100038007e+00	3.404627200000000e-05
1.257577599957585e+00	3.408277190000000e-05
1.335352799971588e+00	3.408085100000000e-05
1.398015000042506e+00	3.410582580000000e-05
1.460377000039443e+00	3.411543370000000e-05
1.523191299987957e+00	3.406163890000000e-05
1.585187399992719e+00	3.409430060000000e-05
1.647423399961554e+00	3.409622150000000e-05
1.710294299991801e+00	3.409430060000000e-05
1.787289100000635e+00	3.410198410000000e-05
1.849222799995914e+00	3.409622150000000e-05
1.911531000048853e+00	3.412311710000000e-05
1.989151300047524e+00	3.411543370000000e-05
2.052640600013547e+00	3.414232920000000e-05
2.114592800033279e+00	3.414425010000000e-05
2.192189399967901e+00	3.414425010000000e-05
2.254340499988757e+00	3.417306650000000e-05
2.331433700048365e+00	3.415001630000000e-05
2.394076699973084e+00	3.417691190000000e-05
2.455369699979201e+00	3.420188660000000e-05
2.532247600029223e+00	3.418844060000000e-05
2.595045599970035e+00	3.420764920000000e-05
2.656547500053421e+00	3.423454470000000e-05
2.722749499953352e+00	3.421149090000000e-05
2.781553199980408e+00	3.425952310000000e-05
2.843231400009245e+00	3.426144030000000e-05
2.905500099994242e+00	3.422686130000000e-05
2.983302599983290e+00	3.428833950000000e-05
3.045357499970123e+00	3.427873530000000e-05
3.107868100050837e+00	3.424222810000000e-05
3.185331700020470e+00	3.428065250000000e-05
3.248328999965452e+00	3.425567770000000e-05
3.309494900051504e+00	3.425567770000000e-05
3.387910900055431e+00	3.428833950000000e-05
3.449211400002241e+00	3.427873530000000e-05
3.511028100037947e+00	3.430370630000000e-05
3.588996500009671e+00	3.428833950000000e-05
3.651935099973343e+00	3.429602290000000e-05
3.715762099949643e+00	3.430755170000000e-05
3.792619599960744e+00	3.431908040000000e-05
3.853272899985313e+00	3.432868470000000e-05
3.915506100049242e+00	3.434020980000000e-05
3.993198000011034e+00	3.434020980000000e-05
4.054159600054845e+00	3.452464440000000e-05
4.133256000000983e+00	3.392139120000000e-05
4.195179000031203e+00	3.340267720000000e-05
4.256543299998157e+00	3.334696160000000e-05
4.335032399976626e+00	3.332390770000000e-05
4.396652700030245e+00	3.332967390000000e-05
4.458269699942321e+00	3.303573250000000e-05
4.521317800041288e+00	3.276676580000000e-05
4.583999900030904e+00	3.250164810000000e-05
4.645653799991123e+00	3.248627400000000e-05
4.706534099997953e+00	3.245169500000000e-05
4.784317199955694e+00	3.249588190000000e-05
4.846752200042829e+00	3.247282800000000e-05
4.910540499957278e+00	3.245553670000000e-05
4.988675900036469e+00	3.247859060000000e-05
5.050552199943922e+00	3.275716150000000e-05
5.113469199975953e+00	3.357366220000000e-05
5.192746800021268e+00	3.442282100000000e-05
5.253373299958184e+00	3.505488710000000e-05
5.331454099970870e+00	3.546793960000000e-05
5.394817900029011e+00	3.559857940000000e-05
5.457614499959163e+00	3.571000710000000e-05
5.535390499979258e+00	3.569655750000000e-05
5.599332500016317e+00	3.567350720000000e-05
5.660773599985987e+00	3.433636810000000e-05
5.721746900002472e+00	3.329124960000000e-05
5.784308800008148e+00	3.488966470000000e-05
5.846259800018743e+00	3.521818510000000e-05
5.909148899954744e+00	3.502030450000000e-05
5.987977599957958e+00	3.388873670000000e-05
6.049540900043212e+00	3.090515020000000e-05
6.113478900049813e+00	2.691102420000000e-05
6.190223000012338e+00	2.373340070000000e-05
6.251477099955082e+00	2.038479220000000e-05
6.314452499966137e+00	1.748381870000000e-05
6.391915300046094e+00	1.486717520000000e-05
6.455062099965289e+00	1.337250250000000e-05
6.532283399952576e+00	1.231777610000000e-05
6.596340700052679e+00	1.170684300000000e-05
6.658440500032157e+00	1.079620510000000e-05
6.735708600026555e+00	1.018527200000000e-05
6.798567699966952e+00	9.580100600000000e-06
6.861534100025892e+00	8.715571310000000e-06
6.922824000008404e+00	8.198775500000000e-06
6.984262499958277e+00	7.872176870000000e-06
7.046487799962051e+00	7.562867720000000e-06
7.109895200002939e+00	7.562867720000000e-06
7.188749999972060e+00	7.023016680000000e-06
7.250859100022353e+00	6.706021850000000e-06
7.312828600057401e+00	6.673837560000000e-06
7.453320499975234e+00	6.681929340000000e-06
7.530570899951272e+00	6.687129830000000e-06
7.593416000017896e+00	6.688093440000000e-06
7.654305999982171e+00	6.886512440000000e-06
7.733619699953124e+00	5.735490960000000e-06
7.794881799956784e+00	5.453274300000000e-06
7.856512699974701e+00	5.091497310000000e-06
7.934322300017811e+00	4.920240830000000e-06
7.995756600052118e+00	4.852816800000000e-06
8.058303199941292e+00	4.607972190000000e-06
8.134384499979205e+00	4.472546610000000e-06
8.197500000009313e+00	4.362741950000000e-06
8.260179399978369e+00	4.271430950000000e-06
8.338154299999587e+00	4.275669200000000e-06
8.400335000013001e+00	4.254285610000000e-06
8.462232599966228e+00	4.050858020000000e-06
8.541151199955493e+00	3.906571690000000e-06
8.603323300019838e+00	3.751881880000000e-06
8.696179999969900e+00	3.522641010000000e-06
8.758561399998143e+00	3.261036230000000e-06
8.834959200001322e+00	3.138710100000000e-06
8.896441400051117e+00	3.096136880000000e-06
8.960256800055504e+00	2.898488670000000e-06
9.037550700013526e+00	2.670596360000000e-06
9.101245500030927e+00	2.494716000000000e-06
9.163279499975033e+00	2.337907740000000e-06
9.239925400004722e+00	2.187071000000000e-06
9.302143999957480e+00	2.059158310000000e-06
9.363823899999261e+00	1.961682760000000e-06
9.439955199952237e+00	1.887516310000000e-06
9.501436999998987e+00	1.796397900000000e-06
9.564502499997616e+00	1.722038970000000e-06
9.640835299971513e+00	1.672530630000000e-06
9.703310600016266e+00	1.642671690000000e-06
9.780723999952897e+00	1.566579040000000e-06
9.843797600013204e+00	1.547700320000000e-06
9.906627299962565e+00	1.552323740000000e-06
9.969965300057083e+00	1.528243730000000e-06
1.003240999998525e+01	1.481432380000000e-06
1.009431459999178e+01	1.466213690000000e-06
1.015537689998746e+01	1.417475910000000e-06
1.023445900005754e+01	1.483358570000000e-06
1.029592169995885e+01	1.431538640000000e-06
1.035763410001528e+01	1.409963030000000e-06
1.043612750002649e+01	1.426915450000000e-06
1.049930429994129e+01	1.418246480000000e-06
1.056035259994678e+01	1.393203550000000e-06
1.063840890000574e+01	1.340805400000000e-06
1.070101479999721e+01	1.281087180000000e-06
1.076235189998988e+01	1.264520170000000e-06
1.084081339999102e+01	1.248531250000000e-06
1.090325189998839e+01	1.261052720000000e-06
1.099619970005006e+01	1.233697840000000e-06
1.105925100005697e+01	1.163962450000000e-06
1.113663570000790e+01	1.138726470000000e-06
1.119869540003128e+01	1.124856570000000e-06
1.126154650002718e+01	1.129479760000000e-06
1.133809920004569e+01	1.092878280000000e-06
1.140021460002754e+01	1.086713950000000e-06
1.146137290005572e+01	1.072651230000000e-06
1.153739029995631e+01	1.040287770000000e-06
1.160109180002473e+01	9.911645980000000e-07
1.166161239997018e+01	9.410784970000000e-07
1.173872729996219e+01	9.185395700000000e-07
1.180054970004130e+01	8.946523740000000e-07
1.186222430004273e+01	8.875246640000000e-07
1.193874270003289e+01	8.646005650000000e-07
1.200135479995515e+01	8.472630380000000e-07
1.206539710005745e+01	8.279990880000000e-07
1.214153709996026e+01	8.208713780000000e-07
1.220470620004926e+01	8.447586310000000e-07
1.229730530001689e+01	8.272285190000000e-07
1.235870470001828e+01	8.214493620000000e-07
1.243673870002385e+01	8.120098300000000e-07
1.249815040000249e+01	7.971767670000000e-07
1.256204909994267e+01	7.790685000000000e-07
1.263779519998934e+01	7.617309730000000e-07
1.270024719997309e+01	7.474756100000000e-07
1.276327320002019e+01	7.322571489999999e-07
1.284049730002880e+01	7.174238590000001e-07
1.290338499995414e+01	6.967844680000000e-07
1.302733259997331e+01	6.939054630000000e-07
1.308875180000905e+01	6.858634830000000e-07
1.315194480004720e+01	6.697986810000000e-07
1.321228360000532e+01	6.547703610000000e-07
1.327443099999800e+01	6.267481470000000e-07
1.333742770005483e+01	6.193203600000000e-07
1.339819470001385e+01	6.201457270000000e-07
1.345964360004291e+01	6.203184170000000e-07
1.353737060003914e+01	6.205487470000000e-07
1.360027129994705e+01	6.208942410000000e-07
1.366327619994991e+01	6.211437270000000e-07
1.374110500002280e+01	6.216619680000000e-07
1.380432460003067e+01	6.357881830000000e-07
1.386619319999591e+01	5.749071190000000e-07
1.394430860003922e+01	5.698976790000000e-07
1.400527920003515e+01	5.532955360000000e-07
1.408482290001120e+01	5.418563660000000e-07
1.414716239995323e+01	5.570574330000000e-07
1.420957960002124e+01	5.667308190000000e-07
1.428753590001725e+01	5.639669780000000e-07
1.434979959996417e+01	5.704351340000000e-07
1.441060539998580e+01	5.677288190000000e-07
1.447242600005120e+01	5.630265040000000e-07
1.453439429996070e+01	5.648498700000000e-07
1.459770309994929e+01	5.695330290000000e-07
1.465931090002414e+01	5.707422020000000e-07
1.473772590002045e+01	5.698976790000000e-07
1.480067709996365e+01	5.639093960000000e-07
1.486197410000023e+01	5.564816090000000e-07
1.493875800003298e+01	5.467314280000000e-07
1.500047500000801e+01	5.302443920000000e-07
1.506562580005266e+01	5.191698730000000e-07
1.514049939997494e+01	5.289008410000000e-07
1.520145259995479e+01	5.301484410000000e-07
1.526320319995284e+01	5.237570800000000e-07
1.534097659995314e+01	5.243712740000000e-07
1.540331209998112e+01	6.355579100000000e-07
1.549534160003532e+01	2.758632490000000e-06
1.560396770003717e+01	4.208437530000000e-06
1.569628699996974e+01	5.590240560000000e-06
1.575976179994177e+01	7.727383490000000e-06
1.583620669995435e+01	1.533017710000000e-05
1.596205149998423e+01	1.747805250000000e-05
1.602329489996191e+01	1.854430410000000e-05
1.608577270002570e+01	1.992178840000000e-05
1.614693479996640e+01	2.275167940000000e-05
1.620916870003566e+01	2.617905740000000e-05
1.628737140004523e+01	2.459024470000000e-05
1.635087970003951e+01	1.854430410000000e-05
1.641234909999184e+01	1.929932840000000e-05
1.649138180003501e+01	1.994292140000000e-05
1.655307819996960e+01	1.309201070000000e-05
1.661536619998515e+01	3.653275370000000e-06
1.669475489994511e+01	2.018353370000000e-06
1.675512410001829e+01	9.770765250000000e-07
1.683301709999796e+01	5.486546120000000e-07
1.689536039996892e+01	5.161155060000000e-07
1.705208719999064e+01	5.272887050000000e-07
1.711477029998787e+01	5.184273280000000e-07
1.717727580002975e+01	5.267107210000000e-07
1.723855270002969e+01	5.471306390000000e-07
1.730080359999556e+01	5.526045470000000e-07
1.745427959994413e+01	5.451767610000000e-07
1.753225159994327e+01	5.390733120000000e-07
1.759519120003097e+01	5.301100150000000e-07
1.765767830004916e+01	5.253693300000000e-07
1.773711139999796e+01	5.269047850000000e-07
1.779886710003484e+01	5.308970120000000e-07
1.786142500001006e+01	5.379216650000000e-07
1.793730460002553e+01	5.447928970000000e-07
1.799977640004363e+01	5.508964020000000e-07
1.806127439998090e+01	5.502246270000000e-07
1.814033470000140e+01	5.557522510000000e-07
1.820119920000434e+01	5.635639010000000e-07
1.826327460003085e+01	5.759819710000000e-07
1.834095500002149e+01	5.825652920000000e-07
1.840670910000335e+01	5.929680360000000e-07
1.846544800000265e+01	6.005877250000000e-07
1.854327539994847e+01	6.107985660000000e-07
1.860664410004392e+01	6.337729130000000e-07
1.869848140003160e+01	6.446746850000000e-07
1.876062359998468e+01	6.450201790000000e-07
1.883737980003934e+01	6.537723040000000e-07
1.889903179998510e+01	6.566129400000000e-07
1.896171139995568e+01	6.599141780000000e-07
1.904002720001154e+01	6.595686270000000e-07
1.910466289997566e+01	6.668620930000001e-07
1.919490550004411e+01	6.881090260000001e-07
1.925663199997507e+01	7.086458710000000e-07
1.933537059999071e+01	7.210639410000000e-07
1.939768179995008e+01	7.446332120000000e-07
1.945943639997859e+01	7.606788590000000e-07
1.953636879997794e+01	7.792003770000000e-07
1.960058189998381e+01	8.036717529999999e-07
1.966148600005545e+01	8.252450240000000e-07
1.973871890001465e+01	8.489103610000000e-07
1.980063680000603e+01	8.965785700000000e-07
1.991044270002749e+01	9.027431250000000e-07
1.998710050003137e+01	9.135309260000000e-07
2.005038579995744e+01	9.266303780000000e-07
2.011256459995639e+01	9.385740900000000e-07
2.018841189995874e+01	9.507103870000000e-07
2.024989460001234e+01	9.574526980000001e-07
2.031298489996698e+01	9.684332549999999e-07
2.038843589997850e+01	9.902014429999999e-07
2.045071899995673e+01	1.016978330000000e-06
2.051416909997351e+01	1.051268210000000e-06
2.058941709995270e+01	1.072458640000000e-06
2.065221059997566e+01	1.095190100000000e-06
2.071474189998116e+01	1.127938730000000e-06
2.079289190005511e+01	1.162421200000000e-06
2.085431460000109e+01	1.214433950000000e-06
2.091643690003548e+01	1.287251730000000e-06
2.099498650000896e+01	1.328861910000000e-06
2.105761480005458e+01	1.357179710000000e-06
2.113722429994959e+01	1.372013120000000e-06
2.120014490000904e+01	1.392240160000000e-06
2.126317699998617e+01	1.415356910000000e-06
2.134110690001398e+01	1.456581800000000e-06
2.140456229995470e+01	1.504163720000000e-06
2.149600819998886e+01	1.560799660000000e-06
2.155899679998402e+01	1.599520260000000e-06
2.163793460000306e+01	1.605299640000000e-06
2.169997790001798e+01	1.630920560000000e-06
2.176177410001401e+01	1.663476720000000e-06
2.182330090005416e+01	1.703738350000000e-06
2.188539619999938e+01	1.741302980000000e-06
2.194903999997769e+01	1.789463000000000e-06
2.201115819998085e+01	1.840319900000000e-06
2.208981180004776e+01	1.918531550000000e-06
2.215211999998428e+01	1.979598210000000e-06
2.221432679996360e+01	2.115601770000000e-06
2.229098719998728e+01	2.361024370000000e-06
2.235373590001836e+01	2.420935060000000e-06
2.241540729999542e+01	2.507237920000000e-06
2.249209650000557e+01	2.639773810000000e-06
2.255486519995611e+01	2.734937880000000e-06
2.263288509997074e+01	2.939906380000000e-06
2.269611460005399e+01	3.005789040000000e-06
2.275843769998755e+01	3.065507140000000e-06
2.283589099999517e+01	3.180127810000000e-06
2.289923680003267e+01	3.358704590000000e-06
2.296070990001317e+01	3.420734400000000e-06
2.302328730002046e+01	3.515127900000000e-06
2.308490460005123e+01	3.566755370000000e-06
2.314769290003460e+01	3.814682710000000e-06
2.320926090003923e+01	4.040648950000000e-06
2.328697789995931e+01	4.234250810000000e-06
2.334903289994691e+01	4.643995450000000e-06
2.341164399997797e+01	4.866879410000000e-06
2.348871980002150e+01	4.974950120000000e-06
2.355143630004022e+01	5.145628620000000e-06
2.361436660005711e+01	5.616825090000000e-06
2.369136509997770e+01	5.846259230000000e-06
2.375369459996000e+01	6.301081160000000e-06
2.383167790004518e+01	6.960485280000000e-06
2.389428480004426e+01	6.982446850000000e-06
2.395572099997662e+01	6.975703850000000e-06
2.403428180003539e+01	6.978401420000000e-06
2.409600499994121e+01	6.970310550000000e-06
2.415859330003150e+01	6.919453880000000e-06
2.422086889995262e+01	7.784982700000000e-06
2.429847289994359e+01	8.485035319999999e-06
2.436026570003014e+01	9.022960510000000e-06
2.446955969999544e+01	9.489805960000001e-06
2.453225629997905e+01	1.013532160000000e-05
2.459337759995833e+01	1.066556430000000e-05
2.465662589995191e+01	1.160886220000000e-05
2.473512520000804e+01	1.227935350000000e-05
2.479692670004442e+01	1.365875690000000e-05
2.485955679998733e+01	1.444643840000000e-05
2.493846259999555e+01	1.472500840000000e-05
2.500063499994576e+01	1.489407080000000e-05
2.506424310000148e+01	1.540318230000000e-05
2.514219489996321e+01	1.751839770000000e-05
2.520526339998469e+01	1.976809650000000e-05
2.529793440003414e+01	2.305330420000000e-05
2.536062339995988e+01	2.479580870000000e-05
2.543892630003393e+01	2.728565410000000e-05
2.550046929996461e+01	2.840377970000000e-05
2.556343219999690e+01	2.871116700000000e-05
2.564151600003242e+01	2.924141150000000e-05
2.570376970001962e+01	2.936052440000000e-05
2.578098259994294e+01	3.155258670000000e-05
2.584225900005549e+01	3.269184160000000e-05
2.590431430004537e+01	3.281095630000000e-05
2.596481959999073e+01	3.311642290000000e-05
2.604230359999929e+01	3.442090020000000e-05
2.610511570004746e+01	3.646502960000000e-05
2.618331610003952e+01	3.725463470000000e-05
2.624515079997946e+01	3.759084210000000e-05
2.630662489996757e+01	3.800965710000000e-05
2.639777899999171e+01	3.824019590000000e-05
2.645910390000790e+01	3.844768430000000e-05
2.653536730003543e+01	3.866861880000000e-05
2.659916890005115e+01	3.880117950000000e-05
2.666054309997708e+01	3.897792700000000e-05
2.673808699997608e+01	3.899714280000000e-05
2.680041100003291e+01	3.903172180000000e-05
2.686316139996052e+01	3.912393730000000e-05
2.694121590000577e+01	3.920270680000000e-05
2.700325820001308e+01	3.919886150000000e-05
2.709625930001494e+01	3.917196590000000e-05
2.715957130002789e+01	3.902211390000000e-05
2.723566709994338e+01	3.895679770000000e-05
2.729815110005438e+01	3.887994900000000e-05
2.735870079998858e+01	3.883960380000000e-05
2.743631789996289e+01	3.885881600000000e-05
2.749885750003159e+01	3.877812560000000e-05
2.756111879996024e+01	3.869743890000000e-05
2.763972760003526e+01	3.856487460000000e-05
2.770333349995781e+01	3.839388960000000e-05
2.776598529994953e+01	3.840733920000000e-05
2.784203469997738e+01	3.832665240000000e-05
2.790330620005261e+01	3.801926500000000e-05
2.798085709998850e+01	3.796547030000000e-05
2.804342110001016e+01	3.792320420000000e-05
2.810589959996287e+01	3.791744170000000e-05
2.818524509994313e+01	3.790591290000000e-05
2.824734070000704e+01	3.791167550000000e-05
2.830907069996465e+01	3.795009620000000e-05
2.837136440002359e+01	3.799236580000000e-05
2.843378830002621e+01	3.800773630000000e-05
2.849753940000664e+01	3.799812840000000e-05
2.855921890004538e+01	3.798660330000000e-05
2.863668370002415e+01	3.801349890000000e-05
2.869843530002981e+01	3.800965710000000e-05
2.876095469994470e+01	3.800197010000000e-05
2.883765829994809e+01	3.801349890000000e-05
2.889887010003440e+01	3.799236580000000e-05
2.896183219994418e+01	3.801734060000000e-05
2.904111190000549e+01	3.798660330000000e-05
2.910342519998085e+01	3.793665020000000e-05
2.918063489999622e+01	3.799044130000000e-05
2.924253469996620e+01	3.798660330000000e-05
2.930433910002466e+01	3.794817890000000e-05
2.939765719999559e+01	3.802886930000000e-05
2.945922249997966e+01	3.804616060000000e-05
2.953727189998608e+01	3.803078650000000e-05
2.960062249994371e+01	3.799620750000000e-05
2.966331520001404e+01	3.801157440000000e-05
2.974071980000008e+01	3.802118230000000e-05
2.980180230003316e+01	3.799428670000000e-05
2.986333189997822e+01	3.803463190000000e-05
2.994207740004640e+01	3.799812840000000e-05
3.000510710000526e+01	3.794049190000000e-05
3.009721240005456e+01	3.804808150000000e-05
3.015926969994325e+01	3.814605950000000e-05
3.023790109995753e+01	3.828054100000000e-05
3.029985469998792e+01	3.891645250000000e-05
3.036281920003239e+01	3.915275740000000e-05
3.043992649996653e+01	3.921231110000000e-05
3.050061300001107e+01	3.937753350000000e-05
3.056321020005271e+01	3.972910780000000e-05
3.064123269997071e+01	3.971757910000000e-05
3.070425509999041e+01	3.965226280000000e-05
3.076568409998436e+01	3.851684600000000e-05
3.084467779996339e+01	3.497996290000000e-05
3.090715979994275e+01	3.232490050000000e-05
3.098433410003781e+01	3.332199050000000e-05
3.104713439999614e+01	3.450158690000000e-05
3.110973090003245e+01	3.534882850000000e-05
3.118699069996364e+01	3.569079850000000e-05
3.125022489996627e+01	3.597513210000000e-05
3.131156199995894e+01	3.682237000000000e-05
3.137331509997603e+01	3.863403980000000e-05
3.143575860001147e+01	4.177516170000000e-05
3.149726129998453e+01	4.474529850000000e-05
3.155988269997761e+01	4.974611870000000e-05
3.163835000002291e+01	5.442994370000000e-05
3.169989110005554e+01	6.299454980000000e-05
3.176171059999615e+01	8.315344170000000e-05
3.183884009998292e+01	1.248349580000000e-04
3.194805799995083e+01	1.416451710000000e-04
3.201030339999124e+01	1.617752130000000e-04
3.207208700000774e+01	1.836515290000000e-04
3.213504419999663e+01	2.016323410000000e-04
3.219764260004740e+01	2.347922270000000e-04
3.225983340002131e+01	2.754745070000000e-04
3.233680990000721e+01	2.957772520000000e-04
3.239737220003735e+01	3.026471820000000e-04
3.245956290001050e+01	3.129712710000000e-04
3.253767909994349e+01	3.272484760000000e-04
3.260241940000560e+01	3.433870150000000e-04
3.266250059998129e+01	3.618859340000000e-04
3.274117900000419e+01	3.865447940000000e-04
3.280251670000143e+01	4.175170320000000e-04
3.289625460002571e+01	4.622291310000000e-04
3.296097579994239e+01	4.974807960000000e-04
3.303860830003396e+01	5.273591960000000e-04
3.310163189994637e+01	5.524210280000000e-04
3.316423170000780e+01	5.747195100000000e-04
3.324107029999141e+01	5.963463340000000e-04
3.330339410004672e+01	6.148644610000000e-04
3.338083449995611e+01	6.301011310000000e-04
3.344180719996803e+01	6.477173300000000e-04
3.350433380005416e+01	6.681927480000000e-04
3.356673219997901e+01	6.911245870000000e-04
3.364494999998715e+01	7.080499200000000e-04
3.370711900002789e+01	7.318259450000000e-04
3.378350410005078e+01	7.531457810000000e-04
3.384528450004291e+01	7.821607290000000e-04
3.390702409995720e+01	8.230541130000000e-04
3.398432299995329e+01	8.437790680000000e-04
3.404664359998424e+01	8.957384850000000e-04
3.417046040005516e+01	9.087995280000000e-04
3.423283430002630e+01	9.314643100000000e-04
3.429426540003624e+01	9.621963840000000e-04
3.435660549998283e+01	1.023468330000000e-03
3.443479289999232e+01	1.057465680000000e-03
3.449599630001467e+01	1.090886650000000e-03
3.455865370004904e+01	1.112783330000000e-03
3.463753970002290e+01	1.078401690000000e-03
3.470001150004100e+01	9.961937319999999e-04
3.476227279996965e+01	9.143697680000000e-04
3.482325420004781e+01	8.602045129999999e-04
3.488631620001979e+01	8.603965400000000e-04
3.494808310002554e+01	8.555946410000000e-04
3.501068649999797e+01	9.080311870000000e-04
3.508734540001024e+01	1.000227290000000e-03
3.515043200005312e+01	1.070718860000000e-03
3.521325060003437e+01	1.112975300000000e-03
3.529106810002122e+01	1.137945100000000e-03
3.535300220001955e+01	1.169445340000000e-03
3.541427860001568e+01	1.231293660000000e-03
3.549327380000614e+01	1.294870400000000e-03
3.555544679996092e+01	1.361328290000000e-03
3.563387779996265e+01	1.403776930000000e-03
3.569322839996312e+01	1.440847410000000e-03
3.575465589994565e+01	1.437197910000000e-03
3.583371709997300e+01	1.298903950000000e-03
3.589430399995763e+01	1.140826270000000e-03
3.595663060003426e+01	9.913918330000000e-04
3.601920039998367e+01	8.678875750000000e-04
3.609715499996673e+01	7.668560720000000e-04
3.616079849994276e+01	6.725472050000000e-04
3.623825840000063e+01	6.047446510000001e-04
3.630050040001515e+01	5.277225860000000e-04
3.636354259995278e+01	4.395602740000000e-04
3.643999960005749e+01	3.374382210000000e-04
3.654897739994340e+01	2.868540470000000e-04
3.661173350003082e+01	2.322016080000000e-04
3.667287040001247e+01	1.709287460000000e-04
3.673426589998417e+01	1.251995710000000e-04
3.679666610003915e+01	8.344265370000001e-05
3.685820939997211e+01	5.909085300000000e-05
3.693639140005689e+01	4.665589950000000e-05
3.699967259995174e+01	3.734886200000000e-05
3.706041309994180e+01	3.230195940000000e-05
3.713976920000277e+01	3.263612600000000e-05
3.726321779994760e+01	3.372158970000000e-05
3.732728109997697e+01	3.608079710000000e-05
3.738978620001581e+01	4.057058320000000e-05
3.745161450002342e+01	4.635716690000000e-05
3.751336410001386e+01	5.364994650000000e-05
3.757506840000860e+01	5.940962730000000e-05
3.763839179999195e+01	6.752851910000000e-05
3.769801319995895e+01	7.941674990000001e-05
3.776042830001097e+01	1.205940060000000e-04
3.788175679999404e+01	1.123040270000000e-04
3.794429100002162e+01	8.060257099999999e-05
3.800671260000672e+01	4.120600350000000e-05
3.808553829998709e+01	3.245548210000000e-05
3.814949580002576e+01	3.558341630000000e-05
3.821171519998461e+01	4.295228430000000e-05
3.828989929996897e+01	5.558840710000000e-05
3.841333969996776e+01	6.915191630000000e-05
3.847634609998204e+01	8.237151630000000e-05
3.853898499999195e+01	1.129756860000000e-04
3.864750530000310e+01	1.263125740000000e-04
3.870950710005127e+01	1.409351390000000e-04
3.877099720004480e+01	1.588967570000000e-04
3.883271049999166e+01	1.738647700000000e-04
3.889432409999426e+01	1.915001340000000e-04
3.895661869994365e+01	2.146429760000000e-04
3.903388869995251e+01	2.379585490000000e-04
3.909555930003989e+01	2.638071310000000e-04
3.915887499996461e+01	2.982335280000000e-04
3.923651359998621e+01	3.220864160000000e-04
3.929932860005647e+01	3.447303320000000e-04
3.936197700002231e+01	3.690245210000000e-04
3.943849329999648e+01	3.920138990000000e-04
3.950131209997926e+01	4.171716570000000e-04
3.956417030002922e+01	4.475298050000000e-04
3.964366770000197e+01	4.831076080000000e-04
3.970291170000564e+01	5.260926550000000e-04
3.978047380002681e+01	5.844295370000000e-04
3.984207759995479e+01	6.252652380000000e-04
3.990421810001135e+01	6.709560980000000e-04
3.996721639996395e+01	7.196021030000000e-04
4.004496219998691e+01	7.743505410000000e-04
4.010735599999316e+01	8.370818100000000e-04
4.020089570002165e+01	9.280070660000000e-04
4.031053400004748e+01	9.504798220000000e-04
4.037220119999256e+01	9.852454530000000e-04
4.043458070000634e+01	1.016937780000000e-03
4.049622910004109e+01	1.053240030000000e-03
4.055808460002299e+01	1.099145970000000e-03
4.063630829995964e+01	1.130262160000000e-03
4.069790469994769e+01	1.159649580000000e-03
4.075970699999016e+01	1.200369440000000e-03
4.083703419996891e+01	1.233022080000000e-03
4.089906440000050e+01	1.271053220000000e-03
4.096070369996596e+01	1.341736640000000e-03
4.103757980000228e+01	1.400703800000000e-03
4.109980309999082e+01	1.461975740000000e-03
4.116226200002711e+01	1.552827070000000e-03
4.123848359996919e+01	1.631385880000000e-03
4.130086550000124e+01	1.700148800000000e-03
4.136333530000411e+01	1.781780740000000e-03
4.143998599995393e+01	1.835177650000000e-03
4.150227830000222e+01	1.889918810000000e-03
4.156493650004268e+01	1.967517190000000e-03
4.164278350002132e+01	2.028404740000000e-03
4.170663330005482e+01	2.114070350000000e-03
4.179631650005467e+01	2.182064810000000e-03
4.185875679994933e+01	2.283864890000000e-03
4.193543620000128e+01	2.356085230000000e-03
4.199691250000615e+01	2.421006790000000e-03
4.206024689995684e+01	2.513586780000000e-03
4.213860279996879e+01	2.581389160000000e-03
4.220065120002255e+01	2.653993430000000e-03
4.226298100000713e+01	2.755409110000000e-03
4.234005670004990e+01	2.813223750000000e-03
4.240108580002561e+01	2.878529490000000e-03
4.246385880000889e+01	2.970149270000000e-03
4.254003310005646e+01	3.031036820000000e-03
4.260157359996811e+01	3.091156480000000e-03
4.266351129999384e+01	3.188346280000000e-03
4.274157519999426e+01	3.276124600000000e-03
4.280427890003193e+01	3.360445840000000e-03
4.289752600004431e+01	3.486831210000000e-03
4.295978000003379e+01	3.581331810000000e-03
4.303839030000381e+01	3.650287170000000e-03
4.310154980001971e+01	3.724619980000000e-03
4.327335060003679e+01	3.914389760000000e-03
4.333629310003016e+01	3.977775110000000e-03
4.339949029998388e+01	4.039239140000000e-03
4.346148870000616e+01	4.118950110000000e-03
4.353870529995766e+01	4.176380580000000e-03
4.360028829996008e+01	4.205768000000000e-03
4.366294409998227e+01	4.252826330000000e-03
4.374205740005709e+01	4.286054990000000e-03
4.380459830001928e+01	4.326582890000000e-03
4.389814689999912e+01	4.395730330000000e-03
4.396059160004370e+01	4.450471610000000e-03
4.403763409995008e+01	4.474288780000000e-03
4.410533799999394e+01	4.510591270000000e-03
4.419421720004175e+01	4.548237660000000e-03
4.425656689994503e+01	4.593183290000000e-03
4.433421640004963e+01	4.627564920000000e-03
4.439663980004843e+01	4.667324010000000e-03
4.445947640005033e+01	4.705163180000000e-03
4.453717020002659e+01	4.732245580000000e-03
4.460696650005411e+01	4.789291880000000e-03
4.469442299997900e+01	4.849795250000000e-03
4.475567400001455e+01	4.935845270000000e-03
4.483430159999989e+01	5.000766830000000e-03
4.489693379995879e+01	5.068953150000000e-03
4.495925650000572e+01	5.135987420000000e-03
4.503628520003986e+01	5.179396360000000e-03
4.509844720002729e+01	5.226262850000000e-03
4.516139669995755e+01	5.324797240000000e-03
4.523740440001711e+01	5.397209430000000e-03
4.529912630002946e+01	5.467701240000000e-03
4.536171440000180e+01	5.549909080000000e-03
4.543887229997199e+01	5.646138920000000e-03
4.550103970000055e+01	5.766954270000000e-03
4.556177699996624e+01	5.888537500000000e-03
4.563966500002425e+01	5.982654170000000e-03
4.570159710000735e+01	6.070432720000000e-03
4.576425969996490e+01	6.211607720000000e-03
4.584220179996919e+01	6.341835020000000e-03
4.590450760000385e+01	6.436335390000000e-03
4.598226209997665e+01	6.551388650000000e-03
4.604321909998544e+01	6.631099620000000e-03
4.610562209994532e+01	6.744808050000000e-03
4.618539750005584e+01	6.814339200000000e-03
4.624532470002305e+01	6.865431090000000e-03
4.630678760004230e+01	6.913066380000000e-03
4.636924270004965e+01	6.997578780000000e-03
4.643173239997122e+01	7.034649140000000e-03
4.649418619996868e+01	7.091503590000000e-03
4.655528610001784e+01	7.200602440000000e-03
4.663406509999186e+01	7.270710080000000e-03
4.669532569998410e+01	7.372701070000000e-03
4.675669670000207e+01	7.486986000000000e-03
4.683431960002054e+01	7.555556480000000e-03
4.689744780003093e+01	7.667921020000000e-03
4.695969589997549e+01	7.811016870000000e-03
4.703836210002191e+01	7.915121500000000e-03
4.710070039995480e+01	7.990222420000000e-03
4.716344240005128e+01	8.088372650000000e-03
4.724139860004652e+01	8.150413630000001e-03
4.730333180003799e+01	8.212069050000000e-03
4.738152199995238e+01	8.304073480000000e-03
4.744303500000387e+01	8.381287570000000e-03
4.750733880000189e+01	8.449089710000000e-03
4.756689180003013e+01	8.764045309999999e-03
4.769321169995237e+01	8.708807640000000e-03
4.775564280000981e+01	8.756425230000000e-03
4.781753969995771e+01	8.786901830000001e-03
4.789619270002004e+01	8.853568700000000e-03
4.795961849996820e+01	8.906901809999999e-03
4.803647199994884e+01	8.946902119999999e-03
4.809795580001082e+01	8.984998800000000e-03
4.815935089997947e+01	9.042140100000000e-03
4.823632639995776e+01	9.084044960000001e-03
4.829780229995959e+01	9.135475380000001e-03
4.836011570005212e+01	9.188808499999999e-03
4.842327140003908e+01	9.219285100000000e-03
4.848629739996977e+01	9.257379919999999e-03
4.854854690004140e+01	9.295474740000000e-03
4.861079199996311e+01	9.339285080000001e-03
4.868903100001626e+01	9.367856200000000e-03
4.875092529994436e+01	9.402140970000000e-03
4.881435540004168e+01	9.457379580000000e-03
4.889162929996382e+01	9.497381750000001e-03
4.895226329995785e+01	9.539286609999999e-03
4.901318909996189e+01	9.584999639999999e-03
4.909208590001799e+01	9.615476240000000e-03
4.915502139995806e+01	9.666904810000000e-03
4.923322799999733e+01	9.659285659999999e-03
4.929514970001765e+01	9.695475920000000e-03
4.935673280002084e+01	9.735476230000000e-03
4.943438099999912e+01	9.737380780000001e-03
4.949572909995914e+01	9.746906350000001e-03
4.955672150000464e+01	9.758334610000001e-03
4.961883739999030e+01	9.752619080000000e-03
4.969636129995342e+01	9.754524570000001e-03
4.975675870000850e+01	9.758334610000001e-03
4.983537300000899e+01	9.752619080000000e-03
4.989785990002565e+01	9.746906350000001e-03
4.996076970000286e+01	9.731668050000000e-03
5.003816090000328e+01	9.729762560000001e-03
5.010256489994936e+01	9.733570739999999e-03
5.019492739997804e+01	9.685953149999999e-03
5.025623409997206e+01	9.655476550000000e-03
5.033369949995540e+01	9.630714540000000e-03
5.039582810003776e+01	9.600237940000001e-03
5.045795920002274e+01	9.579285979999999e-03
5.052064879995305e+01	9.518332779999999e-03
5.058337989996653e+01	9.468809700000001e-03
5.064527330000419e+01	9.402140970000000e-03
5.070709659997374e+01	9.310713040000000e-03
5.078537489997689e+01	9.270713660000001e-03
5.084631239995360e+01	9.211665020000001e-03
5.090887869999278e+01	9.095475080000000e-03
5.098774220002815e+01	8.979283269999999e-03
5.104990340000950e+01	8.897379040000000e-03
5.111849170003552e+01	8.840234949999999e-03
5.118819190002978e+01	8.824996650000000e-03
5.125042419997044e+01	8.878330699999999e-03
5.131222459999844e+01	9.118331600000000e-03
5.139014330005739e+01	9.263093579999999e-03
5.145463319995906e+01	9.377379900000000e-03
5.153143329999875e+01	9.455475959999999e-03
5.159328999998979e+01	9.501189920000000e-03
5.165520779998042e+01	9.537381120000001e-03
5.171735329995863e+01	9.577381419999999e-03
5.179509090003558e+01	9.613570760000001e-03
5.185713549994398e+01	9.695475920000000e-03
5.193515369994566e+01	9.708809670000000e-03
5.199781570001505e+01	9.743096309999999e-03
5.206024589994922e+01	9.750714529999999e-03
5.213724760001060e+01	9.746906350000001e-03
5.219970550003927e+01	9.746906350000001e-03
5.226143029995728e+01	9.714524259999999e-03
5.232203689997550e+01	9.710714220000000e-03
5.238501149998046e+01	9.689763190000001e-03
5.244758529996034e+01	9.623094460000000e-03
5.250921589997597e+01	9.548809380000000e-03
5.258671539998613e+01	9.459285070000000e-03
5.265068269998301e+01	9.343095120000000e-03
5.271228069998324e+01	9.200236759999999e-03
5.278890000004321e+01	9.049760180000000e-03
5.285129939997569e+01	8.914521900000000e-03
5.291333000001032e+01	8.746902460000001e-03
5.299226269999053e+01	8.588805789999999e-03
5.305492170003708e+01	8.512616160000000e-03
5.313494230003562e+01	8.404044430000000e-03
5.319560710003134e+01	8.249757809999999e-03
5.325779900001362e+01	8.004043250000000e-03
5.333433910005260e+01	7.790708450000000e-03
5.339553400001023e+01	7.558327170000000e-03
5.345709020004142e+01	7.320230360000000e-03
5.351903960003983e+01	7.040229160000000e-03
5.358109170000535e+01	6.809752900000000e-03
5.364106930000708e+01	6.161860190000000e-03
5.379680560005363e+01	5.921958950000000e-03
5.385743610002100e+01	5.599464760000000e-03
5.393600999994669e+01	5.317114290000000e-03
5.399747629999183e+01	5.023431500000000e-03
5.405868979997467e+01	4.729941020000000e-03
5.413945530005731e+01	4.521539430000000e-03
5.419797950005159e+01	4.270113070000000e-03
5.425953849998768e+01	3.875783180000000e-03
5.433799170004204e+01	3.622628050000000e-03
5.439940959995147e+01	3.503541460000000e-03
5.446162469999399e+01	3.343351190000000e-03
5.454073759994935e+01	3.205441170000000e-03
5.461567910003942e+01	2.993582280000000e-03
5.469594340003096e+01	2.782491730000000e-03
5.475681920000352e+01	2.511281750000000e-03
5.483512229996268e+01	2.321895910000000e-03
5.489855889999308e+01	2.085259420000000e-03
5.495859880000353e+01	1.796762460000000e-03
5.503600740002003e+01	1.583367240000000e-03
5.509822769998573e+01	1.388218840000000e-03
5.516214889998082e+01	1.196336000000000e-03
5.523976270004641e+01	1.052279720000000e-03
5.530125879996922e+01	9.504798220000000e-04
5.536330510000698e+01	8.154510290000000e-04
5.544203499995638e+01	7.019346230000000e-04
5.550327880005352e+01	6.051289380000000e-04
5.558062919997610e+01	5.165823390000000e-04
5.564236769999843e+01	4.516609190000000e-04
5.570431489998009e+01	2.938199030000000e-04
5.585981819999870e+01	2.510651540000000e-04
5.592221720004454e+01	2.090779740000000e-04
5.598537200002465e+01	1.751504750000000e-04
5.604754890000913e+01	1.407624510000000e-04
5.611053700000048e+01	1.009628900000000e-04
5.618862849997822e+01	7.841493060000000e-05
5.625045659998432e+01	6.076036880000000e-05
5.631326710002031e+01	4.598425580000000e-05
5.639011819998268e+01	3.763671340000000e-05
5.645330910000484e+01	3.218683200000000e-05
5.651624619995710e+01	3.277253200000000e-05
5.665586109994911e+01	4.174442070000000e-05
5.673442969995085e+01	4.901415010000000e-05
5.679645250004251e+01	5.479688840000000e-05
5.685867270000745e+01	6.203971860000000e-05
5.693591100000776e+01	6.740364190000000e-05
5.699658080004156e+01	7.130939050000000e-05
5.705877210001927e+01	6.640078210000000e-05
5.714522900001612e+01	5.688136300000000e-05
5.721675949997734e+01	4.988444200000000e-05
5.729437500005588e+01	5.445299760000000e-05
5.735547059995588e+01	6.379759000000000e-05
5.743431070004590e+01	6.754389320000001e-05
5.749627060000785e+01	6.825280430000000e-05
5.755859210004564e+01	6.960723110000000e-05
5.763624929997604e+01	7.146885040000000e-05
5.776291379996110e+01	8.174713730000000e-05
5.783919319999404e+01	1.042827280000000e-04
5.796375590004027e+01	1.172741980000000e-04
5.802580699999817e+01	1.332016690000000e-04
5.808810990001075e+01	1.438328040000000e-04
5.814908180001657e+01	1.532165920000000e-04
5.821101009997074e+01	1.645193550000000e-04
5.828883820003830e+01	1.735769180000000e-04
5.835075890005101e+01	1.815790600000000e-04
5.841283389995806e+01	1.976216740000000e-04
5.848882049997337e+01	2.092506620000000e-04
5.855109480000101e+01	2.186536440000000e-04
5.861465310002677e+01	2.246600340000000e-04
5.869300179998390e+01	2.334489400000000e-04
5.875437099998817e+01	2.391291050000000e-04
5.883223609998822e+01	2.444446730000000e-04
5.889503280003555e+01	2.446173750000000e-04
5.895553449995350e+01	2.445981950000000e-04
5.903331470000558e+01	2.450395550000000e-04
5.909453989996109e+01	2.454041680000000e-04
5.915694530005567e+01	2.270971450000000e-04
5.921857220004313e+01	2.114575040000000e-04
5.929608919995371e+01	1.821355540000000e-04
5.935781700001098e+01	1.446579550000000e-04
5.943555279995780e+01	1.217070090000000e-04
5.949672359996475e+01	1.034383820000000e-04
5.955899459996726e+01	8.062175770000000e-05
5.963850749994162e+01	7.085417750000001e-05
5.970004819997121e+01	6.402262809999999e-05
5.976327670004684e+01	5.820813750000000e-05
5.982523139996920e+01	5.141495420000000e-05
5.988687100005336e+01	4.629128670000000e-05
5.994925649999641e+01	4.145048300000000e-05
6.004168130003382e+01	3.827093310000000e-05
