# [General]
# timestamp=2025-04-17T12:46:35.675652
# comments='# '
# delimiter='\t'
# column_dtypes=float;;float
# column_headers='Time (s);;Power (W)'
# 
# [Metadata]
# scanner_x=-4.648888772663919
# scanner_y=3.7150022250721597
# start recoding time='17.04.2025, 12:45:35.433032'
# sample rate (hz)=50.0
# sample timing='TIMESTAMP'
# 
# ---- END HEADER ----
1.931100036017597e-03	2.500801770000000e-07
5.714809999335557e-02	2.571241000000000e-07
1.047114999964833e-01	2.663560960000000e-07
1.520204999251291e-01	2.777376840000000e-07
1.987808999838307e-01	2.838603450000000e-07
2.291865999577567e-01	2.881212420000000e-07
2.607382999267429e-01	2.946277680000000e-07
3.073684999253601e-01	3.015181560000000e-07
3.542545000091195e-01	3.122279960000000e-07
4.020981999346986e-01	3.246460380000000e-07
4.471786000067368e-01	3.316707760000000e-07
5.098016000119969e-01	3.484265390000000e-07
5.418072999455035e-01	3.566220240000000e-07
5.729091999819502e-01	3.645872650000000e-07
6.039247999433428e-01	3.774083550000000e-07
6.512907999567688e-01	3.944711580000000e-07
6.979710999876261e-01	4.042789500000000e-07
7.446625999873504e-01	4.227044600000000e-07
7.756257000146434e-01	4.307272550000000e-07
8.064232999458909e-01	4.415714730000000e-07
8.366513999644667e-01	4.492679580000000e-07
8.681087000295520e-01	4.569452590000000e-07
8.997040999820456e-01	4.716665390000000e-07
9.461272000335157e-01	4.797852850000000e-07
9.936578000197187e-01	4.918194350000000e-07
1.023900500033051e+00	5.028747980000000e-07
1.055398699943908e+00	5.202062990000000e-07
1.100672599975951e+00	5.321829240000000e-07
1.131483700009994e+00	5.473648340000000e-07
1.163646999979392e+00	5.665196450000000e-07
1.209748200024478e+00	5.922195210000000e-07
1.255602399935015e+00	6.115087100000000e-07
1.303696000017226e+00	6.326404790000000e-07
1.349174899980426e+00	6.458454890000000e-07
1.396139399963431e+00	6.483022050000000e-07
1.428188399993815e+00	6.544440789999999e-07
1.459702000021935e+00	6.609889740000000e-07
1.505572099937126e+00	6.678601490000000e-07
1.551884199958295e+00	6.724665700000000e-07
1.597636000020429e+00	6.775911740000000e-07
1.659734699991532e+00	6.918517670000000e-07
1.707441700040363e+00	7.117167800000000e-07
1.738401899929158e+00	7.357083970000000e-07
1.770044300006703e+00	7.642680090000000e-07
1.801668699947186e+00	8.032495770000000e-07
1.848746399977244e+00	8.307343360000000e-07
1.895108000026084e+00	8.399662190000000e-07
1.926032599993050e+00	8.950374880000000e-07
2.051353299990296e+00	8.994682050000000e-07
2.083141200011596e+00	9.054401740000000e-07
2.113640399998985e+00	9.083297530000000e-07
2.160452899988741e+00	9.223923030000000e-07
2.207672799937427e+00	9.304832820000001e-07
2.254512300016358e+00	9.435827340000000e-07
2.284693900030106e+00	9.501324600000000e-07
2.316172200022265e+00	9.663142460000000e-07
2.346847799955867e+00	9.794136989999999e-07
2.408726499998011e+00	1.029692610000000e-06
2.455448499997146e+00	1.051653500000000e-06
2.501469300012104e+00	1.082860990000000e-06
2.549754999927245e+00	1.091529950000000e-06
2.580739600001834e+00	1.113876120000000e-06
2.612040000036359e+00	1.132369330000000e-06
2.658762100036256e+00	1.148743760000000e-06
2.706059699994512e+00	1.163769640000000e-06
2.753241300000809e+00	1.172438370000000e-06
2.799662400037050e+00	1.193243520000000e-06
2.847284000017680e+00	1.209425250000000e-06
2.877618400030769e+00	1.220213110000000e-06
2.908265699981712e+00	1.232927390000000e-06
2.954680699971505e+00	1.246412130000000e-06
3.001362200011499e+00	1.257199980000000e-06
3.050086300005205e+00	1.267987730000000e-06
3.109254200011492e+00	1.278390190000000e-06
3.156647199997678e+00	1.289563330000000e-06
3.187833499978296e+00	1.295149900000000e-06
3.219370299950242e+00	1.306322930000000e-06
3.250702699995600e+00	1.316532920000000e-06
3.297644000034779e+00	1.323853210000000e-06
3.344602599972859e+00	1.341190800000000e-06
3.375783400028013e+00	1.356794540000000e-06
3.406478199991398e+00	1.378562730000000e-06
3.452320299926214e+00	1.399175290000000e-06
3.483561199973337e+00	1.398597310000000e-06
3.514401499996893e+00	1.414201170000000e-06
3.545779000036418e+00	1.419209750000000e-06
3.577854800038040e+00	1.427493200000000e-06
3.607359600020573e+00	1.440592770000000e-06
3.655167100019753e+00	1.457737770000000e-06
3.701768400031142e+00	1.467369660000000e-06
3.747557500028051e+00	1.473148810000000e-06
3.778780799941160e+00	1.484514540000000e-06
3.809038599953055e+00	1.496458250000000e-06
3.855100699933246e+00	1.503393150000000e-06
3.900647399947047e+00	1.522464570000000e-06
3.947888799943030e+00	1.534986040000000e-06
3.995208899956197e+00	1.551938340000000e-06
4.026356899994425e+00	1.556754460000000e-06
4.058221100014634e+00	1.572935960000000e-06
4.088735700002871e+00	1.587961950000000e-06
4.119817099999636e+00	1.597979120000000e-06
4.150660999934189e+00	1.615894580000000e-06
4.197684300015680e+00	1.623215100000000e-06
4.258722599945031e+00	1.641130550000000e-06
4.304455699981190e+00	1.650184460000000e-06
4.351042099995539e+00	1.662320760000000e-06
4.385284599964507e+00	1.662513340000000e-06
4.413610999938101e+00	1.677154160000000e-06
4.460694600013085e+00	1.689675630000000e-06
4.506513000000268e+00	1.696610640000000e-06
4.556488199974410e+00	1.700656180000000e-06
4.603265099925920e+00	1.720112780000000e-06
4.648806900018826e+00	1.729359500000000e-06
4.679708999930881e+00	1.728203530000000e-06
4.710512900026515e+00	1.739954430000000e-06
4.757407899945974e+00	1.749586540000000e-06
4.803824999951757e+00	1.767887170000000e-06
4.850691600004211e+00	1.780216280000000e-06
4.896259599947371e+00	1.779445710000000e-06
4.958637199946679e+00	1.796783290000000e-06
4.990757199935615e+00	1.810845790000000e-06
5.020779200014658e+00	1.813928180000000e-06
5.053614199976437e+00	1.823752650000000e-06
5.098741299938411e+00	1.835503780000000e-06
5.146341399988160e+00	1.847832660000000e-06
5.192085499991663e+00	1.865940700000000e-06
5.223776599974371e+00	1.869986250000000e-06
5.255055999965407e+00	1.873838980000000e-06
5.286233899998479e+00	1.887323720000000e-06
5.317532500019297e+00	1.885590110000000e-06
5.348495999933220e+00	1.903312750000000e-06
5.409742099931464e+00	1.904468720000000e-06
5.456234899931587e+00	1.916990410000000e-06
5.504084200016223e+00	1.932401350000000e-06
5.550698500010185e+00	1.934327880000000e-06
5.581829100032337e+00	1.944537640000000e-06
5.613669799990021e+00	1.959178230000000e-06
5.659722000011243e+00	1.958600480000000e-06
5.705961599946022e+00	1.956096180000000e-06
5.753169600036927e+00	1.958600480000000e-06
5.798615999985486e+00	1.963994240000000e-06
5.860785400029272e+00	1.979020230000000e-06
5.891501800040714e+00	1.977286500000000e-06
5.923312099999748e+00	1.978057070000000e-06
5.954388199956156e+00	1.988844820000000e-06
6.002110700006597e+00	1.990771350000000e-06
6.048430299968459e+00	1.994238570000000e-06
6.095749899977818e+00	1.995972530000000e-06
6.127713199937716e+00	2.007338250000000e-06
6.159670799970627e+00	2.006952850000000e-06
6.191718799993396e+00	2.001559100000000e-06
6.221924299956299e+00	2.009457380000000e-06
6.253398400032893e+00	2.016777670000000e-06
6.300737599958666e+00	2.005411940000000e-06
6.349800099967979e+00	2.016970260000000e-06
6.395165900001302e+00	2.021786260000000e-06
6.426461499999277e+00	2.018511170000000e-06
6.457661999971606e+00	2.016007100000000e-06
6.488116099964827e+00	2.018126220000000e-06
6.519771100021899e+00	2.024868310000000e-06
6.551282300031744e+00	2.012539430000000e-06
6.597927400027402e+00	2.008879390000000e-06
6.659722700016573e+00	2.021786260000000e-06
6.705565499956720e+00	2.015043720000000e-06
6.752397599979304e+00	2.021593670000000e-06
6.782799200038426e+00	2.014080560000000e-06
6.814369000028819e+00	2.018318810000000e-06
6.860161599935964e+00	2.008493990000000e-06
6.907240099972114e+00	2.011961670000000e-06
6.953695300035179e+00	2.002714840000000e-06
7.000731399981305e+00	2.000210540000000e-06
7.047747000004165e+00	1.991541920000000e-06
7.081251399940811e+00	1.983836230000000e-06
7.111073300009593e+00	1.983836230000000e-06
7.157170600024983e+00	1.972277910000000e-06
7.204501100000925e+00	1.950317030000000e-06
7.250514699961059e+00	1.950124440000000e-06
7.297353300033137e+00	1.936254190000000e-06
7.344299799995497e+00	1.932401350000000e-06
7.375552700017579e+00	1.924503290000000e-06
7.406875299988315e+00	1.907743580000000e-06
7.453760099946521e+00	1.913907910000000e-06
7.502853999962099e+00	1.889250260000000e-06
7.549566900008358e+00	1.879040380000000e-06
7.597484400030226e+00	1.883471100000000e-06
7.659813800011761e+00	1.854960370000000e-06
7.690727700013667e+00	1.850337070000000e-06
7.722044799942523e+00	1.841475520000000e-06
7.754155499977060e+00	1.834347930000000e-06
7.799779699998908e+00	1.836852330000000e-06
7.847258099936880e+00	1.843209470000000e-06
7.894379299948923e+00	1.848603230000000e-06
7.926107799983583e+00	1.859198510000000e-06
7.957350299926475e+00	1.878654980000000e-06
7.987666600034572e+00	1.898689560000000e-06
8.019495200016536e+00	1.916219620000000e-06
8.051737700006925e+00	1.938373090000000e-06
8.098533999989741e+00	1.967076510000000e-06
8.160798899945803e+00	1.975167380000000e-06
8.207206599996425e+00	1.995009140000000e-06
8.253696999978274e+00	2.012924600000000e-06
8.285412900033407e+00	2.009842550000000e-06
8.316838399972767e+00	2.013310000000000e-06
8.347635800018907e+00	2.013310000000000e-06
8.410916100023314e+00	2.003870800000000e-06
8.455386999994516e+00	2.000210540000000e-06
8.502405300037935e+00	1.991734510000000e-06
8.549237599945627e+00	1.985762760000000e-06
8.580696200020611e+00	1.976708520000000e-06
8.611678499961272e+00	1.969773390000000e-06
8.658732499927282e+00	1.955711010000000e-06
8.705378999933600e+00	1.946271370000000e-06
8.752481000032276e+00	1.926814780000000e-06
8.799963199999183e+00	1.907165710000000e-06
8.861383100040257e+00	1.877884530000000e-06
8.892347699962556e+00	1.876728560000000e-06
8.923567799967714e+00	1.864207090000000e-06
8.955172099987976e+00	1.846484220000000e-06
9.001702200039290e+00	1.828376180000000e-06
9.062909799977206e+00	1.804874050000000e-06
9.094739199965261e+00	1.794086300000000e-06
9.126329299993813e+00	1.775592860000000e-06
9.157399000017904e+00	1.769813710000000e-06
9.188726900028996e+00	1.762686000000000e-06
9.220591399935074e+00	1.748238110000000e-06
9.251688499934971e+00	1.721075820000000e-06
9.297701300005428e+00	1.711058640000000e-06
9.344811299932189e+00	1.681970160000000e-06
9.375600800034590e+00	1.665980900000000e-06
9.407146899960935e+00	1.642093710000000e-06
9.453801100025885e+00	1.635736570000000e-06
9.485209399950691e+00	1.609730250000000e-06
9.516644999966957e+00	1.597016080000000e-06
9.547437799978070e+00	1.583916630000000e-06
9.595258399960585e+00	1.557524910000000e-06
9.626705299946479e+00	1.538453600000000e-06
9.656839899951592e+00	1.519960160000000e-06
9.703595899976790e+00	1.492412710000000e-06
9.749559600022621e+00	1.478735380000000e-06
9.780753499944694e+00	1.455811230000000e-06
9.811887199990451e+00	1.440592770000000e-06
9.858738399925642e+00	1.415742190000000e-06
9.905816899961792e+00	1.394744570000000e-06
9.952503000036813e+00	1.371820530000000e-06
9.999767799978144e+00	1.354675530000000e-06
1.004691669996828e+01	1.343502390000000e-06
1.007928249996621e+01	1.331366090000000e-06
1.011173679993954e+01	1.312102090000000e-06
1.015725699998438e+01	1.292067510000000e-06
1.020452259993181e+01	1.252191280000000e-06
1.025154790002853e+01	1.222717510000000e-06
1.029863780003507e+01	1.184382090000000e-06
1.034552149998490e+01	1.166852030000000e-06
1.037609119992703e+01	1.147202620000000e-06
1.040854630002286e+01	1.117343690000000e-06
1.045269479998387e+01	1.091144670000000e-06
1.049837069993373e+01	1.063211930000000e-06
1.054662539996207e+01	1.052038670000000e-06
1.059409569995478e+01	1.027188320000000e-06
1.062538959993981e+01	1.014474040000000e-06
1.065645100001711e+01	1.003686290000000e-06
1.068732849997468e+01	9.950175580000000e-07
1.071831409994047e+01	9.819181059999999e-07
1.074961699999403e+01	9.684332549999999e-07
1.079616459994577e+01	9.555265020000000e-07
1.085859920002986e+01	9.266303780000000e-07
1.090545219997875e+01	9.069812560000000e-07
1.095216450002044e+01	8.990830340000000e-07
1.098428700002842e+01	8.952303010000000e-07
1.101482000004034e+01	8.834791740000000e-07
1.106135620002169e+01	8.680681280000000e-07
1.110835029999726e+01	8.534273660000000e-07
1.115456339996308e+01	8.312738369999999e-07
1.120178559992928e+01	8.120098300000000e-07
1.124768599995878e+01	7.987178490000000e-07
1.127874670003075e+01	7.885079750000000e-07
1.130983699997887e+01	7.750231820000000e-07
1.135713619994931e+01	7.571077280000000e-07
1.140343229996506e+01	7.415038680000000e-07
1.145082070003264e+01	7.291749850000000e-07
1.149862209998537e+01	7.164607040000000e-07
1.154507879994344e+01	7.128005560000000e-07
1.157645159994718e+01	7.045169920000000e-07
1.160639500000980e+01	6.727160550000000e-07
1.173719599994365e+01	6.688390500000000e-07
1.176639320002869e+01	6.641174650000000e-07
1.179712220001966e+01	6.581867640000000e-07
1.185974949994124e+01	6.419300580000000e-07
1.190505229996052e+01	6.298575390000000e-07
1.195181290002074e+01	6.111632730000000e-07
1.199694520002231e+01	6.074205880000000e-07
1.202901930001099e+01	6.017201600000000e-07
1.205970929993782e+01	5.894748370000000e-07
1.210662590002175e+01	5.771911450000000e-07
1.215368139999919e+01	5.660590430000001e-07
1.220044119993690e+01	5.544855530000001e-07
1.224764910002705e+01	5.536409730000000e-07
1.229462159995455e+01	5.403016420000000e-07
1.232509769999888e+01	5.332001930000000e-07
1.235588439996354e+01	5.218953450000000e-07
1.240249709994532e+01	5.063295700000000e-07
1.244867099996191e+01	4.913204630000000e-07
1.249483420001343e+01	4.861958020000000e-07
1.252602869994007e+01	4.789791320000000e-07
1.255680399993435e+01	4.670985160000000e-07
1.260399720002897e+01	4.606687870000000e-07
1.263538590003736e+01	4.566765880000000e-07
1.266660719993524e+01	4.486153950000000e-07
1.269719209999312e+01	4.430109470000000e-07
1.274472670000978e+01	4.366579840000000e-07
1.277541240002029e+01	4.309384000000000e-07
1.280580610001925e+01	4.238368940000000e-07
1.285272880003322e+01	4.129734920000000e-07
1.289974879997317e+01	4.065053640000000e-07
1.293082689994480e+01	3.999220440000000e-07
1.296268250001594e+01	3.891738340000000e-07
1.300973829999566e+01	3.751627280000000e-07
1.305503049993422e+01	3.633205100000000e-07
1.310232399997767e+01	3.481385990000000e-07
1.314878909999970e+01	3.361620030000000e-07
1.319555529998615e+01	3.318627360000000e-07
1.322675249993335e+01	3.247036200000000e-07
1.325769450003281e+01	3.151261860000000e-07
1.330506799998693e+01	3.075832350000000e-07
1.335332230001222e+01	2.957601740000000e-07
1.339772489992902e+01	2.910962000000000e-07
1.345973450003657e+01	2.767396270000000e-07
1.350556570000481e+01	2.700795680000000e-07
1.353653599997051e+01	2.658954370000000e-07
1.356851000001188e+01	2.592545630000000e-07
1.360175269993488e+01	2.529016000000000e-07
1.366161740000825e+01	2.465486380000000e-07
1.370873860002030e+01	2.400228990000000e-07
1.375568990001921e+01	2.343033290000000e-07
1.380325560003985e+01	2.309636930000000e-07
1.383461709995754e+01	2.280463040000000e-07
1.386688789993059e+01	2.238429890000000e-07
1.389872709999327e+01	2.169333870000000e-07
1.394535139994696e+01	2.148797340000000e-07
1.399170300003607e+01	2.081812770000000e-07
1.402271489996929e+01	2.055709840000000e-07
1.405403210001532e+01	1.997938170000000e-07
1.410350079997443e+01	1.956096870000000e-07
1.413209650001954e+01	1.919245560000000e-07
1.416399199992884e+01	1.865312530000000e-07
1.419529339997098e+01	1.835370970000000e-07
1.422682500001974e+01	1.793337820000000e-07
1.425873609993141e+01	1.717524330000000e-07
1.430556749994867e+01	1.643054470000000e-07
1.435314070002642e+01	1.563786330000000e-07
1.439944509998895e+01	1.520985220000000e-07
1.442961089999881e+01	1.476648780000000e-07
1.446081710001454e+01	1.433655830000000e-07
1.450826659996528e+01	1.391622390000000e-07
1.455526619998273e+01	1.365135770000000e-07
1.460024199995678e+01	1.333083050000000e-07
1.464693659998011e+01	1.322334950000000e-07
1.470867970003746e+01	1.295080520000000e-07
1.473908999993000e+01	1.283180640000000e-07
1.476983619993553e+01	1.266866150000000e-07
1.480103470000904e+01	1.253238930000000e-07
1.484817070001736e+01	1.241915020000000e-07
1.490965129993856e+01	1.220034700000000e-07
1.495673129998613e+01	1.193355960000000e-07
1.500453369994648e+01	1.189901230000000e-07
1.503653990000021e+01	1.183951430000000e-07
1.506734039995354e+01	1.172819350000000e-07
1.509880859998520e+01	1.161495080000000e-07
1.514662899996620e+01	1.150171090000000e-07
1.519339289993513e+01	1.130210090000000e-07
1.522390929993708e+01	1.115047400000000e-07
1.525492129998747e+01	1.095662230000000e-07
1.530295389995445e+01	1.093359000000000e-07
1.533378520002589e+01	1.092399420000000e-07
1.536490369995590e+01	1.082226930000000e-07
1.541200180002488e+01	1.079155960000000e-07
1.545876890001819e+01	1.079923710000000e-07
1.550598010001704e+01	1.075509390000000e-07
1.555253290000837e+01	1.072246500000000e-07
1.559950529993512e+01	1.062841760000000e-07
1.563031000003684e+01	1.053437020000000e-07
1.566229479992762e+01	1.041345290000000e-07
1.570886709995102e+01	1.010636130000000e-07
1.575477120000869e+01	9.557432890000000e-08
1.580185229994822e+01	8.987393580000000e-08
1.584836169995833e+01	8.639993609999999e-08
1.589483799994923e+01	8.054599480000000e-08
1.592598129995167e+01	7.643863140000001e-08
1.595667039998807e+01	7.071903950000000e-08
1.600370500003919e+01	6.423171330000001e-08
1.605078709998634e+01	5.880001910000000e-08
1.609838490001857e+01	5.269655290000000e-08
1.614572809997480e+01	5.048933010000000e-08
1.619308759993874e+01	4.659310090000000e-08
1.622424929996487e+01	4.444345340000000e-08
1.625434939994011e+01	4.171801040000000e-08
1.630181219999213e+01	3.795611650000000e-08
1.634847169998102e+01	3.482761810000000e-08
1.639571790001355e+01	3.308102590000000e-08
1.645672969997395e+01	2.926157090000000e-08
1.650294719997328e+01	2.795642470000000e-08
1.653377829992678e+01	2.693918690000000e-08
1.656471419997979e+01	2.571081300000000e-08
1.659793519997038e+01	2.513502120000000e-08
1.665967540000565e+01	2.200650680000000e-08
1.670571250002831e+01	2.120039260000000e-08
1.675485829997342e+01	1.958816220000000e-08
1.679989989998285e+01	1.935783980000000e-08
1.683126310002990e+01	1.897398150000000e-08
1.686329699994531e+01	1.789915770000000e-08
1.691205069993157e+01	1.651723560000000e-08
1.695736340002622e+01	1.542322540000000e-08
1.700398959999438e+01	1.354228460000000e-08
1.705077640002128e+01	1.319680100000000e-08
1.709878599992953e+01	1.239068580000000e-08
1.712929049995728e+01	1.202601490000000e-08
1.716074359999038e+01	1.194924070000000e-08
1.720675130002201e+01	1.187246660000000e-08
1.725391690002289e+01	1.152698290000000e-08
1.730123470001854e+01	1.185326680000000e-08
1.734956749994308e+01	1.162295770000000e-08
1.739522930001840e+01	1.200681510000000e-08
1.742675909993704e+01	1.214117610000000e-08
1.745703759999014e+01	1.187246660000000e-08
1.750297329993919e+01	1.246746000000000e-08
1.754897310002707e+01	1.336953570000000e-08
1.759797020000406e+01	1.383018060000000e-08
1.766016470000613e+01	1.484741840000000e-08
1.770679710002150e+01	1.525047640000000e-08
1.773801179998554e+01	1.574950840000000e-08
1.776851730002090e+01	1.622933960000000e-08
1.780007280001882e+01	1.678594510000000e-08
1.784683009993751e+01	1.745771350000000e-08
1.789477779995650e+01	1.801431890000000e-08
1.792646109999623e+01	1.860929900000000e-08
1.795742570003495e+01	1.943461390000000e-08
1.800410909997299e+01	1.989525880000000e-08
1.803485609998461e+01	2.039427650000000e-08
1.806601589999627e+01	2.085492310000000e-08
1.809953609993681e+01	2.200650680000000e-08
1.815968659997452e+01	2.250554050000000e-08
1.820581409998704e+01	2.396422260000000e-08
1.825237040000502e+01	2.419454500000000e-08
1.829889700002968e+01	2.490469870000000e-08
1.832973609992769e+01	2.536532940000000e-08
1.836025459994562e+01	2.555726470000000e-08
1.840693509997800e+01	2.609468550000000e-08
1.845473679993302e+01	2.747659170000000e-08
1.850155739998445e+01	2.935753150000000e-08
1.854777039994951e+01	3.014445940000000e-08
1.859579049993772e+01	3.192943860000000e-08
1.862777040002402e+01	3.281233060000000e-08
1.865874909993727e+01	3.438617210000000e-08
1.870499170001131e+01	3.603679130000000e-08
1.875270289997570e+01	3.876224500000000e-08
1.879873529996257e+01	4.152607500000000e-08
1.886009600001853e+01	4.350297540000000e-08
1.890778909996152e+01	4.517279350000000e-08
1.893856209993828e+01	4.578697240000000e-08
1.897001689998433e+01	4.642035380000000e-08
1.900174690003041e+01	4.691938570000000e-08
1.904767909995280e+01	4.690018680000000e-08
1.909408640000038e+01	4.691938570000000e-08
1.912523340003099e+01	4.701534810000000e-08
1.915645190002397e+01	4.572940070000000e-08
1.920371209993027e+01	4.394442140000000e-08
1.923504980001599e+01	4.112301610000000e-08
1.926580309995916e+01	3.688130690000000e-08
1.929717119992711e+01	3.419423680000000e-08
1.934384300000966e+01	2.945350630000000e-08
1.937543330003973e+01	2.644015500000000e-08
1.940715119999368e+01	2.162265030000000e-08
1.945361850003246e+01	1.816785300000000e-08
1.950034309993498e+01	1.555757300000000e-08
1.953225109993946e+01	1.384936790000000e-08
1.956265730003361e+01	1.227552460000000e-08
1.960956829995848e+01	1.162295770000000e-08
1.965607939998154e+01	1.162295770000000e-08
1.970283119997475e+01	1.356147110000000e-08
1.975009410001803e+01	1.686271920000000e-08
1.979764170001727e+01	1.991444520000000e-08
1.982941979996394e+01	2.371471200000000e-08
1.986050760000944e+01	2.931914440000000e-08
1.990589940000791e+01	3.849353550000000e-08
1.995338790002279e+01	4.824372010000000e-08
1.999986839992926e+01	5.878083090000000e-08
2.004595830000471e+01	6.407816500000000e-08
2.009266890003346e+01	7.611235020000000e-08
2.012302920001093e+01	8.403916500000001e-08
2.015446689992677e+01	9.722496230000000e-08
2.020037219999358e+01	1.100268680000000e-07
2.024696220003534e+01	1.176465930000000e-07
2.029481620003935e+01	1.302757650000000e-07
2.032673740002792e+01	1.392774180000000e-07
2.035809260001406e+01	1.507549850000000e-07
2.040497719997074e+01	1.610809900000000e-07
2.043690239998978e+01	1.713685550000000e-07
2.046856419998221e+01	1.813298810000000e-07
2.049970009992830e+01	1.958016040000000e-07
2.054575529997237e+01	2.051871060000000e-07
2.059310009994078e+01	2.257047240000000e-07
2.062433349993080e+01	2.398693650000000e-07
2.065512010001112e+01	2.625366160000000e-07
2.070185439998750e+01	2.804823110000000e-07
2.073298259999137e+01	3.004817020000000e-07
2.076790450001135e+01	3.240702710000000e-07
2.079654400004074e+01	3.377166990000000e-07
2.085866030002944e+01	3.737616230000000e-07
2.090537259995472e+01	3.872161470000000e-07
2.095150890003424e+01	4.019949240000000e-07
2.099696549994405e+01	4.094995350000000e-07
2.102886680001393e+01	4.125320740000000e-07
2.106084059993736e+01	4.177334460000000e-07
2.111031459993683e+01	4.229731870000000e-07
2.115456920000724e+01	4.300555360000000e-07
2.120189010002650e+01	4.383470300000000e-07
2.124872329994105e+01	4.511297500000000e-07
2.129583409999032e+01	4.556785600000000e-07
2.132749579998199e+01	4.619547270000000e-07
2.135871489997953e+01	4.733171290000000e-07
2.140525159996469e+01	4.875393530000000e-07
2.145178110001143e+01	5.018959539999999e-07
2.149875599995721e+01	5.193426200000000e-07
2.154534259997308e+01	5.292079660000000e-07
2.157868139992934e+01	5.449464310000000e-07
2.160869040002581e+01	5.548117770000000e-07
2.164045489998534e+01	5.683238560000000e-07
2.167295129992999e+01	5.841774850000000e-07
2.170290329994168e+01	6.010100150000000e-07
2.174849909998011e+01	6.196274850000000e-07
2.179566559998784e+01	6.272088060000000e-07
2.185834379994776e+01	6.511812100000000e-07
2.190493079996668e+01	6.623516810000000e-07
2.193674349994399e+01	6.739444420000000e-07
2.196849410003051e+01	6.843088160000000e-07
2.199974619993009e+01	6.971106930000000e-07
2.206375770003069e+01	7.146149980000000e-07
2.211009790003300e+01	7.357851930000000e-07
2.215530580002815e+01	7.578574350000001e-07
2.220213799993508e+01	7.743636270000000e-07
2.223328449996188e+01	7.887970240000000e-07
2.226398019993212e+01	8.049577790000000e-07
2.229545710003003e+01	8.126541500000000e-07
2.232651899999473e+01	8.259551690000000e-07
2.235793169995304e+01	8.435745260000000e-07
2.240503889997490e+01	8.961934550000000e-07
2.253056059998926e+01	8.986976350000000e-07
2.256394629995339e+01	9.004315300000000e-07
2.259464579995256e+01	9.096782490000000e-07
2.262553860002663e+01	9.152645930000000e-07
2.265733670000918e+01	9.204660500000000e-07
2.270420829998329e+01	9.360699100000000e-07
2.275043320003897e+01	9.472428250000000e-07
2.279613349994179e+01	9.574526980000001e-07
2.282698330003768e+01	9.690112390000000e-07
2.285855599993374e+01	9.745975830000000e-07
2.290547639993019e+01	9.892384010000001e-07
2.295151719998103e+01	9.923205650000000e-07
2.299865299998783e+01	1.004071460000000e-06
2.306080580002163e+01	1.018134180000000e-06
2.310856810002588e+01	1.025839880000000e-06
2.313994060002733e+01	1.030848470000000e-06
2.317049920000136e+01	1.044140500000000e-06
2.320190460002050e+01	1.058588620000000e-06
2.324761530000251e+01	1.063597210000000e-06
2.329403689992614e+01	1.083631560000000e-06
2.332472869998310e+01	1.092878280000000e-06
2.335620219993871e+01	1.108096970000000e-06
2.340365250001196e+01	1.124471170000000e-06
2.343509169993922e+01	1.135066330000000e-06
2.346675449993927e+01	1.146624750000000e-06
2.349712089996319e+01	1.152018740000000e-06
2.354424099996686e+01	1.173016360000000e-06
2.357521399995312e+01	1.181299920000000e-06
2.360591409995686e+01	1.194784770000000e-06
2.365318220003974e+01	1.213277980000000e-06
2.369976350001525e+01	1.218864550000000e-06
2.373079139995389e+01	1.229074430000000e-06
2.376204990001861e+01	1.250072270000000e-06
2.380882030003704e+01	1.262401160000000e-06
2.385984269995242e+01	1.282243150000000e-06
2.390186909993645e+01	1.298810050000000e-06
2.394832950003911e+01	1.316725500000000e-06
2.399502369994298e+01	1.314221090000000e-06
2.402599719993304e+01	1.322119370000000e-06
2.405768049997278e+01	1.333677690000000e-06
2.410487000003923e+01	1.351207970000000e-06
2.415184209996369e+01	1.369123420000000e-06
2.419852320000064e+01	1.383764020000000e-06
2.426074980001431e+01	1.394744570000000e-06
2.430690760002472e+01	1.399175290000000e-06
2.433873640000820e+01	1.409963030000000e-06
2.437517280003522e+01	1.421906750000000e-06
2.440119280002546e+01	1.428456470000000e-06
2.444813389994670e+01	1.445216070000000e-06
2.449475429998711e+01	1.451187810000000e-06
2.452656849997584e+01	1.463709510000000e-06
2.455717669997830e+01	1.474111850000000e-06
2.460513079992961e+01	1.481046980000000e-06
2.463712159998249e+01	1.474689840000000e-06
2.466857169999275e+01	1.475653220000000e-06
2.469970899994951e+01	1.468910680000000e-06
2.474656749994028e+01	1.471800260000000e-06
2.479355279996525e+01	1.463709510000000e-06
2.482433979993220e+01	1.468718100000000e-06
2.485525489994325e+01	1.468718100000000e-06
2.490183520002756e+01	1.470259240000000e-06
2.493288939993363e+01	1.469874060000000e-06
2.496432989998721e+01	1.466021100000000e-06
2.499601989996154e+01	1.472570830000000e-06
2.505767959996592e+01	1.493375860000000e-06
2.510488080000505e+01	1.521116020000000e-06
2.515277879999485e+01	1.551745750000000e-06
2.519729099993128e+01	1.559451450000000e-06
2.522804850002285e+01	1.571972920000000e-06
2.525873659993522e+01	1.598364520000000e-06
2.530541379994247e+01	1.627645820000000e-06
2.535163539997302e+01	1.628223690000000e-06
2.539999890001491e+01	1.640167280000000e-06
2.546077679994050e+01	1.652303580000000e-06
2.550811900000554e+01	1.661935700000000e-06
2.553974269994069e+01	1.661935700000000e-06
2.557095660001505e+01	1.666366300000000e-06
2.560380629997235e+01	1.670411620000000e-06
2.564878049993422e+01	1.681970160000000e-06
2.569538409996312e+01	1.686786050000000e-06
2.574281930003781e+01	1.694491630000000e-06
2.577345320000313e+01	1.701426750000000e-06
2.580469629995059e+01	1.705664770000000e-06
2.583522949996404e+01	1.719342210000000e-06
2.586598300002515e+01	1.728010940000000e-06
2.589712169999257e+01	1.742844230000000e-06
2.594364039995708e+01	1.755365700000000e-06
2.597559369995724e+01	1.748623390000000e-06
2.600759339996148e+01	1.762878580000000e-06
2.605297209997661e+01	1.771547550000000e-06
2.609898889996111e+01	1.780986850000000e-06
2.612962599995080e+01	1.787729160000000e-06
2.616062039998360e+01	1.793123150000000e-06
2.620767499995418e+01	1.802947620000000e-06
2.625406609999482e+01	1.804296060000000e-06
2.630069389997516e+01	1.814120760000000e-06
2.634704409993719e+01	1.816432360000000e-06
2.639430369995534e+01	1.826257060000000e-06
2.642530879995320e+01	1.835311200000000e-06
2.645607479999308e+01	1.840705070000000e-06
2.650325549999252e+01	1.852070800000000e-06
2.655018140003085e+01	1.865170250000000e-06
2.659709629998542e+01	1.873838980000000e-06
2.665969699993730e+01	1.895992570000000e-06
2.670708289998583e+01	1.893295580000000e-06
2.673753129993565e+01	1.902349710000000e-06
2.676793460000772e+01	1.913330150000000e-06
2.679985499999020e+01	1.920457630000000e-06
2.686080010002479e+01	1.936061610000000e-06
2.690709929994773e+01	1.941455590000000e-06
2.695627490000334e+01	1.948197910000000e-06
2.700189299997874e+01	1.947234750000000e-06
2.703328259999398e+01	1.955325620000000e-06
2.706311839993577e+01	1.962260740000000e-06
2.711104270000942e+01	1.968617880000000e-06
2.715826329996344e+01	1.978635050000000e-06
2.720473829994444e+01	1.972085100000000e-06
2.725072749995161e+01	1.972085100000000e-06
2.729617500002496e+01	1.981524520000000e-06
2.732682399998885e+01	1.983450830000000e-06
2.735807209997438e+01	1.989615380000000e-06
2.740445429994725e+01	1.993853400000000e-06
2.744967869995162e+01	1.999632790000000e-06
2.751146559999324e+01	1.993660820000000e-06
2.755858069995884e+01	1.996743090000000e-06
2.760527199995704e+01	2.003870800000000e-06
2.763852959999349e+01	2.008493990000000e-06
2.766975000000093e+01	2.006567680000000e-06
2.769970350002404e+01	2.005411940000000e-06
2.774641599995084e+01	2.001944270000000e-06
2.780785420001484e+01	2.007916010000000e-06
2.785429449996445e+01	1.999825370000000e-06
2.790206210000906e+01	2.011769080000000e-06
2.793275699997321e+01	2.009649960000000e-06
2.796471480000764e+01	2.015621700000000e-06
2.800216060003731e+01	2.015429120000000e-06
2.805867930001114e+01	2.017548240000000e-06
2.810480209998786e+01	2.014658550000000e-06
2.815147589996923e+01	2.007338250000000e-06
2.819713929994032e+01	2.010998510000000e-06
2.822809200000484e+01	2.015814290000000e-06
2.825972750002984e+01	2.017355650000000e-06
2.830669019999914e+01	2.016777670000000e-06
2.835321820003446e+01	2.007916010000000e-06
2.840172289998736e+01	2.011961670000000e-06
2.844624299998395e+01	2.006374870000000e-06
2.849280609993730e+01	2.012539430000000e-06
2.852345340000466e+01	2.013310000000000e-06
2.855451579997316e+01	2.005797340000000e-06
2.860158319992479e+01	2.018703980000000e-06
2.864947059995029e+01	2.010805930000000e-06
2.869573579996359e+01	2.005411940000000e-06
2.874279309995472e+01	2.006760270000000e-06
2.877410969999619e+01	2.005026540000000e-06
2.880573799996637e+01	2.001173700000000e-06
2.883655509992968e+01	2.001173700000000e-06
2.886723740003072e+01	2.004063390000000e-06
2.889875900000334e+01	2.010035130000000e-06
2.894595259998459e+01	2.007530840000000e-06
2.899271519994363e+01	2.006760270000000e-06
2.902472280000802e+01	2.003100240000000e-06
2.905642010003794e+01	2.012539430000000e-06
2.910376139997970e+01	2.014080560000000e-06
2.913558310002554e+01	2.008879390000000e-06
2.917006849998143e+01	1.998862220000000e-06
2.919773739995435e+01	1.992890250000000e-06
2.926079560001381e+01	1.994431390000000e-06
2.930782230000477e+01	1.979212810000000e-06
2.935406569996849e+01	1.987881660000000e-06
2.940077880001627e+01	1.980176190000000e-06
2.943134449992795e+01	1.984221400000000e-06
2.946206009993330e+01	1.973626470000000e-06
2.950820419995580e+01	1.975745360000000e-06
2.955445509997662e+01	1.963609070000000e-06
2.960004719998688e+01	1.958600480000000e-06
2.964859510003589e+01	1.954555050000000e-06
2.969428079994395e+01	1.947427340000000e-06
2.972477840003558e+01	1.948775890000000e-06
2.975540989998262e+01	1.936639590000000e-06
2.980416109994985e+01	1.932593930000000e-06
2.984994899993762e+01	1.925081280000000e-06
2.989633469993714e+01	1.925851620000000e-06
2.994237679999787e+01	1.919109540000000e-06
2.997300290002022e+01	1.912944980000000e-06
3.000312729994766e+01	1.895414580000000e-06
3.003413169994019e+01	1.893295580000000e-06
3.006526499998290e+01	1.885975280000000e-06
3.009696260001510e+01	1.878269810000000e-06
3.016178460000083e+01	1.860739530000000e-06
3.020758509996813e+01	1.838971340000000e-06
3.025386769999750e+01	1.826835050000000e-06
3.030086970003322e+01	1.821826460000000e-06
3.033179139997810e+01	1.821055890000000e-06
3.036313269997481e+01	1.799672870000000e-06
3.039488719997462e+01	1.796975880000000e-06
3.042544190003537e+01	1.785032170000000e-06
3.045641079999041e+01	1.764997590000000e-06
3.050415369996335e+01	1.746889550000000e-06
3.055076479993295e+01	1.722809770000000e-06
3.059746299998369e+01	1.713948220000000e-06
3.062886629998684e+01	1.702967780000000e-06
3.066134610003792e+01	1.681777350000000e-06
3.070751129998825e+01	1.664439880000000e-06
3.075432900001761e+01	1.643442260000000e-06
3.080051680002362e+01	1.632846990000000e-06
3.084726129996125e+01	1.624370840000000e-06
3.090783739998005e+01	1.601254100000000e-06
3.093872390000615e+01	1.602217250000000e-06
3.096921360003762e+01	1.591429400000000e-06
3.100245759997051e+01	1.568312770000000e-06
3.104662859998643e+01	1.566771630000000e-06
3.109246459999122e+01	1.544618160000000e-06
3.112322569999378e+01	1.541150600000000e-06
3.115566149994265e+01	1.526317310000000e-06
3.120196299999952e+01	1.513410440000000e-06
3.123406739998609e+01	1.508979720000000e-06
3.126472969993483e+01	1.503200560000000e-06
3.131129380001221e+01	1.489715710000000e-06
3.135839589999523e+01	1.491064270000000e-06
3.140458830003627e+01	1.464865360000000e-06
3.145236280001700e+01	1.436161940000000e-06
3.149768469994888e+01	1.422677310000000e-06
3.152975360001437e+01	1.400908900000000e-06
3.156093219993636e+01	1.377021700000000e-06
3.160769680002704e+01	1.348896380000000e-06
3.165470860002097e+01	1.313258050000000e-06
3.170271059998777e+01	1.284362160000000e-06
3.174864120001439e+01	1.258548420000000e-06
3.179495230002794e+01	1.239862400000000e-06
3.182523489999585e+01	1.227726100000000e-06
3.185678689996712e+01	1.199985950000000e-06
3.190246080001816e+01	1.173401760000000e-06
3.196498589997645e+01	1.146047000000000e-06
3.199676909996197e+01	1.128131540000000e-06
3.205873889999930e+01	1.095575270000000e-06
3.210492880002130e+01	1.079008370000000e-06
3.213692489999812e+01	1.064752950000000e-06
3.216995859995950e+01	1.046259510000000e-06
3.219989169994369e+01	1.023142890000000e-06
3.226170179992914e+01	1.004264280000000e-06
3.230828400002792e+01	9.892384010000001e-07
3.235441949998494e+01	9.707449639999999e-07
3.240079500002321e+01	9.570675270000000e-07
3.243150129995774e+01	9.466648980000000e-07
3.246167210000567e+01	9.320243630000000e-07
3.250942689995281e+01	9.119898440000000e-07
3.255857320001815e+01	8.888731600000000e-07
3.260294519993477e+01	8.613255890000000e-07
3.265090230002534e+01	8.455291440000000e-07
3.269710330001544e+01	8.330076750000000e-07
3.272764139994979e+01	8.251095100000000e-07
3.275893719994929e+01	8.087350810000000e-07
3.280458039999940e+01	7.910122120000000e-07
3.285190330003388e+01	7.752157670000000e-07
3.289806279994082e+01	7.592267370000000e-07
3.296037350001279e+01	7.403479570000000e-07
3.300628800003324e+01	7.318719780000000e-07
3.303753570001572e+01	7.210839500000000e-07
3.306842239992693e+01	7.139565240000000e-07
3.309986580000259e+01	7.066360580000000e-07
3.316447329998482e+01	6.836178270000000e-07
3.328768039995339e+01	6.791074720000000e-07
3.331860639993101e+01	6.778215040000000e-07
3.334958589996677e+01	6.710845920000000e-07
3.339669800002594e+01	6.644245330000000e-07
3.345974790002219e+01	6.504134830000000e-07
3.350733029993717e+01	6.338497090000000e-07
3.355378640000708e+01	6.219690930000000e-07
3.358552840002812e+01	6.130633780000000e-07
3.361646900000051e+01	6.067871820000000e-07
3.366274880000856e+01	5.971137970000000e-07
3.370890399999917e+01	5.888222740000000e-07
3.375602530001197e+01	5.859816380000000e-07
3.380148769996595e+01	5.824309140000000e-07
3.384873740002513e+01	5.770568240000000e-07
3.388355909998063e+01	5.772295140000000e-07
3.391244799993001e+01	5.720857530000000e-07
3.395881530002225e+01	5.655024320000000e-07
3.400906489999034e+01	5.577867340000000e-07
3.405195130000357e+01	5.567503080000000e-07
3.409865369996987e+01	5.508964020000000e-07
3.414642410003580e+01	5.484396300000000e-07
3.417775819997769e+01	5.460404960000000e-07
3.420972970000003e+01	5.453110820000000e-07
3.425611059996299e+01	5.404551760000000e-07
3.430267899995670e+01	5.344285800000000e-07
3.434865549998358e+01	5.272310660000000e-07
3.439546319993678e+01	5.189971260000000e-07
3.445719510002527e+01	5.000725880000000e-07
3.448763680004049e+01	4.874241880000000e-07
3.451951659994666e+01	4.749485640000000e-07
3.455098189995624e+01	4.611102330000000e-07
3.459786620002706e+01	4.552562980000000e-07
3.466280129994266e+01	4.405350180000000e-07
3.470861219998915e+01	4.307272550000000e-07
3.475569270004053e+01	4.237600990000000e-07
3.478636000002734e+01	4.178870090000000e-07
3.481658809992950e+01	4.145089180000000e-07
3.486201229994185e+01	4.065053640000000e-07
3.490876449993812e+01	3.976572600000000e-07
3.495807839999907e+01	3.885596410000000e-07
3.500082009995822e+01	3.782336930000000e-07
3.504835159995127e+01	3.705179670000000e-07
3.508038659999147e+01	3.619577740000000e-07
3.511217290000059e+01	3.539157940000000e-07
3.515917669993360e+01	3.437817780000000e-07
3.520714980002958e+01	3.300393700000000e-07
3.525435129995458e+01	3.190991720000000e-07
3.530195470002946e+01	3.090035250000000e-07
3.534851529996376e+01	3.052032870000000e-07
3.538039549998939e+01	2.991957610000000e-07
3.541104579996318e+01	2.937640600000000e-07
3.545730290003121e+01	2.883323870000000e-07
3.550381160003599e+01	2.824976380000000e-07
3.555071039998438e+01	2.754729000000000e-07
3.559658859996125e+01	2.711927890000000e-07
3.565958530001808e+01	2.623638980000000e-07
3.568930550001096e+01	2.581989520000000e-07
3.572051250003278e+01	2.544754520000000e-07
3.575160660000984e+01	2.466637740000000e-07
3.579730119998567e+01	2.434584870000000e-07
3.585979280003812e+01	2.302343490000000e-07
3.590664519998245e+01	2.190446650000000e-07
3.595759120001458e+01	2.115784670000000e-07
3.598534679994918e+01	2.076438510000000e-07
3.601563589996658e+01	2.030566720000000e-07
3.604725229996257e+01	2.011949080000000e-07
3.609374000004027e+01	1.970491750000000e-07
3.612471400003415e+01	1.946500280000000e-07
3.615712280001026e+01	1.920013230000000e-07
3.620372520003002e+01	1.882010710000000e-07
3.625192229996901e+01	1.881626730000000e-07
3.628280279994942e+01	1.862433410000000e-07
3.631412899994757e+01	1.843816050000000e-07
3.634516999998596e+01	1.829229180000000e-07
3.637661199993454e+01	1.811571480000000e-07
3.640755969996098e+01	1.763204270000000e-07
3.645272299996577e+01	1.665318760000000e-07
3.649873380002100e+01	1.567049140000000e-07
3.654535289993510e+01	1.520793230000000e-07
3.657742829993367e+01	1.457647440000000e-07
3.660925989993848e+01	1.397764320000000e-07
3.665815819997806e+01	1.340568330000000e-07
3.670293879997917e+01	1.289706260000000e-07
3.674942210002337e+01	1.237692540000000e-07
3.679599729995243e+01	1.212357290000000e-07
3.685873560002074e+01	1.136927920000000e-07
3.688968959997874e+01	1.106602530000000e-07
3.692097089998424e+01	1.093550920000000e-07
3.695236070000101e+01	1.085297900000000e-07
3.699873939994723e+01	1.052861410000000e-07
3.706095850002021e+01	1.029061710000000e-07
3.710747659998015e+01	9.885637549999999e-08
3.715350739995483e+01	9.595819960000000e-08
3.718561499996576e+01	9.229228230000001e-08
3.721749700000510e+01	8.766669880000000e-08
3.724871399998665e+01	8.064196069999999e-08
3.729465549997985e+01	7.830038840000000e-08
3.732424250000622e+01	7.513349940000001e-08
3.735525879997294e+01	7.102613610000000e-08
3.740076809993479e+01	6.657328560000000e-08
3.744696880003903e+01	6.461558400000000e-08
3.747879359999206e+01	6.210126460000000e-08
3.750946880003903e+01	5.849292250000000e-08
3.755540890002158e+01	5.486540290000000e-08
3.760196390002966e+01	4.943370510000000e-08
3.764761949994136e+01	4.722646810000000e-08
3.769562919996679e+01	4.375250030000000e-08
3.774197430000640e+01	4.210186690000000e-08
3.777288229996338e+01	4.121897850000000e-08
3.780421239999123e+01	3.897336850000000e-08
3.785078269999940e+01	3.784096950000000e-08
3.789671020000242e+01	3.680453280000000e-08
3.794388819998130e+01	3.551857120000000e-08
3.797479390003718e+01	3.459729570000000e-08
3.800550309999380e+01	3.461649460000000e-08
3.805114829994272e+01	3.411746260000000e-08
3.808229099994060e+01	3.294667650000000e-08
3.811267019994557e+01	3.173750330000000e-08
3.816047130001243e+01	2.935753150000000e-08
3.820654449996073e+01	2.751497870000000e-08
3.825282860000152e+01	2.620984670000000e-08
3.829967859992757e+01	2.461680280000000e-08
3.834672639996279e+01	2.398342150000000e-08
3.837876370002050e+01	2.336924250000000e-08
3.840974469995126e+01	2.262070180000000e-08
3.845642770000268e+01	2.204489390000000e-08
3.850197209999897e+01	2.050943770000000e-08
3.854846219997853e+01	1.993364580000000e-08
3.859565859998111e+01	1.939622680000000e-08
3.865941840002779e+01	1.843656250000000e-08
3.868782250001095e+01	1.855172370000000e-08
3.871951289998833e+01	1.822544070000000e-08
3.875277070002630e+01	1.699706860000000e-08
3.879822270001750e+01	1.644046140000000e-08
3.884589340002276e+01	1.596063020000000e-08
3.889388979994692e+01	1.551918590000000e-08
3.892459329997655e+01	1.515451410000000e-08
3.895581730001140e+01	1.482823200000000e-08
3.898629529995378e+01	1.415646440000000e-08
3.901831539999694e+01	1.417565090000000e-08
3.904874340002425e+01	1.388775490000000e-08
3.909477329999208e+01	1.384936790000000e-08
3.912628979992587e+01	1.315841390000000e-08
3.915665349992923e+01	1.306245250000000e-08
3.920283179997932e+01	1.225632400000000e-08
3.924953179992735e+01	1.204520220000000e-08
3.928080359997693e+01	1.221793690000000e-08
3.931421819992829e+01	1.166134480000000e-08
3.935880639997777e+01	1.162295770000000e-08
3.940671320003457e+01	1.148859590000000e-08
3.945333499996923e+01	1.100876460000000e-08
3.949966500001028e+01	1.116231290000000e-08
3.954733840003610e+01	1.110473850000000e-08
3.957781749998685e+01	1.072086770000000e-08
3.960969269997440e+01	1.114312550000000e-08
3.965641269995831e+01	1.075925480000000e-08
3.970785469992552e+01	1.162295770000000e-08
3.975046030001249e+01	1.152698290000000e-08
3.979648260003887e+01	1.169973190000000e-08
3.985870189999696e+01	1.246746000000000e-08
3.988980919995811e+01	1.250584700000000e-08
3.992182489996776e+01	1.296647860000000e-08
3.995392430003267e+01	1.411807740000000e-08
4.000016009993851e+01	1.442517390000000e-08
4.004611130000558e+01	1.511612700000000e-08
4.009311020001769e+01	1.559596010000000e-08
4.012363209994510e+01	1.607579140000000e-08
4.015435870003421e+01	1.649804910000000e-08
4.018666410003789e+01	1.740012580000000e-08
4.021749890001956e+01	1.757286050000000e-08
4.024835320003331e+01	1.830221490000000e-08
4.029546819999814e+01	1.847494960000000e-08
4.034284539998043e+01	1.914671800000000e-08
4.037379590002820e+01	1.943461390000000e-08
4.040377959993202e+01	2.020234110000000e-08
4.045078029995784e+01	2.050943770000000e-08
4.048072839993984e+01	2.029831590000000e-08
4.051382919994649e+01	2.073976190000000e-08
4.055871869996190e+01	2.037509010000000e-08
4.060688189999200e+01	2.058621180000000e-08
4.065191579994280e+01	2.081653610000000e-08
4.069889809994493e+01	2.035588940000000e-08
4.074392919999082e+01	1.983767110000000e-08
4.077493249997497e+01	1.866688490000000e-08
4.080687740002759e+01	1.555757300000000e-08
4.085375649994239e+01	1.354228460000000e-08
4.090087829995900e+01	1.114312550000000e-08
4.096300909994170e+01	1.150779650000000e-08
4.100974699994549e+01	1.271696880000000e-08
4.105766890000086e+01	1.484741840000000e-08
4.108875480003189e+01	1.872446020000000e-08
4.111940920003690e+01	2.354197730000000e-08
4.115068520000204e+01	3.166072910000000e-08
4.119766249996610e+01	3.642066200000000e-08
4.125973459996749e+01	5.041255590000000e-08
4.130736570002045e+01	6.079611840000000e-08
4.135462619992904e+01	6.737941760000000e-08
4.138492059998680e+01	7.261918000000000e-08
4.141580029996112e+01	7.981665820000000e-08
4.144723719998728e+01	8.334821190000001e-08
4.149355889996514e+01	9.163971270000000e-08
4.152402509993408e+01	9.607335020000001e-08
4.155471429997124e+01	1.049982290000000e-07
4.160237879992928e+01	1.167061110000000e-07
4.164917560003232e+01	1.242298990000000e-07
4.168223169993144e+01	1.348053900000000e-07
4.171171659999527e+01	1.473769800000000e-07
4.175766050000675e+01	1.641902680000000e-07
4.180372309999075e+01	1.848806190000000e-07
4.185077949997503e+01	2.076054810000000e-07
4.189768309995998e+01	2.205225370000000e-07
4.194534049998038e+01	2.451283190000000e-07
4.197728989995085e+01	2.597727760000000e-07
4.200863419997040e+01	2.805015240000000e-07
4.205414190003648e+01	3.000402840000000e-07
4.210078560002148e+01	3.199052970000000e-07
4.214701389998663e+01	3.277170040000000e-07
4.219498739996925e+01	3.490791020000000e-07
4.222460760001559e+01	3.637619270000000e-07
4.225661989999935e+01	3.840300450000000e-07
4.228873709996697e+01	4.096722530000000e-07
4.231952619994991e+01	4.372338080000000e-07
4.235079900000710e+01	4.763880950000000e-07
4.239718390000053e+01	4.917810660000000e-07
4.245980900002178e+01	5.370771990000000e-07
4.250754250003956e+01	5.629497080000000e-07
4.255743479996454e+01	5.802044710000000e-07
4.258512259996496e+01	5.951752660000000e-07
4.261583279992919e+01	6.175737890000000e-07
4.264765129995067e+01	6.292625020000000e-07
4.269665779999923e+01	6.503559010000000e-07
4.274279679998290e+01	6.703360780000000e-07
4.277392529998906e+01	6.848078440000000e-07
4.280504949996248e+01	7.025615790000000e-07
4.285149799997453e+01	7.110258480000000e-07
4.288277399993967e+01	7.234822869999999e-07
4.291432470001746e+01	7.425412040000000e-07
4.294481330004055e+01	7.534429760000000e-07
4.297623759997077e+01	7.658418330000000e-07
4.300747960002627e+01	7.875109990000000e-07
4.305298999999650e+01	8.142665140000000e-07
4.309973499993794e+01	8.390257450000000e-07
4.316175299999304e+01	9.220071320000000e-07
4.327035280002747e+01	9.293273710000000e-07
4.330187850003131e+01	9.433901480000000e-07
4.333323400001973e+01	9.574526980000001e-07
4.336430479993578e+01	9.682404420000001e-07
4.339542760001495e+01	9.792211129999999e-07
4.345669839996845e+01	1.001567280000000e-06
4.350299249996897e+01	1.024298740000000e-06
4.355093249992933e+01	1.048378520000000e-06
4.361277110001538e+01	1.078430390000000e-06
4.364476479997393e+01	1.102125000000000e-06
4.367755549994763e+01	1.118306840000000e-06
4.370872180000879e+01	1.147395210000000e-06
4.375517090002540e+01	1.175713350000000e-06
4.380198250000831e+01	1.201527080000000e-06
4.384823450003751e+01	1.223488080000000e-06
4.391111650003586e+01	1.237550580000000e-06
4.394281359994784e+01	1.252191280000000e-06
4.397469309996814e+01	1.264134880000000e-06
4.400511979998555e+01	1.270299440000000e-06
4.405512599996291e+01	1.294379440000000e-06
4.409966359997634e+01	1.305744950000000e-06
4.414560629997868e+01	1.311909500000000e-06
4.419357480003964e+01	1.332329360000000e-06
4.422490679996554e+01	1.336952660000000e-06
4.425565029995050e+01	1.355831270000000e-06
4.430297800002154e+01	1.379911280000000e-06
4.434982849995140e+01	1.396093130000000e-06
4.439677979995031e+01	1.402257450000000e-06
4.445973190001678e+01	1.440977940000000e-06
4.450618359993678e+01	1.454848190000000e-06
4.453656989999581e+01	1.474304670000000e-06
4.456739849993028e+01	1.491642250000000e-06
4.459845359995961e+01	1.507053300000000e-06
4.466579290002119e+01	1.517648460000000e-06
4.470785270002671e+01	1.539031470000000e-06
4.475447169994004e+01	1.547315150000000e-06
4.480089449998923e+01	1.559066050000000e-06
4.483176860003732e+01	1.565423190000000e-06
4.486273860000074e+01	1.571972920000000e-06
4.491019039996900e+01	1.581027050000000e-06
4.495676309999544e+01	1.602217250000000e-06
4.500299139996059e+01	1.606070210000000e-06
4.504848949995358e+01	1.616857960000000e-06
4.510999599995557e+01	1.624370840000000e-06
4.514013690000866e+01	1.619940120000000e-06
4.517212509992532e+01	1.630727980000000e-06
4.520475769997574e+01	1.636699720000000e-06
4.525096269999631e+01	1.652111000000000e-06
4.529670649999753e+01	1.656156430000000e-06
4.534329560003243e+01	1.659816580000000e-06
4.537523160001729e+01	1.672530630000000e-06
4.540641840000171e+01	1.680814190000000e-06
4.543799869995564e+01	1.694299040000000e-06
4.546947050001472e+01	1.693528470000000e-06
4.550158289994579e+01	1.710288070000000e-06
4.555052519997116e+01	1.725121360000000e-06
4.559616529999766e+01	1.725699350000000e-06
4.565951509994920e+01	1.754209850000000e-06
4.570721699995920e+01	1.764034440000000e-06
4.573876700003166e+01	1.768657970000000e-06
4.576956429996062e+01	1.779445710000000e-06
4.580081809998956e+01	1.787536580000000e-06
4.584726329997648e+01	1.803140440000000e-06
4.589412259997334e+01	1.809690160000000e-06
4.592584129993338e+01	1.823174900000000e-06
4.595767999999225e+01	1.836466940000000e-06
4.600430509995203e+01	1.832228800000000e-06
4.603559029998723e+01	1.848025250000000e-06
4.606667989993002e+01	1.852455970000000e-06
4.609755199996289e+01	1.858235350000000e-06
4.614450539997779e+01	1.873838980000000e-06
4.617655680002645e+01	1.881737150000000e-06
4.620711670001037e+01	1.890020830000000e-06
4.625284700002521e+01	1.897341010000000e-06
4.629991409997456e+01	1.902542290000000e-06
4.633208870003000e+01	1.909284720000000e-06
4.636304860003293e+01	1.911211260000000e-06
4.639406109997071e+01	1.912174410000000e-06
4.642482299997937e+01	1.926236790000000e-06
4.645677199994680e+01	1.925851620000000e-06
4.650397449999582e+01	1.929897280000000e-06
4.655046039994340e+01	1.940877610000000e-06
4.659930390003137e+01	1.949161060000000e-06
4.662861080002040e+01	1.946078780000000e-06
4.666269090003334e+01	1.957829910000000e-06
4.670849749993067e+01	1.968617880000000e-06
4.675566050002817e+01	1.967654500000000e-06
4.680206929997075e+01	1.967847310000000e-06
4.684945280000102e+01	1.971699930000000e-06
4.689569509995636e+01	1.980946760000000e-06
4.692786129994784e+01	1.987688850000000e-06
4.695871419995092e+01	1.988074250000000e-06
4.700480809994042e+01	1.987881660000000e-06
4.705119729996659e+01	1.992890250000000e-06
4.709646000002977e+01	1.984799380000000e-06
4.715889550000429e+01	2.002329670000000e-06
4.720551220001653e+01	1.997513660000000e-06
4.723641379992478e+01	2.003100240000000e-06
4.726784640003461e+01	2.012154250000000e-06
4.729887409997173e+01	2.003485410000000e-06
4.734478559996933e+01	2.009649960000000e-06
4.737557229993399e+01	2.005219360000000e-06
4.740609790000599e+01	2.010227940000000e-06
4.745208289998118e+01	2.004641370000000e-06
4.749914900003932e+01	2.016392270000000e-06
4.753034930001013e+01	2.016970260000000e-06
4.756161570001859e+01	2.007338250000000e-06
4.760767359996680e+01	2.020437710000000e-06
4.765493119996972e+01	2.009264560000000e-06
4.770322759996634e+01	2.021400860000000e-06
4.774978740001097e+01	2.011769080000000e-06
4.779740459995810e+01	2.010613120000000e-06
4.782849580002949e+01	2.016970260000000e-06
4.785975199996028e+01	2.001751680000000e-06
4.790586689999327e+01	2.004255980000000e-06
4.795507689996157e+01	2.000981110000000e-06
4.799974549992476e+01	2.005219360000000e-06
4.804575699998531e+01	2.007723420000000e-06
4.809210929996334e+01	2.003292820000000e-06
4.812361619994044e+01	1.991541920000000e-06
4.815861980000045e+01	1.992697660000000e-06
4.820299519994296e+01	1.991927090000000e-06
4.824724009993952e+01	1.991734510000000e-06
4.829292539996095e+01	1.979212810000000e-06
4.832454860000871e+01	1.977479090000000e-06
4.835553990001790e+01	1.976708520000000e-06
4.840341739996802e+01	1.973626470000000e-06
4.843688519997522e+01	1.966305940000000e-06
4.846575289999600e+01	1.966113360000000e-06
4.849772300000768e+01	1.964572220000000e-06
4.855974349996541e+01	1.948775890000000e-06
4.860643389995676e+01	1.948390490000000e-06
4.865353020001203e+01	1.955711010000000e-06
4.870056979998481e+01	1.940685020000000e-06
4.873082089994568e+01	1.944537640000000e-06
4.876192610000726e+01	1.942996730000000e-06
4.880793100001756e+01	1.940685020000000e-06
4.885395919997245e+01	1.938951070000000e-06
4.889989110000897e+01	1.939721640000000e-06
4.894678669993300e+01	1.930667850000000e-06
4.899470010004006e+01	1.942418750000000e-06
4.902386780001689e+01	1.942611330000000e-06
4.905507779994514e+01	1.966691340000000e-06
4.910232960002031e+01	1.973819050000000e-06
4.914900710002985e+01	1.983836230000000e-06
4.919794640003238e+01	1.991927090000000e-06
4.925991339993197e+01	1.988652230000000e-06
4.930612590000965e+01	1.992505080000000e-06
4.933759599993937e+01	1.991156520000000e-06
4.936954819993116e+01	2.004833960000000e-06
4.940071940002963e+01	2.007145440000000e-06
4.944768360001035e+01	2.005219360000000e-06
4.950957120000385e+01	2.010805930000000e-06
4.955616839998402e+01	2.012732010000000e-06
4.960295410000253e+01	2.022364240000000e-06
4.963459869998042e+01	2.010805930000000e-06
4.966431719996035e+01	2.012924600000000e-06
4.970084179996047e+01	2.014465960000000e-06
4.975868830003310e+01	2.002714840000000e-06
4.980509359994903e+01	1.999825370000000e-06
4.985091139993165e+01	1.983258240000000e-06
4.989720569993369e+01	1.975552550000000e-06
4.992890249995980e+01	1.963994240000000e-06
4.995876439998392e+01	1.954940440000000e-06
5.000831860001199e+01	1.941840760000000e-06
5.005095810000785e+01	1.938565900000000e-06
5.009659019997343e+01	1.930860440000000e-06
5.015843239997048e+01	1.919879880000000e-06
5.028989479993470e+01	1.866326100000000e-06
5.031586119998246e+01	1.853804410000000e-06
5.034617309994064e+01	1.828761240000000e-06
5.039295140001923e+01	1.822404330000000e-06
5.042439189995639e+01	1.805644620000000e-06
5.045512049994431e+01	1.780023470000000e-06
5.050324699992780e+01	1.763841850000000e-06
5.053372269996908e+01	1.741302980000000e-06
5.056401259999257e+01	1.736487090000000e-06
5.059501459996682e+01	1.726084520000000e-06
5.062582019995898e+01	1.717223200000000e-06
5.065782329998910e+01	1.704316330000000e-06
5.070375119999517e+01	1.692180040000000e-06
5.075515710003674e+01	1.672916030000000e-06
5.080391999997664e+01	1.655963620000000e-06
5.082979089999571e+01	1.648065450000000e-06
5.086073590000160e+01	1.614353550000000e-06
5.090812469995581e+01	1.602795240000000e-06
5.095563240000047e+01	1.579100510000000e-06
5.100229979993310e+01	1.558102890000000e-06
5.104827909998130e+01	1.549626750000000e-06
5.111103669996373e+01	1.532866920000000e-06
5.114311279996764e+01	1.519382410000000e-06
5.117515879997518e+01	1.512061890000000e-06
5.120616920001339e+01	1.498769850000000e-06
5.125310959992930e+01	1.478927970000000e-06
5.129969030001666e+01	1.465057950000000e-06
5.134733839996625e+01	1.459663960000000e-06
5.140767540002707e+01	1.432501790000000e-06
5.143849079997744e+01	1.418439180000000e-06
5.147006720001809e+01	1.399367870000000e-06
5.150176879996434e+01	1.368738140000000e-06
5.154899879998993e+01	1.344272960000000e-06
5.159598789992742e+01	1.327898530000000e-06
5.165861889999360e+01	1.283784170000000e-06
5.170655749994330e+01	1.255080860000000e-06
5.173647909995634e+01	1.231964230000000e-06
5.176840029994491e+01	1.202875520000000e-06
5.180478979996406e+01	1.164155040000000e-06
5.186142450000625e+01	1.132562150000000e-06
5.190871089999564e+01	1.106555710000000e-06
5.195510679995641e+01	1.077659820000000e-06
5.200070750003215e+01	1.068027930000000e-06
5.203356829995755e+01	1.050112470000000e-06
5.206188379996456e+01	1.035279180000000e-06
5.210825729998760e+01	1.016207760000000e-06
5.215767129999585e+01	1.001181890000000e-06
5.220249389996752e+01	9.896235720000000e-07
5.224968360003550e+01	9.680479709999999e-07
5.229630909999833e+01	9.580306820000001e-07
5.232748500001617e+01	9.535999650000000e-07
5.235809769993648e+01	9.412710820000000e-07
5.240431819995865e+01	9.347214130000000e-07
5.244972459995188e+01	9.210439770000000e-07
5.249755850003567e+01	9.092928510000000e-07
5.255973259999882e+01	8.848276710000000e-07
5.261037599993870e+01	8.751957810000000e-07
5.264122280001175e+01	8.713428770000000e-07
5.267098039994016e+01	8.609404180000000e-07
5.270219370000996e+01	8.491892910000000e-07
5.274797829997260e+01	8.320443500000000e-07
5.279563439998310e+01	8.222198740000000e-07
5.285652379994281e+01	7.971767670000000e-07
5.290301839995664e+01	7.838845020000000e-07
5.293447680003010e+01	7.782979310000000e-07
5.296957059996203e+01	7.686660410000000e-07
5.299601340002846e+01	7.607678190000000e-07
5.305712310003582e+01	7.420817950000000e-07
5.310391149995849e+01	7.262854070000000e-07
5.314954599994235e+01	7.131857270000000e-07
5.321350069995970e+01	7.016274140000000e-07
5.324430829996709e+01	6.716987850000000e-07
5.335263660002965e+01	6.591848210000000e-07
5.338295899995137e+01	6.488588160000000e-07
5.341362709994428e+01	6.302029760000000e-07
5.345976370002609e+01	6.096277620000000e-07
5.350794319994748e+01	5.899546520000000e-07
5.353877420001663e+01	5.681318950000000e-07
5.356917379994411e+01	5.489962400000000e-07
5.360104859992862e+01	5.264056990000000e-07
5.364720599993598e+01	5.155422970000000e-07
5.369619990000501e+01	4.981724260000000e-07
5.375706410000566e+01	4.699774930000000e-07
5.380373899999540e+01	4.590565650000000e-07
5.383570439997129e+01	4.479820460000000e-07
5.386652739997953e+01	4.369650810000000e-07
5.389727249997668e+01	4.233186530000000e-07
5.394375019997824e+01	4.026667000000000e-07
5.397532830003183e+01	3.880414000000000e-07
5.400671520002652e+01	3.729555260000000e-07
5.405386200000066e+01	3.591555360000000e-07
5.410199009999633e+01	3.497124510000000e-07
5.413990269997157e+01	3.377742810000000e-07
5.416525339998771e+01	3.282736150000000e-07
5.421252069994807e+01	3.105389790000000e-07
5.425909039995167e+01	2.914992760000000e-07
5.430466669995803e+01	2.714614880000000e-07
5.435119549999945e+01	2.547441510000000e-07
5.439871949993540e+01	2.424028760000000e-07
5.443018090003170e+01	2.308677270000000e-07
5.446156780002639e+01	2.178162790000000e-07
5.450636160001159e+01	2.029223080000000e-07
5.455381429998670e+01	1.894870250000000e-07
5.460804820002522e+01	1.754375350000000e-07
5.464707840001211e+01	1.678945980000000e-07
5.469715749996249e+01	1.522712550000000e-07
5.472546280000824e+01	1.453232840000000e-07
5.475617409998085e+01	1.315041520000000e-07
5.480243889999110e+01	1.191820470000000e-07
5.484872380003799e+01	1.076277130000000e-07
5.490996169997379e+01	9.824218240000001e-08
5.495755599997938e+01	8.818493310000000e-08
5.500302449997980e+01	8.190871630000000e-08
5.503596809995361e+01	7.595880190000000e-08
5.506551510002464e+01	6.964421570000000e-08
5.509633570001461e+01	6.436606270000000e-08
5.514424619998317e+01	5.488459110000000e-08
5.517619659996126e+01	4.975998990000000e-08
5.520833419996779e+01	4.258169990000000e-08
5.525420700001996e+01	3.617115140000000e-08
5.530087539996020e+01	3.189105160000000e-08
5.533139479998499e+01	2.874335260000000e-08
5.536711590003688e+01	2.513502120000000e-08
5.539445100002922e+01	2.290859770000000e-08
5.542569389997516e+01	2.083572250000000e-08
5.545627720002085e+01	1.770722240000000e-08
5.550294539995957e+01	1.563434720000000e-08
5.554958550003357e+01	1.359985810000000e-08
5.559617299993988e+01	1.335034930000000e-08
5.562684909999371e+01	1.285131730000000e-08
5.566600059997290e+01	1.225632400000000e-08
5.570400769996922e+01	1.179569240000000e-08
5.575209139997605e+01	1.183407950000000e-08
5.580620739993174e+01	1.152698290000000e-08
5.584617419994902e+01	1.137343460000000e-08
5.589315749995876e+01	1.168053120000000e-08
5.592284809995908e+01	1.148859590000000e-08
5.595441729994491e+01	1.208358920000000e-08
5.600124080001842e+01	1.168053120000000e-08
5.604762670001946e+01	1.204520220000000e-08
5.610914089996368e+01	1.217956310000000e-08
5.615554890001658e+01	1.202601490000000e-08
5.620566460001282e+01	1.200681510000000e-08
5.623365069995634e+01	1.202601490000000e-08
5.626459089992568e+01	1.216036340000000e-08
5.629634589992929e+01	1.229471100000000e-08
5.634276659996249e+01	1.193004100000000e-08
5.637405879993457e+01	1.166134480000000e-08
5.640626720001455e+01	1.198762780000000e-08
5.645236879994627e+01	1.175730540000000e-08
5.649963330000173e+01	1.183407950000000e-08
5.653167749999557e+01	1.181487970000000e-08
5.656365020002704e+01	1.185326680000000e-08
5.659599880001042e+01	1.210278900000000e-08
5.665920729993377e+01	1.191085360000000e-08
5.670519689994399e+01	1.145020880000000e-08
5.675088369997684e+01	1.217956310000000e-08
5.679730149998795e+01	1.194924070000000e-08
5.682785549992695e+01	1.216036340000000e-08
5.685868649999611e+01	1.231391170000000e-08
5.690540759998839e+01	1.265939530000000e-08
5.695344159996603e+01	1.237148520000000e-08
5.699846549995709e+01	1.267858170000000e-08
5.704538349993527e+01	1.279374300000000e-08
5.709313709998969e+01	1.256342050000000e-08
5.712524139997549e+01	1.223713750000000e-08
5.715696699998807e+01	1.143102240000000e-08
5.720481849997304e+01	1.204520220000000e-08
5.725189389998559e+01	1.287051710000000e-08
5.729873419995420e+01	1.477064430000000e-08
5.734493269992527e+01	1.588385600000000e-08
5.740648340003099e+01	2.127716670000000e-08
5.743691039993428e+01	2.465518990000000e-08
5.746821720001753e+01	2.901206210000000e-08
5.749873909994494e+01	3.709242690000000e-08
5.754477559996303e+01	4.246653870000000e-08
5.757713979994878e+01	4.895387560000000e-08
5.760881160001736e+01	5.816663770000000e-08
5.766055409994442e+01	6.749457530000000e-08
5.770418140001129e+01	7.365561320000000e-08
5.773632779996842e+01	7.885699200000000e-08
5.776810829993337e+01	8.448061100000001e-08
5.779930249997415e+01	9.419242280000000e-08
5.785975199996028e+01	1.062458000000000e-07
5.790668839996215e+01	1.224449020000000e-07
5.795223339996301e+01	1.392966030000000e-07
5.799816019996069e+01	1.521369200000000e-07
5.802922919997945e+01	1.641710840000000e-07
5.805972669995390e+01	1.796216940000000e-07
5.810485370003153e+01	2.020970130000000e-07
5.815099899994675e+01	2.258390880000000e-07
5.819926180003677e+01	2.511550010000000e-07
5.825908430002164e+01	2.754345020000000e-07
5.830486869998276e+01	2.926892360000000e-07
5.833697339997161e+01	3.090611070000000e-07
5.836899869993795e+01	3.201932370000000e-07
5.839973389997613e+01	3.373327790000000e-07
5.844669919996522e+01	3.473324740000000e-07
5.849347059999127e+01	3.588868650000000e-07
5.852462239994202e+01	3.707674520000000e-07
5.855562320002355e+01	3.895576700000000e-07
5.860383050004020e+01	4.017454100000000e-07
5.863527219998650e+01	4.116683670000000e-07
5.866725739999674e+01	4.170233010000000e-07
5.870023449999280e+01	4.232034880000000e-07
5.874486750003416e+01	4.266390760000000e-07
5.877634760004003e+01	4.344507830000000e-07
5.880768349999562e+01	4.430301600000000e-07
5.885429639997892e+01	4.540854950000000e-07
5.890078839997295e+01	4.647953350000000e-07
5.893150780000724e+01	4.746030980000000e-07
5.896312249999028e+01	4.875585090000001e-07
5.900971889996435e+01	5.089207210000000e-07
5.905544190004002e+01	5.276148730000000e-07
5.910078209999483e+01	5.467890109999999e-07
5.914756069995929e+01	5.589959070000000e-07
5.920898400002625e+01	5.872291810000000e-07
5.923934440000448e+01	6.046951170000000e-07
5.927008249994833e+01	6.202992610000000e-07
5.930075619998388e+01	6.424866680000000e-07
5.934682460001204e+01	6.537530910000000e-07
5.939928539993707e+01	6.850764859999999e-07
5.945874559995718e+01	7.022929370000000e-07
5.950574459997006e+01	7.168030150000000e-07
5.953713289997540e+01	7.278775340000000e-07
5.956810789997689e+01	7.396621980000000e-07
5.959996240003966e+01	7.595847930000000e-07
5.964725849998649e+01	7.684521390000000e-07
5.971241199993528e+01	7.929810980000000e-07
5.975741159997415e+01	8.034414800000000e-07
5.980367870000191e+01	8.177404420000000e-07
5.983560009999201e+01	8.326727540000000e-07
5.986490879999474e+01	8.497355570000000e-07
5.989624769997317e+01	9.277862890000000e-07
6.000480729993433e+01	9.289422000000000e-07
6.003981719992589e+01	9.410784970000000e-07
6.006672110001091e+01	9.491693050000000e-07
6.011416929995175e+01	9.749829810000000e-07
