"Time differences (ps)"	"Normalized correlation g(2)"
-80000	1.1036841275278473
-79900	1.0746398083823776
-79800	0.8132409360731506
-79700	1.306994361546135
-79600	1.1617727658187866
-79500	1.045595489236908
-79400	1.2779500424006653
-79300	1.1617727658187866
-79200	1.0746398083823776
-79100	1.045595489236908
-79000	1.1036841275278473
-78900	1.1036841275278473
-78800	1.3360386806916047
-78700	1.4522159572734834
-78600	0.9003738935095597
-78500	0.9003738935095597
-78400	0.8132409360731506
-78300	0.958462531800499
-78200	1.1617727658187866
-78100	1.2779500424006653
-78000	0.9003738935095597
-77900	1.132728446673317
-77800	1.0165511700914382
-77700	1.132728446673317
-77600	0.9294182126550293
-77500	1.1036841275278473
-77400	1.219861404109726
-77300	1.1036841275278473
-77200	1.2779500424006653
-77100	0.9294182126550293
-77000	1.1908170849642563
-76900	1.306994361546135
-76800	0.9875068509459687
-76700	1.0746398083823776
-76600	1.132728446673317
-76500	1.0165511700914382
-76400	0.8422852552186203
-76300	1.045595489236908
-76200	0.9003738935095597
-76100	1.3360386806916047
-76000	0.9875068509459687
-75900	0.9875068509459687
-75800	1.0165511700914382
-75700	1.1908170849642563
-75600	0.9875068509459687
-75500	0.8132409360731506
-75400	1.1617727658187866
-75300	0.9003738935095597
-75200	1.4522159572734834
-75100	0.784196616927681
-75000	0.9875068509459687
-74900	1.5393489147098924
-74800	1.0746398083823776
-74700	0.9294182126550293
-74600	1.045595489236908
-74500	1.0746398083823776
-74400	1.045595489236908
-74300	1.0165511700914382
-74200	1.3360386806916047
-74100	1.045595489236908
-74000	1.4231716381280137
-73900	1.1908170849642563
-73800	1.1617727658187866
-73700	1.3360386806916047
-73600	1.0746398083823776
-73500	1.0746398083823776
-73400	1.219861404109726
-73300	0.697063659491272
-73200	1.0746398083823776
-73100	0.8422852552186203
-73000	1.1908170849642563
-72900	1.2489057232551957
-72800	0.9294182126550293
-72700	1.4231716381280137
-72600	1.2489057232551957
-72500	1.1617727658187866
-72400	1.0165511700914382
-72300	1.568393233855362
-72200	0.958462531800499
-72100	1.045595489236908
-72000	1.0165511700914382
-71900	0.9003738935095597
-71800	0.958462531800499
-71700	0.9875068509459687
-71600	1.4522159572734834
-71500	1.0165511700914382
-71400	1.1617727658187866
-71300	1.2779500424006653
-71200	1.0165511700914382
-71100	1.132728446673317
-71000	0.697063659491272
-70900	1.1036841275278473
-70800	0.9294182126550293
-70700	0.8132409360731506
-70600	1.219861404109726
-70500	0.958462531800499
-70400	1.3650829998370744
-70300	1.0746398083823776
-70200	0.9875068509459687
-70100	1.219861404109726
-70000	1.2489057232551957
-69900	1.045595489236908
-69800	1.0746398083823776
-69700	1.1908170849642563
-69600	1.132728446673317
-69500	1.1908170849642563
-69400	0.87132957436409
-69300	1.132728446673317
-69200	1.2489057232551957
-69100	0.958462531800499
-69000	1.1617727658187866
-68900	1.4522159572734834
-68800	1.219861404109726
-68700	1.4522159572734834
-68600	1.132728446673317
-68500	0.87132957436409
-68400	0.7551522977822114
-68300	1.0165511700914382
-68200	1.3360386806916047
-68100	0.9875068509459687
-68000	0.8422852552186203
-67900	1.306994361546135
-67800	0.9003738935095597
-67700	1.1617727658187866
-67600	1.132728446673317
-67500	1.1036841275278473
-67400	0.6389750212003327
-67300	0.8422852552186203
-67200	1.3360386806916047
-67100	1.0746398083823776
-67000	1.2489057232551957
-66900	1.2489057232551957
-66800	1.394127318982544
-66700	1.0746398083823776
-66600	1.1617727658187866
-66500	0.7551522977822114
-66400	1.219861404109726
-66300	1.1617727658187866
-66200	1.1036841275278473
-66100	1.132728446673317
-66000	1.1617727658187866
-65900	0.9875068509459687
-65800	1.0165511700914382
-65700	0.9294182126550293
-65600	0.958462531800499
-65500	0.9003738935095597
-65400	1.2779500424006653
-65300	1.0746398083823776
-65200	0.958462531800499
-65100	1.1617727658187866
-65000	1.3360386806916047
-64900	1.4231716381280137
-64800	1.1036841275278473
-64700	1.132728446673317
-64600	0.8422852552186203
-64500	1.132728446673317
-64400	1.394127318982544
-64300	1.0746398083823776
-64200	1.0165511700914382
-64100	1.1036841275278473
-64000	1.481260276418953
-63900	0.87132957436409
-63800	1.1908170849642563
-63700	1.219861404109726
-63600	1.3360386806916047
-63500	1.1036841275278473
-63400	1.1036841275278473
-63300	1.306994361546135
-63200	1.219861404109726
-63100	1.0746398083823776
-63000	1.045595489236908
-62900	0.958462531800499
-62800	0.8132409360731506
-62700	1.2779500424006653
-62600	1.1617727658187866
-62500	1.2489057232551957
-62400	0.8132409360731506
-62300	1.1617727658187866
-62200	1.4522159572734834
-62100	1.1036841275278473
-62000	1.3650829998370744
-61900	1.2489057232551957
-61800	1.1908170849642563
-61700	0.9294182126550293
-61600	0.87132957436409
-61500	0.958462531800499
-61400	1.0165511700914382
-61300	1.306994361546135
-61200	1.0746398083823776
-61100	1.132728446673317
-61000	0.9003738935095597
-60900	1.1617727658187866
-60800	0.9875068509459687
-60700	0.958462531800499
-60600	1.4231716381280137
-60500	1.0746398083823776
-60400	1.2489057232551957
-60300	1.394127318982544
-60200	0.958462531800499
-60100	1.132728446673317
-60000	0.9003738935095597
-59900	1.394127318982544
-59800	1.045595489236908
-59700	1.132728446673317
-59600	1.0746398083823776
-59500	1.0746398083823776
-59400	1.4231716381280137
-59300	1.132728446673317
-59200	1.3360386806916047
-59100	1.3360386806916047
-59000	0.8422852552186203
-58900	1.219861404109726
-58800	1.4522159572734834
-58700	1.1617727658187866
-58600	1.4231716381280137
-58500	1.0746398083823776
-58400	1.1036841275278473
-58300	1.0746398083823776
-58200	1.0165511700914382
-58100	0.9294182126550293
-58000	0.9003738935095597
-57900	1.306994361546135
-57800	1.2779500424006653
-57700	1.1908170849642563
-57600	1.5103045955644228
-57500	1.306994361546135
-57400	1.1036841275278473
-57300	1.0165511700914382
-57200	0.958462531800499
-57100	1.0746398083823776
-57000	0.958462531800499
-56900	0.958462531800499
-56800	1.4231716381280137
-56700	1.219861404109726
-56600	1.0746398083823776
-56500	1.1908170849642563
-56400	0.9294182126550293
-56300	0.6389750212003327
-56200	0.9003738935095597
-56100	0.8132409360731506
-56000	1.219861404109726
-55900	1.481260276418953
-55800	0.9294182126550293
-55700	1.2489057232551957
-55600	0.9875068509459687
-55500	0.9875068509459687
-55400	1.1617727658187866
-55300	1.3650829998370744
-55200	0.9003738935095597
-55100	0.9875068509459687
-55000	1.0746398083823776
-54900	1.3360386806916047
-54800	1.0746398083823776
-54700	1.219861404109726
-54600	1.1617727658187866
-54500	0.9875068509459687
-54400	1.1036841275278473
-54300	1.219861404109726
-54200	1.045595489236908
-54100	1.1617727658187866
-54000	1.4522159572734834
-53900	1.045595489236908
-53800	0.9875068509459687
-53700	1.1617727658187866
-53600	1.1617727658187866
-53500	1.0746398083823776
-53400	1.1617727658187866
-53300	0.9875068509459687
-53200	0.8422852552186203
-53100	0.87132957436409
-53000	0.9003738935095597
-52900	0.6389750212003327
-52800	0.6389750212003327
-52700	0.697063659491272
-52600	0.20331023401828766
-52500	0.46470910632751466
-52400	0.435664787182045
-52300	0.20331023401828766
-52200	0.05808863829093933
-52100	0.11617727658187867
-52000	0.11617727658187867
-51900	0.14522159572734833
-51800	0.11617727658187867
-51700	0.14522159572734833
-51600	0.174265914872818
-51500	0.261398872309227
-51400	0.4066204680365753
-51300	0.3775761488911057
-51200	0.49375342547298434
-51100	0.435664787182045
-51000	0.784196616927681
-50900	0.8422852552186203
-50800	1.0165511700914382
-50700	1.045595489236908
-50600	0.784196616927681
-50500	1.0165511700914382
-50400	0.784196616927681
-50300	1.1908170849642563
-50200	1.045595489236908
-50100	1.0746398083823776
-50000	1.394127318982544
-49900	1.045595489236908
-49800	1.045595489236908
-49700	1.0746398083823776
-49600	1.3650829998370744
-49500	1.0165511700914382
-49400	0.8422852552186203
-49300	1.394127318982544
-49200	1.1908170849642563
-49100	0.9875068509459687
-49000	1.219861404109726
-48900	1.0746398083823776
-48800	1.045595489236908
-48700	0.7261079786367417
-48600	1.132728446673317
-48500	1.2779500424006653
-48400	0.8132409360731506
-48300	1.0746398083823776
-48200	1.0746398083823776
-48100	1.2489057232551957
-48000	0.9003738935095597
-47900	1.045595489236908
-47800	1.1036841275278473
-47700	0.9875068509459687
-47600	1.045595489236908
-47500	1.0746398083823776
-47400	1.1036841275278473
-47300	0.9003738935095597
-47200	1.0165511700914382
-47100	0.9003738935095597
-47000	1.045595489236908
-46900	0.9003738935095597
-46800	0.958462531800499
-46700	1.1617727658187866
-46600	1.306994361546135
-46500	1.1908170849642563
-46400	0.8422852552186203
-46300	1.481260276418953
-46200	1.132728446673317
-46100	1.0165511700914382
-46000	1.3650829998370744
-45900	1.0165511700914382
-45800	1.132728446673317
-45700	1.306994361546135
-45600	1.4231716381280137
-45500	1.2489057232551957
-45400	0.87132957436409
-45300	1.1036841275278473
-45200	0.7551522977822114
-45100	1.5393489147098924
-45000	1.219861404109726
-44900	1.132728446673317
-44800	1.1908170849642563
-44700	0.8422852552186203
-44600	0.697063659491272
-44500	0.8422852552186203
-44400	1.0165511700914382
-44300	1.2779500424006653
-44200	0.7551522977822114
-44100	1.132728446673317
-44000	0.8132409360731506
-43900	1.1617727658187866
-43800	1.1908170849642563
-43700	0.7551522977822114
-43600	0.8132409360731506
-43500	1.1908170849642563
-43400	1.045595489236908
-43300	0.8132409360731506
-43200	1.1908170849642563
-43100	1.045595489236908
-43000	1.306994361546135
-42900	1.132728446673317
-42800	0.8422852552186203
-42700	1.045595489236908
-42600	1.045595489236908
-42500	1.2489057232551957
-42400	1.1908170849642563
-42300	1.1036841275278473
-42200	0.87132957436409
-42100	0.958462531800499
-42000	1.0165511700914382
-41900	0.9294182126550293
-41800	0.9003738935095597
-41700	0.958462531800499
-41600	1.132728446673317
-41500	0.8132409360731506
-41400	1.0165511700914382
-41300	1.3650829998370744
-41200	1.2779500424006653
-41100	0.9875068509459687
-41000	1.394127318982544
-40900	1.306994361546135
-40800	1.045595489236908
-40700	1.1617727658187866
-40600	1.4231716381280137
-40500	0.8422852552186203
-40400	1.132728446673317
-40300	0.87132957436409
-40200	1.5393489147098924
-40100	1.4231716381280137
-40000	1.3360386806916047
-39900	1.2489057232551957
-39800	0.9003738935095597
-39700	1.4231716381280137
-39600	1.219861404109726
-39500	1.1617727658187866
-39400	1.1908170849642563
-39300	1.1617727658187866
-39200	1.4522159572734834
-39100	1.045595489236908
-39000	1.1617727658187866
-38900	0.958462531800499
-38800	0.784196616927681
-38700	0.87132957436409
-38600	1.132728446673317
-38500	0.697063659491272
-38400	1.219861404109726
-38300	1.3360386806916047
-38200	1.306994361546135
-38100	0.9294182126550293
-38000	1.0165511700914382
-37900	1.132728446673317
-37800	1.3650829998370744
-37700	1.3360386806916047
-37600	1.0165511700914382
-37500	1.1617727658187866
-37400	1.1617727658187866
-37300	0.7261079786367417
-37200	1.0165511700914382
-37100	0.9003738935095597
-37000	1.1036841275278473
-36900	0.8422852552186203
-36800	1.0746398083823776
-36700	0.8132409360731506
-36600	0.9875068509459687
-36500	1.219861404109726
-36400	0.8422852552186203
-36300	0.784196616927681
-36200	1.2779500424006653
-36100	0.87132957436409
-36000	0.9294182126550293
-35900	1.4231716381280137
-35800	1.1036841275278473
-35700	0.8422852552186203
-35600	0.87132957436409
-35500	1.132728446673317
-35400	1.1036841275278473
-35300	1.1908170849642563
-35200	1.1617727658187866
-35100	1.0165511700914382
-35000	1.219861404109726
-34900	0.958462531800499
-34800	1.0165511700914382
-34700	1.132728446673317
-34600	1.2489057232551957
-34500	1.2489057232551957
-34400	1.3360386806916047
-34300	1.1908170849642563
-34200	0.9003738935095597
-34100	1.1036841275278473
-34000	1.1036841275278473
-33900	1.1036841275278473
-33800	1.2489057232551957
-33700	0.9294182126550293
-33600	1.1617727658187866
-33500	1.1617727658187866
-33400	0.784196616927681
-33300	1.0165511700914382
-33200	1.045595489236908
-33100	1.1617727658187866
-33000	1.306994361546135
-32900	1.219861404109726
-32800	0.697063659491272
-32700	1.1908170849642563
-32600	1.568393233855362
-32500	1.0165511700914382
-32400	1.045595489236908
-32300	1.045595489236908
-32200	1.045595489236908
-32100	0.9003738935095597
-32000	1.2779500424006653
-31900	1.3650829998370744
-31800	1.4231716381280137
-31700	0.784196616927681
-31600	0.87132957436409
-31500	1.0165511700914382
-31400	1.2489057232551957
-31300	1.1617727658187866
-31200	1.306994361546135
-31100	1.0165511700914382
-31000	1.1908170849642563
-30900	1.045595489236908
-30800	1.1036841275278473
-30700	1.1908170849642563
-30600	1.219861404109726
-30500	0.8132409360731506
-30400	1.1908170849642563
-30300	0.9875068509459687
-30200	1.1908170849642563
-30100	1.045595489236908
-30000	1.132728446673317
-29900	1.0746398083823776
-29800	1.1036841275278473
-29700	0.958462531800499
-29600	1.132728446673317
-29500	1.2779500424006653
-29400	1.1908170849642563
-29300	1.0746398083823776
-29200	0.87132957436409
-29100	1.0746398083823776
-29000	0.958462531800499
-28900	1.0746398083823776
-28800	0.87132957436409
-28700	1.0746398083823776
-28600	1.306994361546135
-28500	1.0165511700914382
-28400	0.87132957436409
-28300	1.132728446673317
-28200	1.306994361546135
-28100	1.1908170849642563
-28000	0.9294182126550293
-27900	0.9875068509459687
-27800	1.2779500424006653
-27700	0.9294182126550293
-27600	0.9003738935095597
-27500	1.1036841275278473
-27400	0.8422852552186203
-27300	1.132728446673317
-27200	1.394127318982544
-27100	1.3650829998370744
-27000	1.0746398083823776
-26900	1.0746398083823776
-26800	1.0165511700914382
-26700	1.306994361546135
-26600	1.132728446673317
-26500	1.219861404109726
-26400	0.87132957436409
-26300	0.87132957436409
-26200	0.958462531800499
-26100	0.9875068509459687
-26000	1.0165511700914382
-25900	1.0746398083823776
-25800	0.9875068509459687
-25700	1.2779500424006653
-25600	1.045595489236908
-25500	0.958462531800499
-25400	1.1908170849642563
-25300	1.0165511700914382
-25200	0.9875068509459687
-25100	1.1908170849642563
-25000	1.394127318982544
-24900	1.2489057232551957
-24800	0.9875068509459687
-24700	0.9003738935095597
-24600	1.0746398083823776
-24500	0.9003738935095597
-24400	0.87132957436409
-24300	1.1908170849642563
-24200	1.0165511700914382
-24100	1.306994361546135
-24000	1.0746398083823776
-23900	0.9003738935095597
-23800	1.045595489236908
-23700	1.3650829998370744
-23600	1.3360386806916047
-23500	0.9294182126550293
-23400	0.958462531800499
-23300	0.9875068509459687
-23200	1.045595489236908
-23100	1.0165511700914382
-23000	0.9003738935095597
-22900	1.0746398083823776
-22800	1.2779500424006653
-22700	1.2489057232551957
-22600	0.9875068509459687
-22500	1.1617727658187866
-22400	0.9875068509459687
-22300	1.3360386806916047
-22200	0.87132957436409
-22100	1.219861404109726
-22000	1.132728446673317
-21900	1.3360386806916047
-21800	1.2489057232551957
-21700	1.1908170849642563
-21600	1.394127318982544
-21500	0.8422852552186203
-21400	1.132728446673317
-21300	1.1617727658187866
-21200	0.8422852552186203
-21100	1.2779500424006653
-21000	1.0746398083823776
-20900	0.958462531800499
-20800	0.9875068509459687
-20700	1.1617727658187866
-20600	0.9003738935095597
-20500	1.132728446673317
-20400	0.8422852552186203
-20300	0.9875068509459687
-20200	1.132728446673317
-20100	0.958462531800499
-20000	1.306994361546135
-19900	0.8132409360731506
-19800	1.132728446673317
-19700	0.9294182126550293
-19600	0.87132957436409
-19500	1.0165511700914382
-19400	1.045595489236908
-19300	1.0165511700914382
-19200	1.1617727658187866
-19100	1.0165511700914382
-19000	0.9294182126550293
-18900	1.2489057232551957
-18800	1.2489057232551957
-18700	1.219861404109726
-18600	1.306994361546135
-18500	1.4231716381280137
-18400	1.045595489236908
-18300	0.87132957436409
-18200	0.8422852552186203
-18100	1.045595489236908
-18000	1.394127318982544
-17900	0.87132957436409
-17800	0.87132957436409
-17700	1.219861404109726
-17600	0.958462531800499
-17500	1.2779500424006653
-17400	1.1036841275278473
-17300	1.0165511700914382
-17200	0.9003738935095597
-17100	0.9875068509459687
-17000	0.958462531800499
-16900	1.3360386806916047
-16800	1.306994361546135
-16700	1.1036841275278473
-16600	0.9294182126550293
-16500	1.1617727658187866
-16400	1.0746398083823776
-16300	1.132728446673317
-16200	0.9294182126550293
-16100	1.219861404109726
-16000	1.306994361546135
-15900	0.8132409360731506
-15800	1.2779500424006653
-15700	1.3360386806916047
-15600	1.3360386806916047
-15500	0.9875068509459687
-15400	1.1617727658187866
-15300	1.2489057232551957
-15200	1.0746398083823776
-15100	0.9875068509459687
-15000	0.958462531800499
-14900	1.1036841275278473
-14800	0.7261079786367417
-14700	1.0746398083823776
-14600	1.219861404109726
-14500	1.0746398083823776
-14400	1.219861404109726
-14300	1.0746398083823776
-14200	0.87132957436409
-14100	0.784196616927681
-14000	1.045595489236908
-13900	1.3650829998370744
-13800	1.219861404109726
-13700	1.045595489236908
-13600	0.958462531800499
-13500	0.784196616927681
-13400	1.306994361546135
-13300	0.9875068509459687
-13200	0.9003738935095597
-13100	1.1036841275278473
-13000	1.2489057232551957
-12900	1.4522159572734834
-12800	1.132728446673317
-12700	1.2779500424006653
-12600	1.2779500424006653
-12500	1.132728446673317
-12400	1.1036841275278473
-12300	1.0746398083823776
-12200	1.132728446673317
-12100	1.219861404109726
-12000	1.2489057232551957
-11900	1.045595489236908
-11800	1.1036841275278473
-11700	0.9294182126550293
-11600	0.7551522977822114
-11500	1.045595489236908
-11400	0.8132409360731506
-11300	1.132728446673317
-11200	0.958462531800499
-11100	0.9294182126550293
-11000	1.1036841275278473
-10900	1.219861404109726
-10800	1.1617727658187866
-10700	1.2489057232551957
-10600	0.9294182126550293
-10500	1.132728446673317
-10400	0.784196616927681
-10300	1.1036841275278473
-10200	0.8422852552186203
-10100	1.4522159572734834
-10000	1.1617727658187866
-9900	0.9294182126550293
-9800	1.1617727658187866
-9700	1.4231716381280137
-9600	0.9003738935095597
-9500	1.0746398083823776
-9400	1.306994361546135
-9300	1.219861404109726
-9200	1.045595489236908
-9100	0.87132957436409
-9000	1.045595489236908
-8900	1.1617727658187866
-8800	0.9003738935095597
-8700	0.784196616927681
-8600	0.9875068509459687
-8500	1.306994361546135
-8400	0.9875068509459687
-8300	1.4231716381280137
-8200	1.0746398083823776
-8100	1.1908170849642563
-8000	0.8422852552186203
-7900	1.0746398083823776
-7800	1.132728446673317
-7700	0.8132409360731506
-7600	1.045595489236908
-7500	0.9003738935095597
-7400	1.219861404109726
-7300	0.9294182126550293
-7200	1.2489057232551957
-7100	0.9003738935095597
-7000	0.8422852552186203
-6900	1.219861404109726
-6800	1.0746398083823776
-6700	0.958462531800499
-6600	0.7551522977822114
-6500	1.6264818721463012
-6400	0.9003738935095597
-6300	1.132728446673317
-6200	0.9003738935095597
-6100	0.8422852552186203
-6000	1.1908170849642563
-5900	1.132728446673317
-5800	1.1617727658187866
-5700	1.3360386806916047
-5600	1.0165511700914382
-5500	1.0165511700914382
-5400	1.0746398083823776
-5300	1.2779500424006653
-5200	1.0746398083823776
-5100	1.1908170849642563
-5000	0.8422852552186203
-4900	1.132728446673317
-4800	1.0165511700914382
-4700	0.87132957436409
-4600	1.1036841275278473
-4500	0.8422852552186203
-4400	0.958462531800499
-4300	1.5103045955644228
-4200	1.1908170849642563
-4100	1.1908170849642563
-4000	0.9875068509459687
-3900	1.3360386806916047
-3800	1.132728446673317
-3700	0.9875068509459687
-3600	1.4231716381280137
-3500	0.8422852552186203
-3400	1.045595489236908
-3300	1.2779500424006653
-3200	1.1617727658187866
-3100	1.045595489236908
-3000	1.2779500424006653
-2900	1.1617727658187866
-2800	1.1908170849642563
-2700	1.132728446673317
-2600	1.1036841275278473
-2500	1.1036841275278473
-2400	1.306994361546135
-2300	0.9003738935095597
-2200	1.2779500424006653
-2100	0.9294182126550293
-2000	0.8132409360731506
-1900	0.8132409360731506
-1800	1.219861404109726
-1700	0.9875068509459687
-1600	1.045595489236908
-1500	0.87132957436409
-1400	1.0746398083823776
-1300	1.0165511700914382
-1200	0.9875068509459687
-1100	0.8422852552186203
-1000	1.3650829998370744
-900	1.1036841275278473
-800	1.1908170849642563
-700	1.0165511700914382
-600	1.1908170849642563
-500	1.0746398083823776
-400	1.219861404109726
-300	1.3360386806916047
-200	1.0746398083823776
-100	0.9294182126550293
0	1.045595489236908
100	0.8422852552186203
200	1.829792106164589
300	0.958462531800499
400	0.9003738935095597
500	0.9875068509459687
600	1.0165511700914382
700	1.2779500424006653
800	0.9003738935095597
900	1.045595489236908
1000	0.958462531800499
1100	1.3650829998370744
1200	1.1617727658187866
1300	1.394127318982544
1400	1.045595489236908
1500	1.1908170849642563
1600	1.1908170849642563
1700	1.4231716381280137
1800	1.2489057232551957
1900	0.9294182126550293
2000	1.219861404109726
2100	1.3650829998370744
2200	1.0165511700914382
2300	0.6680193403458023
2400	1.219861404109726
2500	1.132728446673317
2600	0.9875068509459687
2700	1.306994361546135
2800	1.2779500424006653
2900	1.3360386806916047
3000	1.1036841275278473
3100	1.2489057232551957
3200	1.568393233855362
3300	1.0165511700914382
3400	0.958462531800499
3500	1.481260276418953
3600	0.8132409360731506
3700	1.74265914872818
3800	0.8132409360731506
3900	0.784196616927681
4000	1.132728446673317
4100	0.8132409360731506
4200	0.8132409360731506
4300	0.8422852552186203
4400	1.0165511700914382
4500	0.9294182126550293
4600	0.87132957436409
4700	1.3650829998370744
4800	0.8132409360731506
4900	0.9294182126550293
5000	1.3360386806916047
5100	0.8132409360731506
5200	1.306994361546135
5300	0.7551522977822114
5400	1.2489057232551957
5500	1.2779500424006653
5600	1.306994361546135
5700	1.045595489236908
5800	0.9875068509459687
5900	0.9294182126550293
6000	0.7261079786367417
6100	1.0165511700914382
6200	1.1617727658187866
6300	0.958462531800499
6400	0.9003738935095597
6500	1.481260276418953
6600	0.958462531800499
6700	1.0746398083823776
6800	1.1617727658187866
6900	1.0746398083823776
7000	0.9875068509459687
7100	1.0746398083823776
7200	1.219861404109726
7300	1.132728446673317
7400	1.1036841275278473
7500	1.0746398083823776
7600	0.9875068509459687
7700	1.045595489236908
7800	0.8132409360731506
7900	0.958462531800499
8000	1.0746398083823776
8100	1.1908170849642563
8200	1.045595489236908
8300	1.1617727658187866
8400	1.3360386806916047
8500	1.219861404109726
8600	1.045595489236908
8700	1.0165511700914382
8800	1.132728446673317
8900	0.958462531800499
9000	1.219861404109726
9100	1.394127318982544
9200	1.4522159572734834
9300	1.132728446673317
9400	0.9003738935095597
9500	1.3650829998370744
9600	1.0746398083823776
9700	1.1617727658187866
9800	0.9875068509459687
9900	0.9875068509459687
10000	1.0746398083823776
10100	1.1036841275278473
10200	1.1617727658187866
10300	0.9003738935095597
10400	1.1908170849642563
10500	1.1617727658187866
10600	1.0165511700914382
10700	1.132728446673317
10800	1.1036841275278473
10900	1.306994361546135
11000	1.4522159572734834
11100	0.87132957436409
11200	1.0746398083823776
11300	1.1036841275278473
11400	0.9875068509459687
11500	0.87132957436409
11600	1.2489057232551957
11700	0.9294182126550293
11800	0.9003738935095597
11900	0.9294182126550293
12000	1.045595489236908
12100	0.8132409360731506
12200	1.132728446673317
12300	1.394127318982544
12400	1.132728446673317
12500	0.9875068509459687
12600	1.0746398083823776
12700	1.132728446673317
12800	1.306994361546135
12900	1.045595489236908
13000	1.2489057232551957
13100	1.219861404109726
13200	0.87132957436409
13300	0.7551522977822114
13400	1.0746398083823776
13500	0.6680193403458023
13600	0.9294182126550293
13700	1.219861404109726
13800	1.1617727658187866
13900	1.3650829998370744
14000	0.8422852552186203
14100	0.958462531800499
14200	0.9003738935095597
14300	1.2489057232551957
14400	0.7551522977822114
14500	1.132728446673317
14600	1.3650829998370744
14700	1.0746398083823776
14800	1.045595489236908
14900	1.306994361546135
15000	1.306994361546135
15100	1.0746398083823776
15200	1.045595489236908
15300	1.1908170849642563
15400	1.0165511700914382
15500	1.0165511700914382
15600	1.0165511700914382
15700	0.9875068509459687
15800	1.394127318982544
15900	1.1908170849642563
16000	0.87132957436409
16100	1.4231716381280137
16200	0.8132409360731506
16300	0.958462531800499
16400	1.045595489236908
16500	0.958462531800499
16600	1.1036841275278473
16700	1.0746398083823776
16800	1.1908170849642563
16900	1.1036841275278473
17000	1.219861404109726
17100	1.045595489236908
17200	0.8132409360731506
17300	0.9875068509459687
17400	1.1617727658187866
17500	1.219861404109726
17600	1.394127318982544
17700	0.87132957436409
17800	0.9294182126550293
17900	1.2489057232551957
18000	0.9294182126550293
18100	1.0165511700914382
18200	1.045595489236908
18300	1.0746398083823776
18400	0.87132957436409
18500	0.9875068509459687
18600	0.9294182126550293
18700	0.9875068509459687
18800	1.1617727658187866
18900	0.958462531800499
19000	1.1617727658187866
19100	1.2779500424006653
19200	0.9294182126550293
19300	0.9294182126550293
19400	1.0746398083823776
19500	1.0165511700914382
19600	1.045595489236908
19700	0.7261079786367417
19800	1.0746398083823776
19900	1.219861404109726
20000	1.0165511700914382
20100	1.132728446673317
20200	0.9875068509459687
20300	1.394127318982544
20400	1.1617727658187866
20500	1.2779500424006653
20600	0.8132409360731506
20700	1.1036841275278473
20800	0.9003738935095597
20900	1.1036841275278473
21000	0.8132409360731506
21100	1.2779500424006653
21200	1.1036841275278473
21300	1.0165511700914382
21400	1.0165511700914382
21500	1.1908170849642563
21600	1.132728446673317
21700	1.219861404109726
21800	0.9875068509459687
21900	0.958462531800499
22000	0.958462531800499
22100	0.9003738935095597
22200	0.9294182126550293
22300	0.9003738935095597
22400	0.784196616927681
22500	1.219861404109726
22600	1.0746398083823776
22700	1.219861404109726
22800	1.1617727658187866
22900	1.1908170849642563
23000	0.9875068509459687
23100	1.045595489236908
23200	1.045595489236908
23300	0.958462531800499
23400	0.7261079786367417
23500	1.132728446673317
23600	0.9875068509459687
23700	0.9875068509459687
23800	0.697063659491272
23900	1.3650829998370744
24000	1.045595489236908
24100	1.1617727658187866
24200	0.8132409360731506
24300	0.87132957436409
24400	1.1036841275278473
24500	1.2489057232551957
24600	1.1036841275278473
24700	1.219861404109726
24800	0.9003738935095597
24900	0.87132957436409
25000	0.958462531800499
25100	1.132728446673317
25200	0.9294182126550293
25300	1.1036841275278473
25400	1.045595489236908
25500	1.1908170849642563
25600	1.0165511700914382
25700	1.568393233855362
25800	1.045595489236908
25900	0.9875068509459687
26000	0.9875068509459687
26100	0.8422852552186203
26200	0.9875068509459687
26300	1.1036841275278473
26400	0.9875068509459687
26500	1.045595489236908
26600	0.87132957436409
26700	1.132728446673317
26800	0.9875068509459687
26900	1.132728446673317
27000	0.958462531800499
27100	1.1036841275278473
27200	1.132728446673317
27300	0.958462531800499
27400	1.132728446673317
27500	1.5393489147098924
27600	0.8422852552186203
27700	1.0746398083823776
27800	0.9003738935095597
27900	1.0746398083823776
28000	1.1617727658187866
28100	1.2779500424006653
28200	1.132728446673317
28300	1.1617727658187866
28400	1.2779500424006653
28500	0.9294182126550293
28600	1.2779500424006653
28700	1.219861404109726
28800	1.0165511700914382
28900	0.9875068509459687
29000	1.1617727658187866
29100	1.0746398083823776
29200	1.1617727658187866
29300	1.045595489236908
29400	1.045595489236908
29500	0.9003738935095597
29600	1.132728446673317
29700	1.132728446673317
29800	1.0165511700914382
29900	1.1908170849642563
30000	1.132728446673317
30100	0.958462531800499
30200	1.132728446673317
30300	0.7551522977822114
30400	0.958462531800499
30500	1.045595489236908
30600	0.9294182126550293
30700	1.1617727658187866
30800	1.4231716381280137
30900	1.3650829998370744
31000	1.1617727658187866
31100	1.0746398083823776
31200	1.6264818721463012
31300	1.2779500424006653
31400	1.0746398083823776
31500	0.8422852552186203
31600	1.2779500424006653
31700	1.132728446673317
31800	0.9875068509459687
31900	1.0746398083823776
32000	0.958462531800499
32100	0.9294182126550293
32200	1.1036841275278473
32300	1.219861404109726
32400	1.394127318982544
32500	1.2489057232551957
32600	0.958462531800499
32700	1.2489057232551957
32800	1.1036841275278473
32900	1.219861404109726
33000	1.394127318982544
33100	1.3360386806916047
33200	1.0746398083823776
33300	1.2779500424006653
33400	1.1036841275278473
33500	1.0165511700914382
33600	1.219861404109726
33700	0.784196616927681
33800	1.045595489236908
33900	0.9294182126550293
34000	1.394127318982544
34100	1.219861404109726
34200	1.0165511700914382
34300	1.1617727658187866
34400	1.045595489236908
34500	1.1036841275278473
34600	1.3650829998370744
34700	1.1036841275278473
34800	1.0746398083823776
34900	1.132728446673317
35000	0.87132957436409
35100	1.0746398083823776
35200	0.9875068509459687
35300	1.132728446673317
35400	0.9875068509459687
35500	1.2489057232551957
35600	1.0746398083823776
35700	0.87132957436409
35800	0.8132409360731506
35900	0.784196616927681
36000	1.1908170849642563
36100	0.9003738935095597
36200	1.0746398083823776
36300	1.045595489236908
36400	1.306994361546135
36500	0.8132409360731506
36600	1.1036841275278473
36700	0.8132409360731506
36800	1.1617727658187866
36900	0.9875068509459687
37000	0.9003738935095597
37100	1.0165511700914382
37200	0.7551522977822114
37300	1.0165511700914382
37400	1.0165511700914382
37500	1.394127318982544
37600	0.87132957436409
37700	0.7261079786367417
37800	1.1036841275278473
37900	1.045595489236908
38000	1.1036841275278473
38100	1.0746398083823776
38200	1.132728446673317
38300	1.045595489236908
38400	1.045595489236908
38500	1.1617727658187866
38600	1.0165511700914382
38700	0.8422852552186203
38800	1.132728446673317
38900	0.9875068509459687
39000	0.6389750212003327
39100	0.958462531800499
39200	1.1617727658187866
39300	1.306994361546135
39400	1.1908170849642563
39500	0.784196616927681
39600	1.045595489236908
39700	1.1617727658187866
39800	0.9875068509459687
39900	1.132728446673317
40000	1.394127318982544
40100	1.0746398083823776
40200	0.9875068509459687
40300	1.0165511700914382
40400	1.2779500424006653
40500	0.958462531800499
40600	0.9875068509459687
40700	1.2779500424006653
40800	1.2779500424006653
40900	0.9875068509459687
41000	1.132728446673317
41100	0.9875068509459687
41200	1.306994361546135
41300	1.2779500424006653
41400	1.132728446673317
41500	1.132728446673317
41600	1.219861404109726
41700	1.4231716381280137
41800	0.8132409360731506
41900	1.045595489236908
42000	1.1617727658187866
42100	0.958462531800499
42200	1.1908170849642563
42300	1.1908170849642563
42400	1.2489057232551957
42500	1.394127318982544
42600	1.132728446673317
42700	1.045595489236908
42800	0.9294182126550293
42900	0.87132957436409
43000	1.132728446673317
43100	1.1617727658187866
43200	0.9003738935095597
43300	1.045595489236908
43400	1.3650829998370744
43500	1.132728446673317
43600	1.1036841275278473
43700	0.6389750212003327
43800	0.9003738935095597
43900	1.045595489236908
44000	0.87132957436409
44100	1.4522159572734834
44200	1.0746398083823776
44300	0.9294182126550293
44400	1.306994361546135
44500	1.0746398083823776
44600	0.9294182126550293
44700	1.045595489236908
44800	0.87132957436409
44900	0.9003738935095597
45000	1.1908170849642563
45100	1.0165511700914382
45200	0.958462531800499
45300	1.0746398083823776
45400	0.7261079786367417
45500	1.132728446673317
45600	1.306994361546135
45700	1.1908170849642563
45800	1.1036841275278473
45900	0.9875068509459687
46000	0.9875068509459687
46100	1.0746398083823776
46200	1.1036841275278473
46300	1.0746398083823776
46400	1.0165511700914382
46500	1.219861404109726
46600	1.1908170849642563
46700	1.1036841275278473
46800	0.9003738935095597
46900	1.0746398083823776
47000	1.045595489236908
47100	0.87132957436409
47200	0.9294182126550293
47300	1.219861404109726
47400	0.8422852552186203
47500	0.9875068509459687
47600	1.306994361546135
47700	1.1908170849642563
47800	0.9294182126550293
47900	1.2779500424006653
48000	1.2779500424006653
48100	0.784196616927681
48200	0.6389750212003327
48300	0.958462531800499
48400	0.9875068509459687
48500	1.219861404109726
48600	1.045595489236908
48700	0.8132409360731506
48800	1.0746398083823776
48900	1.0165511700914382
49000	0.958462531800499
49100	0.8132409360731506
49200	1.219861404109726
49300	1.1617727658187866
49400	0.87132957436409
49500	1.1036841275278473
49600	0.8422852552186203
49700	0.958462531800499
49800	1.0165511700914382
49900	0.9003738935095597
50000	1.1036841275278473
50100	0.8132409360731506
50200	1.132728446673317
50300	1.045595489236908
50400	1.045595489236908
50500	1.1617727658187866
50600	0.697063659491272
50700	1.219861404109726
50800	0.9875068509459687
50900	0.784196616927681
51000	1.0165511700914382
51100	1.132728446673317
51200	0.87132957436409
51300	1.568393233855362
51400	0.958462531800499
51500	1.045595489236908
51600	1.0746398083823776
51700	0.958462531800499
51800	1.1908170849642563
51900	0.9875068509459687
52000	1.1617727658187866
52100	1.0746398083823776
52200	0.9294182126550293
52300	0.958462531800499
52400	0.8132409360731506
52500	0.87132957436409
52600	1.132728446673317
52700	1.0165511700914382
52800	0.958462531800499
52900	0.9294182126550293
53000	1.1617727658187866
53100	0.9294182126550293
53200	1.045595489236908
53300	1.045595489236908
53400	1.132728446673317
53500	0.9875068509459687
53600	1.0746398083823776
53700	1.0165511700914382
53800	0.9875068509459687
53900	1.481260276418953
54000	1.0165511700914382
54100	0.9294182126550293
54200	1.2779500424006653
54300	1.0165511700914382
54400	1.306994361546135
54500	0.958462531800499
54600	1.306994361546135
54700	0.958462531800499
54800	0.8422852552186203
54900	1.1908170849642563
55000	1.0746398083823776
55100	0.87132957436409
55200	1.1617727658187866
55300	1.0746398083823776
55400	1.3650829998370744
55500	1.1617727658187866
55600	0.9875068509459687
55700	1.2779500424006653
55800	1.306994361546135
55900	1.1617727658187866
56000	1.1036841275278473
56100	0.9294182126550293
56200	0.9294182126550293
56300	1.3360386806916047
56400	1.4522159572734834
56500	1.0165511700914382
56600	1.1908170849642563
56700	1.306994361546135
56800	1.4522159572734834
56900	0.9003738935095597
57000	0.697063659491272
57100	1.045595489236908
57200	1.0746398083823776
57300	0.9875068509459687
57400	0.958462531800499
57500	0.784196616927681
57600	0.8422852552186203
57700	0.9875068509459687
57800	1.132728446673317
57900	1.394127318982544
58000	1.132728446673317
58100	0.8132409360731506
58200	1.1036841275278473
58300	1.3360386806916047
58400	1.1036841275278473
58500	1.394127318982544
58600	1.1036841275278473
58700	0.8132409360731506
58800	1.1036841275278473
58900	1.0165511700914382
59000	0.8422852552186203
59100	1.1617727658187866
59200	1.1908170849642563
59300	1.219861404109726
59400	0.9875068509459687
59500	1.1908170849642563
59600	1.132728446673317
59700	0.958462531800499
59800	1.394127318982544
59900	1.0746398083823776
60000	0.958462531800499
60100	1.1617727658187866
60200	1.6264818721463012
60300	1.2779500424006653
60400	1.0165511700914382
60500	1.1036841275278473
60600	1.0746398083823776
60700	1.132728446673317
60800	1.1617727658187866
60900	1.045595489236908
61000	0.9875068509459687
61100	1.1036841275278473
61200	1.2779500424006653
61300	1.132728446673317
61400	1.045595489236908
61500	0.8422852552186203
61600	1.2489057232551957
61700	1.3650829998370744
61800	0.9003738935095597
61900	1.219861404109726
62000	1.045595489236908
62100	1.0746398083823776
62200	1.045595489236908
62300	1.306994361546135
62400	1.0746398083823776
62500	1.2779500424006653
62600	1.1036841275278473
62700	1.1908170849642563
62800	0.7261079786367417
62900	0.9875068509459687
63000	1.045595489236908
63100	1.4522159572734834
63200	1.0746398083823776
63300	0.9003738935095597
63400	0.9294182126550293
63500	1.3360386806916047
63600	1.0165511700914382
63700	0.958462531800499
63800	0.7551522977822114
63900	1.0165511700914382
64000	1.132728446673317
64100	0.9294182126550293
64200	0.8132409360731506
64300	1.132728446673317
64400	0.8422852552186203
64500	1.045595489236908
64600	1.1036841275278473
64700	1.132728446673317
64800	1.045595489236908
64900	0.9875068509459687
65000	1.2779500424006653
65100	1.5393489147098924
65200	1.0746398083823776
65300	0.7261079786367417
65400	1.045595489236908
65500	1.394127318982544
65600	0.958462531800499
65700	1.6264818721463012
65800	1.481260276418953
65900	0.958462531800499
66000	1.1036841275278473
66100	1.0165511700914382
66200	0.9003738935095597
66300	1.394127318982544
66400	1.481260276418953
66500	1.568393233855362
66600	1.045595489236908
66700	1.1036841275278473
66800	1.1036841275278473
66900	1.1036841275278473
67000	0.9003738935095597
67100	1.2489057232551957
67200	1.132728446673317
67300	0.697063659491272
67400	0.958462531800499
67500	1.2779500424006653
67600	1.0746398083823776
67700	0.958462531800499
67800	1.3650829998370744
67900	0.9294182126550293
68000	1.5103045955644228
68100	1.045595489236908
68200	0.9003738935095597
68300	1.0746398083823776
68400	0.958462531800499
68500	1.1617727658187866
68600	0.7261079786367417
68700	0.697063659491272
68800	1.0165511700914382
68900	1.132728446673317
69000	1.2489057232551957
69100	1.0165511700914382
69200	1.045595489236908
69300	1.2489057232551957
69400	1.0746398083823776
69500	1.045595489236908
69600	0.9294182126550293
69700	1.0746398083823776
69800	1.2489057232551957
69900	0.87132957436409
70000	1.1908170849642563
70100	1.306994361546135
70200	1.0746398083823776
70300	1.4522159572734834
70400	0.87132957436409
70500	1.219861404109726
70600	1.0165511700914382
70700	1.4522159572734834
70800	1.0746398083823776
70900	1.0165511700914382
71000	1.568393233855362
71100	0.697063659491272
71200	1.4522159572734834
71300	1.1617727658187866
71400	0.9875068509459687
71500	1.219861404109726
71600	1.1908170849642563
71700	1.0165511700914382
71800	1.394127318982544
71900	1.0165511700914382
72000	1.1036841275278473
72100	0.9294182126550293
72200	1.1036841275278473
72300	1.0165511700914382
72400	1.1908170849642563
72500	1.1908170849642563
72600	1.1908170849642563
72700	0.9875068509459687
72800	0.697063659491272
72900	1.219861404109726
73000	1.306994361546135
73100	0.9294182126550293
73200	0.8422852552186203
73300	1.2779500424006653
73400	1.2779500424006653
73500	1.1617727658187866
73600	1.655526191291771
73700	1.0746398083823776
73800	1.1036841275278473
73900	1.132728446673317
74000	0.9875068509459687
74100	0.5808863829093933
74200	0.9294182126550293
74300	0.87132957436409
74400	1.1036841275278473
74500	1.219861404109726
74600	1.2779500424006653
74700	1.0746398083823776
74800	0.87132957436409
74900	0.7261079786367417
75000	0.9003738935095597
75100	0.9294182126550293
75200	0.87132957436409
75300	0.7551522977822114
75400	1.3650829998370744
75500	1.132728446673317
75600	1.3360386806916047
75700	1.4522159572734834
75800	0.958462531800499
75900	1.0746398083823776
76000	1.2489057232551957
76100	0.958462531800499
76200	1.132728446673317
76300	1.1617727658187866
76400	1.0165511700914382
76500	1.1908170849642563
76600	0.9875068509459687
76700	1.0165511700914382
76800	1.0165511700914382
76900	0.8422852552186203
77000	1.1617727658187866
77100	1.219861404109726
77200	1.481260276418953
77300	1.132728446673317
77400	1.0746398083823776
77500	1.219861404109726
77600	1.219861404109726
77700	1.045595489236908
77800	1.2779500424006653
77900	0.9003738935095597
78000	0.8422852552186203
78100	1.1036841275278473
78200	1.1036841275278473
78300	1.219861404109726
78400	1.045595489236908
78500	0.8422852552186203
78600	1.045595489236908
78700	0.697063659491272
78800	0.9875068509459687
78900	1.045595489236908
79000	1.0165511700914382
79100	0.8422852552186203
79200	0.9875068509459687
79300	1.045595489236908
79400	1.0746398083823776
79500	1.045595489236908
79600	0.87132957436409
79700	1.0165511700914382
79800	1.132728446673317
79900	0.9003738935095597
