# [General]
# timestamp=2025-04-10T16:41:41.266713
# comments='# '
# delimiter='\t'
# column_dtypes=float;;float
# column_headers='Time (s);;Power (W)'
# 
# [Metadata]
# scanner_x=-4.413260004413918
# scanner_y=3.896253913237601
# start recoding time='10.04.2025, 16:40:41.229903'
# sample rate (hz)=50.0
# sample timing='TIMESTAMP'
# 
# ---- END HEADER ----
6.351999909384176e-04	3.120857580000000e-05
4.297419999784324e-02	3.140071930000000e-05
6.599679999635555e-02	3.197692420000000e-05
1.101246000034735e-01	3.178489350000000e-05
1.545573000039440e-01	3.159275000000000e-05
1.784434000001056e-01	3.140071930000000e-05
2.026896000024863e-01	3.120857580000000e-05
2.455300000001444e-01	3.178489350000000e-05
2.946935999934794e-01	3.140071930000000e-05
3.409201000031317e-01	3.159275000000000e-05
3.742628000036348e-01	3.159275000000000e-05
3.979944000020623e-01	3.140071930000000e-05
4.430655000032857e-01	3.140071930000000e-05
4.670441999915056e-01	3.101654510000000e-05
4.990354999899864e-01	3.197692420000000e-05
5.440549999912037e-01	3.140071930000000e-05
5.680500000016764e-01	3.082451440000000e-05
6.091926999943098e-01	3.140071930000000e-05
6.432358000020031e-01	3.140071930000000e-05
6.664409999939380e-01	3.197692420000000e-05
6.965960999950767e-01	3.178489350000000e-05
7.426791000034427e-01	3.216895490000000e-05
7.668165999930352e-01	3.178489350000000e-05
7.902968999987934e-01	3.140071930000000e-05
8.134681999945315e-01	3.159275000000000e-05
8.440303999959724e-01	3.140071930000000e-05
8.674465999938548e-01	3.178489350000000e-05
8.976553999964381e-01	3.159275000000000e-05
9.430759999959264e-01	3.101654510000000e-05
9.671449000015855e-01	3.255312910000000e-05
9.934611999924527e-01	3.178489350000000e-05
1.016631799997413e+00	3.082451440000000e-05
1.043169999989914e+00	3.082451440000000e-05
1.067450999995344e+00	3.140071930000000e-05
1.091618299993570e+00	3.197692420000000e-05
1.120992500000284e+00	3.120857580000000e-05
1.152105599991046e+00	3.140071930000000e-05
1.194340200003353e+00	3.120857580000000e-05
1.218093699993915e+00	3.178489350000000e-05
1.243788699997822e+00	3.120857580000000e-05
1.267512899998110e+00	3.063237450000000e-05
1.296152199996868e+00	3.159275000000000e-05
1.342446800001198e+00	3.159275000000000e-05
1.369393400003901e+00	3.120857580000000e-05
1.400792000000365e+00	3.159275000000000e-05
1.443961299999501e+00	3.159275000000000e-05
1.467997799991281e+00	3.159275000000000e-05
1.497424300003331e+00	3.120857580000000e-05
1.543542200000957e+00	3.140071930000000e-05
1.567102300003171e+00	3.140071930000000e-05
1.594281899990165e+00	3.197692420000000e-05
1.618246700003510e+00	3.140071930000000e-05
1.643377899992629e+00	3.159275000000000e-05
1.667373799995403e+00	3.140071930000000e-05
1.691290000002482e+00	3.178489350000000e-05
1.714386499996181e+00	3.120857580000000e-05
1.743515299996943e+00	3.216895490000000e-05
1.767491099992185e+00	3.140071930000000e-05
1.796622699999716e+00	3.140071930000000e-05
1.842348399994080e+00	3.236109840000000e-05
1.866279599998961e+00	3.216895490000000e-05
1.895509099995252e+00	3.216895490000000e-05
1.946807699991041e+00	3.120857580000000e-05
1.978067000003648e+00	3.255312910000000e-05
2.001734699995723e+00	3.236109840000000e-05
2.044224400000530e+00	3.197692420000000e-05
2.068023400002858e+00	3.274515980000000e-05
2.101997699995991e+00	3.408971320000000e-05
2.143332799998461e+00	3.370553900000000e-05
2.166683199990075e+00	3.351350820000000e-05
2.193753600004129e+00	3.447388370000000e-05
2.217239899997367e+00	3.466591440000000e-05
2.243384499990498e+00	3.408971320000000e-05
2.269571099997847e+00	3.466591440000000e-05
2.303560799991828e+00	3.543426280000000e-05
2.344123499991838e+00	3.524223210000000e-05
2.380186299997149e+00	3.505008860000000e-05
2.404167799992138e+00	3.562629350000000e-05
2.443539999992936e+00	3.505008860000000e-05
2.467466300004162e+00	3.524223210000000e-05
2.495441599996411e+00	3.485805790000000e-05
2.541509299990139e+00	3.505008860000000e-05
2.564657900002203e+00	3.639464190000000e-05
2.587892299998202e+00	3.543426280000000e-05
2.610976800002391e+00	3.485805790000000e-05
2.647972099992330e+00	3.543426280000000e-05
2.697329999995418e+00	3.581843700000000e-05
2.743400799998199e+00	3.601046770000000e-05
2.771503299998585e+00	3.524223210000000e-05
2.795557799996459e+00	3.601046770000000e-05
2.843708200001856e+00	3.639464190000000e-05
2.867311099995277e+00	3.620261120000000e-05
2.890384400001494e+00	3.601046770000000e-05
2.913703099999111e+00	3.658667260000000e-05
2.944266999998945e+00	3.677881610000000e-05
2.967301399999997e+00	3.543426280000000e-05
2.995370199991157e+00	3.543426280000000e-05
3.041906600003131e+00	3.312933400000000e-05
3.065127499998198e+00	3.236109840000000e-05
3.102047399996081e+00	3.044034200000000e-05
3.144750099992962e+00	2.967199540000000e-05
3.168738899999880e+00	2.871161630000000e-05
3.193722600000910e+00	2.755920830000000e-05
3.217763900000136e+00	2.659882920000000e-05
3.243795799993677e+00	2.640668750000000e-05
3.266834900001413e+00	2.506224700000000e-05
3.296981299994513e+00	2.487010350000000e-05
3.343864599999506e+00	2.390972620000000e-05
3.369670699990820e+00	2.294934890000000e-05
3.393856900001992e+00	2.314149060000000e-05
3.417925399990054e+00	2.218111330000000e-05
3.446172199997818e+00	2.141276490000000e-05
3.480160099992645e+00	2.141276490000000e-05
3.511509899995872e+00	2.064453110000000e-05
3.543468899995787e+00	2.026035690000000e-05
3.566829399991548e+00	1.910783610000000e-05
3.603970800002571e+00	1.891580540000000e-05
3.651335100003053e+00	1.699504900000000e-05
3.698493000003509e+00	1.641884410000000e-05
3.743310899997596e+00	1.507429260000000e-05
3.767192699990119e+00	1.411391530000000e-05
3.790276899992023e+00	1.411391530000000e-05
3.823367999997572e+00	1.430605790000000e-05
3.847348399998737e+00	1.411391530000000e-05
3.896500499991816e+00	1.353771040000000e-05
3.941657000003033e+00	1.296150640000000e-05
3.965101199995843e+00	1.334567970000000e-05
3.992928899999242e+00	1.315353710000000e-05
4.025752899993677e+00	1.315353710000000e-05
4.050474499992561e+00	1.296150640000000e-05
4.088908099991386e+00	1.296150640000000e-05
4.112981199999922e+00	1.276936290000000e-05
4.151966299992637e+00	1.219315890000000e-05
4.194597900001099e+00	1.238530150000000e-05
4.218126099993242e+00	1.161695400000000e-05
4.243231699991156e+00	1.084860740000000e-05
4.276248900001519e+00	1.123278070000000e-05
4.300376099999994e+00	9.888229210000000e-06
4.344233800002257e+00	9.888229210000000e-06
4.367992699990282e+00	1.008037180000000e-05
4.391312499996275e+00	9.504167790000001e-06
4.414719699998386e+00	9.312024300000000e-06
4.443745500000659e+00	1.008037180000000e-05
4.467686000003596e+00	8.735820300000000e-06
4.496667300001718e+00	9.696198500000000e-06
4.542476799993892e+00	9.312024300000000e-06
4.573490800001309e+00	9.696198500000000e-06
4.597220199997537e+00	9.696198500000000e-06
4.653393899992807e+00	7.775442100000000e-06
4.677330599995912e+00	8.735820300000000e-06
4.701357999991160e+00	8.159616299999999e-06
4.743444399995496e+00	8.543789590000001e-06
4.767421600001398e+00	7.967585590000000e-06
4.796677999998792e+00	7.583411390000000e-06
4.843216900000698e+00	7.583411390000000e-06
4.866556199995102e+00	7.583411390000000e-06
4.897386299999198e+00	7.583411390000000e-06
4.949518800000078e+00	7.775442100000000e-06
4.972849500001757e+00	7.775442100000000e-06
4.996290299997781e+00	7.583411390000000e-06
5.042757999995956e+00	7.007206930000000e-06
5.067838699993445e+00	7.199237640000000e-06
5.098193999991054e+00	6.623033640000000e-06
5.145800700003747e+00	6.623033640000000e-06
5.191861799990875e+00	6.430890150000000e-06
5.215920100003132e+00	6.430890150000000e-06
5.243462999991607e+00	6.815063900000000e-06
5.277181700002984e+00	6.815063900000000e-06
5.300620699999854e+00	6.430890150000000e-06
5.343679700003122e+00	7.199237640000000e-06
5.367371400003321e+00	7.007206930000000e-06
5.400755499998922e+00	6.430890150000000e-06
5.442841800002498e+00	7.007206930000000e-06
5.465897100002621e+00	6.046829180000000e-06
5.495016599990777e+00	7.199237640000000e-06
5.541393299994525e+00	6.623033640000000e-06
5.565135099997860e+00	5.854686150000000e-06
5.588451199990232e+00	6.046829180000000e-06
5.612133200003882e+00	5.662655440000000e-06
5.648478599992814e+00	6.046829180000000e-06
5.699761700001545e+00	6.046829180000000e-06
5.743163399994955e+00	5.854686150000000e-06
5.767127099999925e+00	5.470512410000000e-06
5.795133699997677e+00	6.046829180000000e-06
5.841164500001469e+00	5.086450980000000e-06
5.864814100001240e+00	5.662655440000000e-06
5.888990999999805e+00	4.894307950000000e-06
5.914094099993235e+00	5.278481690000000e-06
5.944105799993849e+00	5.470512410000000e-06
5.967386299991631e+00	4.894307950000000e-06
5.994549800001550e+00	4.702277240000000e-06
6.040067399997497e+00	5.470512410000000e-06
6.070080999998027e+00	5.662655440000000e-06
6.101159500001813e+00	5.662655440000000e-06
6.144818400003714e+00	4.894307950000000e-06
6.169574500003364e+00	5.662655440000000e-06
6.197120400000131e+00	5.086450980000000e-06
6.245348600001307e+00	4.702277240000000e-06
6.295404299991787e+00	4.318103490000000e-06
6.351856499997666e+00	4.702277240000000e-06
6.393939999994473e+00	4.318103490000000e-06
6.417488399994909e+00	4.510134200000000e-06
6.443630099995062e+00	3.741899260000000e-06
6.467513700001291e+00	4.702277240000000e-06
6.491624699992826e+00	4.702277240000000e-06
6.515703500001109e+00	4.702277240000000e-06
6.553586699999869e+00	4.318103490000000e-06
6.593945500004338e+00	4.894307950000000e-06
6.618050099990796e+00	4.318103490000000e-06
6.642995399990468e+00	4.510134200000000e-06
6.667448199994396e+00	4.318103490000000e-06
6.695634000003338e+00	4.318103490000000e-06
6.742812800002866e+00	4.318103490000000e-06
6.771554699997068e+00	4.510134200000000e-06
6.795470600001863e+00	4.318103490000000e-06
6.842703799993615e+00	3.549756230000000e-06
6.866958999991766e+00	3.165694810000000e-06
6.897272499991232e+00	3.549756230000000e-06
6.942781299992930e+00	3.933929750000000e-06
6.966850299999351e+00	3.165694810000000e-06
6.993892200000118e+00	3.357725520000000e-06
7.020319799994468e+00	3.165694810000000e-06
7.043700700000045e+00	3.357725520000000e-06
7.083089899999322e+00	3.549756230000000e-06
7.106570499992813e+00	3.165694810000000e-06
7.143643399991561e+00	2.973551770000000e-06
7.167016299994430e+00	3.549756230000000e-06
7.194191399990814e+00	3.165694810000000e-06
7.222806099991431e+00	3.165694810000000e-06
7.246398899995256e+00	3.549756230000000e-06
7.296970399998827e+00	3.357725520000000e-06
7.346219899991411e+00	3.549756230000000e-06
7.369800599990413e+00	3.165694810000000e-06
7.393227900000056e+00	3.549756230000000e-06
7.416908899991540e+00	2.781521060000000e-06
7.444111000004341e+00	2.781521060000000e-06
7.468494899992947e+00	2.397347320000000e-06
7.497646599993459e+00	3.165694810000000e-06
7.543680100003257e+00	3.165694810000000e-06
7.568166099998052e+00	3.357725520000000e-06
7.593810799997300e+00	2.205316830000000e-06
7.616829099992174e+00	2.589378030000000e-06
7.644896099998732e+00	2.781521060000000e-06
7.670864500003518e+00	2.589378030000000e-06
7.693984999990789e+00	2.397347320000000e-06
7.718189799998072e+00	2.397347320000000e-06
7.744241599997622e+00	2.397347320000000e-06
7.782274800003506e+00	2.013173800000000e-06
7.805330899995170e+00	1.436969340000000e-06
7.846535199991195e+00	2.589378030000000e-06
7.907941600002232e+00	2.205316830000000e-06
7.943370799999684e+00	2.205316830000000e-06
7.967544200000702e+00	2.013173800000000e-06
8.001658599998336e+00	1.821143090000000e-06
8.044346800001222e+00	2.013173800000000e-06
8.068830699994578e+00	1.628999940000000e-06
8.097372099990025e+00	2.205316830000000e-06
8.143626799996127e+00	1.628999940000000e-06
8.167736999996123e+00	2.205316830000000e-06
8.195381099998485e+00	2.397347320000000e-06
8.241307799995411e+00	1.821143090000000e-06
8.265269499999704e+00	2.205316830000000e-06
8.289533699993626e+00	1.436969340000000e-06
8.312770499993348e+00	2.013173800000000e-06
8.343743799996446e+00	2.205316830000000e-06
8.367034399998374e+00	1.436969340000000e-06
8.394081999998889e+00	1.821143090000000e-06
8.417392399991513e+00	1.244938740000000e-06
8.452156100000138e+00	1.628999940000000e-06
8.495671800003038e+00	1.821143090000000e-06
8.541925300000003e+00	1.821143090000000e-06
8.565877599990927e+00	2.205316830000000e-06
8.589988299994729e+00	1.628999940000000e-06
8.614075399993453e+00	8.607649990000000e-07
8.644517900000210e+00	1.244938740000000e-06
8.668540500002564e+00	1.821143090000000e-06
8.697254700004123e+00	2.205316830000000e-06
8.745495600000140e+00	1.436969340000000e-06
8.793645300000207e+00	1.436969340000000e-06
8.817630499994266e+00	1.628999940000000e-06
8.843643699990935e+00	1.628999940000000e-06
8.869284400003380e+00	1.244938740000000e-06
8.904935300000943e+00	1.244938740000000e-06
8.943521299996064e+00	8.607649990000000e-07
8.966893599994364e+00	1.436969340000000e-06
8.993984400003683e+00	1.436969340000000e-06
9.017213600003743e+00	1.821143090000000e-06
9.044713399998727e+00	1.436969340000000e-06
9.092959200002952e+00	1.244938740000000e-06
9.117353699999512e+00	1.052795600000000e-06
9.153892100002849e+00	1.052795600000000e-06
9.183854699993390e+00	1.628999940000000e-06
9.207497900002636e+00	1.244938740000000e-06
9.243465299994568e+00	1.821143090000000e-06
9.277939999999944e+00	1.052795600000000e-06
9.302157999991323e+00	1.244938740000000e-06
9.343275199993514e+00	1.052795600000000e-06
9.367552900002920e+00	8.607649990000000e-07
9.392664799990598e+00	1.244938740000000e-06
9.417038999992656e+00	1.052795600000000e-06
9.449203600001056e+00	1.821143090000000e-06
9.474290600002860e+00	8.607649990000000e-07
9.499174800002947e+00	2.013173800000000e-06
9.544217999995453e+00	1.052795600000000e-06
9.572889299990493e+00	1.628999940000000e-06
9.596900299991830e+00	8.607649990000000e-07
9.650491599997622e+00	1.628999940000000e-06
9.698697200001334e+00	1.628999940000000e-06
9.745402000000468e+00	1.244938740000000e-06
9.771592699995381e+00	1.436969340000000e-06
9.795571599999676e+00	2.205316830000000e-06
9.841748599996208e+00	1.244938740000000e-06
9.865758200001437e+00	1.436969340000000e-06
9.897021600001608e+00	1.436969340000000e-06
9.943340999991051e+00	1.436969340000000e-06
9.966697600000771e+00	1.052795600000000e-06
9.992776899991441e+00	1.628999940000000e-06
1.001702230000228e+01	1.244938740000000e-06
1.004340579999553e+01	1.628999940000000e-06
1.006657500000438e+01	2.397347320000000e-06
1.009112139999343e+01	2.013173800000000e-06
1.011874340000213e+01	1.244938740000000e-06
1.014268969999102e+01	1.628999940000000e-06
1.016590359999100e+01	1.436969340000000e-06
1.019426849999581e+01	1.244938740000000e-06
1.024012729999959e+01	1.244938740000000e-06
1.026378110000223e+01	1.052795600000000e-06
1.029851049999706e+01	1.821143090000000e-06
1.035346079998999e+01	1.244938740000000e-06
1.038544579999871e+01	1.244938740000000e-06
1.040954369999235e+01	2.013173800000000e-06
1.044411090000358e+01	1.628999940000000e-06
1.046739049999451e+01	1.436969340000000e-06
1.050858979999612e+01	8.607649990000000e-07
1.054354929999681e+01	1.436969340000000e-06
1.056694689999858e+01	2.397347320000000e-06
1.059409630000300e+01	1.436969340000000e-06
1.063245599999209e+01	1.821143090000000e-06
1.065559759999451e+01	1.628999940000000e-06
1.067941729999438e+01	1.821143090000000e-06
1.070264299999690e+01	1.244938740000000e-06
1.074318829999538e+01	1.436969340000000e-06
1.076678900000115e+01	1.628999940000000e-06
1.079634600000281e+01	1.244938740000000e-06
1.085253390000435e+01	8.607649990000000e-07
1.089555729999847e+01	1.821143090000000e-06
1.094704970000021e+01	2.205316830000000e-06
1.097722749999957e+01	1.244938740000000e-06
1.100773939999635e+01	1.436969340000000e-06
1.104430219999631e+01	1.436969340000000e-06
1.106926380000368e+01	1.436969340000000e-06
1.110023489999003e+01	1.244938740000000e-06
1.114534740000090e+01	1.244938740000000e-06
1.119150299999455e+01	1.244938740000000e-06
1.121568890000344e+01	1.244938740000000e-06
1.124327469999844e+01	1.244938740000000e-06
1.127015260000189e+01	1.052795600000000e-06
1.129476370000339e+01	1.821143090000000e-06
1.134156859999348e+01	1.436969340000000e-06
1.136457669999800e+01	2.013173800000000e-06
1.139533689999371e+01	1.244938740000000e-06
1.144143379999150e+01	1.244938740000000e-06
1.146564419999777e+01	2.013173800000000e-06
1.149776889999339e+01	1.436969340000000e-06
1.154380469999160e+01	8.607649990000000e-07
1.156680849999248e+01	8.607649990000000e-07
1.159083499999542e+01	1.821143090000000e-06
1.161394300000393e+01	2.205316830000000e-06
1.164319380000234e+01	1.821143090000000e-06
1.166727160000301e+01	2.397347320000000e-06
1.170961819999502e+01	2.205316830000000e-06
1.174387449999631e+01	1.628999940000000e-06
1.176714189999620e+01	2.589378030000000e-06
1.179512179999438e+01	2.589378030000000e-06
1.184121820000291e+01	2.397347320000000e-06
1.186429450000287e+01	1.821143090000000e-06
1.188869310000155e+01	2.589378030000000e-06
1.191198669999721e+01	1.628999940000000e-06
1.195842709999124e+01	2.589378030000000e-06
1.199486189999152e+01	2.589378030000000e-06
1.204063249999308e+01	2.205316830000000e-06
1.206543649999367e+01	2.013173800000000e-06
1.209743870000239e+01	2.973551770000000e-06
1.214576169999782e+01	2.013173800000000e-06
1.217048800000339e+01	2.397347320000000e-06
1.219349809999403e+01	2.205316830000000e-06
1.221792519999144e+01	2.205316830000000e-06
1.224466569999640e+01	3.165694810000000e-06
1.229415439999138e+01	2.973551770000000e-06
1.231750609999290e+01	2.397347320000000e-06
1.234356969999499e+01	2.397347320000000e-06
1.236665339999308e+01	2.589378030000000e-06
1.239665169999353e+01	2.973551770000000e-06
1.244226250000065e+01	2.589378030000000e-06
1.246543559999554e+01	3.165694810000000e-06
1.248946070000238e+01	2.973551770000000e-06
1.252128479999374e+01	3.165694810000000e-06
1.254564149999351e+01	1.821143090000000e-06
1.259448109999357e+01	2.781521060000000e-06
1.262017239999841e+01	3.357725520000000e-06
1.264393579999160e+01	3.357725520000000e-06
1.266726849999395e+01	3.357725520000000e-06
1.269544739999401e+01	3.165694810000000e-06
1.275127919999068e+01	3.549756230000000e-06
1.277534919999016e+01	3.549756230000000e-06
1.281223929999396e+01	3.549756230000000e-06
1.284409539999615e+01	3.549756230000000e-06
1.286774960000184e+01	4.126072780000000e-06
1.289691009999660e+01	3.933929750000000e-06
1.294352109999454e+01	4.318103490000000e-06
1.296643499999482e+01	4.510134200000000e-06
1.299360469999374e+01	4.894307950000000e-06
1.301803049999580e+01	4.318103490000000e-06
1.304585110000335e+01	5.086450980000000e-06
1.307203159999335e+01	5.278481690000000e-06
1.310833059999277e+01	5.470512410000000e-06
1.314381189999403e+01	4.894307950000000e-06
1.316715049999766e+01	5.662655440000000e-06
1.319388910000271e+01	5.086450980000000e-06
1.321839439999894e+01	5.278481690000000e-06
1.324331809999421e+01	5.278481690000000e-06
1.326663179999741e+01	5.278481690000000e-06
1.329931119999674e+01	5.854686150000000e-06
1.334261510000215e+01	5.662655440000000e-06
1.336578539999027e+01	6.430890150000000e-06
1.339005760000146e+01	6.430890150000000e-06
1.342213199999242e+01	6.623033640000000e-06
1.344536519999383e+01	6.046829180000000e-06
1.349429989999044e+01	7.199237640000000e-06
1.351849719999882e+01	7.583411390000000e-06
1.354497970000375e+01	7.391268350000000e-06
1.359078189999855e+01	6.623033640000000e-06
1.362289459999010e+01	7.583411390000000e-06
1.364616760000354e+01	7.199237640000000e-06
1.368559599999571e+01	7.391268350000000e-06
1.371704699999827e+01	7.199237640000000e-06
1.374613410000165e+01	8.159616299999999e-06
1.379490909999004e+01	8.543789590000001e-06
1.384069859998999e+01	8.927962880000001e-06
1.386386640000273e+01	8.351646100000001e-06
1.390298379999876e+01	9.696198500000000e-06
1.394362920000276e+01	9.504167790000001e-06
1.396697559999302e+01	9.696198500000000e-06
1.399124089999532e+01	1.008037180000000e-05
1.401542169999448e+01	1.046454600000000e-05
1.404346709999663e+01	9.696198500000000e-06
1.406746429999475e+01	1.027240250000000e-05
1.409755599999335e+01	1.046454600000000e-05
1.414346609999484e+01	1.027240250000000e-05
1.416682020000007e+01	1.104075000000000e-05
1.419296179999947e+01	1.027240250000000e-05
1.421742489999451e+01	1.104075000000000e-05
1.424894839999615e+01	1.200112820000000e-05
1.427535489998991e+01	1.142492420000000e-05
1.429937009999412e+01	1.200112820000000e-05
1.434396650000417e+01	1.180898470000000e-05
1.436706769999000e+01	1.276936290000000e-05
1.439424130000407e+01	1.238530150000000e-05
1.443964290000440e+01	1.200112820000000e-05
1.446298359999491e+01	1.257733220000000e-05
1.449518640000315e+01	1.219315890000000e-05
1.454123509999772e+01	1.296150640000000e-05
1.457363489999261e+01	1.353771040000000e-05
1.459763239999302e+01	1.392188460000000e-05
1.464297359999910e+01	1.372974110000000e-05
1.466733869999007e+01	1.372974110000000e-05
1.469619360000070e+01	1.353771040000000e-05
1.474163419999240e+01	1.430605790000000e-05
1.476566039999307e+01	1.449808860000000e-05
1.479464619999635e+01	1.449808860000000e-05
1.484084499999881e+01	1.526643610000000e-05
1.486394139999175e+01	1.507429260000000e-05
1.488743419999082e+01	1.545846680000000e-05
1.491756999999052e+01	1.584264100000000e-05
1.494502050000301e+01	1.603467170000000e-05
1.499180879999767e+01	1.641884410000000e-05
1.501483119999466e+01	1.718707970000000e-05
1.504385180000099e+01	1.661087480000000e-05
1.506703140000172e+01	1.776339740000000e-05
1.509535010000400e+01	1.795542810000000e-05
1.514046229999803e+01	1.776339740000000e-05
1.516450649999024e+01	1.891580540000000e-05
1.518847529999039e+01	1.891580540000000e-05
1.521168500000203e+01	1.910783610000000e-05
1.524575509999704e+01	1.987618270000000e-05
1.529435860000376e+01	2.141276490000000e-05
1.534024949999002e+01	2.198896980000000e-05
1.537042029999429e+01	2.237314400000000e-05
1.539369139999326e+01	2.275731820000000e-05
1.541670069999236e+01	2.352566480000000e-05
1.544374790000438e+01	2.429390040000000e-05
1.546683059999486e+01	2.448604390000000e-05
1.549032799999986e+01	2.487010350000000e-05
1.551357599999756e+01	2.506224700000000e-05
1.554382589999295e+01	2.525427770000000e-05
1.556761089999054e+01	2.525427770000000e-05
1.559671889999299e+01	2.621465680000000e-05
1.564290639999672e+01	2.698300340000000e-05
1.566710009999224e+01	2.640668750000000e-05
1.569899399999122e+01	2.813541140000000e-05
1.574324109998997e+01	2.736706480000000e-05
1.576644649999798e+01	2.947996470000000e-05
1.579047609999543e+01	2.813541140000000e-05
1.582267259999935e+01	2.967199540000000e-05
1.584666759999527e+01	2.928782120000000e-05
1.589621949999128e+01	3.063237450000000e-05
1.594238149999001e+01	3.140071930000000e-05
1.596611209999537e+01	3.178489350000000e-05
1.599251719999302e+01	3.236109840000000e-05
1.602415969999856e+01	3.236109840000000e-05
1.604765310000221e+01	3.332147750000000e-05
1.607463380000263e+01	3.351350820000000e-05
1.609865010000067e+01	3.447388370000000e-05
1.614899739999964e+01	3.601046770000000e-05
1.619425119999505e+01	3.716299030000000e-05
1.621839959999488e+01	3.658667260000000e-05
1.624351620000380e+01	3.639464190000000e-05
1.627261780000117e+01	3.735502100000000e-05
1.629574180000054e+01	3.677881610000000e-05
1.634211630000209e+01	3.677881610000000e-05
1.636537659999158e+01	3.658667260000000e-05
1.639664569999150e+01	3.697084680000000e-05
1.644265230000019e+01	3.735502100000000e-05
1.646682580000197e+01	3.831539650000000e-05
1.649692710000090e+01	3.735502100000000e-05
1.654440820000309e+01	3.773919160000000e-05
1.658327099999588e+01	3.850742720000000e-05
1.660739509999985e+01	3.889160140000000e-05
1.664327010000125e+01	3.889160140000000e-05
1.666724569999496e+01	3.908374490000000e-05
1.669050499999139e+01	3.965994980000000e-05
1.671364180000091e+01	4.042818550000000e-05
1.674660579999909e+01	4.081235970000000e-05
1.679555519999121e+01	4.138856090000000e-05
1.684151640000346e+01	4.119653020000000e-05
1.686549369999557e+01	4.158070440000000e-05
1.689548989999457e+01	4.138856090000000e-05
1.694158450000396e+01	4.292514500000000e-05
1.697543849999784e+01	4.292514500000000e-05
1.699941449999460e+01	4.369349340000000e-05
1.704343619999418e+01	4.311728840000000e-05
1.707150489999913e+01	4.426969460000000e-05
1.710136129999592e+01	4.542221720000000e-05
1.714733269999851e+01	4.503804300000000e-05
1.719330569999875e+01	4.523007370000000e-05
1.721728949999670e+01	4.446183810000000e-05
1.724327369999082e+01	4.523007370000000e-05
1.726726310000231e+01	4.561424790000000e-05
1.729124749999028e+01	4.599842210000000e-05
1.731624129999545e+01	4.619045280000000e-05
1.735021619999316e+01	4.715083200000000e-05
1.739377179999428e+01	4.791917670000000e-05
1.741677399999753e+01	4.772703320000000e-05
1.744517079999787e+01	4.849538160000000e-05
1.749315039999783e+01	4.983993490000000e-05
1.752316840000276e+01	5.003196570000000e-05
1.754703519999748e+01	5.060817060000000e-05
1.757144539999717e+01	5.137651530000000e-05
1.759540320000087e+01	5.137651530000000e-05
1.764806890000182e+01	5.329727360000000e-05
1.769694690000324e+01	5.368144780000000e-05
1.774319069999910e+01	5.464182320000000e-05
1.776696449999872e+01	5.560208960000000e-05
1.779547080000339e+01	5.464182320000000e-05
1.784126790000300e+01	5.483385390000000e-05
1.786639009999635e+01	5.502588460000000e-05
1.788998749999155e+01	5.560208960000000e-05
1.791398399999889e+01	5.579423300000000e-05
1.794316629999958e+01	5.694664290000000e-05
1.796765579999192e+01	5.733081710000000e-05
1.799390329999733e+01	5.771498760000000e-05
1.801794890000019e+01	5.886739750000000e-05
1.805368499999167e+01	6.098029920000000e-05
1.809487079999235e+01	6.213270540000000e-05
1.814186489999702e+01	6.328511520000000e-05
1.816638989999774e+01	6.405346360000000e-05
1.819684910000069e+01	6.462966850000001e-05
1.824287869999534e+01	6.539801689999999e-05
1.826722639999934e+01	6.578207830000000e-05
1.829934409999987e+01	6.770282930000001e-05
1.834307719999924e+01	6.866321200000000e-05
1.836685369999032e+01	6.866321200000000e-05
1.839393500000006e+01	6.904738260000000e-05
1.843181969999569e+01	7.096814080000000e-05
1.845579359999101e+01	7.116016790000000e-05
1.847979129999294e+01	7.212055059999999e-05
1.850416280000354e+01	7.327306960000000e-05
1.855800069999532e+01	7.365724010000000e-05
1.860573389999627e+01	7.384927450000000e-05
1.864582049999444e+01	7.423344500000000e-05
1.869440490000125e+01	7.519382780000000e-05
1.871839979999640e+01	7.557799840000000e-05
1.874344289999863e+01	7.596205980000000e-05
1.877740310000081e+01	7.711457870000000e-05
1.880139979999512e+01	7.980357619999999e-05
1.884341429999040e+01	7.922737130000000e-05
1.886732089999714e+01	8.057191740000000e-05
1.889758129999973e+01	8.114812230000000e-05
1.894282349999412e+01	8.210850500000000e-05
1.896718089999922e+01	8.287685340000000e-05
1.899403570000140e+01	8.306888050000000e-05
1.902512740000384e+01	8.326091480000001e-05
1.905729159999464e+01	8.422129030000000e-05
1.908285769999202e+01	8.345305100000000e-05
1.910673309999402e+01	8.518166580000000e-05
1.914598590000242e+01	8.614204850000000e-05
1.919285459999810e+01	8.691038970000001e-05
1.921686669999326e+01	8.691038970000001e-05
1.924293009999383e+01	8.787077240000000e-05
1.926690879999660e+01	8.767862890000000e-05
1.929591230000369e+01	8.883114790000000e-05
1.934190859999217e+01	8.921532570000000e-05
1.937277309999627e+01	9.036772830000000e-05
1.939654239999072e+01	9.113607670000001e-05
1.944227529999625e+01	9.248052080000000e-05
1.946627009999065e+01	9.401710120000000e-05
1.949915659999533e+01	9.689823490000000e-05
1.954778989999613e+01	9.920316370000000e-05
1.959349010000005e+01	9.997151210000000e-05
1.961759470000106e+01	1.003556830000000e-04
1.964365410000028e+01	1.020842970000000e-04
1.966847279999638e+01	1.026605020000000e-04
1.970461430000432e+01	1.043892260000000e-04
1.974621939999633e+01	1.055416360000000e-04
1.979544790000364e+01	1.076545380000000e-04
1.984104020000086e+01	1.089989750000000e-04
1.986432120000245e+01	1.105355550000000e-04
1.989636969999992e+01	1.124563130000000e-04
1.994268150000426e+01	1.126484570000000e-04
1.996601239999291e+01	1.130326350000000e-04
2.000020310000400e+01	1.149533850000000e-04
2.004389149999770e+01	1.151454200000000e-04
2.006740220000211e+01	1.155295900000000e-04
2.009727060000296e+01	1.166820000000000e-04
2.015760510000109e+01	1.172582050000000e-04
2.020519480000075e+01	1.176423760000000e-04
2.024226879999333e+01	1.176423760000000e-04
2.026656770000409e+01	1.187947860000000e-04
2.029929339999217e+01	1.201393390000000e-04
2.034390089999943e+01	1.201393390000000e-04
2.037590210000053e+01	1.209076870000000e-04
2.040710759999638e+01	1.220600970000000e-04
2.044288560000132e+01	1.216759190000000e-04
2.046598459999950e+01	1.228284380000000e-04
2.050100940000266e+01	1.226362950000000e-04
2.054241069999989e+01	1.235966770000000e-04
2.056705070000316e+01	1.239808480000000e-04
2.059004239999922e+01	1.249412310000000e-04
2.061304090000340e+01	1.235966770000000e-04
2.064337979999254e+01	1.239808480000000e-04
2.066652009999962e+01	1.239808480000000e-04
2.069687649999105e+01	1.251332580000000e-04
2.074287869999534e+01	1.251332580000000e-04
2.076614520000294e+01	1.253254010000000e-04
2.079439729999285e+01	1.255174280000000e-04
2.081875829999626e+01	1.259016140000000e-04
2.084283860000141e+01	1.268619820000000e-04
2.086606539999775e+01	1.260936410000000e-04
2.088993879999907e+01	1.260936410000000e-04
2.092127629999595e+01	1.268619820000000e-04
2.095188890000281e+01	1.266699550000000e-04
2.099382809999224e+01	1.272461520000000e-04
2.101794289999816e+01	1.274381940000000e-04
2.104243489999499e+01	1.266699550000000e-04
2.106683070000145e+01	1.264778110000000e-04
2.110558249999303e+01	1.280143920000000e-04
2.115310270000191e+01	1.295510880000000e-04
2.118353009999555e+01	1.289747740000000e-04
2.120750859999680e+01	1.297431150000000e-04
2.124353189999238e+01	1.299351570000000e-04
2.126755409999168e+01	1.307034980000000e-04
2.130949359999795e+01	1.308955250000000e-04
2.134255190000113e+01	1.308955250000000e-04
2.136652060000051e+01	1.318559080000000e-04
2.139351290000195e+01	1.318559080000000e-04
2.141979489999358e+01	1.333924880000000e-04
2.144400659999519e+01	1.341608290000000e-04
2.146709239999473e+01	1.347370420000000e-04
2.149152979999781e+01	1.347370420000000e-04
2.151572039999883e+01	1.366577930000000e-04
2.155762399999367e+01	1.383865160000000e-04
2.159361109999008e+01	1.395389260000000e-04
2.161674630000198e+01	1.389627290000000e-04
2.164271770000050e+01	1.393468990000000e-04
2.166569579999486e+01	1.406913360000000e-04
2.169669620000059e+01	1.408834800000000e-04
2.174271379999118e+01	1.414596920000000e-04
2.176601459999802e+01	1.424200600000000e-04
2.178914500000246e+01	1.433804430000000e-04
2.181268799999089e+01	1.435724700000000e-04
2.184352619999845e+01	1.454932350000000e-04
2.187093019999156e+01	1.462615760000000e-04
2.189723839999351e+01	1.483743690000000e-04
2.194372680000379e+01	1.502951200000000e-04
2.196725770000194e+01	1.504872630000000e-04
2.199241209999309e+01	1.508713320000000e-04
2.201665730000241e+01	1.518317000000000e-04
2.204245649999939e+01	1.529842270000000e-04
2.206630949999089e+01	1.543287800000000e-04
2.209028930000204e+01	1.550970050000000e-04
2.211343389999820e+01	1.560573870000000e-04
2.215343369999027e+01	1.585543500000000e-04
2.219442359999812e+01	1.595147330000000e-04
2.224036080000224e+01	1.612434570000000e-04
2.226380240000435e+01	1.622038250000000e-04
2.229500509999343e+01	1.622038250000000e-04
2.234330269999919e+01	1.656611710000000e-04
2.237169269999140e+01	1.660453420000000e-04
2.240270340000279e+01	1.675819220000000e-04
2.244393369999307e+01	1.689264750000000e-04
2.246792019999702e+01	1.698868580000000e-04
2.249696809999296e+01	1.712312950000000e-04
2.254257829999551e+01	1.723838210000000e-04
2.257636559999082e+01	1.739204020000000e-04
2.260051219999150e+01	1.756490090000000e-04
2.264278969999577e+01	1.766093920000000e-04
2.267160570000124e+01	1.781460890000000e-04
2.269563590000325e+01	1.792984990000000e-04
2.274187359999632e+01	1.819874890000000e-04
2.276729489999707e+01	1.844845540000000e-04
2.279483699999400e+01	1.889022680000000e-04
2.284016229999543e+01	1.948565770000000e-04
2.286411359999329e+01	1.985059500000000e-04
2.289459959999658e+01	2.025395950000000e-04
2.294015680000302e+01	2.079176920000000e-04
2.297112509999715e+01	2.113750380000000e-04
2.300082709999697e+01	2.177135030000000e-04
2.304488940000010e+01	2.204024930000000e-04
2.309384819999104e+01	2.259727330000000e-04
2.311692410000251e+01	2.296221060000000e-04
2.314317149999260e+01	2.307746180000000e-04
2.316694690000440e+01	2.323111980000000e-04
2.319291329999396e+01	2.340398200000000e-04
2.321588129999873e+01	2.367289270000000e-04
2.324493919999804e+01	2.386496780000000e-04
2.327109959999507e+01	2.394180190000000e-04
2.329533729999093e+01	2.411466410000000e-04
2.334088679999695e+01	2.426832220000000e-04
2.337909590000345e+01	2.442198170000000e-04
2.340307949999988e+01	2.459485260000000e-04
2.345501029999286e+01	2.490216870000000e-04
2.349543399999675e+01	2.501742270000000e-04
2.354092620000301e+01	2.520949640000000e-04
2.356632719999470e+01	2.536315590000000e-04
2.359014220000245e+01	2.542077560000000e-04
2.361511519999476e+01	2.549760970000000e-04
2.364315049999277e+01	2.567047200000000e-04
2.366714009999123e+01	2.572809170000000e-04
2.370619149999402e+01	2.603541940000000e-04
2.374541889999819e+01	2.613145920000000e-04
2.379342999999062e+01	2.630431850000000e-04
2.381756029999815e+01	2.647719230000000e-04
2.384337449999293e+01	2.657322910000000e-04
2.386754219999420e+01	2.659243180000000e-04
2.389059339999221e+01	2.676530570000000e-04
2.391421010000340e+01	2.686134250000000e-04
2.394390009999915e+01	2.697658490000000e-04
2.396692330000224e+01	2.714944420000000e-04
2.399399109999649e+01	2.726469830000000e-04
2.401715829999011e+01	2.732231810000000e-04
2.404798119999759e+01	2.753359730000000e-04
2.409518649999518e+01	2.764884850000000e-04
2.414147419999063e+01	2.780250800000000e-04
2.416638059999968e+01	2.793696190000000e-04
2.418946490000235e+01	2.801378430000000e-04
2.421399109999766e+01	2.812903840000000e-04
2.425091560000146e+01	2.851318860000000e-04
2.429658639999980e+01	2.862843100000000e-04
2.434467089999816e+01	2.895496150000000e-04
2.439009489999444e+01	2.935831440000000e-04
2.441432840000198e+01	2.960801070000000e-04
2.444263759999012e+01	2.966563040000000e-04
2.446679269999731e+01	2.991532670000000e-04
2.449062430000049e+01	3.012661760000000e-04
2.451661649999733e+01	3.028027420000000e-04
2.454420160000154e+01	3.052997050000000e-04
2.459059300000081e+01	3.081808390000000e-04
2.461453609999444e+01	3.095254070000000e-04
2.464271719999670e+01	3.102936320000000e-04
2.466657479999412e+01	3.133669090000000e-04
2.469556969999394e+01	3.145193330000000e-04
2.475390719999268e+01	3.187450060000000e-04
2.477692879999813e+01	3.198974300000000e-04
2.480087300000014e+01	3.220101930000000e-04
2.484351939999033e+01	3.241231020000000e-04
2.486703629999829e+01	3.260438680000000e-04
2.489609229999769e+01	3.287328580000000e-04
2.494201149999571e+01	3.314219650000000e-04
2.497112190000189e+01	3.318061350000000e-04
2.499444389999553e+01	3.335347280000000e-04
2.504060359999130e+01	3.371842320000000e-04
2.506455349999305e+01	3.381446000000000e-04
2.509091349999653e+01	3.404494200000000e-04
2.512542149999354e+01	3.421781290000000e-04
2.514940460000071e+01	3.446750920000000e-04
2.519441939999524e+01	3.471720560000000e-04
2.524853419999999e+01	3.531263500000000e-04
2.529583099999581e+01	3.548550890000000e-04
2.534191989999090e+01	3.585044470000000e-04
2.536564109999745e+01	3.600411580000000e-04
2.538966099999379e+01	3.619618950000000e-04
2.541294429999834e+01	3.646508850000000e-04
2.544427809999615e+01	3.661874800000000e-04
2.549351980000210e+01	3.700289820000000e-04
2.551759869999660e+01	3.725259450000000e-04
2.554362539999420e+01	3.742546830000000e-04
2.556740620000346e+01	3.767516460000000e-04
2.559344579999743e+01	3.805931480000000e-04
2.561741649999749e+01	3.840504800000000e-04
2.564463819999946e+01	3.886602350000000e-04
2.567142800000147e+01	3.926938810000000e-04
2.569539900000382e+01	3.955750140000000e-04
2.574275409999245e+01	4.015293380000000e-04
2.576684409999871e+01	4.040263010000000e-04
2.579706420000002e+01	4.090201980000000e-04
2.584311809999053e+01	4.105567930000000e-04
2.586698049999541e+01	4.128617290000000e-04
2.589508719999867e+01	4.134379270000000e-04
2.594138150000072e+01	4.149746090000000e-04
2.596482459999970e+01	4.145904390000000e-04
2.598894229999860e+01	4.143982950000000e-04
2.601192809999338e+01	4.151666650000000e-04
2.604401859999052e+01	4.145904390000000e-04
2.606770259999030e+01	4.145904390000000e-04
2.610506220000389e+01	4.147824660000000e-04
2.614286510000238e+01	4.143982950000000e-04
2.616586300000199e+01	4.145904390000000e-04
2.619295090000378e+01	4.140142410000000e-04
2.621637670000200e+01	4.149746090000000e-04
2.624587410000095e+01	4.149746090000000e-04
2.627263639999728e+01	4.147824660000000e-04
2.629597359999025e+01	4.153586920000000e-04
2.634140189999016e+01	4.145904390000000e-04
2.636473239999032e+01	4.145904390000000e-04
2.639388829999371e+01	4.151666650000000e-04
2.641709239999182e+01	4.151666650000000e-04
2.644219459999294e+01	4.153586920000000e-04
2.646626909999759e+01	4.149746090000000e-04
2.649527030000172e+01	4.145904390000000e-04
2.654196390000288e+01	4.117093050000000e-04
2.657155949999287e+01	4.103647660000000e-04
2.659561639999447e+01	4.099805960000000e-04
2.664057989999128e+01	4.115171610000000e-04
2.666456589999143e+01	4.147824660000000e-04
2.669673440000042e+01	4.180477990000000e-04
2.674383379999199e+01	4.303405590000000e-04
2.676732030000130e+01	4.420571200000000e-04
2.680720239999937e+01	4.654902730000000e-04
2.684233210000093e+01	4.754783290000000e-04
2.686633499999880e+01	4.843137580000000e-04
2.689104229999066e+01	4.954540050000000e-04
2.691460109999753e+01	5.050578040000000e-04
2.694264179999300e+01	5.146615440000000e-04
2.696663599999738e+01	5.248414240000000e-04
2.699373509999714e+01	5.338691410000001e-04
2.702314019999176e+01	5.432806790000000e-04
2.705516390000412e+01	5.561496360000000e-04
2.710309710000001e+01	5.707473610000000e-04
2.714981580000313e+01	5.820798690000000e-04
2.718168890000379e+01	5.937964310000000e-04
2.720565449999413e+01	6.066653880000000e-04
2.724271350000345e+01	6.151167330000000e-04
2.727667500000098e+01	6.289461160000000e-04
2.730062939999334e+01	6.445042090000000e-04
2.734296500000346e+01	6.542999760000000e-04
2.736629069999617e+01	6.667849370000000e-04
2.740256099999533e+01	6.892576930000000e-04
2.744307989999652e+01	7.005902010000000e-04
2.746713950000412e+01	7.109622820000001e-04
2.749024569999892e+01	7.217184760000000e-04
2.751558340000338e+01	7.359319130000000e-04
2.755838529999892e+01	7.530266880000000e-04
2.760495409999567e+01	7.641669360000000e-04
2.765210589999333e+01	7.795330020000000e-04
2.769547049999528e+01	7.860636110000000e-04
2.774126539999270e+01	8.004692500000000e-04
2.776517749999766e+01	8.077680249999999e-04
2.778845330000331e+01	8.135302920000001e-04
2.781353390000004e+01	8.229420050000000e-04
2.784397079999326e+01	8.312011490000000e-04
2.786696889999439e+01	8.388841520000000e-04
2.789607139999862e+01	8.452227340000000e-04
2.794711599999573e+01	8.650064120000000e-04
2.799264810000022e+01	8.698083110000000e-04
2.801654979999876e+01	8.761468930000000e-04
2.804271670000162e+01	8.809485590000000e-04
2.806841710000299e+01	8.845980630000000e-04
2.810534549999284e+01	8.982353610000000e-04
2.814270840000245e+01	9.055343110000000e-04
2.816668670000217e+01	9.136014270000000e-04
2.819482710000011e+01	9.207081170000000e-04
2.824113870000292e+01	9.324246779999999e-04
2.826513200000045e+01	9.402997680000000e-04
2.829551680000441e+01	9.472146630000000e-04
2.834191089999513e+01	9.562420890000000e-04
2.836586489999900e+01	9.600836200000000e-04
2.838984340000025e+01	9.625804380000000e-04
2.841294029999699e+01	9.671903100000000e-04
2.844364299999143e+01	9.710318410000000e-04
2.846762870000384e+01	9.760257670000000e-04
2.849972649999836e+01	9.852454530000000e-04
2.854354549999698e+01	9.898551510000000e-04
2.856750989999273e+01	9.948492520000000e-04
2.859413430000131e+01	9.998432360000000e-04
2.864070319999882e+01	1.011751820000000e-03
2.866901679999137e+01	1.018474460000000e-03
2.869361400000344e+01	1.025005010000000e-03
2.871730989999196e+01	1.030383050000000e-03
2.874729549999756e+01	1.044404580000000e-03
2.879604929999914e+01	1.051895440000000e-03
2.884269459999632e+01	1.067453530000000e-03
2.887200249999296e+01	1.074176170000000e-03
2.889605709999159e+01	1.080130460000000e-03
2.895162079999864e+01	1.092999360000000e-03
2.898260649999429e+01	1.099721990000000e-03
2.900610539999616e+01	1.108941740000000e-03
2.904315879999194e+01	1.114127690000000e-03
2.906774399999995e+01	1.122002720000000e-03
2.909599909999815e+01	1.128725470000000e-03
2.915414849999070e+01	1.146780560000000e-03
2.919315340000321e+01	1.152542890000000e-03
2.921637310000369e+01	1.157920810000000e-03
2.924284399999306e+01	1.164643440000000e-03
2.926683290000074e+01	1.171558160000000e-03
2.929084489999514e+01	1.177320370000000e-03
2.932497410000360e+01	1.186155830000000e-03
2.934899199999927e+01	1.200753500000000e-03
2.940103870000166e+01	1.214775140000000e-03
2.944232729999931e+01	1.223418510000000e-03
2.946612090000417e+01	1.233406360000000e-03
2.949398529999598e+01	1.239744710000000e-03
2.952007489999232e+01	1.249156540000000e-03
2.955825550000009e+01	1.263177950000000e-03
2.959008389999508e+01	1.279504390000000e-03
2.961407879999024e+01	1.295062360000000e-03
2.964310699999623e+01	1.308699720000000e-03
2.966716029999952e+01	1.325218240000000e-03
2.969623669999419e+01	1.338471430000000e-03
2.974564729999111e+01	1.365554050000000e-03
2.980632279999554e+01	1.394941470000000e-03
2.984278379999159e+01	1.403969010000000e-03
2.986653149999620e+01	1.411459990000000e-03
2.988994589999493e+01	1.423944840000000e-03
2.991490289999638e+01	1.437774280000000e-03
2.994309669999348e+01	1.448146420000000e-03
2.996645910000370e+01	1.460055010000000e-03
2.999343580000277e+01	1.467930040000000e-03
3.002195969999593e+01	1.478494140000000e-03
3.004564579999715e+01	1.486369180000000e-03
3.009460270000272e+01	1.505576770000000e-03
3.014181269999244e+01	1.527665300000000e-03
3.016594589999295e+01	1.537845350000000e-03
3.019378889999643e+01	1.549946030000000e-03
3.021797339999466e+01	1.560126080000000e-03
3.024376749999647e+01	1.572226760000000e-03
3.026784849999240e+01	1.582022520000000e-03
3.029680739999458e+01	1.590281840000000e-03
3.034261710000283e+01	1.606032020000000e-03
3.036557229999744e+01	1.615443730000000e-03
3.039960579999024e+01	1.635995690000000e-03
3.044264649999968e+01	1.646559920000000e-03
3.046699849999277e+01	1.659812870000000e-03
3.049138989999483e+01	1.670377100000000e-03
3.052451119999751e+01	1.684206420000000e-03
3.055433440000343e+01	1.702069540000000e-03
3.059317549999105e+01	1.711481130000000e-03
3.061737439999706e+01	1.720316710000000e-03
3.064222989999689e+01	1.727231430000000e-03
3.066526789999625e+01	1.735874800000000e-03
3.069522349999170e+01	1.740676700000000e-03
3.074481560000277e+01	1.754698110000000e-03
3.077106549999735e+01	1.761804800000000e-03
3.079512509999040e+01	1.768527440000000e-03
3.084070580000116e+01	1.781780740000000e-03
3.086394919999293e+01	1.792344850000000e-03
3.089620849999483e+01	1.802908840000000e-03
3.094156199999270e+01	1.827878640000000e-03
3.096569489999092e+01	1.843436740000000e-03
3.099377990000357e+01	1.856689920000000e-03
3.102323759999126e+01	1.870903420000000e-03
3.104666959999304e+01	1.882812240000000e-03
3.107283489999827e+01	1.895296970000000e-03
3.109930619999068e+01	1.910855060000000e-03
3.114533509999455e+01	1.918154070000000e-03
3.120732200000202e+01	1.945620750000000e-03
3.124339899999904e+01	1.951959100000000e-03
3.127036559999397e+01	1.962907610000000e-03
3.129572599999665e+01	1.970782640000000e-03
3.134227079999982e+01	1.990374180000000e-03
3.136533800000325e+01	2.001706740000000e-03
3.138928390000365e+01	2.013423250000000e-03
3.142645369999809e+01	2.030902080000000e-03
3.145751009999367e+01	2.051645890000000e-03
3.149663219999638e+01	2.061634320000000e-03
3.154341469999054e+01	2.080073110000000e-03
3.156675820000237e+01	2.089100890000000e-03
3.159275359999447e+01	2.096783840000000e-03
3.161582169999019e+01	2.105811150000000e-03
3.164685760000430e+01	2.113302240000000e-03
3.167891309999686e+01	2.122713950000000e-03
3.170291510000243e+01	2.133277940000000e-03
3.174247899999318e+01	2.140576720000000e-03
3.176733119999699e+01	2.150948630000000e-03
3.179565499999444e+01	2.160552420000000e-03
3.184156299999449e+01	2.175534380000000e-03
3.186708640000143e+01	2.184946320000000e-03
3.189554230000067e+01	2.193589460000000e-03
3.194151819999388e+01	2.207226820000000e-03
3.196450469999400e+01	2.214909760000000e-03
3.198790409999492e+01	2.222784790000000e-03
3.201090589999512e+01	2.233349250000000e-03
3.204325259999314e+01	2.242376330000000e-03
3.206693210000230e+01	2.256206240000000e-03
3.210096379999595e+01	2.275221280000000e-03
3.214300329999242e+01	2.284249060000000e-03
3.216694339999231e+01	2.293468690000000e-03
3.219297540000116e+01	2.298846380000000e-03
3.221696869999869e+01	2.305377270000000e-03
3.224299079999037e+01	2.312484200000000e-03
3.226718619999883e+01	2.318438610000000e-03
3.229095409999718e+01	2.325929470000000e-03
3.231503519999387e+01	2.335917440000000e-03
3.234299829999509e+01	2.343023890000000e-03
3.236704899999313e+01	2.352051670000000e-03
3.239405940000142e+01	2.361655240000000e-03
3.241824339999584e+01	2.371067180000000e-03
3.244304389999888e+01	2.379710320000000e-03
3.246762609999860e+01	2.390082690000000e-03
3.250811120000435e+01	2.410442340000000e-03
3.254404890000296e+01	2.422735100000000e-03
3.256817220000084e+01	2.435028090000000e-03
3.259197829999903e+01	2.447320850000000e-03
3.261596229999850e+01	2.459421520000000e-03
3.264351389999501e+01	2.472290540000000e-03
3.266661269999167e+01	2.487272720000000e-03
3.269669909999357e+01	2.499373160000000e-03
3.274446499999613e+01	2.518196820000000e-03
3.279200359999959e+01	2.527032050000000e-03
3.281622049999714e+01	2.531834180000000e-03
3.284934909999720e+01	2.537211870000000e-03
3.287382300000172e+01	2.540669170000000e-03
3.289845900000364e+01	2.548736290000000e-03
3.294332749999012e+01	2.553154020000000e-03
3.296673699999519e+01	2.559492830000000e-03
3.300408759999846e+01	2.571209330000000e-03
3.304271059999883e+01	2.577739770000000e-03
3.306670219999796e+01	2.585614800000000e-03
3.309778260000166e+01	2.596563190000000e-03
3.314373480000359e+01	2.602901540000000e-03
3.317624610000348e+01	2.611737230000000e-03
3.320803840000008e+01	2.628063550000000e-03
3.324405539999134e+01	2.637667350000000e-03
3.329460470000049e+01	2.658411390000000e-03
3.334069450000243e+01	2.674545630000000e-03
3.336422920000041e+01	2.683957340000000e-03
3.339376179999090e+01	2.692792560000000e-03
3.341907730000094e+01	2.700667600000000e-03
3.344280819999403e+01	2.709695370000000e-03
3.346593419999408e+01	2.718338510000000e-03
3.350235909999174e+01	2.740043450000000e-03
3.354521480000403e+01	2.750607440000000e-03
3.359241099999053e+01	2.772503770000000e-03
3.361635039999965e+01	2.783836330000000e-03
3.364249709999422e+01	2.792095300000000e-03
3.366552860000229e+01	2.802851840000000e-03
3.369488959999580e+01	2.809766210000000e-03
3.374082179999095e+01	2.828205700000000e-03
3.376399269999820e+01	2.839922210000000e-03
3.378796030000376e+01	2.850102260000000e-03
3.381614399999671e+01	2.864123550000000e-03
3.384319189999951e+01	2.871614650000000e-03
3.386639979999745e+01	2.881986790000000e-03
3.389663679999649e+01	2.890630160000000e-03
3.394270800000231e+01	2.910797720000000e-03
3.397280560000218e+01	2.923859050000000e-03
3.399674000000232e+01	2.934807450000000e-03
3.405255999999645e+01	2.957856520000000e-03
3.407675949999248e+01	2.968996530000000e-03
3.411409940000158e+01	2.989548720000000e-03
3.414408250000270e+01	2.999344610000000e-03
3.417608940000355e+01	3.011637370000000e-03
3.420010299999558e+01	3.026427240000000e-03
3.424309399999038e+01	3.037759800000000e-03
3.426745769999980e+01	3.048707730000000e-03
3.430174189999525e+01	3.067915330000000e-03
3.434255040000426e+01	3.077134960000000e-03
3.436638449999737e+01	3.086162730000000e-03
3.439045510000142e+01	3.095766060000000e-03
3.441447940000216e+01	3.105562180000000e-03
3.444352509999590e+01	3.113629300000000e-03
3.446763240000291e+01	3.124001200000000e-03
3.449582199999713e+01	3.133605000000000e-03
3.454124769999180e+01	3.150891750000000e-03
3.456626409999444e+01	3.159343030000000e-03
3.459787869999127e+01	3.180663330000000e-03
3.464529790000233e+01	3.192187990000000e-03
3.467137919999368e+01	3.204672600000000e-03
3.469544329999189e+01	3.217541850000000e-03
3.475586530000146e+01	3.255764950000000e-03
3.479582529999607e+01	3.266328710000000e-03
3.484232329999213e+01	3.287457160000000e-03
3.486604660000012e+01	3.299173670000000e-03
3.489630419999594e+01	3.312811020000000e-03
3.494180489999417e+01	3.335284070000000e-03
3.497401069999614e+01	3.350265560000000e-03
3.499826799999573e+01	3.373314630000000e-03
3.505270939999900e+01	3.396747630000000e-03
3.509877009999764e+01	3.418452110000000e-03
3.514435980000417e+01	3.431321350000000e-03
3.519048569998995e+01	3.457827960000000e-03
3.522175189999689e+01	3.472233420000000e-03
3.525203429999237e+01	3.484910590000000e-03
3.527597529999912e+01	3.496242450000000e-03
3.530028329999186e+01	3.516794880000000e-03
3.534538659999089e+01	3.529471580000000e-03
3.540621249999094e+01	3.574033030000000e-03
3.544260159999249e+01	3.590935610000000e-03
3.546638230000099e+01	3.614560930000000e-03
3.549542089999886e+01	3.636073320000000e-03
3.554140740000003e+01	3.678906010000000e-03
3.556543659999443e+01	3.702531100000000e-03
3.559146899999178e+01	3.731918990000000e-03
3.562751659999776e+01	3.768220780000000e-03
3.565154340000299e+01	3.807596160000000e-03
3.570639079999819e+01	3.842938460000000e-03
3.574437380000018e+01	3.857727860000000e-03
3.579192819999298e+01	3.880584850000000e-03
3.581577770000149e+01	3.891725330000000e-03
3.584220179999829e+01	3.899216420000000e-03
3.586559380000108e+01	3.909012300000000e-03
3.588964369999303e+01	3.916695250000000e-03
3.591274889999477e+01	3.928027120000000e-03
3.595669189999171e+01	3.952613100000000e-03
3.600379729999986e+01	3.975085910000000e-03
3.604545059999509e+01	3.986802420000000e-03
3.609758859999420e+01	4.018303010000000e-03
3.614445690000139e+01	4.029443490000000e-03
3.616909549999400e+01	4.038278480000000e-03
3.619272880000062e+01	4.049803130000000e-03
3.621658589999424e+01	4.062095660000000e-03
3.625157949999266e+01	4.095324780000000e-03
3.629673799999000e+01	4.110114650000000e-03
3.634271879999142e+01	4.141230600000000e-03
3.637686279999616e+01	4.163511100000000e-03
3.639985950000118e+01	4.189633760000000e-03
3.645619599999918e+01	4.210378040000000e-03
3.647939559999213e+01	4.222286400000000e-03
3.650245400000131e+01	4.241494000000000e-03
3.654778059999808e+01	4.265503490000000e-03
3.659354089999397e+01	4.280101040000000e-03
3.661697039999126e+01	4.293354230000000e-03
3.665690739999991e+01	4.321973310000000e-03
3.670390279999992e+01	4.341373220000000e-03
3.675034349999623e+01	4.354242240000000e-03
3.677461290000065e+01	4.363845570000000e-03
3.679856319999089e+01	4.386894400000000e-03
3.684296329999052e+01	4.400724080000000e-03
3.687496760000067e+01	4.420123530000000e-03
3.689893019999727e+01	4.446822220000000e-03
3.694232550000015e+01	4.460075400000000e-03
3.696632959999260e+01	4.477938170000000e-03
3.699252050000359e+01	4.491191360000000e-03
3.701573709999502e+01	4.508862270000000e-03
3.704221790000156e+01	4.523075650000000e-03
3.706659220000438e+01	4.539018500000000e-03
3.709013499999128e+01	4.554960410000000e-03
3.711412270000437e+01	4.572439470000000e-03
3.715211090000230e+01	4.601442720000000e-03
3.719312339999306e+01	4.618344830000000e-03
3.721653229999356e+01	4.635247870000000e-03
3.724271900000167e+01	4.652342760000000e-03
3.726686779999000e+01	4.672702400000000e-03
3.729471360000025e+01	4.687108100000000e-03
3.734008329999051e+01	4.720337220000000e-03
3.736365169999772e+01	4.738584160000000e-03
3.738692669999728e+01	4.754718390000000e-03
3.741098780000175e+01	4.776615180000000e-03
3.744302949999110e+01	4.794862120000000e-03
3.746704329999920e+01	4.815222230000000e-03
3.749709760000405e+01	4.842496940000000e-03
3.754382930000429e+01	4.855749660000000e-03
3.759054309999919e+01	4.875726070000000e-03
3.761472179999691e+01	4.887057930000000e-03
3.764392109999608e+01	4.901655950000000e-03
3.767085569999472e+01	4.913948480000000e-03
3.770378470000287e+01	4.934885070000000e-03
3.774278169999889e+01	4.945641380000000e-03
3.776602450000064e+01	4.957933910000000e-03
3.779598870000336e+01	4.968113730000000e-03
3.784199689999514e+01	4.987129480000000e-03
3.786632960000134e+01	4.999230150000000e-03
3.789540629999829e+01	5.006720780000000e-03
3.794169219999458e+01	5.025352350000000e-03
3.796504979999736e+01	5.035340320000000e-03
3.798906680000073e+01	5.047056820000000e-03
3.801313049999590e+01	5.064535890000000e-03
3.804356279999774e+01	5.077020270000000e-03
3.807871479999449e+01	5.101029760000000e-03
3.810861359999399e+01	5.127536130000000e-03
3.815470020000066e+01	5.164030470000000e-03
3.819263239999418e+01	5.178243850000000e-03
3.821601570000348e+01	5.196491260000000e-03
3.824223659999552e+01	5.210896950000000e-03
3.826621119999618e+01	5.222997160000000e-03
3.828944969999429e+01	5.236058500000000e-03
3.832632949999243e+01	5.255458410000000e-03
3.835732110000390e+01	5.275625740000000e-03
3.839318389999971e+01	5.281580150000000e-03
3.841647029999876e+01	5.289647260000000e-03
3.844362799999362e+01	5.297714840000000e-03
3.846771919999446e+01	5.303669260000000e-03
3.849471119999362e+01	5.312888420000000e-03
3.854092289999244e+01	5.329407290000000e-03
3.857718809999642e+01	5.344196690000000e-03
3.860074769999483e+01	5.357834510000000e-03
3.864362170000095e+01	5.367053670000000e-03
3.866763719999290e+01	5.377041640000000e-03
3.870405739999842e+01	5.391255490000000e-03
3.874515760000213e+01	5.396249240000000e-03
3.879282639999292e+01	5.411039110000000e-03
3.881580480000412e+01	5.418146030000000e-03
3.884294479999517e+01	5.429093730000000e-03
3.886648419999983e+01	5.439081690000000e-03
3.889061489999585e+01	5.449261980000000e-03
3.892100719999871e+01	5.464435560000000e-03
3.894509049999760e+01	5.472694990000000e-03
3.899143189999450e+01	5.491326100000000e-03
3.901553750000312e+01	5.499969700000000e-03
3.904265429999214e+01	5.509573500000000e-03
3.907647220000217e+01	5.521290000000000e-03
3.910052649999852e+01	5.532430020000000e-03
3.915552230000321e+01	5.545299500000000e-03
3.917953369999304e+01	5.552214100000000e-03
3.920425739999337e+01	5.565083120000000e-03
3.925156570000399e+01	5.579681140000000e-03
3.929653359999065e+01	5.589668640000000e-03
3.934276129999489e+01	5.606378890000000e-03
3.936620419999235e+01	5.617711690000000e-03
3.939317779999692e+01	5.628083370000000e-03
3.941624170000432e+01	5.634614270000000e-03
3.945718589999888e+01	5.649019960000000e-03
3.948833310000191e+01	5.659199790000000e-03
3.952318879999802e+01	5.670147950000000e-03
3.955241419999220e+01	5.683209280000000e-03
3.959431869999389e+01	5.690123890000000e-03
3.964049649999652e+01	5.704913750000000e-03
3.966445460000250e+01	5.714325700000000e-03
3.969527440000093e+01	5.725273400000000e-03
3.974066749999474e+01	5.740639750000000e-03
3.976468279999972e+01	5.753124600000000e-03
3.978866869999911e+01	5.764264610000000e-03
3.982094170000346e+01	5.779054480000000e-03
3.985213459999068e+01	5.806713370000000e-03
3.989589129999513e+01	5.818045700000000e-03
3.994507239999075e+01	5.841671020000000e-03
3.999074019999534e+01	5.859341940000000e-03
4.001480619999347e+01	5.870290570000000e-03
4.004247499999474e+01	5.880086220000000e-03
4.007018080000125e+01	5.895452110000000e-03
4.010437180000008e+01	5.918501410000000e-03
4.014843169999949e+01	5.950193390000000e-03
4.019391649999307e+01	5.966135770000000e-03
4.021790849999525e+01	5.978812930000000e-03
4.024295179999899e+01	5.992066120000000e-03
4.026689830000396e+01	6.006087640000000e-03
4.029486090000137e+01	6.016651630000000e-03
4.034116419999918e+01	6.034130230000000e-03
4.036417040000379e+01	6.042581980000000e-03
4.038816709999810e+01	6.050649100000000e-03
4.041156529998989e+01	6.063133480000000e-03
4.044318360000034e+01	6.071584760000000e-03
4.046741139999358e+01	6.085798140000000e-03
4.049666819999402e+01	6.094057580000000e-03
4.054347579999012e+01	6.113649350000000e-03
4.057332919999317e+01	6.127479020000000e-03
4.059729350000271e+01	6.146878470000000e-03
4.064332249999279e+01	6.161860190000000e-03
4.066637120000087e+01	6.171848620000000e-03
4.069964700000128e+01	6.195665800000000e-03
4.074358799999754e+01	6.204501260000000e-03
4.076765130000422e+01	6.215833130000000e-03
4.079501909999817e+01	6.222556350000000e-03
4.085419199999887e+01	6.244068500000000e-03
4.089585439999064e+01	6.251943760000000e-03
4.094254649999493e+01	6.276720670000000e-03
4.096623979999276e+01	6.292279340000000e-03
4.099036319999141e+01	6.305723920000000e-03
4.101400759999524e+01	6.322434640000000e-03
4.105496080000012e+01	6.346060430000000e-03
4.109642129999702e+01	6.357969250000000e-03
4.114767069999652e+01	6.387356670000000e-03
4.119467830000212e+01	6.394846830000000e-03
4.124077560000296e+01	6.405603610000000e-03
4.126386579999235e+01	6.413094700000000e-03
4.128806330000225e+01	6.418280300000000e-03
4.131204499999876e+01	6.430573760000000e-03
4.134328919999825e+01	6.437487900000000e-03
4.136669939999410e+01	6.444595290000000e-03
4.139478600000439e+01	6.454582330000000e-03
4.141950289999659e+01	6.463802890000000e-03
4.144408869999461e+01	6.477823950000000e-03
4.146732759999577e+01	6.496070880000000e-03
4.149582369999553e+01	6.514701990000000e-03
4.154199800000060e+01	6.548315290000000e-03
4.156670619999932e+01	6.564449050000000e-03
4.160105769999791e+01	6.601712200000000e-03
4.164300899999216e+01	6.618614310000000e-03
4.166698009999527e+01	6.642240100000000e-03
4.169604880000406e+01	6.657605990000000e-03
4.174338179999904e+01	6.691602990000000e-03
4.176740630000131e+01	6.717917040000000e-03
4.180435839999700e+01	6.771506740000000e-03
4.184331430000020e+01	6.798972840000000e-03
4.186639090000244e+01	6.824327630000000e-03
4.188982090000354e+01	6.845839320000000e-03
4.191280599999300e+01	6.871961990000000e-03
4.194379579999077e+01	6.891746070000000e-03
4.196705900000234e+01	6.910376720000000e-03
4.199306130000332e+01	6.929584310000000e-03
4.201606510000420e+01	6.949944420000000e-03
4.205707559999428e+01	6.982596590000000e-03
4.209510109999974e+01	6.997002750000000e-03
4.214107909999439e+01	7.018707230000000e-03
4.216511479999463e+01	7.032344580000000e-03
4.218955199999618e+01	7.044828960000000e-03
4.221363209999981e+01	7.055009720000000e-03
4.224747679999564e+01	7.083628330000000e-03
4.229714799999783e+01	7.102259900000000e-03
4.234357919999456e+01	7.111863230000000e-03
4.237402370000200e+01	7.124156230000000e-03
4.239795129999402e+01	7.141634820000000e-03
4.244359429999895e+01	7.148934060000000e-03
4.246893239999190e+01	7.158345540000000e-03
4.249682289999328e+01	7.180050020000000e-03
4.254841170000145e+01	7.203675810000000e-03
4.259308469999814e+01	7.215776020000000e-03
4.261606939999911e+01	7.233638780000000e-03
4.264227419999952e+01	7.249581160000000e-03
4.266549129999476e+01	7.273782510000000e-03
4.269476469999063e+01	7.296063470000000e-03
4.274049709999235e+01	7.333902180000000e-03
4.276392969999870e+01	7.347347680000000e-03
4.278811579999456e+01	7.364250250000000e-03
4.281210640000063e+01	7.385762870000000e-03
4.284219689999009e+01	7.398247250000000e-03
4.286588779999875e+01	7.411884610000000e-03
4.289680570000201e+01	7.436470590000000e-03
4.294220459999633e+01	7.446458100000000e-03
4.296533959999215e+01	7.461440280000000e-03
4.299293100000068e+01	7.471620110000000e-03
4.302642419999756e+01	7.483721250000000e-03
4.305104669999855e+01	7.493901070000000e-03
4.307490999999573e+01	7.506001280000000e-03
4.310512009999366e+01	7.519830950000000e-03
4.315182169999753e+01	7.543840450000000e-03
4.319389290000254e+01	7.554980930000000e-03
4.321807279999484e+01	7.565544920000000e-03
4.324344930000370e+01	7.573803890000000e-03
4.326729629999318e+01	7.588594220000000e-03
4.329535519999627e+01	7.600886750000000e-03
4.334137549999286e+01	7.630081850000000e-03
4.336438269999053e+01	7.637957110000000e-03
4.338855139999941e+01	7.648521100000000e-03
4.341257169999881e+01	7.656588220000000e-03
4.344291410000005e+01	7.667728700000000e-03
4.346788749999541e+01	7.679253350000000e-03
4.349703050000244e+01	7.702494970000000e-03
4.354309969999304e+01	7.715171670000000e-03
4.356704789999640e+01	7.726503540000000e-03
4.359213209999143e+01	7.738796060000000e-03
4.362336709999363e+01	7.750704880000000e-03
4.364651140000205e+01	7.765302900000000e-03
4.367239749999135e+01	7.777595430000000e-03
4.369619590000366e+01	7.791809270000000e-03
4.374236869999731e+01	7.819083520000001e-03
4.376559480000287e+01	7.837330920000000e-03
4.379554910000297e+01	7.850584569999999e-03
4.384078220000083e+01	7.874784990000000e-03
4.386419510000269e+01	7.890535520000000e-03
4.389580359999673e+01	7.904365660000001e-03
4.394217029999709e+01	7.922035640000000e-03
4.396596079999290e+01	7.949886840000000e-03
4.398997719999170e+01	7.967749610000000e-03
4.401336909999372e+01	7.983883840000001e-03
4.404283890000079e+01	7.995792660000001e-03
4.407805109999026e+01	8.014808409999999e-03
4.410710259999905e+01	8.032671179999999e-03
4.415359429999080e+01	8.054568430000001e-03
4.419263019999198e+01	8.065132419999999e-03
4.421584469999652e+01	8.078577000000000e-03
4.424296459999459e+01	8.088372650000000e-03
4.426694699999643e+01	8.102394640000000e-03
4.429114509999636e+01	8.113150479999999e-03
4.431526869999652e+01	8.127939890000000e-03
4.434346499999810e+01	8.141961880000000e-03
4.436755450000055e+01	8.154639040000000e-03
4.440401460000430e+01	8.185371760000001e-03
4.445009179999761e+01	8.207843640000000e-03
4.449504500000330e+01	8.218215780000000e-03
4.454568939999444e+01	8.243185470000001e-03
4.456983919999038e+01	8.257591170000000e-03
4.459353060000285e+01	8.271805009999999e-03
4.462256209999032e+01	8.285826070000000e-03
4.465471029999026e+01	8.306762200000000e-03
4.469689099999960e+01	8.330196139999999e-03
4.474409839999862e+01	8.341527539999999e-03
4.476836109999567e+01	8.356126029999999e-03
4.479569489999267e+01	8.366881870000000e-03
4.484196659999725e+01	8.389354680000001e-03
4.487401529999624e+01	8.407217450000001e-03
4.489823649999744e+01	8.424311880000000e-03
4.494346729999234e+01	8.439678700000000e-03
4.496749070000078e+01	8.454083470000000e-03
4.499385129999428e+01	8.471370670000001e-03
4.501803859999927e+01	8.481934670000000e-03
4.504326569999103e+01	8.494035340000001e-03
4.506642629999260e+01	inf
4.510966059999191e+01	inf
4.514328170000226e+01	inf
4.517377490000217e+01	inf
4.520559729999513e+01	inf
4.524275679999846e+01	inf
4.526607929999591e+01	inf
4.529307139999582e+01	inf
4.531610889999138e+01	inf
4.534153569999035e+01	inf
4.536510060000001e+01	inf
4.539157290000003e+01	inf
4.542355549999047e+01	inf
4.544752889999654e+01	inf
4.548545729999023e+01	inf
4.550937030000205e+01	inf
4.554044670000440e+01	inf
4.557739219999348e+01	inf
4.560036779999791e+01	inf
4.563972469999862e+01	inf
4.566286070000206e+01	inf
4.570305129999178e+01	inf
4.575041719998990e+01	inf
4.578210650000256e+01	inf
4.580516940000234e+01	inf
4.584013640000194e+01	inf
4.587613330000022e+01	inf
4.590016439999454e+01	inf
4.594016729999566e+01	inf
4.596517909999238e+01	inf
4.600217749999138e+01	inf
4.604085269999632e+01	inf
4.606648839999980e+01	inf
4.609017189999577e+01	inf
4.611319910000020e+01	inf
4.614016650000121e+01	inf
4.616422120000061e+01	inf
4.619331889999739e+01	inf
4.621628690000216e+01	inf
4.624031969999487e+01	inf
4.626330130000133e+01	inf
4.629208379999909e+01	inf
4.631627139999182e+01	inf
4.633960429999570e+01	inf
4.637816480000038e+01	inf
4.640199909999501e+01	inf
4.644036959999357e+01	inf
4.646345660000225e+01	inf
4.649370229999477e+01	inf
4.651694299999508e+01	inf
4.654078460000164e+01	inf
4.656570749999082e+01	inf
4.659900829999242e+01	inf
4.664292640000349e+01	inf
4.667488439999579e+01	inf
4.669838780000282e+01	inf
4.673993830000109e+01	inf
4.676295360000222e+01	inf
4.679996950000350e+01	inf
4.684014620000380e+01	inf
4.686313030000019e+01	inf
4.689316559999133e+01	inf
4.691631950000010e+01	inf
4.695580709999194e+01	inf
4.698029459999816e+01	inf
4.701812039999641e+01	inf
4.704236769999261e+01	inf
4.708122100000037e+01	inf
4.710431880000397e+01	inf
4.713956119999057e+01	inf
4.717470879999746e+01	inf
4.719861510000192e+01	inf
4.723966979999386e+01	inf
4.726267139999254e+01	inf
4.728584470000351e+01	inf
4.730892339999264e+01	inf
4.734539909999876e+01	inf
4.738860360000399e+01	inf
4.741162279999116e+01	inf
4.745314189999772e+01	inf
4.749254859999928e+01	inf
4.753074469999410e+01	inf
4.756272719999833e+01	inf
4.758587019999686e+01	inf
4.760968009999488e+01	8.498068900000001e-03
4.764220039999054e+01	8.483855049999999e-03
4.767165049999312e+01	8.480974469999999e-03
4.769565310000326e+01	8.470026780000001e-03
4.773841239999456e+01	8.452931420000000e-03
4.776152559999900e+01	8.444096890000001e-03
4.779586230000132e+01	8.436029780000000e-03
4.783873439999297e+01	8.427577090000001e-03
4.786276819999330e+01	8.422006850000000e-03
4.788697929999034e+01	8.413939739999999e-03
4.790998299999046e+01	8.407217450000001e-03
4.795267669999157e+01	8.393196390000000e-03
4.799179669999285e+01	8.386474099999999e-03
4.801701429999957e+01	8.376677520000000e-03
4.804136509999807e+01	8.368802260000001e-03
4.807814309999230e+01	8.360735140000001e-03
4.810125819999666e+01	8.353820070000000e-03
4.814035499999591e+01	8.351899680000000e-03
4.816344899999967e+01	8.347482420000000e-03
4.818767669999215e+01	8.340951990000000e-03
4.821150269999634e+01	8.336150089999999e-03
4.824049929999455e+01	8.332500230000000e-03
4.826448260000325e+01	8.326738140000000e-03
4.829648629999429e+01	8.321744390000000e-03
4.834654379999847e+01	8.311179470000001e-03
4.839487429999281e+01	8.298311379999999e-03
4.845578469999600e+01	8.283713830000001e-03
4.848053629999049e+01	8.277375250000000e-03
4.850491010000405e+01	8.270267400000000e-03
4.862940419999359e+01	8.255477989999999e-03
4.866105199999583e+01	8.249907750000000e-03
4.869528939999873e+01	8.242417130000000e-03
4.874131660000421e+01	8.236270400000001e-03
4.876529959999607e+01	8.229932750000000e-03
4.880031839999720e+01	8.220712650000000e-03
4.884325089999766e+01	8.212837390000000e-03
4.886625009999261e+01	8.209956810000000e-03
4.891097139999329e+01	8.197087790000000e-03
4.894502179999836e+01	8.190556430000001e-03
4.899039869999979e+01	8.181145410000000e-03
4.901460149999184e+01	8.172309960000000e-03
4.904359869999462e+01	8.163281720000000e-03
4.908259759999055e+01	8.151950309999999e-03
4.910612480000418e+01	8.140425200000001e-03
4.914244110000436e+01	8.131397889999999e-03
4.917585790000157e+01	8.121602239999999e-03
4.919987789999868e+01	8.104506880000001e-03
4.924226250000356e+01	8.098936640000000e-03
4.926537710000412e+01	8.088372650000000e-03
4.929485310000018e+01	8.076464760000001e-03
4.934642549999990e+01	8.063594810000000e-03
4.937314009999682e+01	8.054183800000000e-03
4.939712409999629e+01	8.039393460000000e-03
4.945266609999817e+01	8.021723480000000e-03
4.949628710000252e+01	8.013655430000001e-03
4.954157289999421e+01	7.999442520000000e-03
4.958177079999587e+01	7.984268480000001e-03
4.961032969999360e+01	7.968134250000000e-03
4.965530579999904e+01	7.950655180000000e-03
4.968720899999607e+01	7.939322850000000e-03
4.971122009999817e+01	7.918386720000000e-03
4.974221699999180e+01	7.905709560000000e-03
4.976522200000181e+01	7.888998840000000e-03
4.979522709999583e+01	7.878819480000000e-03
4.984143899999617e+01	7.855001840000000e-03
4.987513249999029e+01	7.840211499999999e-03
4.989909039999475e+01	7.814089769999999e-03
4.995225570000184e+01	7.799299900000000e-03
4.997730529999535e+01	7.786431350000000e-03
5.001608980000310e+01	7.768759970000000e-03
5.004405879999103e+01	7.756083270000000e-03
5.009352729999227e+01	7.738604680000000e-03
5.011754340000334e+01	7.729384580000000e-03
5.014255889999913e+01	7.716132330000000e-03
5.016554149999865e+01	7.708640770000000e-03
5.019193040000391e+01	7.695387580000000e-03
5.021588439999323e+01	7.686743980000000e-03
5.025089319999097e+01	7.672530600000000e-03
5.027489420000347e+01	7.662542630000000e-03
5.029891779999889e+01	7.640262600000000e-03
5.034228929999517e+01	7.634883750000000e-03
5.037623419999727e+01	7.620285730000000e-03
5.040033099999710e+01	7.603383620000000e-03
5.044196100000408e+01	7.593780290000000e-03
5.046587149999687e+01	7.579374130000000e-03
5.049422140000388e+01	7.567081130000000e-03
5.053922479999892e+01	7.543840450000000e-03
5.056329429999460e+01	7.532699960000000e-03
5.059208239999134e+01	7.515412760000000e-03
5.061603019999166e+01	7.499855010000000e-03
5.064269609999610e+01	7.490251210000000e-03
5.066630219999934e+01	7.476037830000000e-03
5.069643309999083e+01	7.467010520000000e-03
5.074184689999674e+01	7.437814490000000e-03
5.076511589999427e+01	7.425905670000000e-03
5.079345589999866e+01	7.409771900000000e-03
5.081769219999842e+01	7.395173890000000e-03
5.084253179999359e+01	7.382881360000000e-03
5.086662339999748e+01	7.369244010000000e-03
5.088970319999498e+01	7.358103520000000e-03
5.091285249999783e+01	7.343313660000000e-03
5.094811949999712e+01	7.312581870000000e-03
5.099335649999557e+01	7.298944520000000e-03
5.102755849999085e+01	7.281465460000000e-03
5.105725879999227e+01	7.252654530000000e-03
5.110293860000093e+01	7.227492980000000e-03
5.114208189999044e+01	7.210590410000000e-03
5.116718009999022e+01	7.194648030000000e-03
5.119606980000390e+01	7.176976650000000e-03
5.124228399999265e+01	7.147589230000000e-03
5.126625269999204e+01	7.130686660000000e-03
5.129537779999373e+01	7.122235840000000e-03
5.134150439999939e+01	7.094000470000000e-03
5.136483229999430e+01	7.079018280000000e-03
5.139204999999492e+01	7.066341580000000e-03
5.141609859999153e+01	7.054817400000000e-03
5.144745809999586e+01	7.040219380000000e-03
5.147345589999168e+01	7.026582020000000e-03
5.151077789999545e+01	7.000460290000000e-03
5.154393069999060e+01	6.989319810000000e-03
5.157470109999122e+01	6.971457040000000e-03
5.159873679999146e+01	6.948408210000000e-03
5.164185410000209e+01	6.937459110000000e-03
5.166592329999548e+01	6.921517200000000e-03
5.169480319999275e+01	6.911529230000000e-03
5.174094629999308e+01	6.888864100000000e-03
5.176446289999876e+01	6.877532230000000e-03
5.178862019999360e+01	6.864855530000000e-03
5.181178809999255e+01	6.847376470000000e-03
5.184296069999982e+01	6.837580820000000e-03
5.186663950000366e+01	6.822214460000000e-03
5.189639490000263e+01	6.807039960000000e-03
5.195060919999378e+01	6.764015180000000e-03
5.199268359999405e+01	6.748265120000000e-03
5.202790429999004e+01	6.728673820000000e-03
5.205838149999909e+01	6.713883950000000e-03
5.208402769999520e+01	6.699670110000000e-03
5.210858189999999e+01	6.683344490000000e-03
5.214415759999247e+01	6.669130640000000e-03
5.219142439999268e+01	6.646658290000000e-03
5.221554720000131e+01	6.633788810000000e-03
5.224504149999120e+01	6.623800840000000e-03
5.229338429999189e+01	6.602096370000000e-03
5.231692830000247e+01	6.592684430000000e-03
5.234272590000182e+01	6.580391900000000e-03
5.236891399999149e+01	6.571172740000000e-03
5.239192049999838e+01	6.561184300000000e-03
5.241517029999522e+01	6.551965140000000e-03
5.244270849999157e+01	6.541401150000000e-03
5.247990609999397e+01	6.529684180000000e-03
5.250316330000351e+01	6.519311570000000e-03
5.254404510000313e+01	6.505867000000000e-03
5.259099759999663e+01	6.491268980000000e-03
5.261469699999725e+01	6.477247460000000e-03
5.264262909999525e+01	6.467644130000000e-03
5.266596529999515e+01	6.461497400000000e-03
5.269706589999259e+01	6.441905630000000e-03
5.274309760000324e+01	6.434030370000000e-03
5.276742889999878e+01	6.422698030000000e-03
5.279581379999581e+01	6.415975750000000e-03
5.284175189999223e+01	6.399265020000000e-03
5.286518310000247e+01	6.387163880000000e-03
5.289437670000189e+01	6.378521210000000e-03
5.294243519999145e+01	6.362386050000000e-03
5.296561240000301e+01	6.353743370000000e-03
5.298976349999430e+01	6.345099770000000e-03
5.301303639999242e+01	6.331655200000000e-03
5.304451279999921e+01	6.321090270000000e-03
5.309401359999902e+01	6.299194410000000e-03
5.314059789999737e+01	6.278257820000000e-03
5.316451580000285e+01	6.265196950000000e-03
5.319259360000433e+01	6.257321690000000e-03
5.321574719999626e+01	6.244644990000000e-03
5.324302039999748e+01	6.235040720000000e-03
5.326710679999087e+01	6.227165930000000e-03
5.329042340000160e+01	6.219674830000000e-03
5.331354899999860e+01	6.206037480000000e-03
5.334319149999646e+01	6.197202020000000e-03
5.336819429999741e+01	6.187213580000000e-03
5.339846869999019e+01	6.166662560000000e-03
5.344455739999830e+01	6.152064540000000e-03
5.350635440000042e+01	6.116530390000000e-03
5.354276139999274e+01	6.105005740000000e-03
5.357097790000262e+01	6.090792830000000e-03
5.360163479999756e+01	6.067167040000000e-03
5.364229459999478e+01	6.055450530000000e-03
5.366525890000048e+01	6.039124450000000e-03
5.369536230000085e+01	6.026831460000000e-03
5.374121629999718e+01	6.003782620000000e-03
5.377398309999262e+01	5.985919390000000e-03
5.379792289999023e+01	5.964023060000000e-03
5.384152909999830e+01	5.952498410000000e-03
5.386480369999481e+01	5.942126270000000e-03
5.388794960000087e+01	5.932522940000000e-03
5.391466500000388e+01	5.916580560000000e-03
5.394240659999195e+01	5.904287570000000e-03
5.396641579999414e+01	5.890650210000000e-03
5.399351169999863e+01	5.880854090000000e-03
5.401746869999624e+01	5.867985540000000e-03
5.404548359999899e+01	5.857036910000000e-03
5.409375620000355e+01	5.830722860000000e-03
5.411787410000397e+01	5.819390530000000e-03
5.415094870000030e+01	5.801911930000000e-03
5.418153129999700e+01	5.787698550000000e-03
5.421263510000426e+01	5.769834850000000e-03
5.424460330000147e+01	5.758502990000000e-03
5.429323680000380e+01	5.731420130000000e-03
5.431635779999488e+01	5.719127130000000e-03
5.434234809999180e+01	5.705105610000000e-03
5.436650550000195e+01	5.690700370000000e-03
5.439266779999889e+01	5.678599230000000e-03
5.441665469999134e+01	5.662465000000000e-03
5.444302120000066e+01	5.648059770000000e-03
5.446709449999616e+01	5.637303460000000e-03
5.449052609999490e+01	5.622129420000000e-03
5.451381989999209e+01	5.609068550000000e-03
5.455482879999909e+01	5.584098400000000e-03
5.459375299999374e+01	5.574878770000000e-03
5.461776300000201e+01	5.561817900000000e-03
5.465110469999490e+01	5.542802620000000e-03
5.469463060000271e+01	5.524555220000000e-03
5.474087439999857e+01	5.513222890000000e-03
5.476390740000352e+01	5.499969700000000e-03
5.479034130000218e+01	5.487868560000000e-03
5.481449889999931e+01	5.471926650000000e-03
5.484244279999984e+01	5.455984730000000e-03
5.486558169999626e+01	5.437929650000000e-03
5.490167029999429e+01	5.412191150000000e-03
5.494185920000018e+01	5.395096730000000e-03
5.496490849999827e+01	5.379730840000000e-03
5.499193540000124e+01	5.364556800000000e-03
5.501620399999956e+01	5.347270050000000e-03
5.504228609999700e+01	5.334593360000000e-03
5.506647619999421e+01	5.318074490000000e-03
5.508986589999404e+01	5.303284620000000e-03
5.511683729999640e+01	5.284845830000000e-03
5.515218360000290e+01	5.251616710000000e-03
5.519351270000334e+01	5.233753940000000e-03
5.521745260000171e+01	5.216083020000000e-03
5.524252709999564e+01	5.202445670000000e-03
5.527849899999273e+01	5.180740730000000e-03
5.530149840000377e+01	5.158460230000000e-03
5.534256509999977e+01	5.144246850000000e-03
5.536611540000013e+01	5.131761540000000e-03
5.539008990000002e+01	5.116972140000000e-03
5.541340819999459e+01	5.101222080000000e-03
5.544340139999986e+01	5.088929090000000e-03
5.546684490000189e+01	5.075291730000000e-03
5.549594039999647e+01	5.064151720000000e-03
5.554504489999090e+01	5.042254920000000e-03
5.559007469999779e+01	5.019782110000000e-03
5.562391059999936e+01	5.000574510000000e-03
5.564802009999403e+01	4.987321330000000e-03
5.567317239999829e+01	4.975220650000000e-03
5.569641570000385e+01	4.963888320000000e-03
5.574891999999818e+01	4.925857300000000e-03
5.581030470000405e+01	4.903768650000000e-03
5.584259580000071e+01	4.894740880000000e-03
5.587342709999939e+01	4.879951480000000e-03
5.589761790000193e+01	4.861512220000000e-03
5.594282080000266e+01	4.851332400000000e-03
5.596625240000139e+01	4.838462920000000e-03
5.599033059999056e+01	4.831356460000000e-03
5.601362080000399e+01	4.819063470000000e-03
5.604653419999522e+01	4.806770940000000e-03
5.611024979999638e+01	4.771236800000000e-03
5.614234369999031e+01	4.761441150000000e-03
5.616634409999824e+01	4.748955830000000e-03
5.619238279999990e+01	4.738392310000000e-03
5.621639619999041e+01	4.729556390000000e-03
5.624254520000250e+01	4.716687840000000e-03
5.626552549999906e+01	4.706891720000000e-03
5.629861270000401e+01	4.683650560000000e-03
5.634325150000222e+01	4.672126380000000e-03
5.636677379999310e+01	4.659449220000000e-03
5.639414609999221e+01	4.649077080000000e-03
5.643930139999429e+01	4.629677630000000e-03
5.646305819999543e+01	4.614695440000000e-03
5.649408589999075e+01	4.603939600000000e-03
5.654758669999137e+01	4.583964120000000e-03
5.657268139999360e+01	4.573783370000000e-03
5.661005899999873e+01	4.558417480000000e-03
5.664239130000351e+01	4.551311020000000e-03
5.667336780000187e+01	4.541515370000000e-03
5.669648559999769e+01	4.535369110000000e-03
5.674194849999913e+01	4.515200850000000e-03
5.676610019999498e+01	4.504828710000000e-03
5.679321639999398e+01	4.495033060000000e-03
5.683024759999535e+01	4.479474850000000e-03
5.685323769999377e+01	4.467374180000000e-03
5.687621459999355e+01	4.457193890000000e-03
5.690026769999531e+01	4.435681740000000e-03
5.694258550000086e+01	4.423388750000000e-03
5.696665370000119e+01	4.410327880000000e-03
5.700218749999476e+01	4.390927960000000e-03
5.704473719999078e+01	4.381708800000000e-03
5.709292609999829e+01	4.361732860000000e-03
5.711669159999292e+01	4.350976550000000e-03
5.714232780000020e+01	4.341756920000000e-03
5.716676029999508e+01	4.328887910000000e-03
5.720505089999642e+01	4.302765710000000e-03
5.724263769999379e+01	4.292201720000000e-03
5.726673319999827e+01	4.278756680000000e-03
5.729563229999621e+01	4.266271370000000e-03
5.734063109999988e+01	4.245719870000000e-03
5.736454819999926e+01	4.233618730000000e-03
5.740653989999555e+01	4.211530090000000e-03
5.745451460000186e+01	4.197124860000000e-03
5.747848629999498e+01	4.188481250000000e-03
5.750147499999730e+01	4.173883700000000e-03
5.754850219999207e+01	4.154867960000000e-03
5.759437649999745e+01	4.145648330000000e-03
5.764043210000091e+01	4.130282440000000e-03
5.766448289999971e+01	4.119526130000000e-03
5.769445519999135e+01	4.108962140000000e-03
5.774037759999919e+01	4.092827900000000e-03
5.776433510000061e+01	4.083224110000000e-03
5.778830659999221e+01	4.074772820000000e-03
5.781729179999093e+01	4.067281730000000e-03
5.784234789999027e+01	4.059022760000000e-03
5.786627459998999e+01	4.049034790000000e-03
5.789624200000253e+01	4.042120180000000e-03
5.794121879999875e+01	4.025409460000000e-03
5.796421920000284e+01	4.013116470000000e-03
5.800521879999724e+01	3.996790390000000e-03
5.804419020000205e+01	3.988530950000000e-03
5.807229149999330e+01	3.980079670000000e-03
5.809936100000050e+01	3.966250460000000e-03
5.814249399999972e+01	3.957414530000000e-03
5.816608309998992e+01	3.947618880000000e-03
5.819308539999474e+01	3.942049110000000e-03
5.821605370000179e+01	3.933597360000000e-03
5.824207320000278e+01	3.925722560000000e-03
5.827026269999624e+01	3.917271270000000e-03
5.829403399999137e+01	3.912085200000000e-03
5.834108549999655e+01	3.898831780000000e-03
5.836488439999812e+01	3.889996560000000e-03
5.838820940000005e+01	3.881545040000000e-03
5.841166209999938e+01	3.872325880000000e-03
5.844215609999083e+01	3.864834780000000e-03
5.846530109999003e+01	3.853502220000000e-03
5.849737149999419e+01	3.835831300000000e-03
5.854262789999484e+01	3.827380250000000e-03
5.857950019999407e+01	3.813742890000000e-03
5.861064679999254e+01	3.801065730000000e-03
5.864230569999199e+01	3.794151360000000e-03
5.866625470000145e+01	3.787428370000000e-03
5.870427429999108e+01	3.772638510000000e-03
5.874257190000208e+01	3.768028920000000e-03
5.876583560000290e+01	3.759769720000000e-03
5.879610680000042e+01	3.754007400000000e-03
5.884251329999825e+01	3.741138380000000e-03
5.886647880000237e+01	3.734031690000000e-03
5.889546729999711e+01	3.727501030000000e-03
5.894158369999786e+01	3.716552860000000e-03
5.896560169999429e+01	3.710598680000000e-03
5.898968119999336e+01	3.704067790000000e-03
5.901373079999757e+01	3.697729440000000e-03
5.904675510000379e+01	3.682939570000000e-03
5.909866709999915e+01	3.672183490000000e-03
5.915644299999985e+01	3.656049260000000e-03
5.919246629999543e+01	3.647789820000000e-03
5.921651739999652e+01	3.640683370000000e-03
5.924311650000163e+01	3.632808340000000e-03
5.926663159999589e+01	3.625701410000000e-03
5.928994649999368e+01	3.616481550000000e-03
5.931392570000025e+01	3.602652340000000e-03
5.934230669999670e+01	3.590359590000000e-03
5.937652439999511e+01	3.575953650000000e-03
5.939954099999159e+01	3.556554210000000e-03
5.944236230000388e+01	3.548678940000000e-03
5.946712299999490e+01	3.539267230000000e-03
5.949443829999655e+01	3.530624090000000e-03
5.955087479999929e+01	3.512761320000000e-03
5.957467180000094e+01	3.504694210000000e-03
5.959870089999458e+01	3.491440790000000e-03
5.964283830000204e+01	3.484525950000000e-03
5.966606889999821e+01	3.473770110000000e-03
5.969585390000429e+01	3.465702990000000e-03
5.974115809999057e+01	3.449760380000000e-03
5.976433140000154e+01	3.438428280000000e-03
5.979452429999947e+01	3.429592590000000e-03
5.984028190000390e+01	3.411153560000000e-03
5.987849950000236e+01	3.396747630000000e-03
5.990243740000005e+01	3.381958230000000e-03
5.994348289999471e+01	3.371393770000000e-03
5.996760689999792e+01	3.359677270000000e-03
5.999588069999299e+01	3.349881390000000e-03
