# [General]
# timestamp=2025-04-10T18:14:13.338991
# comments='# '
# delimiter='\t'
# column_dtypes=float;;float
# column_headers='Time (s);;Power (W)'
# 
# [Metadata]
# scanner_y=3.8962539132
# scanner_x=-4.4132600044
# start recoding time='10.04.2025, 18:13:13.279054'
# sample rate (hz)=50.0
# sample timing='TIMESTAMP'
# 
# ---- END HEADER ----
1.861999990069307e-03	5.673846320000000e-06
2.765259999432601e-02	5.670956850000000e-06
7.558209999115206e-02	5.664792300000000e-06
1.214942999940831e-01	5.665370280000000e-06
1.683713999955216e-01	5.665177920000000e-06
2.162768999987748e-01	5.666911870000000e-06
2.635974000004353e-01	5.669030540000000e-06
2.942121999949450e-01	5.668838180000000e-06
3.249649999925168e-01	5.675772630000000e-06
3.722485999896890e-01	5.671534840000000e-06
4.200175000005402e-01	5.672690800000000e-06
4.800945000024512e-01	5.672305180000000e-06
5.264364999893587e-01	5.673653960000000e-06
5.749168999900576e-01	5.672305180000000e-06
6.063872999948217e-01	5.671727190000000e-06
6.375027999893064e-01	5.672883160000000e-06
6.833244000008563e-01	5.674424300000000e-06
7.297455999942031e-01	5.670378870000000e-06
7.756243999901926e-01	5.676736240000000e-06
8.221787999937078e-01	5.678854900000000e-06
8.692529999971157e-01	5.678854900000000e-06
9.004224999953294e-01	5.684249120000000e-06
9.310996999993222e-01	5.686175430000000e-06
9.789547999971546e-01	5.688101280000000e-06
1.024241699997219e+00	5.688294550000000e-06
1.071735299992724e+00	5.688294550000000e-06
1.119567199988523e+00	5.696771040000000e-06
1.181949599995278e+00	5.745700950000000e-06
1.213524599996163e+00	5.789045190000000e-06
1.245165200001793e+00	5.901160880000000e-06
1.276764599999296e+00	6.029844370000000e-06
1.323009799991269e+00	6.286825280000000e-06
1.371326099993894e+00	6.467521420000000e-06
1.417367299989564e+00	6.553630560000000e-06
1.464125200000126e+00	6.753783510000000e-06
1.494844999993802e+00	7.051411560000000e-06
1.526341199991293e+00	7.597737750000000e-06
1.575216899989755e+00	7.853562240000001e-06
1.621138799993787e+00	7.912124600000000e-06
1.668212499993388e+00	8.007481480000001e-06
1.715078799999901e+00	8.155428989999999e-06
1.746169499994721e+00	8.171417900000000e-06
1.777765099992394e+00	8.169298779999999e-06
1.808763799999724e+00	8.164868630000000e-06
1.840958100001444e+00	8.158126550000001e-06
1.872180499995011e+00	8.146760590000000e-06
1.919335400001728e+00	8.145796530000001e-06
1.981066299995291e+00	8.137898480000000e-06
2.028802499989979e+00	8.115937820000000e-06
2.076373599993531e+00	8.042541590000000e-06
2.107970500001102e+00	7.953927710000000e-06
2.139563299992005e+00	7.761288539999999e-06
2.171569400001317e+00	7.336325330000000e-06
2.217865899991011e+00	7.116331290000000e-06
2.279512599998270e+00	6.466172180000000e-06
2.325871799999732e+00	5.890758530000000e-06
2.372217099997215e+00	5.608349060000000e-06
2.403023799997754e+00	5.364852770000000e-06
2.435134899991681e+00	5.050850180000000e-06
2.466252400001395e+00	4.839524540000000e-06
2.513136199995643e+00	4.497203920000000e-06
2.544827499994426e+00	4.277787870000000e-06
2.576662099992973e+00	3.896554060000000e-06
2.623193099992932e+00	3.464078420000000e-06
2.670647799997823e+00	3.290317640000000e-06
2.701125599996885e+00	3.151232020000000e-06
2.732194299998810e+00	2.883655270000000e-06
2.778827599991928e+00	2.514558220000000e-06
2.825254700001096e+00	2.157982410000000e-06
2.871159999995143e+00	1.863821690000000e-06
2.918357999995351e+00	1.749779130000000e-06
2.981035499993595e+00	1.600483530000000e-06
3.012111699994421e+00	1.558488070000000e-06
3.043731899990235e+00	1.520923430000000e-06
3.075777099991683e+00	1.469103270000000e-06
3.122321899994859e+00	1.417283330000000e-06
3.168731500001741e+00	1.381644890000000e-06
3.215398899992579e+00	1.295920470000000e-06
3.246415899993735e+00	1.242366690000000e-06
3.277607500000158e+00	1.197674350000000e-06
3.309520399998291e+00	1.166274050000000e-06
3.340280399992480e+00	1.148358590000000e-06
3.371148799997172e+00	1.143735180000000e-06
3.418265799991786e+00	1.153174590000000e-06
3.480824500002200e+00	1.203453510000000e-06
3.527350199990906e+00	1.258163020000000e-06
3.575264099999913e+00	1.294186630000000e-06
3.606259199994383e+00	1.337530650000000e-06
3.636434200001531e+00	1.394359170000000e-06
3.667632999990019e+00	1.443096950000000e-06
3.714435000001686e+00	1.554442750000000e-06
3.745568199999980e+00	1.649221420000000e-06
3.777515699999640e+00	1.838007960000000e-06
3.824362999992445e+00	2.087090930000000e-06
3.870980299994699e+00	2.234845620000000e-06
3.902051799988840e+00	2.345998610000000e-06
3.933071799998288e+00	2.475259410000000e-06
3.979769999990822e+00	2.622243530000000e-06
4.026940099996864e+00	2.790803360000000e-06
4.074439999996684e+00	2.942603030000000e-06
4.120444200001657e+00	3.194575580000000e-06
4.181174500001362e+00	3.426321200000000e-06
4.212241499990341e+00	3.653828340000000e-06
4.243775800001458e+00	3.914662100000000e-06
4.273775699999533e+00	4.314967100000000e-06
4.321803099999670e+00	4.727601210000000e-06
4.368416299999808e+00	4.859944510000000e-06
4.415367900001002e+00	5.141584100000000e-06
4.446364199990057e+00	5.370246530000000e-06
4.477445099997567e+00	5.612009320000000e-06
4.508472999994410e+00	5.816400060000000e-06
4.539200899991556e+00	6.035238130000000e-06
4.571458199992776e+00	6.372357350000000e-06
4.617424500000197e+00	6.543999460000000e-06
4.679072500002803e+00	7.077996090000000e-06
4.728530399996089e+00	7.547266250000000e-06
4.771583199995803e+00	7.716595060000000e-06
4.802704399990034e+00	7.809833730000000e-06
4.834285499993712e+00	7.820043720000000e-06
4.865745299990522e+00	7.815612660000000e-06
4.913112700000056e+00	7.800009370000000e-06
4.944976099999622e+00	7.651677149999999e-06
4.977415899993503e+00	6.854534150000000e-06
5.023197000002256e+00	5.895382400000000e-06
5.068915099996957e+00	5.444604990000000e-06
5.100260799998068e+00	5.035823960000000e-06
5.131096600001911e+00	4.536117100000000e-06
5.176986599995871e+00	3.940476290000000e-06
5.223182000001543e+00	3.361786870000000e-06
5.269634899988887e+00	2.852833180000000e-06
5.317526400001952e+00	2.614345250000000e-06
5.378895999994711e+00	2.330202280000000e-06
5.410087299998850e+00	2.272602840000000e-06
5.440858599991770e+00	2.205371630000000e-06
5.472196299990173e+00	2.123499830000000e-06
5.518596900001285e+00	2.094411230000000e-06
5.582301699992968e+00	2.055305460000000e-06
5.629410199995618e+00	2.053764320000000e-06
5.676479399990058e+00	2.054920290000000e-06
5.706829899994773e+00	2.052801160000000e-06
5.738071100000525e+00	2.049911470000000e-06
5.768714599995292e+00	2.049526300000000e-06
5.814814400000614e+00	2.050874630000000e-06
5.846811199997319e+00	2.050489460000000e-06
5.877228299999842e+00	2.044324900000000e-06
5.923697699996410e+00	1.977093690000000e-06
5.970495000001392e+00	1.927392760000000e-06
6.003361399998539e+00	1.884626730000000e-06
6.032192099999520e+00	1.831650930000000e-06
6.079182200002833e+00	1.744770540000000e-06
6.124778899989906e+00	1.683125900000000e-06
6.171221800002968e+00	1.654037420000000e-06
6.220105899992632e+00	1.636121970000000e-06
6.265528299991274e+00	1.621096090000000e-06
6.295910399989225e+00	1.607611240000000e-06
6.330464200000279e+00	1.595282360000000e-06
6.373863399989204e+00	1.585650240000000e-06
6.420082999989972e+00	1.575440480000000e-06
6.482089299999643e+00	1.571587750000000e-06
6.529184500002884e+00	1.566193760000000e-06
6.576901899999939e+00	1.555405900000000e-06
6.607007599988719e+00	1.539416870000000e-06
6.637744399995427e+00	1.525546740000000e-06
6.669289500001469e+00	1.508594550000000e-06
6.732556999995722e+00	1.466984490000000e-06
6.778751699996064e+00	1.353519680000000e-06
6.824640599996201e+00	1.221754130000000e-06
6.869962199998554e+00	1.180914640000000e-06
6.900775799993426e+00	1.157605310000000e-06
6.931014799993136e+00	1.142964610000000e-06
6.977459999994608e+00	1.150477600000000e-06
7.024762799992459e+00	1.184960070000000e-06
7.071180899991305e+00	1.223295270000000e-06
7.118583499992383e+00	1.257007170000000e-06
7.180828999989899e+00	1.388965420000000e-06
7.212145199999213e+00	1.476616380000000e-06
7.243568699996104e+00	1.596630680000000e-06
7.274232499999925e+00	1.862473250000000e-06
7.320853500001249e+00	2.198436500000000e-06
7.370428599999286e+00	2.476608190000000e-06
7.415909899995313e+00	2.612226130000000e-06
7.446892499996466e+00	2.766145140000000e-06
7.477799399988726e+00	2.878454100000000e-06
7.508568799996283e+00	2.995964220000000e-06
7.539228800000274e+00	3.131967790000000e-06
7.574653199990280e+00	3.278951680000000e-06
7.617615700000897e+00	3.309966590000000e-06
7.678803799994057e+00	3.465812370000000e-06
7.724892199999886e+00	3.753229980000000e-06
7.771068899994134e+00	3.922367800000000e-06
7.803026599998702e+00	4.132345110000000e-06
7.833259699997143e+00	4.418029220000000e-06
7.880210599993006e+00	4.783851640000000e-06
7.926200000001700e+00	5.162581150000000e-06
7.976592799997889e+00	5.496810450000000e-06
8.020245699997758e+00	5.831040650000000e-06
8.067127199989045e+00	5.985729330000000e-06
8.098056399991037e+00	6.139841390000000e-06
8.129382799990708e+00	6.296457290000000e-06
8.176233099991805e+00	6.401253810000000e-06
8.224382300002617e+00	6.615083290000000e-06
8.270224499996402e+00	6.785761800000000e-06
8.317057199994451e+00	6.857230800000000e-06
8.379821599999559e+00	7.180480220000000e-06
8.409997499999008e+00	7.278148130000000e-06
8.442683799992665e+00	7.402208210000000e-06
8.472093999997014e+00	7.604864550000000e-06
8.518333999993047e+00	7.744143660000001e-06
8.581044799997471e+00	8.031561260000000e-06
8.627204699994763e+00	8.173151400000001e-06
8.673255499990773e+00	8.259838980000000e-06
8.705169799999567e+00	8.373303899999999e-06
8.736171800002921e+00	9.597392820000000e-06
8.861309499989147e+00	9.810642040000000e-06
8.892048099995009e+00	1.010266080000000e-05
8.925455699994927e+00	1.084423550000000e-05
8.971423299997696e+00	1.156851700000000e-05
9.016712700002245e+00	1.186053670000000e-05
9.064192499994533e+00	1.243304720000000e-05
9.096353299988550e+00	1.284033530000000e-05
9.127846299990779e+00	1.338595030000000e-05
9.174227999988943e+00	1.396806600000000e-05
9.221482699998887e+00	1.448870530000000e-05
9.267676699993899e+00	1.467313810000000e-05
9.316814199992223e+00	1.507466190000000e-05
9.376884199999040e+00	1.525333120000000e-05
9.407814999998664e+00	1.526101550000000e-05
9.439085799996974e+00	1.527446510000000e-05
9.471093999993172e+00	1.538397190000000e-05
9.517201800001203e+00	1.550692830000000e-05
9.581209399999352e+00	1.564525160000000e-05
9.628860700002406e+00	1.564909510000000e-05
9.675240299999132e+00	1.563948540000000e-05
9.706270599999698e+00	1.564909510000000e-05
9.737269199991715e+00	1.564717420000000e-05
9.767900499995449e+00	1.565677850000000e-05
9.829145700001391e+00	1.570865240000000e-05
9.875633499992546e+00	1.588347730000000e-05
9.920627200001036e+00	1.614283610000000e-05
9.984550099994522e+00	1.627539860000000e-05
1.001403659999778e+01	1.643869650000000e-05
1.004454979998991e+01	1.662505200000000e-05
1.007784359999641e+01	1.701505060000000e-05
1.012301309999020e+01	1.809667080000000e-05
1.017107369999576e+01	2.069410220000000e-05
1.021750459999021e+01	2.252498050000000e-05
1.026319009999861e+01	2.533181940000000e-05
1.029771519999485e+01	2.707624660000000e-05
1.032469799999672e+01	2.866313840000000e-05
1.037128569999186e+01	2.965638490000000e-05
1.041793080000207e+01	3.004253990000000e-05
1.046459319999849e+01	3.049017320000000e-05
1.049562459999288e+01	3.059007580000000e-05
1.052684429999499e+01	3.060160090000000e-05
1.057598470000084e+01	3.061120880000000e-05
1.060447649999696e+01	3.062081300000000e-05
1.063653889999841e+01	3.067076250000000e-05
1.066731389999040e+01	3.078603550000000e-05
1.071415649999108e+01	3.113953060000000e-05
1.074446919999900e+01	3.157564060000000e-05
1.077543680000235e+01	3.249972360000000e-05
1.082217619998846e+01	3.390986970000000e-05
1.086901599999692e+01	3.466296770000000e-05
1.089940599999682e+01	3.524892600000000e-05
1.093117399999755e+01	3.606542300000000e-05
1.098100169999816e+01	3.691458550000000e-05
1.102528809999058e+01	3.770611150000000e-05
1.107404079999833e+01	3.865517280000000e-05
1.112046019999252e+01	4.007876120000000e-05
1.116789820000122e+01	4.060132410000000e-05
1.119973089999985e+01	4.112964600000000e-05
1.123017209999671e+01	4.159456880000000e-05
1.127819969999837e+01	4.192885540000000e-05
1.132366959999490e+01	4.237840770000000e-05
1.137036619998980e+01	4.289904610000000e-05
1.141727019999234e+01	4.309884750000000e-05
1.146556299999065e+01	4.324869950000000e-05
1.149494999999297e+01	4.329672810000000e-05
1.152661489999446e+01	4.341776370000000e-05
1.157313689999864e+01	4.371170510000000e-05
1.161952619999647e+01	4.457431350000000e-05
1.168202029999520e+01	4.524864560000000e-05
1.172888249999960e+01	4.606514270000000e-05
1.177561229999992e+01	4.699884080000000e-05
1.180581249999523e+01	4.809006350000000e-05
1.183669529999315e+01	4.946946860000000e-05
1.186820729999454e+01	5.038970990000000e-05
1.191522100000293e+01	5.184596010000000e-05
1.194683469999291e+01	5.305630110000000e-05
1.197759719999158e+01	5.490639520000000e-05
1.202424509999400e+01	5.662200780000000e-05
1.207160599999770e+01	5.762485670000000e-05
1.210262720000173e+01	5.830303420000000e-05
1.213317849999294e+01	5.893510390000000e-05
1.218004739999014e+01	5.999174750000000e-05
1.222636629999033e+01	6.063534240000000e-05
1.227306310000131e+01	6.164203660000000e-05
1.232078829999955e+01	6.227409900000000e-05
1.236882180000248e+01	6.253346510000000e-05
1.239946649999183e+01	6.273134200000000e-05
1.243016819999320e+01	6.279281660000000e-05
1.247674610000104e+01	6.278514050000000e-05
1.252343539999856e+01	6.286006100000000e-05
1.257009629999811e+01	6.325582940000000e-05
1.261853500000143e+01	6.337685770000000e-05
1.268086839999887e+01	6.398779080000000e-05
1.271214249999321e+01	6.457758720000000e-05
1.274318140000105e+01	6.502906760000000e-05
1.277513100000215e+01	6.545364890000000e-05
1.282113260000187e+01	6.678117640000000e-05
1.286719259999518e+01	6.798383400000000e-05
1.291421560000163e+01	7.071383150000000e-05
1.294555509999918e+01	7.236411330000000e-05
1.297588269998960e+01	7.380500030000000e-05
1.300651209999342e+01	7.543992249999999e-05
1.303794229999767e+01	7.759163419999999e-05
1.306847899999411e+01	7.885000380000001e-05
1.313043130000005e+01	8.076733500000000e-05
1.317793259999598e+01	8.182974850000000e-05
1.322486200000276e+01	8.257516310000001e-05
1.327216949999274e+01	8.289599650000000e-05
1.330318239999178e+01	8.322644129999999e-05
1.333422199999040e+01	8.341087960000000e-05
1.337993039999856e+01	8.340127530000000e-05
1.343070079998870e+01	8.344354139999999e-05
1.347313169999688e+01	8.388156860000000e-05
1.352054979999957e+01	9.012069489999999e-05
1.367559819998860e+01	9.023582239999999e-05
1.370622979999462e+01	9.081151800000000e-05
1.373715770000126e+01	9.213561130000000e-05
1.376827869999397e+01	9.309509190000000e-05
1.381555329999537e+01	9.480298470000000e-05
1.384693999998854e+01	9.643412339999999e-05
1.387749210000038e+01	9.919743020000001e-05
1.392395939999551e+01	1.026899920000000e-04
1.397177079999528e+01	1.051078800000000e-04
1.401784190000035e+01	1.063744060000000e-04
1.406423139999970e+01	1.081590670000000e-04
1.409641529999499e+01	1.090417860000000e-04
1.412756280000031e+01	1.095982880000000e-04
1.415877749999345e+01	1.099628930000000e-04
1.419013579998864e+01	1.100780210000000e-04
1.422111249998852e+01	1.100012600000000e-04
1.426752129998931e+01	1.100972220000000e-04
1.431408969999757e+01	1.101547820000000e-04
1.434444400000211e+01	1.104810000000000e-04
1.437518619999173e+01	1.116323980000000e-04
1.442119409999577e+01	1.124575500000000e-04
1.445295500000066e+01	1.132635370000000e-04
1.448301769999671e+01	1.144724960000000e-04
1.452988039999036e+01	1.168520250000000e-04
1.457666219999373e+01	1.197688540000000e-04
1.462438239999756e+01	1.230886850000000e-04
1.467049009999027e+01	1.268690680000000e-04
1.471685499999148e+01	1.291718360000000e-04
1.474737529999402e+01	1.320886660000000e-04
1.477853460000188e+01	1.364831410000000e-04
1.482519889999821e+01	1.417219320000000e-04
1.487149140000110e+01	1.454639420000000e-04
1.491884159999609e+01	1.483040110000000e-04
1.498004309998942e+01	1.507986890000000e-04
1.502619669999694e+01	1.519116920000000e-04
1.505615009999019e+01	1.523914400000000e-04
1.508734119999281e+01	1.529479340000000e-04
1.511934309999924e+01	1.547517600000000e-04
1.518219799999497e+01	1.567091240000000e-04
1.522891320000053e+01	1.595875800000000e-04
1.527677969999786e+01	1.626387680000000e-04
1.532300089999626e+01	1.648839680000000e-04
1.535423659998924e+01	1.671867360000000e-04
1.538698660000227e+01	1.697581470000000e-04
1.541722399998980e+01	1.713509260000000e-04
1.546515340000042e+01	1.739223370000000e-04
1.549581339998986e+01	1.758796860000000e-04
1.552620539999043e+01	1.809457900000000e-04
1.557433319999836e+01	1.880843770000000e-04
1.562222849999671e+01	1.941675150000000e-04
1.565223539998988e+01	1.993103800000000e-04
1.568490320000274e+01	2.056621740000000e-04
1.571484299999429e+01	2.091163330000000e-04
1.574553099999321e+01	2.128007620000000e-04
1.577693989999534e+01	2.172335950000000e-04
1.582646630000090e+01	2.224340280000000e-04
1.587053349999769e+01	2.280182530000000e-04
1.591812629999185e+01	2.304361550000000e-04
1.594945800000278e+01	2.323935040000000e-04
1.598136289999820e+01	2.345811370000000e-04
1.602723179999157e+01	2.377282510000000e-04
1.607430079999904e+01	2.412975450000000e-04
1.612215709999145e+01	2.447900770000000e-04
1.617005279999285e+01	2.473998760000000e-04
1.621680789999664e+01	2.489350740000000e-04
1.624700839999423e+01	2.508924230000000e-04
1.627889809999033e+01	2.536941320000000e-04
1.632862849999219e+01	2.568028580000000e-04
1.637217649999366e+01	2.594318940000000e-04
1.642002109999885e+01	2.623487090000000e-04
1.646609390000231e+01	2.635768320000000e-04
1.651310859998921e+01	2.659755700000000e-04
1.654422199999681e+01	2.685661890000000e-04
1.657515569998941e+01	2.729990230000000e-04
1.662322569999378e+01	2.781418730000000e-04
1.666859539999859e+01	2.799649080000000e-04
1.671617309999419e+01	2.833998590000000e-04
1.677768980000110e+01	2.886962320000000e-04
1.682436659999075e+01	2.904233410000000e-04
1.685693870000250e+01	2.924574360000000e-04
1.688686779999989e+01	2.946834430000000e-04
1.691745759999321e+01	2.965064780000000e-04
1.697990069999651e+01	3.010544460000000e-04
1.702625749999424e+01	3.051610550000000e-04
1.707324830000289e+01	3.105533830000000e-04
1.712112239999988e+01	3.139691540000000e-04
1.715337309999450e+01	3.176151950000000e-04
1.718464809999568e+01	3.214723260000000e-04
1.721512459999940e+01	3.242548560000000e-04
1.724649049999425e+01	3.275555210000000e-04
1.727804239999386e+01	3.317388760000000e-04
1.732346990000224e+01	3.356727250000000e-04
1.736993259999144e+01	3.395298850000000e-04
1.741746959999728e+01	3.414489040000000e-04
1.744863069998974e+01	3.444616740000000e-04
1.747891140000138e+01	3.488944790000000e-04
1.752490639999451e+01	3.558987520000000e-04
1.757177419999789e+01	3.623465020000000e-04
1.761891169998853e+01	3.685640110000000e-04
1.766617699999188e+01	3.717686630000000e-04
1.771288130000175e+01	3.780820990000000e-04
1.774438849999569e+01	3.813443760000000e-04
1.777568489999976e+01	3.853166420000000e-04
1.782276830000046e+01	3.887516210000000e-04
1.786994969999068e+01	3.923592740000000e-04
1.791767059999984e+01	3.949115050000000e-04
1.797979869999108e+01	4.049285780000000e-04
1.802624310000101e+01	4.099178770000000e-04
1.805723759999091e+01	4.134296320000000e-04
1.808703769999556e+01	4.167686270000000e-04
1.811828889999015e+01	4.191290060000000e-04
1.818099480000092e+01	4.239264530000000e-04
1.822784739999042e+01	4.264594460000000e-04
1.827549529999669e+01	4.283784660000000e-04
1.832197209999140e+01	4.297025440000000e-04
1.835317599998962e+01	4.310841900000000e-04
1.838425089999510e+01	4.334828990000000e-04
1.841545459999179e+01	4.353826810000000e-04
1.844710389999091e+01	4.375319400000000e-04
1.847826199998963e+01	4.403912170000000e-04
1.852431519998936e+01	4.428667020000000e-04
1.857331500000146e+01	4.450735290000000e-04
1.861732499999925e+01	4.464360250000000e-04
1.864834030000202e+01	4.486044640000000e-04
1.868006909999531e+01	4.515404580000000e-04
1.872629979999328e+01	4.541118980000000e-04
1.877461670000048e+01	4.577771180000000e-04
1.881859919999260e+01	4.626129810000000e-04
1.886546980000276e+01	4.653571230000000e-04
1.889786189999722e+01	4.691374780000000e-04
1.892705959999876e+01	4.724188770000000e-04
1.895827819999249e+01	4.751055090000000e-04
1.898872249999840e+01	4.773890830000000e-04
1.901943369999935e+01	4.808623930000000e-04
1.906520830000227e+01	4.828198000000000e-04
1.909763049999310e+01	4.860245100000000e-04
1.912939809999079e+01	4.907835390000000e-04
1.917603089999466e+01	4.967130950000000e-04
1.922325819999969e+01	5.036214720000000e-04
1.925482349999947e+01	5.119498820000000e-04
1.928511070000241e+01	5.224274350000000e-04
1.931595409999136e+01	5.297386670000000e-04
1.937681019998854e+01	5.477195370000000e-04
1.942436459999590e+01	5.549540510000000e-04
1.946985729999142e+01	5.596555420000001e-04
1.951815409999108e+01	5.616128330000000e-04
1.954689289999078e+01	5.633399710000000e-04
1.957828370000061e+01	5.650286910000000e-04
1.962620819998847e+01	5.661991890000000e-04
1.967314600000100e+01	5.660264870000000e-04
1.972011129999009e+01	5.661800970000000e-04
1.978090820000216e+01	5.675617140000000e-04
1.982731639999838e+01	5.714189030000000e-04
1.985899249999784e+01	5.755063030000000e-04
1.989012650000222e+01	5.798239140000000e-04
1.992175709998992e+01	5.861950340000000e-04
1.996894130000146e+01	5.914913490000000e-04
2.001521529999445e+01	5.943505680000000e-04
2.004669499999727e+01	5.977664260000000e-04
2.007794769998873e+01	6.036959820000000e-04
2.012514019999071e+01	6.107961530000000e-04
2.015603129999363e+01	6.175318850000000e-04
2.018632829999842e+01	6.248623250000000e-04
2.021806939999806e+01	6.318857190000001e-04
2.026419159999932e+01	6.469688960000000e-04
2.029553669999586e+01	6.571586709999999e-04
2.032665719999932e+01	6.663313830000000e-04
2.037487010000041e+01	6.699582450000000e-04
2.041948679999041e+01	6.732205509999999e-04
2.045112139999401e+01	6.782481800000000e-04
2.048197459999938e+01	6.857705300000000e-04
2.052888779999921e+01	6.934656990000000e-04
2.057532669999637e+01	6.992993880000000e-04
2.062344519999169e+01	7.028494730000000e-04
2.066992349999782e+01	7.078196500000001e-04
2.071604020000086e+01	7.117919159999999e-04
2.074816940000164e+01	7.184314890000000e-04
2.077887209999608e+01	7.269134510000000e-04
2.082523760000186e+01	7.341479650000000e-04
2.087107419999666e+01	7.422651979999999e-04
2.091731869999785e+01	7.463910730000000e-04
2.097930459999770e+01	7.551414890000000e-04
2.102548399999796e+01	7.588643930000000e-04
2.105733090000285e+01	7.627406740000000e-04
2.108898549999867e+01	7.678643450000000e-04
2.111863719999383e+01	7.763078320000000e-04
2.117986069999461e+01	7.844250650000000e-04
2.122602029998961e+01	7.913910090000000e-04
2.127222649999021e+01	7.981841340000000e-04
2.131904089999443e+01	8.025210120000000e-04
2.134943360000034e+01	8.064549180000000e-04
2.138039029999345e+01	8.119624690000000e-04
2.142607229998976e+01	8.176041880000000e-04
2.147317929999554e+01	8.225743660000000e-04
2.151988609999535e+01	8.291564879999999e-04
2.158206169999903e+01	8.354314490000000e-04
2.162939059999189e+01	8.422438400000000e-04
2.166051899999729e+01	8.468494050000000e-04
2.169217009999556e+01	8.495743390000000e-04
2.172311259999697e+01	8.763389200000000e-04
2.183102199999848e+01	8.705766520000000e-04
2.186377319999156e+01	8.748022370000000e-04
2.189402339998924e+01	8.799881909999999e-04
2.192445530000259e+01	8.922810670000000e-04
2.197101290000137e+01	8.988116750000000e-04
2.200174900000275e+01	9.043819150000000e-04
2.203225540000130e+01	9.111043180000000e-04
2.208432729999186e+01	9.184033260000000e-04
2.212867910000205e+01	9.247416750000000e-04
2.217332289999467e+01	9.299278610000000e-04
2.222025040000153e+01	9.378028920000000e-04
2.226667289999023e+01	9.431808720000000e-04
2.229846150000230e+01	9.479827709999999e-04
2.232886989999679e+01	9.533609850000000e-04
2.237518279999495e+01	9.556657750000000e-04
2.242206569999689e+01	9.581628840000000e-04
2.246879590000026e+01	9.646934920000000e-04
2.251617719999922e+01	9.687269920000000e-04
2.257738529999915e+01	9.835168020000001e-04
2.260944939999899e+01	9.911997479999999e-04
2.264136059999873e+01	9.984985230000001e-04
2.267234479999752e+01	1.006181580000000e-03
2.271873090000008e+01	1.011751820000000e-03
2.278115249999973e+01	1.018474460000000e-03
2.282884309999645e+01	1.025005010000000e-03
2.287547800000175e+01	1.030767340000000e-03
2.290525519999210e+01	1.038642370000000e-03
2.293715430000157e+01	1.046133110000000e-03
2.296927789998881e+01	1.055736910000000e-03
2.301862789998995e+01	1.064188310000000e-03
2.307906809999258e+01	1.073984080000000e-03
2.312703239999246e+01	1.083971930000000e-03
2.317412070000137e+01	1.092807390000000e-03
2.320518409999204e+01	1.103947870000000e-03
2.323710759999813e+01	1.119121680000000e-03
2.326823839999270e+01	1.131606520000000e-03
2.331512729999667e+01	1.153311230000000e-03
2.334655629999179e+01	1.167332520000000e-03
2.337853190000169e+01	1.189421280000000e-03
2.342533149999508e+01	1.214198880000000e-03
2.347109199999250e+01	1.226299680000000e-03
2.350257759999658e+01	1.237439920000000e-03
2.353777719999198e+01	1.245314950000000e-03
2.358125170000130e+01	1.257415860000000e-03
2.362917619998916e+01	1.282193470000000e-03
2.367578920000233e+01	1.303513770000000e-03
2.372181209998962e+01	1.323681670000000e-03
2.376940849999664e+01	1.330788480000000e-03
2.380119289999129e+01	1.340776220000000e-03
2.383318370000052e+01	1.348651360000000e-03
2.386417139999685e+01	1.350764300000000e-03
2.389494899999409e+01	1.354221600000000e-03
2.392511899999226e+01	1.356526390000000e-03
2.397376709998935e+01	1.366130190000000e-03
2.401897119999921e+01	1.378999320000000e-03
2.406643999999505e+01	1.383801220000000e-03
2.409738429999561e+01	1.388410920000000e-03
2.412767699999677e+01	1.394557420000000e-03
2.417564219998894e+01	1.407234350000000e-03
2.422109239999554e+01	1.425289320000000e-03
2.426833829999669e+01	1.436813850000000e-03
2.431505289999768e+01	1.453524340000000e-03
2.434556069999235e+01	1.464280530000000e-03
2.437659669999266e+01	1.479262490000000e-03
2.440763940000033e+01	1.494820580000000e-03
2.443855869999970e+01	1.514027940000000e-03
2.447021629998926e+01	1.533427510000000e-03
2.451717520000238e+01	1.543991730000000e-03
2.457979509999859e+01	1.566464430000000e-03
2.463197339999897e+01	1.581254420000000e-03
2.467219709999335e+01	1.588745160000000e-03
2.470418339999742e+01	1.596236140000000e-03
2.473509529999865e+01	1.606992330000000e-03
2.478095010000106e+01	1.618708950000000e-03
2.482769689999986e+01	1.622742510000000e-03
2.487712769999052e+01	1.625623550000000e-03
2.492154650000157e+01	1.627160240000000e-03
2.496809329999087e+01	1.626968270000000e-03
2.499987829999009e+01	1.626007840000000e-03
2.503184119999059e+01	1.625815640000000e-03
2.507873379999364e+01	1.626391900000000e-03
2.512660529999994e+01	1.626583980000000e-03
2.517218539999158e+01	1.627160240000000e-03
2.521919059999345e+01	1.627160240000000e-03
2.528102589999617e+01	1.626968270000000e-03
2.531212599998980e+01	1.626775950000000e-03
2.534318369999528e+01	1.627352320000000e-03
2.537424069999543e+01	1.627736380000000e-03
2.542012019999675e+01	1.627544410000000e-03
2.546719850000227e+01	1.627352320000000e-03
2.551522400000249e+01	1.626583980000000e-03
2.554778969999461e+01	1.627928690000000e-03
2.557881690000067e+01	1.628312750000000e-03
2.561061609999160e+01	1.627736380000000e-03
2.564156370000273e+01	1.630233480000000e-03
2.567212119999749e+01	1.635035380000000e-03
2.571905509999488e+01	1.636571830000000e-03
2.578123219999543e+01	1.640221340000000e-03
2.582726569999068e+01	1.655395380000000e-03
2.587425369999255e+01	1.674410650000000e-03
2.590526410000166e+01	1.693810220000000e-03
2.593713120000029e+01	1.721084820000000e-03
2.596748490000027e+01	1.737987620000000e-03
2.602817309999955e+01	1.779475720000000e-03
2.607526659998985e+01	1.809823680000000e-03
2.612167079999927e+01	1.857266060000000e-03
2.616919980000239e+01	1.878778680000000e-03
2.620046919999004e+01	1.897217820000000e-03
2.623118449999311e+01	1.919690750000000e-03
2.627823830000125e+01	1.949078170000000e-03
2.632570149999810e+01	1.989605600000000e-03
2.637160859999130e+01	2.022642640000000e-03
2.641795819999243e+01	2.045883560000000e-03
2.646420859999489e+01	2.086027530000000e-03
2.649461319998954e+01	2.109076590000000e-03
2.652555109999957e+01	2.129244390000000e-03
2.657150689999980e+01	2.145570940000000e-03
2.661814839999715e+01	2.153062030000000e-03
2.668159110000124e+01	2.184946320000000e-03
2.672807810000086e+01	2.208571420000000e-03
2.677418029999535e+01	2.222976880000000e-03
2.680899939998926e+01	2.237766750000000e-03
2.683792609999364e+01	2.249675340000000e-03
2.686962209999911e+01	2.279062760000000e-03
2.691623459999391e+01	2.300767230000000e-03
2.697824549999496e+01	2.345905170000000e-03
2.702429069999198e+01	2.372219230000000e-03
2.707030690000101e+01	2.386817240000000e-03
2.710224369999196e+01	2.400070430000000e-03
2.713732599999639e+01	2.414475890000000e-03
2.718153789998905e+01	2.424655720000000e-03
2.722879019999527e+01	2.431762640000000e-03
2.727661639999133e+01	2.439637670000000e-03
2.732772459999251e+01	2.452699000000000e-03
2.737219039999763e+01	2.465952190000000e-03
2.740501509999740e+01	2.483239160000000e-03
2.743431039999996e+01	2.500141270000000e-03
2.747969019999437e+01	2.523382430000000e-03
2.752702899998985e+01	2.534330820000000e-03
2.757430079999904e+01	2.544318790000000e-03
2.762659189999977e+01	2.559684920000000e-03
2.767030610000074e+01	2.567175780000000e-03
2.770088740000210e+01	2.574090150000000e-03
2.773103879998962e+01	2.579852470000000e-03
2.777764449999086e+01	2.587919590000000e-03
2.782426039999700e+01	2.598676130000000e-03
2.787107949999336e+01	2.614810130000000e-03
2.791615930000262e+01	2.625758760000000e-03
2.797768899999210e+01	2.650728450000000e-03
2.800897290000285e+01	2.664557890000000e-03
2.804029589999118e+01	2.678771270000000e-03
2.807217249998939e+01	2.704317220000000e-03
2.811915159999626e+01	2.730055010000000e-03
2.818130050000036e+01	2.754832850000000e-03
2.822888719999173e+01	2.775769220000000e-03
2.827590069999860e+01	2.790174680000000e-03
2.830574149999302e+01	2.799778480000000e-03
2.833694729999115e+01	2.815720630000000e-03
2.836830279999413e+01	2.828205700000000e-03
2.841998459999741e+01	2.863931470000000e-03
2.847835340000165e+01	2.889669970000000e-03
2.852505009999732e+01	2.926547780000000e-03
2.857267409999622e+01	2.949981480000000e-03
2.860260430000199e+01	2.975911370000000e-03
2.863379300000088e+01	3.014134010000000e-03
2.868027759999677e+01	3.051012520000000e-03
2.872693829999480e+01	3.085009990000000e-03
2.877316139999311e+01	3.112092610000000e-03
2.881986449999386e+01	3.137062540000000e-03
2.886670319999394e+01	3.144937570000000e-03
2.889739579999878e+01	3.151851940000000e-03
2.892890559999796e+01	3.164721190000000e-03
2.897623889999522e+01	3.187770260000000e-03
2.902283209998859e+01	3.219078530000000e-03
2.906844760000240e+01	3.255572870000000e-03
2.911687959999836e+01	3.276316680000000e-03
2.917956809999305e+01	3.324719610000000e-03
2.921161810000194e+01	3.348152850000000e-03
2.924231400000281e+01	3.370817750000000e-03
2.927309809999133e+01	3.397131800000000e-03
2.931848049999098e+01	3.426135050000000e-03
2.937888989999192e+01	3.449568290000000e-03
2.942461180000100e+01	3.481068880000000e-03
2.947149369999534e+01	3.498931880000000e-03
2.950287589999789e+01	3.510264450000000e-03
2.953418309999688e+01	3.523517170000000e-03
2.958219449999160e+01	3.531584750000000e-03
2.962866609999037e+01	3.543877280000000e-03
2.967554609999934e+01	3.563469040000000e-03
2.972231519999332e+01	3.586326030000000e-03
2.976882029999979e+01	3.594008970000000e-03
2.980066049999732e+01	3.603036280000000e-03
2.983224259999406e+01	3.613408650000000e-03
2.986601739999605e+01	3.618594490000000e-03
2.992536189999373e+01	3.636457260000000e-03
2.997134809999261e+01	3.646829630000000e-03
3.001938399999926e+01	3.662195760000000e-03
3.006673369999044e+01	3.673720170000000e-03
3.009862439999415e+01	3.691391090000000e-03
3.013261999998940e+01	3.717513060000000e-03
3.017857139999978e+01	3.740562130000000e-03
3.022513859999890e+01	3.759577640000000e-03
3.027057359999162e+01	3.771486230000000e-03
3.031688679999206e+01	3.777056470000000e-03
3.037796610000078e+01	3.790309890000000e-03
3.040822679999110e+01	3.796840320000000e-03
3.043900410000060e+01	3.799913680000000e-03
3.047079229999508e+01	3.805483460000000e-03
3.051829969999380e+01	3.810669530000000e-03
3.058124929999758e+01	3.832374000000000e-03
3.062939839999308e+01	3.855615160000000e-03
3.067511519999243e+01	3.870020850000000e-03
3.070640559999447e+01	3.885579060000000e-03
3.073721700000169e+01	3.904018090000000e-03
3.076897150000150e+01	3.923801710000000e-03
3.083164009999018e+01	3.943777180000000e-03
3.087625750000007e+01	3.962601070000000e-03
3.092303759999049e+01	3.987762610000000e-03
3.097014160000253e+01	3.998711240000000e-03
3.100133659999119e+01	4.012348600000000e-03
3.103319560000091e+01	4.026946150000000e-03
3.106512359999761e+01	4.035397430000000e-03
3.109681950000231e+01	4.046153740000000e-03
3.112924460000067e+01	4.058638590000000e-03
3.117463259999931e+01	4.072851970000000e-03
3.122037349999300e+01	4.087641840000000e-03
3.126743659999920e+01	4.093212080000000e-03
3.129889819999516e+01	4.098398150000000e-03
3.132901829999173e+01	4.106465260000000e-03
3.137533429999894e+01	4.112995700000000e-03
3.142216349999944e+01	4.124904520000000e-03
3.146985429999768e+01	4.152755250000000e-03
3.151520169999276e+01	4.166008440000000e-03
3.154624609999883e+01	4.182334520000000e-03
3.157774339999014e+01	4.195011690000000e-03
3.161068339999474e+01	4.207688850000000e-03
3.164111430000048e+01	4.220366010000000e-03
3.167241179999837e+01	4.238612950000000e-03
3.171834929999022e+01	4.247832580000000e-03
3.177963889999955e+01	4.272610410000000e-03
3.182690239998919e+01	4.295275080000000e-03
3.187220949999755e+01	4.317939750000000e-03
3.190419339999789e+01	4.342332950000000e-03
3.193510940000124e+01	4.375946710000000e-03
3.196825469999749e+01	4.403029100000000e-03
3.201332279999042e+01	4.450855780000000e-03
3.204457499999262e+01	4.479667170000000e-03
3.207519609999144e+01	4.512703980000000e-03
3.212309129998903e+01	4.534792160000000e-03
3.217041289999906e+01	4.544588270000000e-03
3.220132480000029e+01	4.553039560000000e-03
3.223216319999483e+01	4.561875020000000e-03
3.227901289999136e+01	4.574936350000000e-03
3.232465070000035e+01	4.601058080000000e-03
3.237073489998875e+01	4.643122670000000e-03
3.241659120000259e+01	4.668476530000000e-03
3.244804959998874e+01	4.699784800000000e-03
3.247943839999789e+01	4.721489270000000e-03
3.251096499999403e+01	4.738776010000000e-03
3.254196159999992e+01	4.749916490000000e-03
3.257516349999059e+01	4.767971580000000e-03
3.262081169999146e+01	4.786410830000000e-03
3.266967920000025e+01	4.808115310000000e-03
3.271496289999050e+01	4.820024130000000e-03
3.274559769999178e+01	4.835390020000000e-03
3.277727510000113e+01	4.854021130000000e-03
3.280894279999484e+01	4.883409010000000e-03
3.284014909999678e+01	4.918558520000000e-03
3.287212179999915e+01	4.970034580000000e-03
3.291990579999401e+01	5.006337070000000e-03
3.298113269999158e+01	5.037837200000000e-03
3.302799180000147e+01	5.072218830000000e-03
3.307520979999390e+01	5.091041790000000e-03
3.310693809999793e+01	5.106600000000000e-03
3.313846889999695e+01	5.125423430000000e-03
3.317024680000031e+01	5.148472260000000e-03
3.321707119999337e+01	5.159996920000000e-03
3.327929729998868e+01	5.215698390000000e-03
3.332577549999405e+01	5.271400330000000e-03
3.337240599999495e+01	5.302900450000000e-03
3.340309139998863e+01	5.334593360000000e-03
3.343514739999955e+01	5.368782210000000e-03
3.348145849999855e+01	5.407965740000000e-03
3.352889079999295e+01	5.447725300000000e-03
3.357657150000159e+01	5.493438800000000e-03
3.362840719999804e+01	5.546836180000000e-03
3.367048689999501e+01	5.582945890000000e-03
3.370171179999306e+01	5.626739470000000e-03
3.373313719998987e+01	5.688011180000000e-03
3.378003699998953e+01	5.764457400000000e-03
3.382655579999846e+01	5.828802470000000e-03
3.387318129999039e+01	5.868753880000000e-03
3.392025309999008e+01	5.906208420000000e-03
3.398215729999356e+01	5.929065400000000e-03
3.401351479999721e+01	5.941550250000000e-03
3.404493129999901e+01	5.955763630000000e-03
3.407598359999247e+01	5.981501660000000e-03
3.412041049999243e+01	6.012425760000000e-03
3.416751749999821e+01	6.031441500000000e-03
3.421313779999036e+01	6.064094140000000e-03
3.424469209999370e+01	6.085030270000000e-03
3.427601709999726e+01	6.103277210000000e-03
3.430623089999426e+01	6.123829170000000e-03
3.433833369999775e+01	6.155329290000000e-03
3.436903570000140e+01	6.201043730000000e-03
3.441683570000168e+01	6.228702140000000e-03
3.447886449999351e+01	6.305916700000000e-03
3.452551469999889e+01	6.354895890000000e-03
3.457217970000056e+01	6.383130790000000e-03
3.460287129999779e+01	6.420969500000000e-03
3.463417379999009e+01	6.473213430000000e-03
3.468073690000165e+01	6.529107690000000e-03
3.472770859999582e+01	6.579623560000000e-03
3.477651179999521e+01	6.618038750000000e-03
3.482265229999030e+01	6.642047780000000e-03
3.487008509998850e+01	6.659718700000000e-03
3.490113849999034e+01	6.674316710000000e-03
3.493219019999378e+01	6.701399110000000e-03
3.497893469998962e+01	6.750186440000000e-03
3.502618549999897e+01	6.828360730000000e-03
3.507219069999701e+01	6.912873590000000e-03
3.511921859999711e+01	6.981828720000000e-03
3.518108139999094e+01	7.020243440000000e-03
3.521211169999151e+01	7.044828960000000e-03
3.524387959999149e+01	7.055393890000000e-03
3.527409369999077e+01	7.070183290000000e-03
3.532048199999554e+01	7.090351540000000e-03
3.538135679998959e+01	7.125693370000000e-03
3.542808969999896e+01	7.173520050000000e-03
3.547557219999726e+01	7.210013920000000e-03
3.550735629998962e+01	7.240169680000000e-03
3.553802019999421e+01	7.271285630000000e-03
3.556971339999291e+01	7.307780440000000e-03
3.561557939999329e+01	7.328908420000000e-03
3.567851559999690e+01	7.394021380000000e-03
3.572613060000003e+01	7.444345390000000e-03
3.577428899999359e+01	7.481608070000000e-03
3.580528799998865e+01	7.518294730000000e-03
3.583534639999561e+01	7.553443780000000e-03
3.586919779999880e+01	7.603383620000000e-03
3.591432309999072e+01	7.624319750000000e-03
3.594559039999149e+01	7.656780540000000e-03
3.597710419999203e+01	7.709217260000000e-03
3.602546839999559e+01	7.767607920000000e-03
3.607107419999375e+01	7.801412600000000e-03
3.610118759999750e+01	7.836178879999999e-03
3.613376789999893e+01	7.876898160000000e-03
3.617840879999858e+01	7.921267300000000e-03
3.622508180000295e+01	7.967749610000000e-03
3.627318389998982e+01	8.017305279999999e-03
3.631971549999435e+01	8.063019249999999e-03
3.636837229999946e+01	8.087988940000001e-03
3.639848429999256e+01	8.116992190000000e-03
3.642981529999815e+01	8.161554110000000e-03
3.647694379999302e+01	8.205538619999999e-03
3.652415489999112e+01	8.248947560000001e-03
3.657077690000006e+01	8.272381500000000e-03
3.661698389999219e+01	8.286594410000001e-03
3.667892409999331e+01	8.328851310000000e-03
3.670907549999538e+01	8.354205639999999e-03
3.674023419999867e+01	8.382632399999999e-03
3.677112009999109e+01	8.426233190000000e-03
3.681877820000227e+01	8.474828679999999e-03
3.686652660000254e+01	8.781187240000000e-03
3.699117719999049e+01	8.727854120000000e-03
3.702125419999356e+01	8.729758670000001e-03
3.705242089999956e+01	8.746902460000001e-03
3.708303480000177e+01	8.775473569999999e-03
3.712886869999056e+01	8.811663839999999e-03
3.717711469999631e+01	8.845950480000000e-03
3.722217269999965e+01	8.887855340000000e-03
3.726961419999134e+01	8.933568370000000e-03
3.731612540000060e+01	8.948806670000000e-03
3.734670149999147e+01	8.973568680000000e-03
3.737757709999278e+01	9.005949830000000e-03
3.742416840000078e+01	9.049760180000000e-03
3.747110869998869e+01	9.085950440000001e-03
3.751830509999127e+01	9.103093300000000e-03
3.758108519999951e+01	9.158331900000000e-03
3.763049189999583e+01	9.181188420000000e-03
3.766132149999612e+01	9.205951360000001e-03
3.769153070000175e+01	9.228807869999999e-03
3.772250150000036e+01	9.249759840000000e-03
3.776906530000269e+01	9.289762010000001e-03
3.781533369999670e+01	9.297380220000000e-03
3.784680590000062e+01	9.320236740000000e-03
3.787733529999969e+01	9.358333420000000e-03
3.792518219999329e+01	9.384999979999999e-03
3.795559240000148e+01	9.419284760000000e-03
3.798757929999556e+01	9.436427620000000e-03
3.801851399999578e+01	9.476427920000001e-03
3.806519399999524e+01	9.503094480000000e-03
3.809673639999528e+01	9.531666520000001e-03
3.820555499999318e+01	9.615476240000000e-03
3.823804929999460e+01	9.640237320000000e-03
3.826902059999702e+01	9.674524889999999e-03
3.833057510000071e+01	9.697381410000001e-03
3.837746849999530e+01	9.714524259999999e-03
3.842311609999160e+01	9.743096309999999e-03
3.847086079999281e+01	9.767857380000000e-03
3.851644769999257e+01	9.781191130000000e-03
3.854719079998904e+01	9.804047640000001e-03
3.857893859999604e+01	9.832618760000000e-03
3.863040490000276e+01	9.872619060000001e-03
3.867381609999575e+01	9.910715739999999e-03
3.872353889999795e+01	9.941190480000001e-03
3.876912349999475e+01	9.969762530000001e-03
3.881957929999044e+01	9.994525460000001e-03
3.884652049999568e+01	1.001928750000000e-02
3.887865220000094e+01	1.004023850000000e-02
3.892485119999037e+01	1.005928680000000e-02
3.897184339999512e+01	1.008214430000000e-02
3.901820039999438e+01	1.008404880000000e-02
3.906601039999805e+01	1.011262090000000e-02
3.909660809999332e+01	1.012785920000000e-02
3.912877759999537e+01	1.014309750000000e-02
3.916054989999975e+01	1.015833580000000e-02
3.919237150000117e+01	1.017166860000000e-02
3.922311549998994e+01	1.018309690000000e-02
3.927008479999495e+01	1.019071510000000e-02
3.931655889999820e+01	1.020404880000000e-02
3.937826559999667e+01	1.021547890000000e-02
3.942529359999753e+01	1.023452540000000e-02
3.945637220000208e+01	1.024405010000000e-02
3.948740240000188e+01	1.025547830000000e-02
3.951890379999531e+01	1.028405040000000e-02
3.958070839999709e+01	1.029928870000000e-02
3.962738549998903e+01	1.032595520000000e-02
3.967674840000109e+01	1.034119350000000e-02
3.972252489998937e+01	1.033547890000000e-02
3.975320669999928e+01	1.035262180000000e-02
3.978455979999853e+01	1.035833550000000e-02
3.983116709999740e+01	1.036786010000000e-02
3.987917030000244e+01	1.038119380000000e-02
3.992583709998871e+01	1.039452660000000e-02
3.997439799999120e+01	1.040405040000000e-02
4.001924090000102e+01	1.042881140000000e-02
4.005008879999514e+01	1.042309870000000e-02
4.008102640000288e+01	1.042690690000000e-02
4.013375660000020e+01	1.044023970000000e-02
4.017652629999793e+01	1.044404970000000e-02
4.022325339999225e+01	1.045357340000000e-02
4.027056239999365e+01	1.044976530000000e-02
4.031858029999421e+01	1.044785980000000e-02
4.034883180000179e+01	1.045547800000000e-02
4.037963779999700e+01	1.046309810000000e-02
4.042675410000084e+01	1.047833730000000e-02
4.047424349999346e+01	1.049738380000000e-02
4.052089580000029e+01	1.048976560000000e-02
4.056794660000014e+01	1.049167010000000e-02
4.061516780000238e+01	1.049547830000000e-02
4.064865869999630e+01	1.049357560000000e-02
4.067851509999309e+01	1.051071660000000e-02
4.072464329999639e+01	1.052024220000000e-02
4.077054339999449e+01	1.053548050000000e-02
4.081651299999794e+01	1.054690870000000e-02
4.086317159999453e+01	1.055833700000000e-02
4.089420789999713e+01	1.055262140000000e-02
4.092516179999802e+01	1.054690870000000e-02
4.095566300000064e+01	1.055452690000000e-02
4.098640879998857e+01	1.055262140000000e-02
4.101814439998998e+01	1.055452690000000e-02
4.106596399999398e+01	1.056024150000000e-02
4.112724339999841e+01	1.056595520000000e-02
4.117551689999527e+01	1.055262140000000e-02
4.122208749999118e+01	1.056976520000000e-02
4.125324219999311e+01	1.057357530000000e-02
4.128459199999634e+01	1.058881360000000e-02
4.131431899999734e+01	1.059071810000000e-02
4.134565099999600e+01	1.059833630000000e-02
4.137720689999696e+01	1.060595460000000e-02
4.142477589999908e+01	1.061357460000000e-02
4.147064829998999e+01	1.063262110000000e-02
4.151678279999760e+01	1.062881290000000e-02
4.154797539999709e+01	1.062690840000000e-02
4.157957789998909e+01	1.062690840000000e-02
4.163016349999816e+01	1.062690840000000e-02
4.167366139999649e+01	1.064214670000000e-02
4.172164229999180e+01	1.064785940000000e-02
4.176911619999737e+01	1.065738500000000e-02
4.181642989999091e+01	1.065738500000000e-02
4.184685149999859e+01	1.065738500000000e-02
4.187822009999945e+01	1.065928950000000e-02
4.192606399999931e+01	1.067071780000000e-02
4.197312529999181e+01	1.066881330000000e-02
4.202144089998910e+01	1.067643150000000e-02
4.206808349999483e+01	1.068595700000000e-02
4.211530219999258e+01	1.068976520000000e-02
4.214729379999335e+01	1.069357530000000e-02
4.217975399999705e+01	1.070119530000000e-02
4.222526029999426e+01	1.070119530000000e-02
4.227111219998915e+01	1.070119530000000e-02
4.231937079998897e+01	1.070690810000000e-02
4.238127909999457e+01	1.070881360000000e-02
4.242836969999189e+01	1.070500350000000e-02
4.245968359999824e+01	1.070881360000000e-02
4.249065300000075e+01	1.071262360000000e-02
4.252042799998890e+01	1.071071810000000e-02
4.256631429999834e+01	1.070690810000000e-02
4.261520709999604e+01	1.070690810000000e-02
4.264733219999471e+01	1.071262360000000e-02
4.267779689999588e+01	1.071071810000000e-02
4.272517389999120e+01	1.070309800000000e-02
4.275578589999350e+01	1.070690810000000e-02
4.278689309999754e+01	1.070690810000000e-02
4.281752240000060e+01	1.070690810000000e-02
4.286523640000087e+01	1.070500350000000e-02
4.291214119999495e+01	1.071071810000000e-02
4.294306219999271e+01	1.070500350000000e-02
4.297523939999519e+01	1.070500350000000e-02
4.302219779998995e+01	1.070500350000000e-02
4.305396160000237e+01	1.070690810000000e-02
4.308437599999888e+01	1.070881360000000e-02
4.311882909999986e+01	1.070119530000000e-02
4.318008120000013e+01	1.070309800000000e-02
4.322789149999153e+01	1.069738530000000e-02
4.327435639999749e+01	1.069738530000000e-02
4.332232589999330e+01	1.069928990000000e-02
4.335622729999886e+01	1.069928990000000e-02
4.338730370000121e+01	1.069928990000000e-02
4.341810959999566e+01	1.069357530000000e-02
4.346547660000215e+01	1.069357530000000e-02
4.352763409999898e+01	1.069357530000000e-02
4.357461179999518e+01	1.068976520000000e-02
4.362549779999244e+01	1.068595700000000e-02
4.365596829999413e+01	1.068405160000000e-02
4.368447209999431e+01	1.068976520000000e-02
4.371516159999010e+01	1.068024150000000e-02
4.374618899999768e+01	1.068024150000000e-02
4.377728189999470e+01	1.067643150000000e-02
4.382466199999908e+01	1.067833700000000e-02
4.387079709999671e+01	1.067262330000000e-02
4.391784909999114e+01	1.066690780000000e-02
4.394990639999742e+01	1.066500320000000e-02
4.398108079998929e+01	1.064785940000000e-02
4.402770639999653e+01	1.065166950000000e-02
4.407321779998892e+01	1.065357500000000e-02
4.412178869999480e+01	1.064024120000000e-02
4.418236910000269e+01	1.064214670000000e-02
4.423058659999515e+01	1.062309840000000e-02
4.426105139999709e+01	1.062309840000000e-02
4.429216529999394e+01	1.062119290000000e-02
4.432341299999098e+01	1.061357460000000e-02
4.436982159999025e+01	1.060786010000000e-02
4.441679570000269e+01	1.060024180000000e-02
4.446383229999628e+01	1.059452630000000e-02
4.449415329999465e+01	1.059262180000000e-02
4.452752049999253e+01	1.056785970000000e-02
4.455714669999725e+01	1.056785970000000e-02
4.458812419998867e+01	1.056214700000000e-02
4.462408019999566e+01	1.054881330000000e-02
4.467093179999210e+01	1.053167040000000e-02
4.472894339999766e+01	1.052786040000000e-02
4.477697289999924e+01	1.051643210000000e-02
4.482325400000263e+01	1.049928830000000e-02
4.485396349999064e+01	1.049738380000000e-02
4.488579980000213e+01	1.048595550000000e-02
4.491694959999586e+01	1.047833730000000e-02
4.497960099999909e+01	1.045547800000000e-02
4.502554029999010e+01	1.042119320000000e-02
4.507220799999777e+01	1.041928870000000e-02
4.512116299998888e+01	1.040405040000000e-02
4.515249290000065e+01	1.038881210000000e-02
4.518286790000275e+01	1.037166830000000e-02
4.521413029999530e+01	1.036214550000000e-02
4.524553249999008e+01	1.033738350000000e-02
4.527624399999331e+01	1.032214520000000e-02
4.532288729998982e+01	1.029166860000000e-02
4.536964459999581e+01	1.027262210000000e-02
4.541679029999068e+01	1.025357380000000e-02
4.544827149999037e+01	1.023643000000000e-02
4.547898749999877e+01	1.022309720000000e-02
4.552504729999055e+01	1.020404880000000e-02
4.557271690000198e+01	1.018500230000000e-02
4.561912769998889e+01	1.017357410000000e-02
4.568240890000015e+01	1.015643030000000e-02
4.572886439999274e+01	1.014690750000000e-02
4.576061399999890e+01	1.012785920000000e-02
4.579220050000004e+01	1.009928710000000e-02
4.582364049999160e+01	1.007452610000000e-02
4.586864809998951e+01	1.003452580000000e-02
4.591776769999706e+01	1.003643030000000e-02
4.597783959998924e+01	9.996429090000000e-03
4.602421519999916e+01	9.985000830000000e-03
4.605539100000169e+01	9.960238820000000e-03
4.608588249998866e+01	9.929762220000001e-03
4.611756089999108e+01	9.912621230000000e-03
4.616542749998916e+01	9.893572890000001e-03
4.621218869999575e+01	9.851667099999999e-03
4.624321159999818e+01	9.836428800000000e-03
4.627325050000218e+01	9.813572280000000e-03
4.631937659998948e+01	9.794523939999999e-03
4.635113119999005e+01	9.781191130000000e-03
4.638209009999991e+01	9.752619080000000e-03
4.642902769999637e+01	9.714524259999999e-03
4.647526500000095e+01	9.682143109999999e-03
4.652186649999931e+01	9.630714540000000e-03
4.656899049998901e+01	9.609760720000001e-03
4.663028569999733e+01	9.573571380000000e-03
4.666440049999801e+01	9.546904820000000e-03
4.669562939999742e+01	9.525951000000000e-03
4.672493430000031e+01	9.499284440000000e-03
4.677090219999081e+01	9.478333409999999e-03
4.681685789999028e+01	9.455475959999999e-03
4.686310069999308e+01	9.436427620000000e-03
4.689440140000079e+01	9.424999360000000e-03
4.692518500000006e+01	9.411666540000000e-03
4.695588989999669e+01	9.398332800000001e-03
4.698726209999586e+01	9.388808160000000e-03
4.701879550000012e+01	9.358333420000000e-03
4.706590249999135e+01	9.350713340000000e-03
4.711314370000036e+01	9.310713040000000e-03
4.714473299999372e+01	9.289762010000001e-03
4.717684889999509e+01	9.264998139999999e-03
4.722417940000014e+01	9.249759840000000e-03
4.725426570000127e+01	9.242141620000000e-03
4.728550949999772e+01	9.224997830000000e-03
4.731624889999512e+01	9.209759530000000e-03
4.738298119998944e+01	9.131665339999999e-03
4.742570089999936e+01	9.089760480000000e-03
4.747221500000160e+01	9.059283880000000e-03
4.751856009999756e+01	9.044045580000000e-03
4.754948549999972e+01	9.015473540000001e-03
4.758113189999131e+01	9.002139790000000e-03
4.762802009998995e+01	8.973568680000000e-03
4.767528049999964e+01	8.943093940000001e-03
4.772167929999705e+01	8.918330069999999e-03
4.776907860000210e+01	8.891663510000000e-03
4.783005140000023e+01	8.864996950000001e-03
4.786163319999469e+01	8.845950480000000e-03
4.789226559999224e+01	8.836424910000000e-03
4.792360850000114e+01	8.792617359999999e-03
4.797040689999994e+01	8.767853490000000e-03
4.801843189999636e+01	8.727854120000000e-03
4.806416909999098e+01	8.718330410000001e-03
4.809741950000171e+01	8.689759300000001e-03
4.812645820000034e+01	8.670710960000000e-03
4.816287569999986e+01	8.661187250000001e-03
4.819064109999454e+01	8.638330740000000e-03
4.822085389999847e+01	8.605948650000000e-03
4.826831299999321e+01	8.565949280000000e-03
4.831603689999611e+01	8.546900939999999e-03
4.837696539999160e+01	8.503090590000000e-03
4.842220299999462e+01	8.480234070000000e-03
4.845720530000108e+01	8.457377550000001e-03
4.848569519999728e+01	8.455473000000000e-03
4.853131929998926e+01	8.409757170000001e-03
4.857884989999002e+01	8.390710690000001e-03
4.862605419999454e+01	8.352614010000000e-03
4.867399489998934e+01	8.318329229999999e-03
4.872053510000114e+01	8.297376330000000e-03
4.875162679998903e+01	8.285948079999999e-03
4.878314329999557e+01	8.261186070000001e-03
4.881502339999133e+01	8.261186070000001e-03
4.884586659999331e+01	8.236424070000000e-03
4.887648639999679e+01	8.205947470000001e-03
4.892314020000049e+01	8.186899130000000e-03
4.897197600000072e+01	8.144994270000001e-03
4.901742989999184e+01	8.139281530000000e-03
4.904906499999925e+01	8.110709490000000e-03
4.908011899999110e+01	8.097376670000000e-03
4.912839509999321e+01	8.076422850000001e-03
4.917498909999267e+01	8.034517990000000e-03
4.922071129998949e+01	8.004043250000000e-03
4.926643109999713e+01	7.977374830000000e-03
4.929744119998941e+01	7.952612820000000e-03
4.932849369999894e+01	7.925946269999999e-03
4.936143769999035e+01	7.899279710000000e-03
4.939114599999448e+01	7.880231370000001e-03
4.942219430000114e+01	7.844042030000000e-03
4.946851999999490e+01	7.811659950000000e-03
4.951521549999597e+01	7.796423510000000e-03
4.954653399999370e+01	7.781185210000000e-03
4.957795179999084e+01	7.744993550000000e-03
4.962709889998951e+01	7.718326520000000e-03
4.965606100000150e+01	7.708803280000000e-03
4.968789809998998e+01	7.680231710000000e-03
4.971947959999670e+01	7.651660130000000e-03
4.976631859999907e+01	7.632611790000000e-03
4.981606729999476e+01	7.525017020000000e-03
4.992280929999833e+01	7.510227620000000e-03
4.995356879998872e+01	7.491211410000000e-03
4.998563769999600e+01	7.470083890000000e-03
5.001611769999727e+01	7.455101700000000e-03
5.006314030000067e+01	7.427250500000000e-03
5.009418569999980e+01	7.407467350000000e-03
5.012522760000138e+01	7.376351390000000e-03
5.017291699998896e+01	7.343506440000000e-03
5.021815429998969e+01	7.312006320000000e-03
5.026619280000159e+01	7.296639960000000e-03
5.031308159999026e+01	7.263027130000000e-03
5.034404609999910e+01	7.241321730000000e-03
5.037525989999995e+01	7.221154400000000e-03
5.040690019998874e+01	7.198296950000000e-03
5.043808269999863e+01	7.177168970000000e-03
5.046926119999262e+01	7.146245330000000e-03
5.051609879999887e+01	7.130110170000000e-03
5.057897329999832e+01	7.078442720000000e-03
5.062494919999153e+01	7.042908580000000e-03
5.067107620000024e+01	7.020052060000000e-03
5.070212390000233e+01	6.999883800000000e-03
5.073317669999960e+01	6.974913650000000e-03
5.076676769999904e+01	6.955898370000000e-03
5.081297149999591e+01	6.924205930000000e-03
5.084304219999467e+01	6.902310070000000e-03
5.087435129999358e+01	6.873114030000000e-03
5.092056919999595e+01	6.838732860000000e-03
5.096620850000181e+01	6.820485930000000e-03
5.099829550000140e+01	6.789177190000000e-03
5.103000439998868e+01	6.753258870000000e-03
5.107764709999901e+01	6.705240350000000e-03
5.112726509998902e+01	6.651652050000000e-03
5.117105629999423e+01	6.602480080000000e-03
5.121834209999361e+01	6.555422670000000e-03
5.126525149999361e+01	6.531604570000000e-03
5.129653829999734e+01	6.502216680000000e-03
5.132798839999305e+01	6.461497400000000e-03
5.137424979999196e+01	6.419817450000000e-03
5.142020500000217e+01	6.373526530000000e-03
5.146765619999496e+01	6.350862790000000e-03
5.151521209999919e+01	6.308797750000000e-03
5.157773119999911e+01	6.245797030000000e-03
5.160832879999361e+01	6.219290660000000e-03
5.163940200000070e+01	6.189519070000000e-03
5.167140559999098e+01	6.149375350000000e-03
5.171868369998992e+01	6.104430180000000e-03
5.178057979998994e+01	6.062749770000000e-03
5.182762009999715e+01	6.012042050000000e-03
5.187432239999180e+01	5.976700220000000e-03
5.190605059999507e+01	5.943086460000000e-03
5.193791619999683e+01	5.900830500000000e-03
5.196917019999819e+01	5.838213490000000e-03
5.201618839999719e+01	5.802679810000000e-03
5.207734180000261e+01	5.703568920000000e-03
5.212449799999013e+01	5.639032000000000e-03
5.223261110000021e+01	5.532814190000000e-03
5.226754659999278e+01	5.505347620000000e-03
5.231448439999076e+01	5.453487860000000e-03
5.234574309999880e+01	5.418913900000000e-03
5.237619709999126e+01	5.368782210000000e-03
5.242369820000022e+01	5.310007370000000e-03
5.247056359999988e+01	5.275433880000000e-03
5.250173429999268e+01	5.242973100000000e-03
5.253382089998922e+01	5.200908980000000e-03
5.257939790000091e+01	5.155195020000000e-03
5.262569950000034e+01	5.106407680000000e-03
5.267266749999544e+01	5.066264420000000e-03
5.271870620000118e+01	5.010178310000000e-03
5.278156619999208e+01	4.967729560000000e-03
5.281313709999085e+01	4.930659200000000e-03
5.284414370000013e+01	4.890707320000000e-03
5.287522200000240e+01	4.832508510000000e-03
5.292234619999363e+01	4.764514040000000e-03
5.297033729999384e+01	4.705547360000000e-03
5.301710329999332e+01	4.672318230000000e-03
5.306504319999658e+01	4.605476280000000e-03
5.309572729999491e+01	4.561683160000000e-03
5.313106059998972e+01	4.500603300000000e-03
5.317545840000093e+01	4.437986760000000e-03
5.322205179999582e+01	4.369415810000000e-03
5.326899279998906e+01	4.297964270000000e-03
5.331968970000162e+01	4.225359300000000e-03
5.337742129999970e+01	4.179069310000000e-03
5.340944529999979e+01	4.134316000000000e-03
5.344074239999463e+01	4.088986200000000e-03
5.347114369999326e+01	4.020031540000000e-03
5.351808249999885e+01	3.943777180000000e-03
5.358108059999358e+01	3.880008820000000e-03
5.362864509999054e+01	3.804331180000000e-03
5.367846689998987e+01	3.747284650000000e-03
5.370781700000225e+01	3.705796550000000e-03
5.373824559999048e+01	3.653936090000000e-03
5.376959409999836e+01	3.586518110000000e-03
5.381531629999517e+01	3.550984430000000e-03
5.384645589999855e+01	3.504117490000000e-03
5.387741219998861e+01	3.429208650000000e-03
5.392538739999873e+01	3.334515500000000e-03
5.397103939999943e+01	3.284191710000000e-03
5.400221579999197e+01	3.230219010000000e-03
5.403565109999909e+01	3.165297210000000e-03
5.406418929999927e+01	3.126305990000000e-03
5.409457109999494e+01	3.079631830000000e-03
5.412582409998868e+01	3.004914850000000e-03
5.418761459999951e+01	2.926163840000000e-03
5.421802020000177e+01	2.886020350000000e-03
5.426524159999099e+01	2.810150850000000e-03
5.429643999999098e+01	2.758290390000000e-03
5.432713759999024e+01	2.680115870000000e-03
5.437317229999462e+01	2.602517600000000e-03
5.442026970000006e+01	2.516083420000000e-03
5.446635960000276e+01	2.472866790000000e-03
5.451350799998909e+01	2.387777440000000e-03
5.454467859999568e+01	2.334188670000000e-03
5.457505210000090e+01	2.280791520000000e-03
5.460626760000014e+01	2.226050240000000e-03
5.463818119998905e+01	2.167659350000000e-03
5.466915099999460e+01	2.089676910000000e-03
5.471651759999804e+01	2.045115460000000e-03
5.477886619999481e+01	1.906053400000000e-03
5.482555069999944e+01	1.813665270000000e-03
5.487218169998960e+01	1.758539580000000e-03
5.490367390000029e+01	1.709176230000000e-03
5.493523089999508e+01	1.656739740000000e-03
5.496664289999171e+01	1.625047530000000e-03
5.501319969999895e+01	1.568961540000000e-03
5.504494789999444e+01	1.531891060000000e-03
5.507623819999571e+01	1.475997150000000e-03
5.512319430000207e+01	1.414533120000000e-03
5.517130019998876e+01	1.382264540000000e-03
5.520659639999212e+01	1.343657380000000e-03
5.523425429999770e+01	1.309276090000000e-03
5.526612369999930e+01	1.279888560000000e-03
5.531415289999859e+01	1.223802680000000e-03
5.534505899999931e+01	1.187884600000000e-03
5.537564820000262e+01	1.135256030000000e-03
5.542090789999929e+01	1.078594010000000e-03
5.546787769999355e+01	1.048053850000000e-03
5.549903819999599e+01	1.016745690000000e-03
5.552910129999509e+01	9.764100540000000e-04
5.557568680000259e+01	9.308882290000000e-04
5.562191259999236e+01	8.794121090000000e-04
5.566927849999047e+01	8.354269670000000e-04
5.571776169999794e+01	8.094967340000000e-04
5.577884659999108e+01	7.601333780000000e-04
5.580955379999068e+01	7.347795180000000e-04
5.584065489999193e+01	7.061604410000000e-04
5.587208770000143e+01	6.625593520000000e-04
5.591888579999795e+01	6.195345780000000e-04
5.598115300000063e+01	5.815037290000000e-04
5.603023730000132e+01	5.442410470000000e-04
5.607644150000124e+01	4.675255620000000e-04
5.618459189998975e+01	4.464743540000000e-04
5.621555519998947e+01	4.264786550000000e-04
5.626200829999289e+01	3.956791190000000e-04
5.629317340000125e+01	3.733422200000000e-04
5.632318729998951e+01	3.345981240000000e-04
5.637140109999746e+01	2.930139310000000e-04
5.641830389999086e+01	2.539627890000000e-04
5.646474389999639e+01	2.369414720000000e-04
5.649607559999276e+01	2.166387280000000e-04
5.652733299999090e+01	1.909820280000000e-04
5.657409569999436e+01	1.745172050000000e-04
5.660538219999580e+01	1.593189370000000e-04
5.663622380000015e+01	1.442357900000000e-04
5.666836509999121e+01	1.280012660000000e-04
5.671614019999106e+01	1.192699200000000e-04
5.676404519999051e+01	1.029202470000000e-04
5.679503039999690e+01	9.274967310000000e-05
5.682702019999851e+01	7.945118699999999e-05
5.687398720000056e+01	6.929980009999999e-05
5.690597100000014e+01	6.054928240000000e-05
5.693794309999794e+01	5.183712710000000e-05
5.696992350000073e+01	4.222306230000000e-05
5.701790559999063e+01	3.761753030000000e-05
5.706488419999368e+01	3.059407750000000e-05
5.709724099999585e+01	2.639152260000000e-05
5.712887609998870e+01	2.094162660000000e-05
5.717918289999943e+01	9.939361010000000e-06
5.727075509999122e+01	7.779959560000000e-06
5.730273569999554e+01	5.449573110000000e-06
5.733372349999263e+01	3.238300910000000e-06
5.738068969998858e+01	1.637961870000000e-06
5.742867719999049e+01	1.205696210000000e-06
5.746063679999497e+01	1.326730740000000e-06
5.749265580000065e+01	1.929979820000000e-06
5.752362690000155e+01	3.868445670000000e-06
5.757060629999614e+01	1.947030980000000e-05
5.780529429999297e+01	2.211769240000000e-05
5.783728739999060e+01	2.445191970000000e-05
5.786870009999257e+01	2.722225510000000e-05
5.792971339999349e+01	2.783895250000000e-05
5.797736530000111e+01	2.784663960000000e-05
5.802424629998859e+01	2.781781770000000e-05
5.807106000000203e+01	2.776594920000000e-05
5.810167979999096e+01	2.770255010000000e-05
5.813365689999773e+01	2.748545740000000e-05
5.817957999999635e+01	2.680536090000000e-05
5.822710889999871e+01	2.540482270000000e-05
5.827366099999927e+01	2.386211960000000e-05
5.832028449999052e+01	2.249424140000000e-05
5.836765059999016e+01	2.187946670000000e-05
5.840053879999323e+01	2.105528070000000e-05
5.843060379999224e+01	2.007164040000000e-05
5.847709709999617e+01	1.920903380000000e-05
5.852426500000001e+01	1.841366430000000e-05
5.857186949999596e+01	1.752800380000000e-05
5.861878029999207e+01	1.594303280000000e-05
5.866526749999321e+01	1.488254380000000e-05
5.869726059999084e+01	1.333791990000000e-05
5.872822350000206e+01	1.123231230000000e-05
5.877483489998849e+01	9.793350730000001e-06
5.882203909999225e+01	8.319810149999999e-06
5.886930109999957e+01	6.911588120000000e-06
5.891663729998982e+01	6.221885540000000e-06
5.897841630000039e+01	4.598492980000000e-06
5.900914939999348e+01	3.747412620000000e-06
5.904067499999655e+01	2.825248430000000e-06
5.907141779999074e+01	1.778207890000000e-06
5.911831929998880e+01	1.246041050000000e-06
5.918026759999339e+01	1.641708310000000e-06
5.928867470000114e+01	2.012539430000000e-06
5.931960049999179e+01	2.515906540000000e-06
5.935104819999833e+01	3.058379660000000e-06
5.938295509999443e+01	3.728572660000000e-06
5.941382669999439e+01	4.185898890000000e-06
5.944510240000091e+01	4.770752640000000e-06
5.947666429998935e+01	5.880163830000000e-06
5.952254779999203e+01	8.195112060000001e-06
5.956976959999884e+01	1.419284310000000e-05
5.968035949999467e+01	1.606791190000000e-05
5.971512860000075e+01	1.771051570000000e-05
5.977413809999416e+01	2.018499070000000e-05
5.980515709999599e+01	2.136267180000000e-05
5.983623429998988e+01	2.301872520000000e-05
5.986830599998939e+01	2.564689020000000e-05
5.991428319999250e+01	2.690141810000000e-05
5.994624569998996e+01	2.842491270000000e-05
5.997738559999561e+01	3.038835350000000e-05
6.002364610000222e+01	3.215391550000000e-05
