# [General]
# timestamp=2025-04-09T10:49:36.515150
# comments='# '
# delimiter='\t'
# column_dtypes=float;;float
# column_headers='Time (s);;Power (W)'
# 
# [Metadata]
# scanner_y=3.573766999352296
# scanner_x=-5.07186307907141
# start recoding time='09.04.2025, 10:48:36.414663'
# sample rate (hz)=50.0
# sample timing='TIMESTAMP'
# 
# ---- END HEADER ----
7.842998020350933e-04	5.653555490000000e-05
3.840269986540079e-02	5.652978510000000e-05
6.863230001181364e-02	5.654899720000000e-05
1.098841000348330e-01	5.653363040000000e-05
1.461475999094546e-01	5.652402250000000e-05
1.699637998826802e-01	5.655476710000000e-05
2.245379998348653e-01	5.654708000000000e-05
2.482080999761820e-01	5.653939300000000e-05
2.711982000619173e-01	5.652978510000000e-05
3.118095998652279e-01	5.653363040000000e-05
3.619327000342309e-01	5.653555490000000e-05
4.073508000001311e-01	5.653939300000000e-05
4.313513999804854e-01	5.654323470000000e-05
4.602338997647166e-01	5.653747210000000e-05
4.842380997724831e-01	5.655092170000000e-05
5.196098997257650e-01	5.654323470000000e-05
5.518177999183536e-01	5.654899720000000e-05
5.755542996339500e-01	5.654708000000000e-05
6.119992998428643e-01	5.655092170000000e-05
6.585288997739553e-01	5.654899720000000e-05
6.817586999386549e-01	5.654323470000000e-05
7.229967997409403e-01	5.655092170000000e-05
7.689692000858486e-01	5.655092170000000e-05
8.105024998076260e-01	5.655476710000000e-05
8.338955999352038e-01	5.655284260000000e-05
8.603698997758329e-01	5.655476710000000e-05
8.842853000387549e-01	5.654131750000000e-05
9.219017000868917e-01	5.653939300000000e-05
9.683823999948800e-01	5.654323470000000e-05
1.011070400010794e+00	5.653747210000000e-05
1.035150299780071e+00	5.652978510000000e-05
1.062234299723059e+00	5.651826360000000e-05
1.108811500016600e+00	5.652018080000000e-05
1.140593299642205e+00	5.650673120000000e-05
1.164189399685711e+00	5.651057650000000e-05
1.210521699860692e+00	5.648944350000000e-05
1.233560299966484e+00	5.650096860000000e-05
1.263792899902910e+00	5.649136440000000e-05
1.310336799826473e+00	5.649328890000000e-05
1.334920299705118e+00	5.649328890000000e-05
1.371345399878919e+00	5.648560180000000e-05
1.418075199704617e+00	5.650289310000000e-05
1.449497600086033e+00	5.649136440000000e-05
1.480643899645656e+00	5.649328890000000e-05
1.511019599623978e+00	5.649136440000000e-05
1.540986399631947e+00	5.649328890000000e-05
1.571729099843651e+00	5.650289310000000e-05
1.610493099782616e+00	5.652978510000000e-05
1.634582799859345e+00	5.659319140000000e-05
1.665694799739867e+00	5.670653260000000e-05
1.710057499818504e+00	5.662200780000000e-05
1.733657199889421e+00	5.654131750000000e-05
1.759346399921924e+00	5.650289310000000e-05
1.783333499915898e+00	5.648368460000000e-05
1.810718900058419e+00	5.645678540000000e-05
1.837387999985367e+00	5.647599390000000e-05
1.869361599907279e+00	5.651826360000000e-05
1.916013499721885e+00	5.651826360000000e-05
1.977968599647284e+00	5.653363040000000e-05
2.010305599775165e+00	5.654131750000000e-05
2.034485700074583e+00	5.653747210000000e-05
2.058419299777597e+00	5.655284260000000e-05
2.086536299902946e+00	5.654516280000000e-05
2.111940799746662e+00	5.655476710000000e-05
2.162060800008476e+00	5.655476710000000e-05
2.212070299778134e+00	5.655284260000000e-05
2.258764599915594e+00	5.655668430000000e-05
2.282577099744231e+00	5.654516280000000e-05
2.310538399964571e+00	5.655092170000000e-05
2.335085399914533e+00	5.655284260000000e-05
2.358541199937463e+00	5.655860510000000e-05
2.382760399952531e+00	5.672959010000000e-05
2.413182799704373e+00	5.675072680000000e-05
2.460177499800920e+00	5.664506170000000e-05
2.483852699864656e+00	5.656629220000000e-05
2.510727999731898e+00	5.651441820000000e-05
2.534796799998730e+00	5.655860510000000e-05
2.563031299971044e+00	5.656437130000000e-05
2.611568999942392e+00	5.659126330000000e-05
2.646933099720627e+00	5.658742160000000e-05
2.670332199893892e+00	5.656244680000000e-05
2.710868400055915e+00	5.653747210000000e-05
2.734317699912935e+00	5.653939300000000e-05
2.764883100055158e+00	5.652210530000000e-05
2.817546699661762e+00	5.652978510000000e-05
2.862579399719834e+00	5.652594340000000e-05
2.908745899796486e+00	5.652594340000000e-05
2.940867499914020e+00	5.652402250000000e-05
2.971061799675226e+00	5.652210530000000e-05
3.011172799859196e+00	5.652594340000000e-05
3.035409899894148e+00	5.652786790000000e-05
3.061324299778789e+00	5.652594340000000e-05
3.086395199876279e+00	5.653555490000000e-05
3.110209600068629e+00	5.653747210000000e-05
3.144932299852371e+00	5.653939300000000e-05
3.168410100042820e+00	5.654708000000000e-05
3.211119799874723e+00	5.654708000000000e-05
3.234317199792713e+00	5.655476710000000e-05
3.269440699834377e+00	5.655092170000000e-05
3.311023700051010e+00	5.653939300000000e-05
3.347091999836266e+00	5.655476710000000e-05
3.378474799916148e+00	5.654131750000000e-05
3.424457399640232e+00	5.654323470000000e-05
3.460786900017411e+00	5.653363040000000e-05
3.483847899828106e+00	5.652210530000000e-05
3.512489199638367e+00	5.653939300000000e-05
3.548733399715275e+00	5.652594340000000e-05
3.572235799860209e+00	5.653363040000000e-05
3.610278599895537e+00	5.651826360000000e-05
3.633680699858814e+00	5.652018080000000e-05
3.672600399702787e+00	5.651826360000000e-05
3.719661700073630e+00	5.653171320000000e-05
3.763407299760729e+00	5.652210530000000e-05
3.809155199676752e+00	5.654131750000000e-05
3.843382199760526e+00	5.654516280000000e-05
3.866940999869257e+00	5.653747210000000e-05
3.920039199758321e+00	5.653939300000000e-05
3.965837100055069e+00	5.653939300000000e-05
4.011030499823391e+00	5.653555490000000e-05
4.043982699979097e+00	5.653747210000000e-05
4.075673900078982e+00	5.664506170000000e-05
4.111094399821013e+00	5.683717610000000e-05
4.137638499960303e+00	5.693899580000000e-05
4.168983799871057e+00	5.672766930000000e-05
4.211457799654454e+00	5.656052960000000e-05
4.235603699926287e+00	5.652786790000000e-05
4.261617699638009e+00	5.650481400000000e-05
4.308211999945343e+00	5.646447240000000e-05
4.331304899882525e+00	5.647791480000000e-05
4.364730199798942e+00	5.645870260000000e-05
4.410203599836677e+00	5.646254430000000e-05
4.433346999809146e+00	5.649136440000000e-05
4.457185399718583e+00	5.650865570000000e-05
4.480079599656165e+00	5.649905140000000e-05
4.514719599857926e+00	5.648751900000000e-05
4.564120099879801e+00	5.648751900000000e-05
4.610432699788362e+00	5.648175650000000e-05
4.637451400049031e+00	5.648944350000000e-05
4.667717599775642e+00	5.650096860000000e-05
4.713299899827689e+00	5.649905140000000e-05
4.744754499755800e+00	5.649905140000000e-05
4.768549900036305e+00	5.651826360000000e-05
4.810304899699986e+00	5.650673120000000e-05
4.836983900051564e+00	5.652018080000000e-05
4.867879899684340e+00	5.652018080000000e-05
4.914755099918693e+00	5.653555490000000e-05
4.964635399635881e+00	5.652978510000000e-05
5.010749700013548e+00	5.653555490000000e-05
5.034800499677658e+00	5.653939300000000e-05
5.070416599977762e+00	5.653363040000000e-05
5.112588099669665e+00	5.653747210000000e-05
5.161786399781704e+00	5.655476710000000e-05
5.211159899830818e+00	5.653939300000000e-05
5.234863199759275e+00	5.653747210000000e-05
5.272789599839598e+00	5.654323470000000e-05
5.310733499936759e+00	5.653363040000000e-05
5.334969100076705e+00	5.654131750000000e-05
5.359097199980170e+00	5.653555490000000e-05
5.396794199943542e+00	5.653939300000000e-05
5.420402099844068e+00	5.653555490000000e-05
5.473923599813133e+00	5.652786790000000e-05
5.510377399623394e+00	5.652594340000000e-05
5.534658699762076e+00	5.652210530000000e-05
5.566932399757206e+00	5.652402250000000e-05
5.609885700047016e+00	5.651250100000000e-05
5.633260899689049e+00	5.652402250000000e-05
5.658087499905378e+00	5.652786790000000e-05
5.681898399721831e+00	5.652594340000000e-05
5.721568999812007e+00	5.652018080000000e-05
5.768950500059873e+00	5.650673120000000e-05
5.810451899655163e+00	5.651057650000000e-05
5.833637000061572e+00	5.651633550000000e-05
5.862220400013030e+00	5.651633550000000e-05
5.908629899844527e+00	5.651633550000000e-05
5.931947799865156e+00	5.651826360000000e-05
5.955528399907053e+00	5.651057650000000e-05
5.979110499843955e+00	5.651441820000000e-05
6.015022299718112e+00	5.651633550000000e-05
6.062139899935573e+00	5.651441820000000e-05
6.108041099738330e+00	5.651441820000000e-05
6.132004499901086e+00	5.651633550000000e-05
6.173153900075704e+00	5.652402250000000e-05
6.210451199673116e+00	5.651826360000000e-05
6.234293200075626e+00	5.652210530000000e-05
6.266487599816173e+00	5.652594340000000e-05
6.310765699949116e+00	5.652978510000000e-05
6.344610999803990e+00	5.652786790000000e-05
6.368173100054264e+00	5.652402250000000e-05
6.410617699846625e+00	5.651826360000000e-05
6.433878900017589e+00	5.652786790000000e-05
6.460941799916327e+00	5.650673120000000e-05
6.485226499848068e+00	5.651826360000000e-05
6.510472799651325e+00	5.652018080000000e-05
6.534493099898100e+00	5.651441820000000e-05
6.560475199948996e+00	5.652402250000000e-05
6.591149199754000e+00	5.651633550000000e-05
6.614160299766809e+00	5.652594340000000e-05
6.670083199627697e+00	5.652018080000000e-05
6.717284299898893e+00	5.653939300000000e-05
6.763682799879462e+00	5.653171320000000e-05
6.812074599787593e+00	5.654131750000000e-05
6.837385899852961e+00	5.653939300000000e-05
6.861505399923772e+00	5.654899720000000e-05
6.885016799904406e+00	5.654516280000000e-05
6.921112499665469e+00	5.655092170000000e-05
6.964385099709034e+00	5.655476710000000e-05
7.014633100014180e+00	5.655092170000000e-05
7.060978899709880e+00	5.655668430000000e-05
7.092250099871308e+00	5.655668430000000e-05
7.123114299960434e+00	5.657013390000000e-05
7.146269700024277e+00	5.655860510000000e-05
7.169536999892443e+00	5.655284260000000e-05
7.210840499959886e+00	5.655476710000000e-05
7.234995899721980e+00	5.654516280000000e-05
7.263514199759811e+00	5.655476710000000e-05
7.309928399976343e+00	5.656244680000000e-05
7.333335699979216e+00	5.654516280000000e-05
7.371172499842942e+00	5.655092170000000e-05
7.417312100064009e+00	5.655476710000000e-05
7.448007300030440e+00	5.654323470000000e-05
7.471189999952912e+00	5.655092170000000e-05
7.510703899897635e+00	5.654131750000000e-05
7.542114799842238e+00	5.654899720000000e-05
7.566219899803400e+00	5.653555490000000e-05
7.610569799784571e+00	5.653939300000000e-05
7.633890999946743e+00	5.653555490000000e-05
7.665936700068414e+00	5.654708000000000e-05
7.711526299826801e+00	5.653939300000000e-05
7.737969299778342e+00	5.654131750000000e-05
7.761525799985975e+00	5.655860510000000e-05
7.820726299658418e+00	5.655476710000000e-05
7.867296299897134e+00	5.654899720000000e-05
7.915434299968183e+00	5.655476710000000e-05
7.962262500077486e+00	5.654899720000000e-05
8.009974099695683e+00	5.655284260000000e-05
8.034208499826491e+00	5.657013390000000e-05
8.057448499836028e+00	5.665850400000000e-05
8.080866499803960e+00	5.677569790000000e-05
8.111073999665678e+00	5.713111750000000e-05
8.136154799722135e+00	5.865076670000000e-05
8.167384400032461e+00	5.994371900000000e-05
8.213027799967676e+00	5.995908580000000e-05
8.259213099721819e+00	5.997253540000000e-05
8.283104700036347e+00	5.997445620000000e-05
8.310395400039852e+00	5.998214330000000e-05
8.337338199838996e+00	5.998214330000000e-05
8.360882699955255e+00	5.998406050000000e-05
8.384169799741358e+00	6.095233770000000e-05
8.413629899732769e+00	6.896363630000000e-05
8.473905599676073e+00	5.227850120000000e-05
8.610118099953979e+00	4.926571270000000e-05
8.633097399957478e+00	4.849811010000000e-05
8.656613999977708e+00	4.692454970000000e-05
8.680712899658829e+00	4.199278920000000e-05
8.721753099933267e+00	3.283927800000000e-05
8.762527599930763e+00	3.209087300000000e-05
8.799018699675798e+00	3.107381420000000e-05
8.822770499624312e+00	2.596934790000000e-05
8.861796599812806e+00	1.979024460000000e-05
8.909414499998093e+00	7.088337040000000e-06
9.019956300035119e+00	4.492827880000000e-06
9.046650599688292e+00	3.551452210000000e-06
9.082547300029546e+00	2.343032290000000e-06
9.110554500017315e+00	1.503479670000000e-06
9.143752200063318e+00	1.238357190000000e-06
9.167277599684894e+00	1.313283060000000e-06
9.205685100052506e+00	1.226829570000000e-06
9.229718799702823e+00	1.449685330000000e-06
9.268507099710405e+00	2.773080270000000e-06
9.410184099804610e+00	3.319791630000000e-06
9.433386799879372e+00	3.771338240000000e-06
9.469348799902946e+00	4.506643560000000e-06
9.515179599635303e+00	6.698303420000000e-06
9.560367799829692e+00	7.198395450000000e-06
9.584467399865389e+00	7.289129370000000e-06
9.608617600053549e+00	7.326500960000000e-06
9.639968699775636e+00	7.372156230000000e-06
9.671118899714202e+00	7.506811470000000e-06
9.717514999676496e+00	1.190088190000000e-05
9.853909600060433e+00	1.216792410000000e-05
9.878124800045043e+00	1.270969550000000e-05
9.902501899749041e+00	1.319191140000000e-05
9.935193999670446e+00	1.400841030000000e-05
9.965574499685317e+00	1.895159400000000e-05
1.001216659974307e+01	2.324350130000000e-05
1.005935660004616e+01	3.214814930000000e-05
1.009090639976785e+01	4.003649520000000e-05
1.012176889972761e+01	5.083734500000000e-05
1.016269489983097e+01	5.528871410000000e-05
1.021574330003932e+01	7.727656340000000e-05
1.026038069976494e+01	1.337389990000000e-04
1.037984499987215e+01	1.471718130000000e-04
1.041643349966034e+01	1.621206320000000e-04
1.044057959970087e+01	1.697197880000000e-04
1.046598149975762e+01	1.831142290000000e-04
1.052492019999772e+01	1.886216780000000e-04
1.056355429999530e+01	1.891781720000000e-04
1.060950809996575e+01	1.897155160000000e-04
1.063328549964353e+01	1.897922780000000e-04
1.065974069992080e+01	1.912506850000000e-04
1.068381229974329e+01	1.949159050000000e-04
1.071013440005481e+01	1.973146280000000e-04
1.073374129971489e+01	1.981973760000000e-04
1.075892050005496e+01	1.990417220000000e-04
1.078263249993324e+01	2.022272090000000e-04
1.081009849999100e+01	2.052399940000000e-04
1.083309069974348e+01	2.081568530000000e-04
1.086227109981701e+01	2.102677390000000e-04
1.090800890000537e+01	2.145854230000000e-04
1.093147769989446e+01	2.186728380000000e-04
1.096226699976251e+01	2.233359410000000e-04
1.100887999963015e+01	2.345427490000000e-04
1.103301229979843e+01	2.416429630000000e-04
1.105686019966379e+01	2.502591520000000e-04
1.108691729977727e+01	2.603529720000000e-04
1.111097789974883e+01	2.682016060000000e-04
1.113420580001548e+01	2.781226940000000e-04
1.116477169981226e+01	2.990203210000000e-04
1.121091759996489e+01	3.113593270000000e-04
1.123446099972352e+01	3.253294850000000e-04
1.126071059983224e+01	3.416791440000000e-04
1.128449680004269e+01	3.625575920000000e-04
1.131055919965729e+01	3.840117420000000e-04
1.133450919995084e+01	4.056002360000000e-04
1.135862990003079e+01	4.287046610000000e-04
1.138263890007511e+01	4.552824830000000e-04
1.141211059968919e+01	4.791929100000000e-04
1.145865149982274e+01	5.230798850000000e-04
1.148273479985073e+01	5.503101270000000e-04
1.151030989969149e+01	5.725127410000000e-04
1.153402839973569e+01	5.945617450000000e-04
1.156278369994834e+01	6.116405130000000e-04
1.160906869964674e+01	6.444742899999999e-04
1.163305129995570e+01	6.598836040000000e-04
1.165834539989009e+01	6.777876410000000e-04
1.169311759993434e+01	7.031565180000000e-04
1.171740539977327e+01	7.346085040000000e-04
1.176318209990859e+01	7.504975660000000e-04
1.180914129968733e+01	7.777087160000000e-04
1.183322299970314e+01	7.945956900000000e-04
1.186213469970971e+01	8.076831580000000e-04
1.190827349992469e+01	8.331479040000000e-04
1.193204610003158e+01	9.433731320000000e-04
1.206606489978731e+01	9.589312250000000e-04
1.209029239974916e+01	9.754496859999999e-04
1.211458479985595e+01	1.013672560000000e-03
1.216258169990033e+01	1.034992860000000e-03
1.222338250000030e+01	1.092231250000000e-03
1.224653590004891e+01	1.111246530000000e-03
1.228478069975972e+01	1.146204300000000e-03
1.231000069994479e+01	1.168292950000000e-03
1.234579529985785e+01	1.199409130000000e-03
1.236913059977815e+01	1.231485630000000e-03
1.242354610003531e+01	1.276815430000000e-03
1.245965089974925e+01	1.296983220000000e-03
1.248301239963621e+01	1.321953020000000e-03
1.251003779983148e+01	1.343657380000000e-03
1.253465049993247e+01	1.366322390000000e-03
1.255845309980214e+01	1.387258530000000e-03
1.259479520004243e+01	1.419335020000000e-03
1.261813999991864e+01	1.461783660000000e-03
1.267245259974152e+01	1.517869420000000e-03
1.271076319972053e+01	1.546296760000000e-03
1.273419519979507e+01	1.577028660000000e-03
1.276256179995835e+01	1.602382520000000e-03
1.281234139995649e+01	1.662502070000000e-03
1.283883609995246e+01	1.698035980000000e-03
1.286252609966323e+01	1.731649040000000e-03
1.290871959971264e+01	1.793305270000000e-03
1.293625679984689e+01	1.834601280000000e-03
1.296776959998533e+01	1.902211920000000e-03
1.301142399990931e+01	1.935056410000000e-03
1.304539979994297e+01	1.991526460000000e-03
1.307643909985200e+01	2.062978460000000e-03
1.312132629984990e+01	2.115990970000000e-03
1.315306619973853e+01	2.149604490000000e-03
1.318391719972715e+01	2.175918550000000e-03
1.321482879994437e+01	2.214909760000000e-03
1.326027819979936e+01	2.237382810000000e-03
1.328457719972357e+01	2.266193970000000e-03
1.331103560002521e+01	2.290203240000000e-03
1.333867440000176e+01	2.315749180000000e-03
1.336191279999912e+01	2.337838060000000e-03
1.340776129998267e+01	2.375100740000000e-03
1.343211739975959e+01	2.395652930000000e-03
1.345625300006941e+01	2.417165320000000e-03
1.347990670008585e+01	2.446168100000000e-03
1.351005470007658e+01	2.469025320000000e-03
1.353450950002298e+01	2.496491880000000e-03
1.357292089983821e+01	2.547007750000000e-03
1.361071779998019e+01	2.576395170000000e-03
1.363383639976382e+01	2.611545150000000e-03
1.366020289994776e+01	2.643237590000000e-03
1.369821000006050e+01	2.695865930000000e-03
1.372209349973127e+01	2.726790260000000e-03
1.374555919971317e+01	2.759634980000000e-03
1.376891449978575e+01	2.818217970000000e-03
1.381042889971286e+01	2.852983540000000e-03
1.383480349974707e+01	2.897737080000000e-03
1.386546769971028e+01	2.978984500000000e-03
1.391225049970672e+01	3.013750070000000e-03
1.396007269993424e+01	3.066378650000000e-03
1.398310409998521e+01	3.094997960000000e-03
1.400988629972562e+01	3.122656610000000e-03
1.403726649982855e+01	3.155309470000000e-03
1.406084599997848e+01	3.182007930000000e-03
1.408482960006222e+01	3.202559890000000e-03
1.411014189990237e+01	3.220999150000000e-03
1.414825389999896e+01	3.247889920000000e-03
1.417194340005517e+01	3.274972320000000e-03
1.421126620005816e+01	3.290145890000000e-03
1.423485599970445e+01	3.303783250000000e-03
1.426079159975052e+01	3.316076470000000e-03
1.428524449979886e+01	3.330673790000000e-03
1.431034690001979e+01	3.343735120000000e-03
1.433377379970625e+01	3.356219730000000e-03
1.435855579981580e+01	3.367744390000000e-03
1.439549320004880e+01	3.389256770000000e-03
1.441964159999043e+01	3.411921670000000e-03
1.447393989982083e+01	3.436507420000000e-03
1.451087319990620e+01	3.448416010000000e-03
1.453560879966244e+01	3.462437540000000e-03
1.456428809976205e+01	3.486062630000000e-03
1.461040990008041e+01	3.501620840000000e-03
1.463376889983192e+01	3.517947390000000e-03
1.465775340003893e+01	3.535810390000000e-03
1.468116989964619e+01	3.556362120000000e-03
1.471145119983703e+01	3.571920100000000e-03
1.476005879975855e+01	3.599002720000000e-03
1.478358349995688e+01	3.613600740000000e-03
1.481137649994344e+01	3.626085350000000e-03
1.485872839996591e+01	3.638570430000000e-03
1.488260119967163e+01	3.645485030000000e-03
1.492195989983156e+01	3.658162200000000e-03
1.495317209977657e+01	3.675256390000000e-03
1.497701659984887e+01	3.694656070000000e-03
1.501026429980993e+01	3.705028440000000e-03
1.503360139997676e+01	3.714055750000000e-03
1.506004170002416e+01	3.722699360000000e-03
1.508307190006599e+01	3.731726440000000e-03
1.511134810000658e+01	3.742290890000000e-03
1.513514809962362e+01	3.749781990000000e-03
1.516332789976150e+01	3.760537830000000e-03
1.520955369994044e+01	3.791077990000000e-03
1.523271179990843e+01	3.807211990000000e-03
1.525651639979333e+01	3.819889390000000e-03
1.528038499969989e+01	3.838712350000000e-03
1.531086229998618e+01	3.853118280000000e-03
1.534346809983253e+01	3.870597110000000e-03
1.536698679998517e+01	3.893646180000000e-03
1.542086640000343e+01	3.924570050000000e-03
1.546009809989482e+01	3.936863040000000e-03
1.549942929996178e+01	3.956262490000000e-03
1.552331929979846e+01	3.971436530000000e-03
1.556226419983432e+01	3.992180340000000e-03
1.560824139975011e+01	4.013692490000000e-03
1.563220530003309e+01	4.034820940000000e-03
1.567003649985418e+01	4.084760790000000e-03
1.571114129992202e+01	4.107425920000000e-03
1.573512249998748e+01	4.130474290000000e-03
1.576326539972797e+01	4.148337520000000e-03
1.580865560006350e+01	4.171194040000000e-03
1.584205529978499e+01	4.193283150000000e-03
1.587176489969715e+01	4.228624980000000e-03
1.591844310006127e+01	4.258973060000000e-03
1.596668129973114e+01	4.291625230000000e-03
1.601061509968713e+01	4.313137850000000e-03
1.603550719982013e+01	4.330424590000000e-03
1.605988199962303e+01	4.346366510000000e-03
1.609081229986623e+01	4.367110790000000e-03
1.611410479992628e+01	4.385742360000000e-03
1.614066969975829e+01	4.402644930000000e-03
1.616864329995587e+01	4.436258230000000e-03
1.621517460001633e+01	4.468526690000000e-03
1.625996569963172e+01	4.485045090000000e-03
1.628374959994107e+01	4.504445010000000e-03
1.631073919963092e+01	4.520195070000000e-03
1.633758910000324e+01	4.539402670000000e-03
1.636304959980771e+01	4.558225630000000e-03
1.640891620004550e+01	4.592990970000000e-03
1.643288340000436e+01	4.611622540000000e-03
1.646178569970652e+01	4.631982180000000e-03
1.650835279980674e+01	4.665980120000000e-03
1.653225089982152e+01	4.691141660000000e-03
1.657142079994082e+01	4.736087280000000e-03
1.661029599979520e+01	4.754910710000000e-03
1.663342839991674e+01	4.772005140000000e-03
1.666013809992000e+01	4.786795010000000e-03
1.668425969965756e+01	4.804081750000000e-03
1.671220019971952e+01	4.822712860000000e-03
1.674383000005037e+01	4.848259040000000e-03
1.676784549979493e+01	4.875917920000000e-03
1.682145199971274e+01	4.919134550000000e-03
1.686235339986160e+01	4.938918170000000e-03
1.690902599971741e+01	4.978870040000000e-03
1.694570139981806e+01	5.005952900000000e-03
1.696876419987530e+01	5.030922130000000e-03
1.701008139969781e+01	5.046672650000000e-03
1.703580209985375e+01	5.066456270000000e-03
1.706023499974981e+01	5.085663870000000e-03
1.708618179988116e+01	5.104871000000000e-03
1.711013689963147e+01	5.120237360000000e-03
1.713409789977595e+01	5.138100590000000e-03
1.716452249977738e+01	5.168064030000000e-03
1.721098400000483e+01	5.183238070000000e-03
1.723417569976300e+01	5.200140180000000e-03
1.727332559973001e+01	5.229720380000000e-03
1.731022450001910e+01	5.244317930000000e-03
1.733621899969876e+01	5.262180700000000e-03
1.735938939964399e+01	5.277162420000000e-03
1.739738929970190e+01	5.299251060000000e-03
1.742805900005624e+01	5.320187190000000e-03
1.746041089994833e+01	5.333056670000000e-03
1.748887760005891e+01	5.356105510000000e-03
1.751284159999341e+01	5.372623910000000e-03
1.756301679974422e+01	5.405660720000000e-03
1.760945210000500e+01	5.431398750000000e-03
1.763253709999844e+01	5.441002550000000e-03
1.765644440008327e+01	5.453679710000000e-03
1.769212429970503e+01	5.476920870000000e-03
1.771637819986790e+01	5.503234920000000e-03
1.777113309968263e+01	5.531470290000000e-03
1.781054769968614e+01	5.545683670000000e-03
1.783507569972426e+01	5.559321030000000e-03
1.786186830000952e+01	5.570269190000000e-03
1.790740519994870e+01	5.591973660000000e-03
1.794122919999063e+01	5.609452720000000e-03
1.797317969985306e+01	5.634038240000000e-03
1.801035969983786e+01	5.646714940000000e-03
1.803479929966852e+01	5.661120640000000e-03
1.806514719966799e+01	5.689547860000000e-03
1.811075829993933e+01	5.702609200000000e-03
1.813510889979079e+01	5.716630260000000e-03
1.817395199974999e+01	5.740831610000000e-03
1.822087229974568e+01	5.759655030000000e-03
1.825127499969676e+01	5.779246800000000e-03
1.827529369993135e+01	5.801911930000000e-03
1.831043819990009e+01	5.815356970000000e-03
1.834567339997739e+01	5.836293100000000e-03
1.836909699998796e+01	5.857805720000000e-03
1.842293079989031e+01	5.884503950000000e-03
1.845960139995441e+01	5.901406520000000e-03
1.848382479976863e+01	5.916004070000000e-03
1.851675739977509e+01	5.929257260000000e-03
1.854998939996585e+01	5.937900860000000e-03
1.857349269976839e+01	5.950193390000000e-03
1.861048309970647e+01	5.959797180000000e-03
1.864283639984205e+01	5.970745810000000e-03
1.866679359972477e+01	5.988032560000000e-03
1.872124189976603e+01	6.007431540000000e-03
1.876334559964016e+01	6.017228120000000e-03
1.880971339996904e+01	6.030096670000000e-03
1.884391809999943e+01	6.039124450000000e-03
1.887525709997863e+01	6.050840950000000e-03
1.892151329992339e+01	6.067359350000000e-03
1.896275050006807e+01	6.074658130000000e-03
1.900993669964373e+01	6.089255680000000e-03
1.903319709980860e+01	6.097706970000000e-03
1.906186029966921e+01	6.106158720000000e-03
1.910758279962465e+01	6.120948590000000e-03
1.913128559989855e+01	6.128822920000000e-03
1.915525930002332e+01	6.137082350000000e-03
1.918568969983608e+01	6.148030520000000e-03
1.921704379981384e+01	6.162628530000000e-03
1.926098500005901e+01	6.168966650000000e-03
1.928425729973242e+01	6.177803040000000e-03
1.931124319974333e+01	6.189903240000000e-03
1.933521629963070e+01	6.203156430000000e-03
1.936311979964375e+01	6.213336250000000e-03
1.940871710004285e+01	6.229470480000000e-03
1.943803549977019e+01	6.238498260000000e-03
1.946435139980167e+01	6.251751450000000e-03
1.951010249974206e+01	6.260010880000000e-03
1.953525449987501e+01	6.268462170000000e-03
1.956325319968164e+01	6.275952790000000e-03
1.961003470001742e+01	6.289782470000000e-03
1.964291119994596e+01	6.308029410000000e-03
1.966687549976632e+01	6.330694540000000e-03
1.972012809989974e+01	6.347212470000000e-03
1.974467459972948e+01	6.361618170000000e-03
1.976831209985539e+01	6.385051180000000e-03
1.981340530002490e+01	6.399649200000000e-03
1.986133289989084e+01	6.425003520000000e-03
1.990830309968442e+01	6.450741090000000e-03
1.994015919975936e+01	6.466491150000000e-03
1.996413439977914e+01	6.492036860000000e-03
2.001012249989435e+01	6.502793640000000e-03
2.003421339998022e+01	6.513165780000000e-03
2.006443229969591e+01	6.537174810000000e-03
2.011001809965819e+01	6.547546950000000e-03
2.013310879981145e+01	6.559071600000000e-03
2.016298309992999e+01	6.569827910000000e-03
2.022013700008392e+01	6.604593250000000e-03
2.026045409962535e+01	6.613044070000000e-03
2.028418439999223e+01	6.623032500000000e-03
2.031288929982111e+01	6.637054030000000e-03
2.033939219964668e+01	6.651459260000000e-03
2.037433640006930e+01	6.671819840000000e-03
2.042084919987246e+01	6.690450940000000e-03
2.045998049993068e+01	6.699478720000000e-03
2.048311219969764e+01	6.711578930000000e-03
2.051179919997230e+01	6.725600450000000e-03
2.056030339980498e+01	6.751338490000000e-03
2.058403929974884e+01	6.768625230000000e-03
2.061059279972687e+01	6.786680310000000e-03
2.064060529973358e+01	6.805503740000000e-03
2.066434710007161e+01	6.833354940000000e-03
2.071114759985358e+01	6.845839320000000e-03
2.073520289966837e+01	6.857940460000000e-03
2.076457219989970e+01	6.882141810000000e-03
2.081112969992682e+01	6.893858780000000e-03
2.083536330005154e+01	6.904806480000000e-03
2.086170599982142e+01	6.914602590000000e-03
2.090803519962355e+01	6.937651430000000e-03
2.093207969982177e+01	6.950136740000000e-03
2.095552559988573e+01	6.961084900000000e-03
2.097918620007113e+01	6.978755350000000e-03
2.101089209970087e+01	6.992969200000000e-03
2.103441449999809e+01	7.009679920000000e-03
2.107702019996941e+01	7.036570460000000e-03
2.111187039967626e+01	7.048478820000000e-03
2.116085270000622e+01	7.073256650000000e-03
2.118551489990205e+01	7.084588520000000e-03
2.121835740003735e+01	7.100531370000000e-03
2.125014849985018e+01	7.114360110000000e-03
2.127414639992639e+01	7.130879440000000e-03
2.131159599963576e+01	7.142787800000000e-03
2.136045329971239e+01	7.169293710000000e-03
2.139080329984426e+01	7.184659600000000e-03
2.141493589989841e+01	7.200986150000000e-03
2.146045289980248e+01	7.205979900000000e-03
2.149857220007107e+01	7.216928990000000e-03
2.153199459984899e+01	7.227492980000000e-03
2.156303589977324e+01	7.237480020000000e-03
2.160891299974173e+01	7.250541820000000e-03
2.163210739986971e+01	7.263218520000000e-03
2.167143230000511e+01	7.286075040000000e-03
2.171679840004072e+01	7.312390020000000e-03
2.176253929967061e+01	7.321993350000000e-03
2.180959229962900e+01	7.343506440000000e-03
2.184104179963470e+01	7.357335180000000e-03
2.187204939965159e+01	7.375582120000000e-03
2.191955609992146e+01	7.397287530000000e-03
2.196300829993561e+01	7.406890860000000e-03
2.201015149988234e+01	7.428979500000000e-03
2.203372119972482e+01	7.440887860000000e-03
2.206130159972236e+01	7.452796680000000e-03
2.209061060007662e+01	7.466242180000000e-03
2.212166919978335e+01	7.479879540000000e-03
2.214493459975347e+01	7.488714530000000e-03
2.216873160004616e+01	7.506577760000000e-03
2.221057479968295e+01	7.514644880000000e-03
2.223454579990357e+01	7.522712000000000e-03
2.226012380002066e+01	7.530203090000000e-03
2.229237779974937e+01	7.540574760000000e-03
2.232301519997418e+01	7.560358850000000e-03
2.237073759967461e+01	7.579374130000000e-03
2.240991919999942e+01	7.589169780000000e-03
2.243302629981190e+01	7.598581260000000e-03
2.245668819965795e+01	7.611066570000000e-03
2.249411439988762e+01	7.631042510000000e-03
2.251831629965454e+01	7.651594470000000e-03
2.257326079998165e+01	7.681366060000000e-03
2.262037009978667e+01	7.705567400000000e-03
2.266798530006781e+01	7.721893960000000e-03
2.271002489980310e+01	7.730153390000000e-03
2.273414979968220e+01	7.737259850000000e-03
2.276218849979341e+01	7.746095300000000e-03
2.280869999993593e+01	7.762421850000000e-03
2.284120609983802e+01	7.774714380000000e-03
2.287149749975652e+01	7.789312400000000e-03
2.291010249964893e+01	7.800260560000000e-03
2.293346779979765e+01	7.810056210000000e-03
2.296365679986775e+01	7.819083520000001e-03
2.301103319972754e+01	7.835602390000000e-03
2.304314219998196e+01	7.846358229999999e-03
2.306718879984692e+01	7.860188370000000e-03
2.310976379970089e+01	7.869214750000001e-03
2.313302710000426e+01	7.877858360000000e-03
2.316766999987885e+01	7.895145570000000e-03
2.321365549974144e+01	7.905901410000001e-03
2.326105479989201e+01	7.924148810000000e-03
2.329174940008670e+01	7.933945400000000e-03
2.332168910000473e+01	7.943548260000001e-03
2.335374190006405e+01	7.953728550000001e-03
2.337703189998865e+01	7.963907900000001e-03
2.341557969991118e+01	7.977738050000001e-03
2.346285729994997e+01	7.984653120000001e-03
2.351001679990441e+01	7.998097690000001e-03
2.353627209970728e+01	8.006933149999999e-03
2.356504589971155e+01	8.020570499999999e-03
2.361014889972284e+01	8.026524449999999e-03
2.363402220001444e+01	8.033632299999999e-03
2.365806679986417e+01	8.039586249999999e-03
2.368202479975298e+01	8.051878770000000e-03
2.371498980000615e+01	8.073006759999999e-03
2.376293689990416e+01	8.081266659999999e-03
2.380992149980739e+01	8.095287720000000e-03
2.384191909991205e+01	8.106044490000000e-03
2.387234809994698e+01	8.118720730000001e-03
2.391989640006796e+01	8.126211350000001e-03
2.395073249982670e+01	8.134471250000001e-03
2.397429460007697e+01	8.142922069999999e-03
2.401080389972776e+01	8.150220850000001e-03
2.403546490008011e+01	8.157327770000000e-03
2.407521729962900e+01	8.172118100000000e-03
2.412546399980783e+01	8.183642289999999e-03
2.416884759999812e+01	8.195934820000000e-03
2.421016119979322e+01	8.200161160000000e-03
2.423336039995775e+01	8.204963060000001e-03
2.426126399962232e+01	8.208611980000001e-03
2.430764329992235e+01	8.217062799999999e-03
2.433093729987741e+01	8.224170660000000e-03
2.436240649968386e+01	8.228587920000001e-03
2.440997050004080e+01	8.236655030000000e-03
2.443389779981226e+01	8.239536550000001e-03
2.446010180003941e+01	8.242608980000000e-03
2.448453480005264e+01	8.246834390000001e-03
2.451020839996636e+01	8.250676100000000e-03
2.453387359995395e+01	8.253942239999999e-03
2.457119609974325e+01	8.259512480000000e-03
2.461051259981468e+01	8.263545109999999e-03
2.463390340004116e+01	8.266234770000000e-03
2.466420819982886e+01	8.272381500000000e-03
2.471171389985830e+01	8.275070230000001e-03
2.476079500000924e+01	8.280640470000000e-03
2.478500110004097e+01	8.283904750000000e-03
2.481896810000762e+01	8.287939240000000e-03
2.484296579984948e+01	8.289474990000000e-03
2.486667739972472e+01	8.292357440000000e-03
2.491185199981555e+01	8.295238020000000e-03
2.496184229990467e+01	8.298695090000001e-03
2.502240849984810e+01	8.303497920000000e-03
2.506121859978884e+01	8.304265329999999e-03
2.509979909984395e+01	8.306378499999999e-03
2.512397799966857e+01	8.308107029999999e-03
2.514771110005677e+01	8.309835570000000e-03
2.517111499980092e+01	8.310603910000000e-03
2.521100519970059e+01	8.310795760000000e-03
2.523520099977031e+01	8.311372250000001e-03
2.526121039967984e+01	8.312524300000000e-03
2.528464709967375e+01	8.310795760000000e-03
2.531175930006430e+01	8.311565030000001e-03
2.536046819994226e+01	8.313293570000000e-03
2.538473249971867e+01	8.313485420000001e-03
2.541101570008323e+01	8.313100790000000e-03
2.543520329985768e+01	8.312524300000000e-03
2.547295249998569e+01	8.310795760000000e-03
2.551169799966738e+01	8.311755960000000e-03
2.556168340006843e+01	8.308875370000000e-03
2.560897989990190e+01	8.307146840000000e-03
2.563232959993184e+01	8.306185710000000e-03
2.567655760003254e+01	8.306378499999999e-03
2.572182089975104e+01	8.304265329999999e-03
2.574586230004206e+01	8.304073480000000e-03
2.578379089990631e+01	8.302921430000000e-03
2.581098609976470e+01	8.300808260000000e-03
2.583503439975902e+01	8.298886940000000e-03
2.586279089981690e+01	8.297542110000000e-03
2.590987979993224e+01	8.293124850000000e-03
2.593702129973099e+01	8.291972800000000e-03
2.596260259998962e+01	8.288899440000001e-03
2.600950329983607e+01	8.285442370000000e-03
2.603331329999492e+01	8.284290320000000e-03
2.605858389986679e+01	8.282368999999999e-03
2.608173420000821e+01	8.278527300000000e-03
2.611118529969826e+01	8.277375250000000e-03
2.613474639970809e+01	8.275070230000001e-03
2.617021019989625e+01	8.271805009999999e-03
2.621790739987046e+01	8.268924430000000e-03
2.626261719968170e+01	8.267770520000000e-03
2.631118019996211e+01	8.262009359999999e-03
2.633485789969563e+01	8.258936000000000e-03
2.635820079967380e+01	8.255862629999999e-03
2.638199350005016e+01	8.251252580000000e-03
2.641931469971314e+01	8.247027170000001e-03
2.646082669962198e+01	8.243953809999999e-03
2.649725569970906e+01	8.240688590000000e-03
2.652937510004267e+01	8.238576350000000e-03
2.656329279998317e+01	8.239151910000001e-03
2.660979190003127e+01	8.239920249999999e-03
2.663307539978996e+01	8.242608980000000e-03
2.665667099971324e+01	8.247987369999999e-03
2.668010680004954e+01	8.256630040000001e-03
2.671530809998512e+01	8.273340759999999e-03
2.676307799993083e+01	8.281407879999999e-03
2.682448090007529e+01	8.298695090000001e-03
2.686953189969063e+01	8.303497920000000e-03
2.691611479967833e+01	8.305994790000000e-03
2.694070359971374e+01	8.308107029999999e-03
2.696442670002580e+01	8.311755960000000e-03
2.701094199996442e+01	8.313100790000000e-03
2.704093670006841e+01	8.313869130000000e-03
2.706434859987348e+01	8.315597660000000e-03
2.711965509969741e+01	8.315405810000001e-03
2.716665739985183e+01	8.314061910000000e-03
2.720999269979075e+01	8.313293570000000e-03
2.723320219991729e+01	8.312140589999999e-03
2.725985569972545e+01	8.309451860000001e-03
2.728323310008273e+01	8.307915180000000e-03
2.732136889966205e+01	8.302536790000000e-03
2.736248030001298e+01	8.299079720000000e-03
2.741122070001438e+01	8.290051479999999e-03
2.743471049983054e+01	8.285057730000000e-03
2.746034919982776e+01	8.279103790000001e-03
2.748399029998109e+01	8.273533550000000e-03
2.751006439980119e+01	8.267003110000001e-03
2.753366339998320e+01	8.260857310000000e-03
2.755908309994265e+01	8.254133160000000e-03
2.758301339996979e+01	8.247795509999999e-03
2.761001149984077e+01	8.242608980000000e-03
2.764766679983586e+01	8.234734650000001e-03
2.767186630005017e+01	8.224939000000001e-03
2.771116720000282e+01	8.217255580000001e-03
2.777060069981962e+01	8.191325700000000e-03
2.781041279993951e+01	8.181720970000000e-03
2.784923549974337e+01	8.168084549999999e-03
2.787258139997721e+01	8.154830900000000e-03
2.791099949972704e+01	8.148108610000000e-03
2.793549509998411e+01	8.141193539999999e-03
2.796309089986607e+01	8.135623300000000e-03
2.801165599981323e+01	8.121602239999999e-03
2.805936369998381e+01	8.107773029999999e-03
2.808286359999329e+01	8.102778349999999e-03
2.811024559987709e+01	8.096824400000001e-03
2.813367210002616e+01	8.089717480000000e-03
2.815773649979383e+01	8.083570750000000e-03
2.818151139980182e+01	8.072623050000000e-03
2.822329059988260e+01	8.058985700000000e-03
2.826008989987895e+01	8.054375650000001e-03
2.828340559965000e+01	8.049190039999999e-03
2.831160630006343e+01	8.041122930000000e-03
2.836050090007484e+01	8.030558940000000e-03
2.838479389995337e+01	8.026524449999999e-03
2.840990450000390e+01	8.025565179999999e-03
2.843321219971403e+01	8.020954210000000e-03
2.845747620007023e+01	8.016536939999999e-03
2.848060019966215e+01	8.010390209999999e-03
2.851143059972674e+01	8.007316850000000e-03
2.856413180008531e+01	7.990798909999999e-03
2.862512809969485e+01	7.979082869999999e-03
2.867212140001357e+01	7.969094439999999e-03
2.871085410006344e+01	7.964484390000000e-03
2.873389839986339e+01	7.959298790000000e-03
2.876675760000944e+01	7.946045140000000e-03
2.881114459969103e+01	7.940283980000001e-03
2.883576629962772e+01	7.935289290000000e-03
2.887538910005242e+01	7.920115250000000e-03
2.891031409986317e+01	7.912624630000000e-03
2.893395819980651e+01	7.900331170000000e-03
2.896804869966581e+01	7.878051140000000e-03
2.900963239977136e+01	7.867871780000001e-03
2.903593989973888e+01	7.860763930000000e-03
2.906144289998338e+01	7.851736620000001e-03
2.910690309992060e+01	7.831376980000001e-03
2.913861629972234e+01	7.813706060000000e-03
2.916297219973058e+01	7.801412600000000e-03
2.921475420007482e+01	7.772025190000000e-03
2.926157129975036e+01	7.763573900000000e-03
2.930733780004084e+01	7.747439670000000e-03
2.933755409996957e+01	7.737644020000000e-03
2.936088889976963e+01	7.729384580000000e-03
2.938524900004268e+01	7.720933300000000e-03
2.941079790005460e+01	7.710369300000000e-03
2.943402349995449e+01	7.699997160000000e-03
2.946133890002966e+01	7.689049000000000e-03
2.950752819981426e+01	7.666960360000000e-03
2.953132659988478e+01	7.652746510000000e-03
2.957182609988376e+01	7.636035790000000e-03
2.960973150003701e+01	7.629122120000000e-03
2.963366009993479e+01	7.622591220000000e-03
2.965700070001185e+01	7.616828200000000e-03
2.969505340000615e+01	7.607417650000000e-03
2.971910770004615e+01	7.590130440000000e-03
2.976495629968122e+01	7.576877250000000e-03
2.981127939978614e+01	7.569770790000000e-03
2.985881859995425e+01	7.553252390000000e-03
2.989619689993560e+01	7.542687470000000e-03
2.992741449968889e+01	7.528090380000000e-03
2.995071809971705e+01	7.518870290000000e-03
2.997471229964867e+01	7.505809420000000e-03
3.000984019972384e+01	7.498894820000000e-03
3.003396689984947e+01	7.489675190000000e-03
3.006015709973872e+01	7.482376420000000e-03
3.009990589972585e+01	7.473348640000000e-03
3.012407810008153e+01	7.457406260000000e-03
3.017517429962754e+01	7.438967470000000e-03
3.020906439982355e+01	7.429939690000000e-03
3.023360689962283e+01	7.422064430000000e-03
3.026901960000396e+01	7.404393980000000e-03
3.030999149987474e+01	7.395366210000000e-03
3.033384440001100e+01	7.383073680000000e-03
3.036252520000562e+01	7.370204200000000e-03
3.040849529998377e+01	7.337359710000000e-03
3.043162490008399e+01	7.315847560000000e-03
3.046994129987434e+01	7.289532570000000e-03
3.050964509975165e+01	7.276855870000000e-03
3.053567539993674e+01	7.265524010000000e-03
3.056263160007074e+01	7.253038700000000e-03
3.060836589988321e+01	7.228645030000000e-03
3.063205719972029e+01	7.214432120000000e-03
3.065985079994425e+01	7.199065760000000e-03
3.068749130005017e+01	7.181587160000000e-03
3.071835789969191e+01	7.145668850000000e-03
3.076254049967974e+01	7.130110170000000e-03
3.081217659963295e+01	7.095152510000000e-03
3.083825739985332e+01	7.077482060000000e-03
3.086213380005211e+01	7.065957880000000e-03
3.090868389979005e+01	7.044253410000000e-03
3.093230059975758e+01	7.029847710000000e-03
3.096335159987211e+01	7.019859740000000e-03
3.101457639969885e+01	6.982405200000000e-03
3.106207419978455e+01	6.969535720000000e-03
3.110753369983286e+01	6.949176080000000e-03
3.113912509987131e+01	6.933617410000000e-03
3.116231819987297e+01	6.923437580000000e-03
3.121585109969601e+01	6.890017070000000e-03
3.125957239978015e+01	6.880029100000000e-03
3.128416079981253e+01	6.867736110000000e-03
3.131132419966161e+01	6.854482930000000e-03
3.136008840007707e+01	6.834314670000000e-03
3.138700299989432e+01	6.820870100000000e-03
3.141009359993041e+01	6.811842320000000e-03
3.143337389966473e+01	6.801278330000000e-03
3.145675479993224e+01	6.790522020000000e-03
3.148073509987444e+01	6.776692810000000e-03
3.151106469985098e+01	6.764207970000000e-03
3.154233249975368e+01	6.747304460000000e-03
3.157424579979852e+01	6.723487280000000e-03
3.161055239988491e+01	6.711003370000000e-03
3.163452409999445e+01	6.696981840000000e-03
3.165990499965847e+01	6.684880700000000e-03
3.168388189980760e+01	6.669706200000000e-03
3.171343139978126e+01	6.652419920000000e-03
3.174002330005169e+01	6.636285690000000e-03
3.176315949996933e+01	6.623032500000000e-03
3.180979299964383e+01	6.594221570000000e-03
3.183322570007294e+01	6.574053320000000e-03
3.186176679981872e+01	6.554462020000000e-03
3.190888109989464e+01	6.508940370000000e-03
3.193315929966047e+01	6.481665650000000e-03
3.196315500000492e+01	6.459768860000000e-03
3.200976399984211e+01	6.427884570000000e-03
3.203331069974229e+01	6.414438600000000e-03
3.206969180004671e+01	6.383130790000000e-03
3.211027040006593e+01	6.366227750000000e-03
3.214727489976212e+01	6.337225440000000e-03
3.217111059976742e+01	6.306300870000000e-03
3.221066959993914e+01	6.285748440000000e-03
3.223417129972950e+01	6.265004630000000e-03
3.226005239970982e+01	6.245220550000000e-03
3.228423779970035e+01	6.225437390000000e-03
3.231033369991928e+01	6.203540600000000e-03
3.234853659989312e+01	6.175113840000000e-03
3.237256109993905e+01	6.158979610000000e-03
3.241069859964773e+01	6.150143220000000e-03
3.244308819994330e+01	6.134008990000000e-03
3.246649469994009e+01	6.116338540000000e-03
3.252006409969181e+01	6.103469520000000e-03
3.256723070004955e+01	6.091368380000000e-03
3.261243559978902e+01	6.080804390000000e-03
3.264396920008585e+01	6.070624570000000e-03
3.266713039996102e+01	6.060636600000000e-03
3.272131210006773e+01	6.044502840000000e-03
3.276270919991657e+01	6.035282740000000e-03
3.280962199997157e+01	6.009545180000000e-03
3.284575999993831e+01	5.985535220000000e-03
3.286925089964643e+01	5.959797180000000e-03
3.291119799995795e+01	5.945583810000000e-03
3.293758849985898e+01	5.932522940000000e-03
3.297064349986613e+01	5.910241980000000e-03
3.301006420003250e+01	5.896796940000000e-03
3.303390129981562e+01	5.882391240000000e-03
3.305994929978624e+01	5.870098250000000e-03
3.309343959996477e+01	5.853195670000000e-03
3.311795309977606e+01	5.826689770000000e-03
3.317212919984013e+01	5.795765200000000e-03
3.321059340005741e+01	5.779822820000000e-03
3.323389939963818e+01	5.766185470000000e-03
3.325755329988897e+01	5.750243550000000e-03
3.328152929991484e+01	5.727578890000000e-03
3.331006549997255e+01	5.714133380000000e-03
3.333324849978089e+01	5.701648540000000e-03
3.337395339971408e+01	5.686474500000000e-03
3.341054069995880e+01	5.678407380000000e-03
3.343405159981921e+01	5.665922540000000e-03
3.346595659991726e+01	5.628659860000000e-03
3.351179039990529e+01	5.606955850000000e-03
3.354028970003128e+01	5.580641330000000e-03
3.357352969981730e+01	5.541457790000000e-03
3.360982509981841e+01	5.522250200000000e-03
3.363645889982581e+01	5.502466580000000e-03
3.366798199992627e+01	5.463475360000000e-03
3.371038009971380e+01	5.445227960000000e-03
3.374685309967026e+01	5.424100440000000e-03
3.377713759988546e+01	5.407005550000000e-03
3.380947649991140e+01	5.399898630000000e-03
3.383855769969523e+01	5.391639190000000e-03
3.386948779970407e+01	5.378002300000000e-03
3.391670090006664e+01	5.358218220000000e-03
3.396380400005728e+01	5.342083980000000e-03
3.400968419993296e+01	5.315577610000000e-03
3.403682589996606e+01	5.301363770000000e-03
3.407176689989865e+01	5.277738910000000e-03
3.410928560001776e+01	5.263909230000000e-03
3.413290449976921e+01	5.250656050000000e-03
3.415689380001277e+01	5.238363520000000e-03
3.418040909990668e+01	5.225494040000000e-03
3.421407709969208e+01	5.199564160000000e-03
3.426030849991366e+01	5.184966610000000e-03
3.428350370004773e+01	5.168640050000000e-03
3.431118369987234e+01	5.155195020000000e-03
3.435994890006259e+01	5.126960110000000e-03
3.438601999962702e+01	5.106407680000000e-03
3.440994439972565e+01	5.084895530000000e-03
3.443412979971617e+01	5.058581480000000e-03
3.446587039995939e+01	5.013251210000000e-03
3.451000799983740e+01	4.993467590000000e-03
3.453321929974481e+01	4.969458560000000e-03
3.457608669996262e+01	4.925473130000000e-03
3.461126689985394e+01	4.908762870000000e-03
3.465725959977135e+01	4.882640210000000e-03
3.468040859978646e+01	4.862472880000000e-03
3.471418969985098e+01	4.839615430000000e-03
3.474060790007934e+01	4.820600150000000e-03
3.476453260006383e+01	4.780072250000000e-03
3.482482259999961e+01	4.723986610000000e-03
3.486217670002952e+01	4.692870660000000e-03
3.490897129988298e+01	4.627372600000000e-03
3.493237779987976e+01	4.589533900000000e-03
3.496316639985889e+01	4.564564210000000e-03
3.500960600003600e+01	4.529990720000000e-03
3.504218229977414e+01	4.512127950000000e-03
3.506557519966736e+01	4.489654680000000e-03
3.511004639975727e+01	4.481395710000000e-03
3.513424149993807e+01	4.466413520000000e-03
3.516520059993491e+01	4.438562780000000e-03
3.521076559973881e+01	4.419931680000000e-03
3.523456460004672e+01	4.402452610000000e-03
3.525971319992095e+01	4.386318380000000e-03
3.528859899984673e+01	4.361540540000000e-03
3.531283589964733e+01	4.338299390000000e-03
3.535155860008672e+01	4.305454900000000e-03
3.537577469972894e+01	4.276067480000000e-03
3.541231289971620e+01	4.255323670000000e-03
3.545938699971884e+01	4.222862890000000e-03
3.548317679995671e+01	4.200005440000000e-03
3.551054190006107e+01	4.182334520000000e-03
3.553438499988988e+01	4.156404640000000e-03
3.556963319983333e+01	4.099550660000000e-03
3.561099459975958e+01	4.074964670000000e-03
3.563478319998831e+01	4.054989200000000e-03
3.566206789994612e+01	4.036549940000000e-03
3.570857660006732e+01	4.009659400000000e-03
3.573196509992704e+01	3.995445560000000e-03
3.576281629968435e+01	3.981424500000000e-03
3.580944269988686e+01	3.953765610000000e-03
3.583303209999576e+01	3.939551770000000e-03
3.586121949972585e+01	3.926683220000000e-03
3.590614199964330e+01	3.896334910000000e-03
3.592993350001052e+01	3.878472140000000e-03
3.595331220002845e+01	3.862337910000000e-03
3.597666119970381e+01	3.838520260000000e-03
3.600909349974245e+01	3.822194180000000e-03
3.603276189975441e+01	3.802602410000000e-03
3.605975880008191e+01	3.785315670000000e-03
3.609846089966595e+01	3.755159680000000e-03
3.612723729992285e+01	3.726540830000000e-03
3.617378220008686e+01	3.683899990000000e-03
3.622026149975136e+01	3.654320720000000e-03
3.624470430007204e+01	3.628774780000000e-03
3.626774859987199e+01	3.592664380000000e-03
3.631049109995365e+01	3.571920100000000e-03
3.633407039986923e+01	3.540227890000000e-03
3.636264880001545e+01	3.512377150000000e-03
3.641021939972416e+01	3.462245460000000e-03
3.643740339996293e+01	3.431129270000000e-03
3.646846379991621e+01	3.372162350000000e-03
3.650973599962890e+01	3.347192660000000e-03
3.653331759991124e+01	3.325103550000000e-03
3.656209209980443e+01	3.298213470000000e-03
3.660870869969949e+01	3.261527050000000e-03
3.663245050003752e+01	3.241551110000000e-03
3.667077259998769e+01	3.196413400000000e-03
3.671132309967652e+01	3.171251620000000e-03
3.676392319984734e+01	3.098071320000000e-03
3.680994069995359e+01	3.078671640000000e-03
3.684176980005577e+01	3.055622570000000e-03
3.686598709970713e+01	3.018360120000000e-03
3.691908749984577e+01	2.969957190000000e-03
3.696559049980715e+01	2.912526480000000e-03
3.701256099995226e+01	2.884867830000000e-03
3.706068430002779e+01	2.833392010000000e-03
3.709176540002227e+01	2.802659760000000e-03
3.712172419996932e+01	2.777690070000000e-03
3.715364819997922e+01	2.750223270000000e-03
3.718548869993538e+01	2.723332730000000e-03
3.721514499979094e+01	2.678387100000000e-03
3.726001049997285e+01	2.652649300000000e-03
3.729115920001641e+01	2.619612260000000e-03
3.732178530003875e+01	2.562181560000000e-03
3.736200509965420e+01	2.536443760000000e-03
3.740778369968757e+01	2.487848750000000e-03
3.743113939976320e+01	2.470177830000000e-03
3.745525679970160e+01	2.455195880000000e-03
3.747868249984458e+01	2.435412260000000e-03
3.750963179999962e+01	2.420238220000000e-03
3.753321200003847e+01	2.398725830000000e-03
3.757037759991363e+01	2.356085230000000e-03
3.761046379990876e+01	2.336685550000000e-03
3.763468259992078e+01	2.317670030000000e-03
3.766219529975206e+01	2.292892200000000e-03
3.770951109984890e+01	2.248715140000000e-03
3.773322140006348e+01	2.228355040000000e-03
3.775747229997069e+01	2.205882450000000e-03
3.778125979984179e+01	2.180912760000000e-03
3.781736249988899e+01	2.133277940000000e-03
3.786254710005596e+01	2.109844700000000e-03
3.790962829999626e+01	2.062594290000000e-03
3.794238459970802e+01	2.038777110000000e-03
3.796655069990084e+01	2.006892350000000e-03
3.802031209971756e+01	1.983843740000000e-03
3.805386879993603e+01	1.962523440000000e-03
3.808032419998199e+01	1.931599340000000e-03
3.811476439982653e+01	1.878394400000000e-03
3.817741229990497e+01	1.824229140000000e-03
3.821055079996586e+01	1.802332700000000e-03
3.823415619973093e+01	1.778515290000000e-03
3.827026339992881e+01	1.734722170000000e-03
3.831011549988762e+01	1.714746470000000e-03
3.833417279971763e+01	1.696691380000000e-03
3.835829699970782e+01	1.679980890000000e-03
3.838238419964910e+01	1.662118010000000e-03
3.842488069972023e+01	1.623702820000000e-03
3.847108909999952e+01	1.599693670000000e-03
3.850978659978136e+01	1.581446380000000e-03
3.853321189992130e+01	1.556284610000000e-03
3.856436179997399e+01	1.501543210000000e-03
3.861047789966688e+01	1.476189350000000e-03
3.864155799988657e+01	1.448530470000000e-03
3.866562129976228e+01	1.420295450000000e-03
3.871743389964104e+01	1.381112150000000e-03
3.876209539966658e+01	1.356910680000000e-03
3.880845459969714e+01	1.320800630000000e-03
3.884247709996998e+01	1.301016660000000e-03
3.886668509989977e+01	1.279120220000000e-03
3.890961299976334e+01	1.264906600000000e-03
3.893613899964839e+01	1.246467470000000e-03
3.896758159995079e+01	1.220537470000000e-03
3.900974239967763e+01	1.210357300000000e-03
3.903312540007755e+01	1.197104340000000e-03
3.907629469968379e+01	1.168292950000000e-03
3.912474439991638e+01	1.138713440000000e-03
3.917141489963979e+01	1.104139840000000e-03
3.921058679977432e+01	1.083971930000000e-03
3.923396749980748e+01	1.061307150000000e-03
3.925728699984029e+01	1.033456180000000e-03
3.928131409967318e+01	1.006949930000000e-03
3.931042579980567e+01	9.863978480000000e-04
3.933415089966729e+01	9.643092050000000e-04
3.936191760003567e+01	9.499035080000000e-04
3.940879380004480e+01	9.160984770000000e-04
3.943300789967179e+01	8.959305710000000e-04
3.946013649972156e+01	8.746102100000000e-04
3.949607899971306e+01	8.396524940000000e-04
3.951950499974191e+01	8.191005330000001e-04
3.954504119977355e+01	7.958594360000000e-04
3.957507649995387e+01	7.557157660000000e-04
3.961002229992300e+01	7.307459600000001e-04
3.963642559992149e+01	7.030872510000000e-04
3.966789590008557e+01	6.715868370000000e-04
3.971057129977271e+01	6.594861620000000e-04
3.973479919973761e+01	6.445042090000000e-04
3.977562649967149e+01	6.214553720000000e-04
3.980987889971584e+01	6.085861240000000e-04
3.983402709988877e+01	5.964855080000000e-04
3.985784889990464e+01	5.170350780000000e-04
3.998135139979422e+01	5.013187180000000e-04
4.000998630002141e+01	4.850841360000000e-04
4.003312039980665e+01	4.711716030000000e-04
4.005698439991102e+01	4.547835560000000e-04
4.008814070001245e+01	4.334061520000000e-04
4.011219769995660e+01	4.199925170000000e-04
4.016028680000454e+01	3.943166230000000e-04
4.018494649976492e+01	3.832057700000000e-04
4.020966719975695e+01	3.723060070000000e-04
4.024385869968683e+01	3.568774550000000e-04
4.026746719982475e+01	3.355000520000000e-04
4.031109800003469e+01	3.227388660000000e-04
4.035226139985025e+01	3.092484550000000e-04
4.037585279997438e+01	2.985597820000000e-04
4.040988889988512e+01	2.903465650000000e-04
4.043405739963055e+01	2.826130950000000e-04
4.045933739980683e+01	2.767794070000000e-04
4.048255679989234e+01	2.700054320000000e-04
4.050921999989077e+01	2.650736420000000e-04
4.053373969998211e+01	2.589329380000000e-04
4.056853389972821e+01	2.458839150000000e-04
4.060997630003840e+01	2.391099110000000e-04
4.063387629995123e+01	2.323743100000000e-04
4.065703349979594e+01	2.254276190000000e-04
4.068128989962861e+01	2.190182570000000e-04
4.071010079979897e+01	2.146621850000000e-04
4.073393999971449e+01	2.075811640000000e-04
4.076347019989043e+01	1.963551480000000e-04
4.081715389993042e+01	1.709095520000000e-04
4.086147699970752e+01	1.646536840000000e-04
4.090766609972343e+01	1.504724500000000e-04
4.093147579999641e+01	1.439671320000000e-04
4.095482369977981e+01	1.378839950000000e-04
4.097799739986658e+01	1.309756630000000e-04
4.100986230000854e+01	1.267539190000000e-04
4.103640950005502e+01	1.227048780000000e-04
4.106681829970330e+01	1.148562730000000e-04
4.111308889975771e+01	1.093679970000000e-04
4.117465549986809e+01	9.242346280000000e-05
4.121045159967616e+01	8.616759439999999e-05
4.123410709993914e+01	8.140854330000000e-05
4.126723599992692e+01	7.311856460000000e-05
4.130960380006582e+01	6.981792100000001e-05
4.134544189972803e+01	6.578807370000000e-05
4.136877139983699e+01	6.114416459999999e-05
4.140949049964547e+01	5.767081890000000e-05
4.143314890004694e+01	5.331474310000000e-05
4.146759899985045e+01	4.625290600000000e-05
4.151421230006963e+01	4.214631190000000e-05
4.154541300004348e+01	3.909514270000000e-05
4.157628449983895e+01	2.956224850000000e-05
4.168499929970130e+01	2.711659180000000e-05
4.171649169968441e+01	2.409073930000000e-05
4.174670099979267e+01	2.150483490000000e-05
4.177769589982927e+01	1.867110400000000e-05
4.182544919988140e+01	1.414289270000000e-05
4.187099769990891e+01	1.155314750000000e-05
4.191901039984077e+01	8.166116460000000e-06
4.196180639974773e+01	6.765578290000000e-06
4.200753359962255e+01	3.947215190000000e-06
4.203088179975748e+01	3.134557800000000e-06
4.205503439996392e+01	2.542834640000000e-06
4.207917349971831e+01	1.797419370000000e-06
4.210906079970300e+01	1.378603200000000e-06
4.213931459980085e+01	1.115400780000000e-06
4.216910469997674e+01	1.151903690000000e-06
4.221662469999865e+01	1.499635910000000e-06
4.226466879993677e+01	3.265852230000000e-06
4.236835049977526e+01	3.764210530000000e-06
4.239139000000432e+01	4.207089210000000e-06
4.241569909965619e+01	5.642253650000000e-06
4.246665970003232e+01	6.615083290000000e-06
4.249756969977170e+01	7.361369170000000e-06
4.252889609988779e+01	1.340131980000000e-05
4.265782639989629e+01	1.512269050000000e-05
4.268200149992481e+01	1.755105770000000e-05
4.270738219982013e+01	1.921095280000000e-05
4.273162849992514e+01	1.990257620000000e-05
4.276382240001112e+01	1.978346340000000e-05
4.280963400006294e+01	1.717834860000000e-05
4.283957289997488e+01	1.262324350000000e-05
4.287068609986454e+01	5.975975910000000e-06
4.290909700002521e+01	3.516871170000000e-06
4.293308319989592e+01	1.805103350000000e-06
4.296289029996842e+01	1.232593380000000e-06
4.300835380004719e+01	1.970324550000000e-06
4.303349489998072e+01	3.221009590000000e-06
4.306146409967914e+01	4.661891130000000e-06
4.310825209971517e+01	7.003805420000000e-06
4.313612379971892e+01	8.999905729999999e-06
4.315949659980834e+01	1.060024440000000e-05
4.319713769992813e+01	1.314003930000000e-05
4.322819430008531e+01	1.502086800000000e-05
4.325990019971505e+01	1.618702480000000e-05
4.329083289997652e+01	1.807745870000000e-05
4.331426250003278e+01	2.095922350000000e-05
4.336225029965863e+01	2.284005500000000e-05
4.341419839998707e+01	2.968520130000000e-05
4.343772149970755e+01	3.415193350000000e-05
4.346163759985939e+01	3.793280850000000e-05
4.350790729979053e+01	4.420160620000000e-05
4.353138709999621e+01	4.687588440000000e-05
4.356396219972521e+01	5.039355530000000e-05
4.361512929992750e+01	5.480841720000000e-05
4.365923579968512e+01	5.702353160000000e-05
4.369519469980150e+01	6.032795140000000e-05
4.371880059968680e+01	6.180149649999999e-05
4.374277019966394e+01	6.308291630000000e-05
4.376694549992681e+01	6.788201430000000e-05
4.380923399981111e+01	7.174933850000000e-05
4.383673649979755e+01	7.693267250000000e-05
4.386867239978164e+01	9.551300900000000e-05
4.400776960002258e+01	9.695222980000000e-05
4.403190609999001e+01	9.879445130000001e-05
4.406880629993975e+01	1.043210940000000e-04
4.410981239983812e+01	1.066622570000000e-04
4.413336299965158e+01	1.095599150000000e-04
4.416312869964167e+01	1.133594630000000e-04
4.418983879964799e+01	1.176004150000000e-04
4.421303079975769e+01	1.211313360000000e-04
4.425942869996652e+01	1.291142690000000e-04
4.428264909982681e+01	1.332208630000000e-04
4.430987949995324e+01	1.369436800000000e-04
4.433338119974360e+01	1.428349350000000e-04
4.436206669965759e+01	1.485726680000000e-04
4.440705929975957e+01	1.588391900000000e-04
4.444199989968911e+01	1.675897070000000e-04
4.447262409981340e+01	1.742869500000000e-04
4.449609859986231e+01	1.792378900000000e-04
4.453382080001757e+01	1.881803330000000e-04
4.456448499998078e+01	1.974489570000000e-04
4.461180469999090e+01	2.018817900000000e-04
4.465948679996654e+01	2.089628110000000e-04
4.468341400008649e+01	2.130118520000000e-04
4.472131459973752e+01	2.263871280000000e-04
4.476234610006213e+01	2.319713240000000e-04
4.479875670000911e+01	2.389564180000000e-04
4.483087919978425e+01	2.464212010000000e-04
4.486188829969615e+01	2.520054110000000e-04
4.490806439984590e+01	2.649009690000000e-04
4.493808919982985e+01	2.730374110000000e-04
4.496334429970011e+01	2.798689530000000e-04
4.501768619986251e+01	2.992889790000000e-04
4.505955199990422e+01	3.042015600000000e-04
4.509350479999557e+01	3.098241580000000e-04
4.512593870004639e+01	3.185555110000000e-04
4.517255389969796e+01	3.289179290000000e-04
4.521905059972778e+01	3.440394940000000e-04
4.526123239984736e+01	3.548241510000000e-04
4.530714699998498e+01	3.737452210000000e-04
4.533078019972891e+01	3.856428670000000e-04
4.536204169970006e+01	3.945661010000000e-04
4.539009339967743e+01	4.049285780000000e-04
4.541400299966335e+01	4.236194070000000e-04
4.546005949983373e+01	4.337323770000000e-04
4.548515019984916e+01	4.441908100000000e-04
4.551410589972511e+01	4.636108350000000e-04
4.556365519994870e+01	4.713826930000000e-04
4.561047439975664e+01	4.888069230000000e-04
4.564072809973732e+01	5.002440880000000e-04
4.566572769964114e+01	5.080927510000000e-04
4.568943649996072e+01	5.141758590000000e-04
4.571892739972100e+01	5.297386670000000e-04
4.576243279967457e+01	5.382397210000000e-04
4.580880929995328e+01	5.593677050000000e-04
4.584490429982543e+01	5.784039389999999e-04
4.586893219966441e+01	5.943505680000000e-04
4.591045399988070e+01	6.036192060000001e-04
4.593426019977778e+01	6.140201000000000e-04
4.596742889983580e+01	6.282013490000000e-04
4.599828389985487e+01	6.434188110000000e-04
4.602237450005487e+01	6.604017110000000e-04
4.606247359979898e+01	6.713014450000000e-04
4.610873339977115e+01	6.891863890000000e-04
4.613204749999568e+01	7.007002710000000e-04
4.617175169987604e+01	7.219049150000000e-04
4.621874259971082e+01	7.494997700000000e-04
4.626022249972448e+01	7.615892680000000e-04
4.629534249985591e+01	7.783994660000000e-04
4.631954899989069e+01	7.996810020000000e-04
4.636218820000067e+01	8.109454070000000e-04
4.640863600000739e+01	8.335892930000001e-04
4.643369149975479e+01	8.487300370000000e-04
4.646107669966295e+01	9.184033260000000e-04
4.656430649990216e+01	9.233971940000000e-04
4.658833579998463e+01	9.345376749999999e-04
4.661165899969637e+01	9.447175540000000e-04
4.665867839986458e+01	9.637331240000000e-04
4.668294299999252e+01	9.741050310000001e-04
4.671195849962533e+01	9.848611660000001e-04
4.674241549987346e+01	9.977304139999999e-04
4.676588219963014e+01	1.017514030000000e-03
4.681160390004516e+01	1.030383050000000e-03
4.685965539980680e+01	1.052087410000000e-03
4.689721349999309e+01	1.069566230000000e-03
4.692033729981631e+01	1.094151990000000e-03
4.696213579969481e+01	1.105868610000000e-03
4.700834339996800e+01	1.126420570000000e-03
4.703160979971290e+01	1.135064060000000e-03
4.705654709972441e+01	1.143707430000000e-03
4.708061149995774e+01	1.159265520000000e-03
4.710966040007770e+01	1.173478900000000e-03
4.713380079995841e+01	1.190957730000000e-03
4.716243099980056e+01	1.204979370000000e-03
4.721104619977996e+01	1.227452070000000e-03
4.725630369968712e+01	1.255687090000000e-03
4.728036809992045e+01	1.277391570000000e-03
4.730892769992352e+01	1.299095920000000e-03
4.733388689998537e+01	1.319648230000000e-03
4.735766059998423e+01	1.338087370000000e-03
4.739541869983077e+01	1.370163980000000e-03
4.741862769983709e+01	1.401664110000000e-03
4.745969319995493e+01	1.422792440000000e-03
4.748309549968690e+01	1.440847410000000e-03
4.751133209979162e+01	1.461975740000000e-03
4.756907269963995e+01	1.526897190000000e-03
4.761032849969342e+01	1.544376020000000e-03
4.764412359986454e+01	1.567809140000000e-03
4.766743869986385e+01	1.595852080000000e-03
4.771072699967772e+01	1.610833920000000e-03
4.773756969999522e+01	1.628120660000000e-03
4.776269829971716e+01	1.642718330000000e-03
4.781577529991046e+01	1.684974760000000e-03
4.786160769965500e+01	1.698420030000000e-03
4.790782049996778e+01	1.725310690000000e-03
4.793755069980398e+01	1.740484500000000e-03
4.796879619965330e+01	1.761996890000000e-03
4.801605299999937e+01	1.790616200000000e-03
4.805999689968303e+01	1.805021780000000e-03
4.808400029968470e+01	1.818659130000000e-03
4.811061499966308e+01	1.828454900000000e-03
4.813896950008348e+01	1.846509870000000e-03
4.816998729994521e+01	1.876281570000000e-03
4.821604770002887e+01	1.896449600000000e-03
4.823997569968924e+01	1.910471010000000e-03
4.826598919974640e+01	1.935824980000000e-03
4.830961439991370e+01	1.945620750000000e-03
4.833309810003266e+01	1.957337370000000e-03
4.836160329962149e+01	1.967901130000000e-03
4.841714539984241e+01	1.994023800000000e-03
4.845997829968110e+01	2.003435510000000e-03
4.848435179982334e+01	2.013231160000000e-03
4.851009069988504e+01	2.025139750000000e-03
4.854792319983244e+01	2.041658150000000e-03
4.857454589987174e+01	2.059520920000000e-03
4.861018309975043e+01	2.072006230000000e-03
4.863384020002559e+01	2.086027530000000e-03
4.866775649972260e+01	2.110613280000000e-03
4.871038719965145e+01	2.121177270000000e-03
4.873378739971668e+01	2.132317750000000e-03
4.876199969975278e+01	2.142113400000000e-03
4.880785189988092e+01	2.163049760000000e-03
4.883101399987936e+01	2.177839400000000e-03
4.885512680001557e+01	2.195318230000000e-03
4.887856619991362e+01	2.211836870000000e-03
4.891642550006509e+01	2.243721160000000e-03
4.896227269992232e+01	2.260239790000000e-03
4.900919470004737e+01	2.287129870000000e-03
4.903237329982221e+01	2.298846380000000e-03
4.907235579984263e+01	2.315941730000000e-03
4.910948139987886e+01	2.326121550000000e-03
4.913277480006218e+01	2.338606170000000e-03
4.915613880008459e+01	2.352051670000000e-03
4.917989149969071e+01	2.367417560000000e-03
4.921128439996392e+01	2.381439090000000e-03
4.925883700000122e+01	2.406216690000000e-03
4.928213449986652e+01	2.428881820000000e-03
4.931052569998428e+01	2.451354400000000e-03
4.933407799992710e+01	2.474211390000000e-03
4.936136609967798e+01	2.490345620000000e-03
4.941386429965496e+01	2.524727260000000e-03
4.943807259993628e+01	2.541821920000000e-03
4.946166849974543e+01	2.556419470000000e-03
4.950766159966588e+01	2.582733990000000e-03
4.953093589982018e+01	2.600596750000000e-03
4.956485199974850e+01	2.628447490000000e-03
4.961093039996922e+01	2.642469010000000e-03
4.963404650008306e+01	2.657066800000000e-03
4.966016139974818e+01	2.669167470000000e-03
4.968431149981916e+01	2.687414880000000e-03
4.972191259963438e+01	2.710079540000000e-03
4.974674559989944e+01	2.725253350000000e-03
4.978504179976881e+01	2.749070760000000e-03
4.981252470007166e+01	2.764244560000000e-03
4.985988019965589e+01	2.791519280000000e-03
4.989333019964397e+01	2.815336450000000e-03
4.991665609972551e+01	2.851830800000000e-03
4.996304249996319e+01	2.870846310000000e-03
5.001995550002903e+01	2.911182350000000e-03
5.005021219979972e+01	2.933270760000000e-03
5.008379759965464e+01	2.956511920000000e-03
5.011008269991726e+01	2.971109240000000e-03
5.013326919963583e+01	2.986859530000000e-03
5.016250479966402e+01	3.001457310000000e-03
5.020987219968811e+01	3.031228900000000e-03
5.023783040000126e+01	3.044674170000000e-03
5.026185979973525e+01	3.057927360000000e-03
5.030749259982258e+01	3.083281220000000e-03
5.033095249999315e+01	3.098455260000000e-03
5.035430559981614e+01	3.113244890000000e-03
5.037759679974988e+01	3.133412920000000e-03
5.040998960006982e+01	3.146281700000000e-03
5.043407859979197e+01	3.164913270000000e-03
5.047061179997399e+01	3.191611730000000e-03
5.051048150006682e+01	3.207745960000000e-03
5.053454139968380e+01	3.226569390000000e-03
5.056765649979934e+01	3.254036190000000e-03
5.060989760002121e+01	3.266712880000000e-03
5.063314249971882e+01	3.284960290000000e-03
5.065711949998513e+01	3.301670540000000e-03
5.068186450004578e+01	3.319917950000000e-03
5.070982459979132e+01	3.334899430000000e-03
5.073770589986816e+01	3.349497450000000e-03
5.076330609992146e+01	3.363326660000000e-03
5.081526149995625e+01	3.400205170000000e-03
5.086164700007066e+01	3.409040860000000e-03
5.090783849963918e+01	3.420372960000000e-03
5.094000309985131e+01	3.430937180000000e-03
5.096416969969869e+01	3.448032080000000e-03
5.100967669999227e+01	3.454946450000000e-03
5.103297539986670e+01	3.463205650000000e-03
5.106018069991842e+01	3.471849250000000e-03
5.108383379969746e+01	3.484525950000000e-03
5.111442619981244e+01	3.504886060000000e-03
5.117354749981314e+01	3.521404460000000e-03
5.120941679971293e+01	3.531776830000000e-03
5.123289089975879e+01	3.542532680000000e-03
5.125714279990643e+01	3.551752540000000e-03
5.128123209998012e+01	3.562508380000000e-03
5.131006189994514e+01	3.572112180000000e-03
5.134498229995370e+01	3.588438730000000e-03
5.136902710003778e+01	3.605341070000000e-03
5.142403509980068e+01	3.614752790000000e-03
5.146030849963427e+01	3.620131170000000e-03
5.148662569979206e+01	3.629734970000000e-03
5.151059809979051e+01	3.638762520000000e-03
5.154877689993009e+01	3.655280690000000e-03
5.157988670002669e+01	3.672375580000000e-03
5.161222309991717e+01	3.683131420000000e-03
5.165897189965472e+01	3.699266120000000e-03
5.168210799992085e+01	3.713287650000000e-03
5.171079889964312e+01	3.727116850000000e-03
5.175944889988750e+01	3.756120340000000e-03
5.178307619970292e+01	3.772638510000000e-03
5.181009979965165e+01	3.787044440000000e-03
5.183330009970814e+01	3.800105540000000e-03
5.185687449993566e+01	3.813358490000000e-03
5.188945510005578e+01	3.838712350000000e-03
5.191338889999315e+01	3.852349710000000e-03
5.196826739981771e+01	3.895566800000000e-03
5.201064769970253e+01	3.908051640000000e-03
5.204792460007593e+01	3.923609850000000e-03
5.207874819962308e+01	3.939167600000000e-03
5.210987779963762e+01	3.948387690000000e-03
5.213292959984392e+01	3.957222680000000e-03
5.215609780000523e+01	3.967402970000000e-03
5.218797399988398e+01	3.975470080000000e-03
5.221198019990698e+01	3.981040330000000e-03
5.226482139993459e+01	4.009082910000000e-03
5.231068529980257e+01	4.016958180000000e-03
5.233430669968948e+01	4.026753830000000e-03
5.236258589988574e+01	4.037702460000000e-03
5.240897479979321e+01	4.056333560000000e-03
5.243471739999950e+01	4.066898020000000e-03
5.246582109993324e+01	4.096669140000000e-03
5.251004069996998e+01	4.109730480000000e-03
5.253394059976563e+01	4.124904520000000e-03
5.265077689988539e+01	4.177341240000000e-03
5.268388939974830e+01	4.199429420000000e-03
5.270964709995314e+01	4.213642790000000e-03
5.273312649969012e+01	4.228240810000000e-03
5.275681310007349e+01	4.246103580000000e-03
5.278008059971035e+01	4.277027680000000e-03
5.282379380008206e+01	4.338491710000000e-03
5.286108579998836e+01	4.365958740000000e-03
5.291667289985344e+01	4.427998790000000e-03
5.296133419964463e+01	4.444709510000000e-03
5.301085449988022e+01	4.486197610000000e-03
5.304300710000098e+01	4.514816680000000e-03
5.306878450000659e+01	4.551311020000000e-03
5.312030049972236e+01	4.597216840000000e-03
5.316143519990146e+01	4.618729000000000e-03
5.321248780004680e+01	4.661369600000000e-03
5.325751879997551e+01	4.692293700000000e-03
5.328104639984667e+01	4.711117600000000e-03
5.332081459974870e+01	4.739928990000000e-03
5.334734989982098e+01	4.759520290000000e-03
5.337136569991708e+01	4.785642490000000e-03
5.340974600007758e+01	4.800432360000000e-03
5.343315709987655e+01	4.814453890000000e-03
5.345916899992153e+01	4.830780440000000e-03
5.348246069997549e+01	4.847874860000000e-03
5.352588449977338e+01	4.885329860000000e-03
5.356499499967322e+01	4.922784400000000e-03
5.360909559996799e+01	4.941799680000000e-03
5.363246229989454e+01	4.958702250000000e-03
5.365598249994218e+01	4.975412970000000e-03
5.367944929981604e+01	4.991930910000000e-03
5.371036669984460e+01	5.006913100000000e-03
5.373444929998368e+01	5.019974430000000e-03
5.376182399969548e+01	5.030537960000000e-03
5.381060829991475e+01	5.053971430000000e-03
5.386708860006183e+01	5.099301230000000e-03
5.391028479998931e+01	5.120045040000000e-03
5.394419309962541e+01	5.144631020000000e-03
5.396884300000966e+01	5.171137400000000e-03
5.401010929979384e+01	5.186119120000000e-03
5.403385180002078e+01	5.202445670000000e-03
5.406014189962298e+01	5.214354020000000e-03
5.410096069984138e+01	5.231448910000000e-03
5.412937589967623e+01	5.246814340000000e-03
5.417666269978508e+01	5.274089050000000e-03
5.422341699991375e+01	5.303284620000000e-03
5.424693410005420e+01	5.317690320000000e-03
5.428576999995857e+01	5.338626910000000e-03
5.430980579974130e+01	5.349766930000000e-03
5.434678929997608e+01	5.367053670000000e-03
5.437077379971743e+01	5.394712560000000e-03
5.442370589962229e+01	5.427749360000000e-03
5.446989299962297e+01	5.455984730000000e-03
5.451663169963285e+01	5.472118500000000e-03
5.454816319979727e+01	5.484027320000000e-03
5.457924690004438e+01	5.496896340000000e-03
5.462708219978958e+01	5.513222890000000e-03
5.467351910006255e+01	5.532238170000000e-03
5.472031279979274e+01	5.552021790000000e-03
5.476653390005231e+01	5.576031750000000e-03
5.481002809992060e+01	5.589092150000000e-03
5.484214869979769e+01	5.606378890000000e-03
5.487332169990987e+01	5.623666100000000e-03
5.491990459989756e+01	5.646330770000000e-03
5.496589049976319e+01	5.663425660000000e-03
5.501121609983966e+01	5.671876950000000e-03
5.506463610008359e+01	5.702609200000000e-03
5.511022489983588e+01	5.711444190000000e-03
5.513395799975842e+01	5.719319450000000e-03
5.515756849991158e+01	5.727770740000000e-03
5.518237219983712e+01	5.739103540000000e-03
5.521023829979822e+01	5.757158160000000e-03
5.523443269962445e+01	5.773868410000000e-03
5.526416689995676e+01	5.804024640000000e-03
5.531029829988256e+01	5.820350720000000e-03
5.533448239974678e+01	5.841095000000000e-03
5.536169329984114e+01	5.859341940000000e-03
5.540694019990042e+01	5.886808500000000e-03
5.543101159995422e+01	5.898141300000000e-03
5.545520799979568e+01	5.915043880000000e-03
5.548053679987788e+01	5.934635640000000e-03
5.550902199978009e+01	5.950769880000000e-03
5.553411539969966e+01	5.969977010000000e-03
5.557516729971394e+01	5.997444040000000e-03
5.561137419985607e+01	6.010697220000000e-03
5.565790419979021e+01	6.036435250000000e-03
5.568201899994165e+01	6.052953660000000e-03
5.571529509965330e+01	6.068320010000000e-03
5.574713859986514e+01	6.082149220000000e-03
5.577838379982859e+01	6.105005740000000e-03
5.581177289970219e+01	6.119603760000000e-03
5.585966209974140e+01	6.145726420000000e-03
5.588291809987277e+01	6.160323970000000e-03
5.591658829990774e+01	6.188750730000000e-03
5.596180689986795e+01	6.201427900000000e-03
5.600875839963555e+01	6.220635030000000e-03
5.604163490002975e+01	6.233120340000000e-03
5.607211750000715e+01	6.251559590000000e-03
5.611057309992611e+01	6.262123580000000e-03
5.613421169994399e+01	6.279410330000000e-03
5.616289199981838e+01	6.293240000000000e-03
5.621060869982466e+01	6.314944480000000e-03
5.625745579972863e+01	6.334535780000000e-03
5.628198769968003e+01	6.346635990000000e-03
5.630948829976842e+01	6.359697790000000e-03
5.633368759974837e+01	6.370838270000000e-03
5.635766820004210e+01	6.381786430000000e-03
5.639580289972946e+01	6.400417070000000e-03
5.642696789978072e+01	6.421161820000000e-03
5.645982859982178e+01	6.432301360000000e-03
5.648299450008199e+01	6.445363160000000e-03
5.651125459978357e+01	6.462073880000000e-03
5.656090949987993e+01	6.492229640000000e-03
5.660779269970953e+01	6.511820950000000e-03
5.663215840002522e+01	6.520272230000000e-03
5.665572350006551e+01	6.531796880000000e-03
5.667901979992166e+01	6.548507600000000e-03
5.670971319964156e+01	6.563873500000000e-03
5.673296659998596e+01	6.588459010000000e-03
5.676223039999604e+01	6.606321780000000e-03
5.680901739979163e+01	6.638014690000000e-03
5.683421120001003e+01	6.659910550000000e-03
5.686127919983119e+01	6.679503250000000e-03
5.690718979993835e+01	6.708313710000000e-03
5.694254820002243e+01	6.723680070000000e-03
5.696640039980412e+01	6.741735150000000e-03
5.701036239974201e+01	6.751338490000000e-03
5.703343939967453e+01	6.760941820000000e-03
5.705999789992347e+01	6.770930250000000e-03
5.709771149978042e+01	6.789177190000000e-03
5.712341149989516e+01	6.807039960000000e-03
5.717565079964697e+01	6.823366970000000e-03
5.720981549983844e+01	6.831242240000000e-03
5.723357979999855e+01	6.838540550000000e-03
5.726744539989159e+01	6.853522270000000e-03
5.731025399966165e+01	6.859669000000000e-03
5.734455659985542e+01	6.869848820000000e-03
5.737524629989639e+01	6.879452150000000e-03
5.741071089962497e+01	6.883678960000000e-03
5.743818669999018e+01	6.891553290000000e-03
5.746143059991300e+01	6.898084190000000e-03
5.750737660005689e+01	6.911145060000000e-03
5.753117009997368e+01	6.918060130000000e-03
5.756128029990941e+01	6.928047170000000e-03
5.760702120000497e+01	6.953401490000000e-03
5.764045939967036e+01	6.970688240000000e-03
5.766445129970089e+01	6.994313560000000e-03
5.772012839978561e+01	7.034649140000000e-03
5.776161099970341e+01	7.049055300000000e-03
5.781260289996862e+01	7.071719500000000e-03
5.783862859988585e+01	7.081515160000000e-03
5.786271480005234e+01	7.090351540000000e-03
5.790867549972609e+01	7.104948630000000e-03
5.793577839992940e+01	7.114936600000000e-03
5.796179159963503e+01	7.121659350000000e-03
5.800823009992018e+01	7.135680410000000e-03
5.803242120007053e+01	7.144324020000000e-03
5.806352419964969e+01	7.160458250000000e-03
5.810933370003477e+01	7.170446680000000e-03
5.813370859995484e+01	7.181394850000000e-03
5.815751289995387e+01	7.191382810000000e-03
5.818493680004030e+01	7.203483020000000e-03
5.821546969981864e+01	7.222499230000000e-03
5.826230599964038e+01	7.229412910000000e-03
5.830842790007591e+01	7.244587410000000e-03
5.834034959971905e+01	7.253038700000000e-03
5.837164139980450e+01	7.265715390000000e-03
5.841868399968371e+01	7.277624220000000e-03
5.844270440004766e+01	7.284731600000000e-03
5.846713529992849e+01	7.297215520000000e-03
5.850944829965010e+01	7.308932490000000e-03
5.853275169990957e+01	7.323914670000000e-03
5.856736099999398e+01	7.345042660000000e-03
5.861058729980141e+01	7.358680010000000e-03
5.863451189966872e+01	7.369627710000000e-03
5.866993189975619e+01	7.384994070000000e-03
5.871017759991810e+01	7.392101460000000e-03
5.873434800002724e+01	7.398247250000000e-03
5.875835269968957e+01	7.404201660000000e-03
5.878173050004989e+01	7.409964220000000e-03
5.881194099970162e+01	7.413228970000000e-03
5.886019869986922e+01	7.423217410000000e-03
5.888743999972939e+01	7.428403480000000e-03
5.891846939967945e+01	7.438006810000000e-03
5.896179839968681e+01	7.440503690000000e-03
5.900809329980984e+01	7.444921880000000e-03
5.903375719999894e+01	7.452604830000000e-03
5.907598569989204e+01	7.463168820000000e-03
5.912021379964426e+01	7.472580760000000e-03
5.916731199994683e+01	7.482567800000000e-03
5.921289119962603e+01	7.486986000000000e-03
5.925827009975910e+01	7.495821450000000e-03
5.928269460005686e+01	7.497742310000000e-03
5.932029119972140e+01	7.503888100000000e-03
5.934522859985009e+01	7.506770080000000e-03
5.936854999978095e+01	7.511571520000000e-03
5.941296199988574e+01	7.513684220000000e-03
5.945896760001779e+01	7.516565730000000e-03
5.948344769980758e+01	7.519062610000000e-03
5.952091059973463e+01	7.526169070000000e-03
5.956501189991832e+01	7.536541670000000e-03
5.960902479989454e+01	7.542687470000000e-03
5.964717229967937e+01	7.550179030000000e-03
5.967097789980471e+01	7.560551170000000e-03
5.971018099971116e+01	7.567273920000000e-03
5.973346669971943e+01	7.575916590000000e-03
5.976153209991753e+01	7.582639810000000e-03
5.981840119976550e+01	7.592435460000000e-03
5.986089270003140e+01	7.591474800000000e-03
5.991211410006508e+01	7.590898310000000e-03
5.993973749969155e+01	7.592627310000000e-03
5.997427470004186e+01	7.582639810000000e-03
6.001007349975407e+01	7.561510890000000e-03
6.003679629974067e+01	7.521175780000000e-03
