# [General]
# timestamp=2025-04-09T11:52:24.963700
# comments='# '
# delimiter='\t'
# column_dtypes=float;;float
# column_headers='Time (s);;Power (W)'
# 
# [Metadata]
# scanner_y=3.570616407198321
# scanner_x=-5.097816168198413
# start recoding time='09.04.2025, 11:51:24.894772'
# sample rate (hz)=50.0
# sample timing='TIMESTAMP'
# 
# ---- END HEADER ----
9.322003461420536e-04	7.807496150000001e-05
3.124660020694137e-02	7.884319350000000e-05
6.622780021280050e-02	7.884319350000000e-05
9.720060043036938e-02	7.845913209999999e-05
1.451646001078188e-01	7.807496150000001e-05
1.811398002319038e-01	7.884319350000000e-05
2.292463001795113e-01	7.865116640000000e-05
2.531056003645062e-01	7.903533700000000e-05
2.791139003820717e-01	7.884319350000000e-05
3.031031000427902e-01	7.807496150000001e-05
3.300866000354290e-01	7.807496150000001e-05
3.530021002516150e-01	7.884319350000000e-05
3.766205003485084e-01	7.845913209999999e-05
4.116175002418458e-01	7.884319350000000e-05
4.355984004214406e-01	7.961154190000001e-05
4.875824004411697e-01	7.826698860000000e-05
5.346098002046347e-01	7.788281799999999e-05
5.805509001947939e-01	7.884319350000000e-05
6.295656003057957e-01	7.865116640000000e-05
6.565350000746548e-01	7.865116640000000e-05
6.807723003439605e-01	7.884319350000000e-05
7.294473000802100e-01	7.826698860000000e-05
7.524302001111209e-01	7.788281799999999e-05
7.784602004103363e-01	7.807496150000001e-05
8.024232001043856e-01	7.769078370000001e-05
8.314027003943920e-01	7.922737130000000e-05
8.764459001831710e-01	7.826698860000000e-05
9.004195001907647e-01	7.807496150000001e-05
9.293286004103720e-01	7.807496150000001e-05
9.523152001202106e-01	7.845913209999999e-05
9.763764003291726e-01	7.865116640000000e-05
1.000304300338030e+00	7.807496150000001e-05
1.040930700022727e+00	7.845913209999999e-05
1.079242800362408e+00	7.865116640000000e-05
1.103226400446147e+00	7.903533700000000e-05
1.129228300414979e+00	7.845913209999999e-05
1.153219900093973e+00	7.865116640000000e-05
1.179190700408071e+00	7.922737130000000e-05
1.203170699998736e+00	7.826698860000000e-05
1.231168300379068e+00	7.941939839999999e-05
1.256160300225019e+00	7.903533700000000e-05
1.280136200133711e+00	7.884319350000000e-05
1.303117000032216e+00	7.884319350000000e-05
1.334618000313640e+00	7.884319350000000e-05
1.379076800309122e+00	7.788281799999999e-05
1.410101000219584e+00	7.845913209999999e-05
1.433047100435942e+00	7.865116640000000e-05
1.478227800223976e+00	7.884319350000000e-05
1.502097900025547e+00	7.826698860000000e-05
1.531804300379008e+00	7.941939839999999e-05
1.565086400136352e+00	7.865116640000000e-05
1.589452300220728e+00	7.884319350000000e-05
1.632394600193948e+00	7.845913209999999e-05
1.677371900063008e+00	7.865116640000000e-05
1.700355500448495e+00	7.865116640000000e-05
1.728340700268745e+00	7.865116640000000e-05
1.751333700027317e+00	7.845913209999999e-05
1.779449100140482e+00	7.826698860000000e-05
1.810327100101858e+00	7.961154190000001e-05
1.834278500173241e+00	7.865116640000000e-05
1.860138900112361e+00	7.769078370000001e-05
1.884261600207537e+00	7.884319350000000e-05
1.930221300106496e+00	7.845913209999999e-05
1.954213300254196e+00	7.845913209999999e-05
1.979194300249219e+00	7.884319350000000e-05
2.003195300232619e+00	7.865116640000000e-05
2.039989800192416e+00	7.865116640000000e-05
2.086137600243092e+00	7.826698860000000e-05
2.129125400446355e+00	7.826698860000000e-05
2.152097400277853e+00	7.807496150000001e-05
2.176093799993396e+00	7.884319350000000e-05
2.199067000299692e+00	7.865116640000000e-05
2.232064200099558e+00	7.807496150000001e-05
2.280021400190890e+00	7.807496150000001e-05
2.303007600363344e+00	7.865116640000000e-05
2.330990300048143e+00	7.826698860000000e-05
2.378134600352496e+00	7.903533700000000e-05
2.401959200389683e+00	7.884319350000000e-05
2.438955800142139e+00	7.865116640000000e-05
2.468958100304008e+00	7.845913209999999e-05
2.493033100385219e+00	7.922737130000000e-05
2.529901200439781e+00	7.807496150000001e-05
2.562872600276023e+00	7.845913209999999e-05
2.586875400040299e+00	7.845913209999999e-05
2.631044600158930e+00	7.865116640000000e-05
2.677013000007719e+00	7.884319350000000e-05
2.702998800203204e+00	7.941939839999999e-05
2.735062200110406e+00	7.845913209999999e-05
2.764962200075388e+00	7.941939839999999e-05
2.788949300069362e+00	7.826698860000000e-05
2.831912000197917e+00	7.845913209999999e-05
2.876890700310469e+00	7.845913209999999e-05
2.900868800003082e+00	7.884319350000000e-05
2.934958000201732e+00	7.922737130000000e-05
2.978826100006700e+00	7.903533700000000e-05
3.002812700346112e+00	7.941939839999999e-05
3.032934700138867e+00	7.845913209999999e-05
3.074133099988103e+00	7.903533700000000e-05
3.097770200110972e+00	7.826698860000000e-05
3.129733600188047e+00	7.903533700000000e-05
3.152721200138330e+00	7.865116640000000e-05
3.178714700043201e+00	7.845913209999999e-05
3.201693800278008e+00	7.845913209999999e-05
3.230676300358027e+00	7.884319350000000e-05
3.278678000438958e+00	7.826698860000000e-05
3.302635500207543e+00	7.903533700000000e-05
3.330622100271285e+00	7.903533700000000e-05
3.354605800006539e+00	7.903533700000000e-05
3.377653300296515e+00	7.845913209999999e-05
3.410599100403488e+00	7.807496150000001e-05
3.440573600120842e+00	7.845913209999999e-05
3.487552100326866e+00	7.903533700000000e-05
3.528566400054842e+00	7.884319350000000e-05
3.557494100183249e+00	7.865116640000000e-05
3.581483700312674e+00	7.807496150000001e-05
3.629445100203156e+00	7.845913209999999e-05
3.652435600291938e+00	7.865116640000000e-05
3.676442800089717e+00	7.884319350000000e-05
3.707485900260508e+00	7.922737130000000e-05
3.731389300432056e+00	7.903533700000000e-05
3.777367900125682e+00	7.845913209999999e-05
3.801350700203329e+00	7.884319350000000e-05
3.833335800096393e+00	7.845913209999999e-05
3.879326900001615e+00	7.903533700000000e-05
3.903302700258791e+00	7.845913209999999e-05
3.939911300316453e+00	7.807496150000001e-05
3.965256500057876e+00	7.903533700000000e-05
3.989283000119030e+00	7.845913209999999e-05
4.032644800376147e+00	7.807496150000001e-05
4.079200100153685e+00	7.865116640000000e-05
4.103172300383449e+00	7.845913209999999e-05
4.128180500119925e+00	7.826698860000000e-05
4.160328800324351e+00	7.865116640000000e-05
4.189153100363910e+00	7.884319350000000e-05
4.233097600284964e+00	7.903533700000000e-05
4.257083700038493e+00	7.845913209999999e-05
4.281069700140506e+00	7.826698860000000e-05
4.330044500064105e+00	7.884319350000000e-05
4.357053600251675e+00	7.884319350000000e-05
4.381037400104105e+00	7.845913209999999e-05
4.433986700139940e+00	7.922737130000000e-05
4.478955800179392e+00	7.884319350000000e-05
4.503123700153083e+00	7.865116640000000e-05
4.542169700376689e+00	7.865116640000000e-05
4.572906700428575e+00	7.826698860000000e-05
4.596894200425595e+00	7.865116640000000e-05
4.632111200131476e+00	7.903533700000000e-05
4.678236600011587e+00	7.826698860000000e-05
4.702115100342780e+00	7.807496150000001e-05
4.743234600406140e+00	7.845913209999999e-05
4.779386500362307e+00	7.865116640000000e-05
4.806176500394940e+00	7.884319350000000e-05
4.831173400394619e+00	7.884319350000000e-05
4.855150500312448e+00	7.769078370000001e-05
4.879137100186199e+00	7.903533700000000e-05
4.903122500050813e+00	7.865116640000000e-05
4.944102700334042e+00	7.788281799999999e-05
4.979554800316691e+00	7.903533700000000e-05
5.003056399989873e+00	7.941939839999999e-05
5.031971400137991e+00	7.884319350000000e-05
5.078752800356597e+00	7.845913209999999e-05
5.112995800096542e+00	7.826698860000000e-05
5.135986300185323e+00	7.922737130000000e-05
5.158980300184339e+00	7.941939839999999e-05
5.181972100399435e+00	7.903533700000000e-05
5.230924200266600e+00	7.845913209999999e-05
5.277915700338781e+00	7.865116640000000e-05
5.300887000281364e+00	7.865116640000000e-05
5.330867000389844e+00	7.807496150000001e-05
5.380842700134963e+00	7.865116640000000e-05
5.428809400182217e+00	7.884319350000000e-05
5.452803600113839e+00	7.826698860000000e-05
5.476784500293434e+00	7.807496150000001e-05
5.502815800253302e+00	7.826698860000000e-05
5.529754400253296e+00	7.845913209999999e-05
5.557310200296342e+00	7.884319350000000e-05
5.595719800330698e+00	7.884319350000000e-05
5.640699300449342e+00	7.961154190000001e-05
5.678667100146413e+00	7.826698860000000e-05
5.702625200152397e+00	7.884319350000000e-05
5.734288400039077e+00	7.884319350000000e-05
5.764569400344044e+00	7.807496150000001e-05
5.788530100136995e+00	7.903533700000000e-05
5.832494600210339e+00	7.884319350000000e-05
5.877475399989635e+00	7.903533700000000e-05
5.901537600439042e+00	7.903533700000000e-05
5.928446100093424e+00	7.865116640000000e-05
5.952426800038666e+00	7.845913209999999e-05
5.980412000324577e+00	7.865116640000000e-05
6.031910800375044e+00	7.865116640000000e-05
6.058540000114590e+00	7.845913209999999e-05
6.093363400083035e+00	7.903533700000000e-05
6.139826100319624e+00	7.903533700000000e-05
6.178338800091296e+00	7.903533700000000e-05
6.201340700034052e+00	7.941939839999999e-05
6.231278500054032e+00	7.845913209999999e-05
6.277254700195044e+00	7.865116640000000e-05
6.301244600210339e+00	7.807496150000001e-05
6.330209800042212e+00	7.903533700000000e-05
6.354195700027049e+00	7.884319350000000e-05
6.378201700281352e+00	7.903533700000000e-05
6.402167400345206e+00	7.865116640000000e-05
6.432149500120431e+00	7.941939839999999e-05
6.482140200212598e+00	7.922737130000000e-05
6.530095300171524e+00	7.865116640000000e-05
6.590091200079769e+00	7.884319350000000e-05
6.631121700163931e+00	7.845913209999999e-05
6.654802300035954e+00	7.903533700000000e-05
6.678517800290138e+00	7.788281799999999e-05
6.702501900028437e+00	7.865116640000000e-05
6.730068800039589e+00	8.076395170000000e-05
6.753569000400603e+00	8.402925600000000e-05
6.778881100006402e+00	8.806279950000000e-05
6.803266800008714e+00	9.248052080000000e-05
6.839196500368416e+00	9.805075390000000e-05
6.878586300183088e+00	1.005477170000000e-04
6.902274100109935e+00	9.977936860000000e-05
6.932358100079000e+00	1.009318880000000e-04
6.962234300095588e+00	1.007397440000000e-04
6.992198500316590e+00	1.009318880000000e-04
7.033160900231451e+00	1.013160650000000e-04
7.085132200270891e+00	1.003556830000000e-04
7.129101800266653e+00	1.028526460000000e-04
7.153087000362575e+00	1.055416360000000e-04
7.181250500027090e+00	1.065020190000000e-04
7.229043300263584e+00	1.089989750000000e-04
7.253039800096303e+00	1.116880810000000e-04
7.287037200294435e+00	1.124563130000000e-04
7.332985199987888e+00	1.122642860000000e-04
7.377980200108141e+00	1.147612420000000e-04
7.411970400251448e+00	1.174503490000000e-04
7.435929800383747e+00	1.197551680000000e-04
7.478899400215596e+00	1.201393390000000e-04
7.502927600406110e+00	1.210997140000000e-04
7.537663900293410e+00	1.245570600000000e-04
7.561853800434619e+00	1.282065350000000e-04
7.585980900097638e+00	1.322400790000000e-04
7.631821500137448e+00	1.262857840000000e-04
7.676829400006682e+00	1.216759190000000e-04
7.700721600092947e+00	1.209076870000000e-04
7.740239000413567e+00	1.149533850000000e-04
7.787065000273287e+00	1.103435280000000e-04
7.831175700295717e+00	1.103435280000000e-04
7.855679400265217e+00	1.093831520000000e-04
7.878745099995285e+00	1.095751800000000e-04
7.909912500064820e+00	1.099593570000000e-04
7.933921100106090e+00	1.111118760000000e-04
7.986879400443286e+00	1.120722520000000e-04
8.032269700430334e+00	1.113039030000000e-04
8.080793300177902e+00	1.116880810000000e-04
8.127767900004983e+00	1.122642860000000e-04
8.151753200218081e+00	1.132246620000000e-04
8.175749500282109e+00	1.116880810000000e-04
8.199735600035638e+00	1.132246620000000e-04
8.231787400320172e+00	1.134166960000000e-04
8.282687700353563e+00	1.143770710000000e-04
8.329662800300866e+00	1.184107240000000e-04
8.359771500341594e+00	1.199473120000000e-04
8.390614000149071e+00	1.201393390000000e-04
8.430615000426769e+00	1.210997140000000e-04
8.455009900033474e+00	1.220600970000000e-04
8.482692799996585e+00	1.264778110000000e-04
8.529089800082147e+00	1.387707020000000e-04
8.552519700024277e+00	1.412676500000000e-04
8.588529300410300e+00	1.424200600000000e-04
8.630475200247020e+00	1.414596920000000e-04
8.675445900298655e+00	1.426121020000000e-04
8.711463400162756e+00	1.453011940000000e-04
8.743425300344825e+00	1.460695490000000e-04
8.766915300395340e+00	1.462615760000000e-04
8.789904400240630e+00	1.468377890000000e-04
8.832294000312686e+00	1.481823270000000e-04
8.877432900015265e+00	1.635482770000000e-04
8.901512600015849e+00	1.748807700000000e-04
8.928738600108773e+00	1.758411530000000e-04
8.952740600332618e+00	1.769935620000000e-04
8.978830500040203e+00	1.768015350000000e-04
9.002777400426567e+00	1.771857060000000e-04
9.040800700429827e+00	1.775697750000000e-04
9.074469299986959e+00	1.779539450000000e-04
9.103737500030547e+00	1.768015350000000e-04
9.129702900070697e+00	1.771857060000000e-04
9.153686500154436e+00	1.781460890000000e-04
9.178714300040156e+00	1.783381160000000e-04
9.212660200428218e+00	1.814112770000000e-04
9.236641600262374e+00	2.102225120000000e-04
9.282616300042719e+00	2.223232440000000e-04
9.329587400425225e+00	2.380734800000000e-04
9.353570200037211e+00	2.455643550000000e-04
9.376600800082088e+00	2.609303920000000e-04
9.401567100081593e+00	2.787934210000000e-04
9.431525800377131e+00	2.828269500000000e-04
9.478513300418854e+00	2.874367060000000e-04
9.501493800431490e+00	2.899336690000000e-04
9.529171800240874e+00	2.922386050000000e-04
9.553087300155312e+00	2.947355680000000e-04
9.587454000022262e+00	3.070284440000000e-04
9.630790000315756e+00	3.129827380000000e-04
9.663408700376749e+00	3.198974300000000e-04
9.687668700236827e+00	3.268120930000000e-04
9.731036900077015e+00	3.285408310000000e-04
9.789579300209880e+00	3.329585310000000e-04
9.830493400339037e+00	3.402573930000000e-04
9.875938900280744e+00	4.197763920000000e-04
9.913837600033730e+00	4.758623840000000e-04
9.937220900319517e+00	4.841214980000000e-04
9.962006400339305e+00	4.848898390000000e-04
9.985598200000823e+00	4.894997110000000e-04
1.003685360029340e+01	4.906521060000000e-04
1.007853640010580e+01	4.906521060000000e-04
1.010251370025799e+01	4.908441329999999e-04
1.012950370041654e+01	4.910363930000000e-04
1.015409320034087e+01	4.912284200000000e-04
1.017848660005257e+01	4.916124740000001e-04
1.020244540041313e+01	4.914204470000000e-04
1.023146970011294e+01	4.914204470000000e-04
1.025766350002959e+01	4.921887880000000e-04
1.028765090042725e+01	4.921887880000000e-04
1.033160890033469e+01	5.002559050000000e-04
1.037699060002342e+01	5.209999510000000e-04
1.040057370020077e+01	5.407838030000000e-04
1.043054710002616e+01	5.540368730000000e-04
1.047655120026320e+01	6.187662370000000e-04
1.050858910009265e+01	6.456566040000000e-04
1.053254430042580e+01	6.531475810000000e-04
1.056946999998763e+01	6.573733990000000e-04
1.059347190009430e+01	6.675532790000000e-04
1.063243240024894e+01	6.823429720000000e-04
1.067742040008307e+01	7.253677470000000e-04
1.070139370020479e+01	7.370845410000001e-04
1.073956490028650e+01	7.497614720000000e-04
1.077836200036108e+01	7.618621460000000e-04
1.080236160010099e+01	7.735787080000000e-04
1.083332590013742e+01	7.870239790000000e-04
1.086430830042809e+01	8.125699240000000e-04
1.088729500025511e+01	8.408049470000000e-04
1.092930420022458e+01	8.521374550000000e-04
1.095230430038646e+01	8.619332220000000e-04
1.097884470038116e+01	8.675034620000000e-04
1.100619280012324e+01	8.696162840000000e-04
1.103110840031877e+01	8.698083110000000e-04
1.108313899999484e+01	8.723053620000000e-04
1.112856560014188e+01	8.728814430000000e-04
1.115153150027618e+01	8.732657300000000e-04
1.117551630036905e+01	8.748022370000000e-04
1.120695330016315e+01	8.769150010000000e-04
1.123248030012473e+01	8.792200820000000e-04
1.127854010043666e+01	8.934334620000000e-04
1.130244220001623e+01	9.038056010000000e-04
1.133244200004265e+01	9.114886050000000e-04
1.137841200036928e+01	9.220527720000000e-04
1.140840440010652e+01	9.472146630000000e-04
1.143261750042439e+01	1.001571650000000e-03
1.145637740008533e+01	1.055928990000000e-03
1.148539240006357e+01	1.112975300000000e-03
1.153016290022060e+01	1.118737620000000e-03
1.155430420022458e+01	1.123347440000000e-03
1.158030960010365e+01	1.131030500000000e-03
1.162925450038165e+01	1.135256030000000e-03
1.165825230022892e+01	1.136024370000000e-03
1.168827260006219e+01	1.139097500000000e-03
1.172821580013260e+01	1.141594370000000e-03
1.175124110002071e+01	1.147356700000000e-03
1.177528200019151e+01	1.164835530000000e-03
1.179815819999203e+01	1.197296310000000e-03
1.183114380016923e+01	1.237823980000000e-03
1.189010860025883e+01	1.321760940000000e-03
1.192809640010819e+01	1.326562840000000e-03
1.195214010030031e+01	1.335206210000000e-03
1.198312160000205e+01	1.340968300000000e-03
1.203074160031974e+01	1.342120930000000e-03
1.206144240032881e+01	1.350956390000000e-03
1.208517060009763e+01	1.382072570000000e-03
1.212912910012528e+01	1.422984530000000e-03
1.215231130039319e+01	1.469274400000000e-03
1.218443470029160e+01	1.499430280000000e-03
1.223047480033711e+01	1.509033960000000e-03
1.227545270044357e+01	1.517293390000000e-03
1.230743280006573e+01	1.532083140000000e-03
1.233139890013263e+01	1.550330310000000e-03
1.236980680003762e+01	1.641181650000000e-03
1.239379260037094e+01	1.701877570000000e-03
1.243178010033444e+01	1.715898860000000e-03
1.247684180038050e+01	1.734722170000000e-03
1.250070910016075e+01	1.742981490000000e-03
1.253979730000719e+01	1.749319840000000e-03
1.257904630014673e+01	1.750088180000000e-03
1.261713450029492e+01	1.753737680000000e-03
1.264226740039885e+01	1.758347610000000e-03
1.267761690029874e+01	1.768719520000000e-03
1.270059210015461e+01	1.791000250000000e-03
1.272957470035180e+01	1.859379120000000e-03
1.275256180018187e+01	1.927181260000000e-03
1.278557290043682e+01	1.976544970000000e-03
1.283055050019175e+01	1.981538490000000e-03
1.287548910034820e+01	1.985764600000000e-03
1.290858570020646e+01	1.990182090000000e-03
1.293859970010817e+01	1.995560480000000e-03
1.296963840024546e+01	1.999017320000000e-03
1.300076580001041e+01	2.016496150000000e-03
1.303183570038527e+01	2.030709990000000e-03
1.307902960013598e+01	2.071622060000000e-03
1.310933650005609e+01	2.150180520000000e-03
1.314150950033218e+01	2.207611220000000e-03
1.317799090035260e+01	2.225858160000000e-03
1.320145110040903e+01	2.234117360000000e-03
1.323070690035820e+01	2.239687600000000e-03
1.325543000036851e+01	2.259855390000000e-03
1.327934660017490e+01	2.279831330000000e-03
1.330332450009882e+01	2.321127340000000e-03
1.333128810022026e+01	2.357813760000000e-03
1.337629829999059e+01	2.380478890000000e-03
1.340028650034219e+01	2.386817240000000e-03
1.343126690015197e+01	2.396997060000000e-03
1.348036630032584e+01	2.470177830000000e-03
1.352528610033914e+01	2.632673130000000e-03
1.354822110012174e+01	2.680115870000000e-03
1.357321730023250e+01	2.709503290000000e-03
1.359618170000613e+01	2.734281120000000e-03
1.363215660024434e+01	2.755601420000000e-03
1.367815570021048e+01	2.833007370000000e-03
1.370111990021542e+01	2.895047660000000e-03
1.374321250012144e+01	2.980329100000000e-03
1.378911160025746e+01	3.025466580000000e-03
1.383104680012912e+01	3.041985210000000e-03
1.385513050016016e+01	3.062537170000000e-03
1.387901200028136e+01	3.095573980000000e-03
1.391301610041410e+01	3.163760530000000e-03
1.393698710016906e+01	3.251923250000000e-03
1.397900550020859e+01	3.298981580000000e-03
1.400294180028141e+01	3.338356970000000e-03
1.403096190001816e+01	3.371970030000000e-03
1.407690170034766e+01	3.432473870000000e-03
1.410070760035887e+01	3.449184350000000e-03
1.413038870040327e+01	3.459748580000000e-03
1.416111600026488e+01	3.466086930000000e-03
1.418511950038373e+01	3.489328080000000e-03
1.423836950026453e+01	3.546374150000000e-03
1.427956040017307e+01	3.628006200000000e-03
1.430244710016996e+01	3.723659550000000e-03
1.433243250008672e+01	3.821426070000000e-03
1.437842650013044e+01	3.950500400000000e-03
1.440939170029014e+01	4.021375910000000e-03
1.443338510021567e+01	4.097629800000000e-03
1.445735660009086e+01	4.155443980000000e-03
1.448735340032727e+01	4.271649760000000e-03
1.452933900011703e+01	4.292394030000000e-03
1.455350160039961e+01	4.301997830000000e-03
1.458028750028461e+01	4.304302390000000e-03
1.461139280023053e+01	4.309488460000000e-03
1.463525200029835e+01	4.315058700000000e-03
1.467922700010240e+01	4.314098510000000e-03
1.470624120021239e+01	4.316787240000000e-03
1.473019890021533e+01	4.320436620000000e-03
1.475422320002690e+01	4.321012650000000e-03
1.477719620009884e+01	4.322741650000000e-03
1.480115780001506e+01	4.326775200000000e-03
1.483213850017637e+01	4.348095510000000e-03
1.487712430022657e+01	4.389967770000000e-03
1.490131470002234e+01	4.414169120000000e-03
1.492810190003365e+01	4.465069160000000e-03
1.495206900034100e+01	4.514432510000000e-03
1.498507160041481e+01	4.615848420000000e-03
1.503102570027113e+01	4.649077080000000e-03
1.505512210028246e+01	4.668668840000000e-03
1.507903370028362e+01	4.677312450000000e-03
1.510999160027131e+01	4.687876440000000e-03
1.514124590018764e+01	4.709580910000000e-03
1.517894200002775e+01	4.728596190000000e-03
1.520269350009039e+01	4.778727890000000e-03
1.523361510038376e+01	4.920863550000000e-03
1.528002610011026e+01	4.951979500000000e-03
1.532731210021302e+01	4.962735810000000e-03
1.535130380000919e+01	4.964080170000000e-03
1.537538000009954e+01	4.966385200000000e-03
1.540626860037446e+01	4.970226440000000e-03
1.543624860001728e+01	4.966385200000000e-03
1.548221670044586e+01	4.969074390000000e-03
1.552721880003810e+01	4.972147290000000e-03
1.555017600022256e+01	4.968689750000000e-03
1.557915390003473e+01	4.971763120000000e-03
1.560418070014566e+01	4.971955440000000e-03
1.563413580041379e+01	4.970418750000000e-03
1.565813200036064e+01	4.970418750000000e-03
1.568109630001709e+01	4.968882540000000e-03
1.574206710001454e+01	4.970034580000000e-03
1.577925980044529e+01	4.969650410000000e-03
1.580302450014278e+01	4.969458560000000e-03
1.583201210014522e+01	4.971187100000000e-03
1.587798280036077e+01	4.973107950000000e-03
1.591096900030971e+01	4.975028800000000e-03
1.593546910025179e+01	4.971955440000000e-03
1.595893790014088e+01	4.972916100000000e-03
1.598194850003347e+01	4.971955440000000e-03
1.603143239999190e+01	4.967345860000000e-03
1.607996640028432e+01	4.976372700000000e-03
1.612583790021017e+01	4.975796680000000e-03
1.614883070020005e+01	4.977141510000000e-03
1.617946620006114e+01	4.979638380000000e-03
1.620279570017010e+01	4.980599040000000e-03
1.623079230030999e+01	4.982327110000000e-03
1.625462870020419e+01	4.985592790000000e-03
1.627860840037465e+01	4.985592790000000e-03
1.630264550028369e+01	4.987513180000000e-03
1.633124339999631e+01	4.990778860000000e-03
1.637646810011938e+01	4.995772620000000e-03
1.639943410037085e+01	5.001727030000000e-03
1.643212050013244e+01	5.002879540000000e-03
1.647839540010318e+01	5.048785360000000e-03
1.650236610043794e+01	5.159036260000000e-03
1.652853990020230e+01	5.264293400000000e-03
1.655276950029656e+01	5.351495460000000e-03
1.657657970022410e+01	5.417377220000000e-03
1.660031370026991e+01	5.451758860000000e-03
1.664629970025271e+01	5.467317070000000e-03
1.667827270040289e+01	5.468277260000000e-03
1.670124700013548e+01	5.472310820000000e-03
1.672823170013726e+01	5.470774600000000e-03
1.675122150033712e+01	5.474231670000000e-03
1.678521930007264e+01	5.514567250000000e-03
1.683117220038548e+01	5.525900050000000e-03
1.686315430002287e+01	5.534350870000000e-03
1.688616180000827e+01	5.537424240000000e-03
1.693011340033263e+01	5.540881770000000e-03
1.695712200039998e+01	5.596391390000000e-03
1.698208310035989e+01	5.661312960000000e-03
1.703406790038571e+01	5.823615940000000e-03
1.707903350004926e+01	5.844168370000000e-03
1.711101620038971e+01	5.928489380000000e-03
1.714201690023765e+01	6.007816180000000e-03
1.717297970037907e+01	6.068511870000000e-03
1.719697140017524e+01	6.087719460000000e-03
1.723457440035418e+01	6.100588480000000e-03
1.727893380029127e+01	6.109039760000000e-03
1.731005030032247e+01	6.114225830000000e-03
1.733392980042845e+01	6.113842130000000e-03
1.738074750034139e+01	6.115378350000000e-03
1.742905750032514e+01	6.124597510000000e-03
1.745366870006546e+01	6.121908780000000e-03
1.748003000020981e+01	6.129208020000000e-03
1.754218290001154e+01	6.139387840000000e-03
1.758066750038415e+01	6.149183490000000e-03
1.762920700013638e+01	6.237729920000000e-03
1.765225710021332e+01	6.371413820000000e-03
1.767922860011458e+01	6.457271990000000e-03
1.770384580036625e+01	6.505290510000000e-03
1.774120150040835e+01	6.571364120000000e-03
1.776516930013895e+01	6.606514100000000e-03
1.778816480003297e+01	6.673933010000000e-03
1.783214190043509e+01	6.732515060000000e-03
1.787811730010435e+01	6.827401000000000e-03
1.791208790009841e+01	6.924974730000000e-03
1.793628550041467e+01	7.015057370000000e-03
1.797934380033985e+01	7.051744030000000e-03
1.800303310016170e+01	7.084012960000000e-03
1.803143000043929e+01	7.093423980000000e-03
1.806421350035816e+01	7.103219630000000e-03
1.809401110000908e+01	7.103028240000000e-03
1.812995880004019e+01	7.109559140000000e-03
1.815395230008289e+01	7.108598480000000e-03
1.818604430044070e+01	7.113784550000000e-03
1.823091020016000e+01	7.106869480000000e-03
1.829086850024760e+01	7.136833850000000e-03
1.833084440045059e+01	7.138562390000000e-03
1.835582930035889e+01	7.155080790000000e-03
1.837882590014488e+01	7.164492270000000e-03
1.841224780026823e+01	7.200794760000000e-03
1.843606100045145e+01	7.266483740000000e-03
1.849098850041628e+01	7.362905420000000e-03
1.853879790008068e+01	7.412268780000000e-03
1.857799240015447e+01	7.460095450000000e-03
1.860223140008748e+01	7.505425250000000e-03
1.863033540034667e+01	7.550563200000000e-03
1.866088250000030e+01	7.569002450000000e-03
1.868485600035638e+01	7.573227860000000e-03
1.873784389998764e+01	7.571115160000000e-03
1.878279940038919e+01	7.576493080000000e-03
1.883077040035278e+01	7.583023980000000e-03
1.887677410012111e+01	7.575341030000000e-03
1.890673950035125e+01	7.576301230000000e-03
1.893772040028125e+01	7.584368340000000e-03
1.896269360044971e+01	7.583023980000000e-03
1.898568190028891e+01	7.595893000000000e-03
1.903368500014767e+01	7.604728450000000e-03
1.907865920010954e+01	7.587633560000000e-03
1.910261230031028e+01	7.592435460000000e-03
1.913989990018308e+01	7.603383620000000e-03
1.917859460040927e+01	7.607224860000000e-03
1.921556400042027e+01	7.617405150000000e-03
1.923970350017771e+01	7.617788850000000e-03
1.927653000038117e+01	7.617020980000000e-03
1.929982510022819e+01	7.613563440000000e-03
1.933148910012096e+01	7.616444490000000e-03
1.937749230023474e+01	7.618749510000000e-03
1.940290990006179e+01	7.658125370000000e-03
1.943394070025533e+01	7.727655580000000e-03
1.947838490037248e+01	7.759540810000000e-03
1.950246380036697e+01	7.782974280000000e-03
1.954349770024419e+01	7.779900450000000e-03
1.956772710010409e+01	7.784894200000000e-03
1.959141570003703e+01	7.784126330000000e-03
1.963132620044053e+01	7.784318640000000e-03
1.967617089999840e+01	7.796227470000000e-03
1.969972120039165e+01	7.790080740000000e-03
1.972816190030426e+01	7.782205010000000e-03
1.975111290020868e+01	7.777787740000000e-03
1.977812090003863e+01	7.787007370000000e-03
1.980309780035168e+01	7.793154100000000e-03
1.983005390036851e+01	7.806407290000000e-03
1.986304750014096e+01	7.795266810000000e-03
1.988602350000292e+01	7.896489459999999e-03
1.994048480037600e+01	7.996752859999999e-03
1.998597460007295e+01	8.052454330000000e-03
2.003093990031630e+01	8.078961629999999e-03
2.008139960002154e+01	8.116223850000000e-03
2.012688730005175e+01	8.134086620000000e-03
2.015887630032375e+01	8.121794090000000e-03
2.018201370025054e+01	8.122946140000000e-03
2.023484690021724e+01	8.117184970000000e-03
2.027879750030115e+01	8.118337020000000e-03
2.030252020014450e+01	8.123138920000000e-03
2.034177010040730e+01	8.127364329999999e-03
2.038110450003296e+01	8.128901010000000e-03
2.042873160028830e+01	8.124099110000000e-03
2.045172090036795e+01	8.124867450000000e-03
2.047570090042427e+01	8.141386319999999e-03
2.049969010008499e+01	8.126980630000001e-03
2.052966960007325e+01	8.124482820000001e-03
2.055936950026080e+01	8.130245840000000e-03
2.058881370024756e+01	8.131781590000000e-03
2.063086860021576e+01	8.127556180000000e-03
2.067687330022454e+01	8.134086620000000e-03
2.071248059999198e+01	8.116608490000000e-03
2.073632930032909e+01	8.139848710000000e-03
2.076031400030479e+01	8.124290970000000e-03
2.078429880039766e+01	8.134279400000000e-03
2.083529380010441e+01	8.153678850000000e-03
2.087825810024515e+01	8.161937820000000e-03
2.091124480031431e+01	8.163281720000000e-03
2.094322800030932e+01	8.166931570000001e-03
2.097822120040655e+01	8.151950309999999e-03
2.100217260001227e+01	8.165010250000000e-03
2.103209690004587e+01	8.174231279999999e-03
2.106615940015763e+01	8.160017429999999e-03
2.109933920018375e+01	8.174038490000000e-03
2.113020440004766e+01	8.174998689999999e-03
2.116009230026975e+01	8.190942000000000e-03
2.119107270007953e+01	8.167892689999999e-03
2.123103790031746e+01	8.179801520000000e-03
2.128302279999480e+01	8.158097039999999e-03
2.133002520026639e+01	8.173077370000000e-03
2.135399420000613e+01	8.180760780000001e-03
2.139003880042583e+01	8.180568930000000e-03
2.143193210009485e+01	8.190749210000001e-03
2.148359110020101e+01	8.191901260000000e-03
2.152787660015747e+01	8.206691590000001e-03
2.155188100039959e+01	8.209188470000000e-03
2.157966480031610e+01	8.230700160000000e-03
2.160689390031621e+01	8.221672850000000e-03
2.163083710009232e+01	8.218984120000000e-03
2.165473770024255e+01	8.219368760000000e-03
2.167784310039133e+01	8.213798519999999e-03
2.170088630029932e+01	8.219559680000000e-03
2.173236570041627e+01	8.215142409999999e-03
2.177915730001405e+01	8.230316450000000e-03
2.180235010012984e+01	8.225129919999999e-03
2.183102770010009e+01	8.244722150000000e-03
2.187600880023092e+01	8.268731650000000e-03
2.190007350035012e+01	8.265082720000001e-03
2.192900440003723e+01	8.254133160000000e-03
2.195295440033078e+01	8.257206530000000e-03
2.197897920012474e+01	8.276606910000000e-03
2.200392530020326e+01	8.268347010000000e-03
2.203289930010214e+01	8.264313450000000e-03
2.208004780020565e+01	8.264698090000000e-03
2.210487270029262e+01	8.260088040000000e-03
2.212985770031810e+01	8.267194960000000e-03
2.215383010031655e+01	8.276606910000000e-03
2.217883160011843e+01	8.268155160000000e-03
2.220282090036198e+01	8.260280829999999e-03
2.223078740015626e+01	8.262776770000001e-03
2.225477570015937e+01	8.258743210000001e-03
2.227776900026947e+01	8.262776770000001e-03
2.230142530007288e+01	8.263354190000001e-03
2.233372660027817e+01	8.280640470000000e-03
2.237871650001034e+01	8.297734890000000e-03
2.241275710007176e+01	8.301191960000001e-03
2.244368510041386e+01	8.295621720000000e-03
2.247865910036489e+01	8.296966550000000e-03
2.250263360003009e+01	8.287362750000001e-03
2.252978810016066e+01	8.298695090000001e-03
2.255578330019489e+01	8.310988550000000e-03
2.257973740017042e+01	8.303305130000001e-03
2.261358130024746e+01	8.301576600000001e-03
2.263756780000404e+01	8.304649960000000e-03
2.267853200016543e+01	8.310988550000000e-03
2.270251650037244e+01	8.300424549999999e-03
2.272850390011445e+01	8.298695090000001e-03
2.275180070009083e+01	8.302153090000000e-03
2.278565880004317e+01	8.296774700000000e-03
2.283286220021546e+01	8.306762200000000e-03
2.285726550035179e+01	8.299079720000000e-03
2.288149940036237e+01	8.312524300000000e-03
2.292841660045087e+01	8.298311379999999e-03
2.295249720010906e+01	8.300231769999999e-03
2.298502510040998e+01	8.301768450000000e-03
2.303192460024729e+01	8.299271580000000e-03
2.308032600022852e+01	8.308491669999999e-03
2.312681790022179e+01	8.292164649999999e-03
2.315680590039119e+01	8.294277819999999e-03
2.318035420030355e+01	8.287939240000000e-03
2.322879630001262e+01	8.287939240000000e-03
2.325201460020617e+01	8.284097540000000e-03
2.328273100033402e+01	8.285057730000000e-03
2.332968540024012e+01	8.286210710000000e-03
2.336068560043350e+01	8.278720080000000e-03
2.339267810015008e+01	8.280640470000000e-03
2.343963670032099e+01	8.283329200000000e-03
2.346364320022985e+01	8.269691839999999e-03
2.350159700028598e+01	8.273917250000000e-03
2.352958970004693e+01	8.274109100000000e-03
2.355355740012601e+01	8.272381500000000e-03
2.357897040015087e+01	8.278527300000000e-03
2.361264850012958e+01	8.275453929999999e-03
2.364351240033284e+01	8.255670780000000e-03
2.367877960018814e+01	8.235886689999999e-03
2.370273410016671e+01	8.244914000000001e-03
2.373574720043689e+01	8.246258830000000e-03
2.376646210020408e+01	8.240688590000000e-03
2.378942020004615e+01	8.242608980000000e-03
2.383240960026160e+01	8.243378250000001e-03
2.387839330034330e+01	8.229740899999999e-03
2.390137130022049e+01	8.246066979999999e-03
2.392835619999096e+01	8.234926500000000e-03
2.395272650010884e+01	8.240304889999999e-03
2.398432410042733e+01	8.227626789999999e-03
2.403130410006270e+01	8.233389819999999e-03
2.406128870043904e+01	8.232429620000000e-03
2.409224830009043e+01	8.218600410000000e-03
2.413022270007059e+01	8.197855200000000e-03
2.417821340030059e+01	8.184987120000001e-03
2.420220430009067e+01	8.202466180000000e-03
2.423116680001840e+01	8.170389570000000e-03
2.427716340031475e+01	8.167123420000000e-03
2.430129760038108e+01	8.163474500000000e-03
2.433013340039179e+01	8.174038490000000e-03
2.435412660008296e+01	8.170965130000001e-03
2.437712550023571e+01	8.168276400000000e-03
2.440112050017342e+01	8.157904260000000e-03
2.443207050021738e+01	8.116415700000001e-03
2.448005290003493e+01	8.057257159999999e-03
2.452661300031468e+01	8.064555940000001e-03
2.455101070040837e+01	8.062827400000000e-03
2.458096680045128e+01	8.046693170000001e-03
2.462994380015880e+01	8.054375650000001e-03
2.465392530011013e+01	8.052647110000000e-03
2.467790980031714e+01	8.055912330000000e-03
2.470192010002211e+01	8.059562180000000e-03
2.472989270044491e+01	8.062250910000001e-03
2.475417080009356e+01	8.034591560000000e-03
2.479285260010511e+01	8.056296040000001e-03
2.483084220020100e+01	8.046116680000000e-03
2.488680950039998e+01	8.042274970000001e-03
2.492880200035870e+01	8.032094690000000e-03
2.495175580028445e+01	8.057257159999999e-03
2.497574050026014e+01	8.046500380000000e-03
2.499873230000958e+01	8.053607310000000e-03
2.503272240003571e+01	8.050918580000000e-03
2.507868270017207e+01	8.059754040000000e-03
2.510177680011839e+01	8.070126180000000e-03
2.512866140017286e+01	8.072431200000001e-03
2.516664180019870e+01	8.080882019999999e-03
2.519061460020021e+01	8.076080120000001e-03
2.523060420015827e+01	8.107580240000000e-03
2.525463890004903e+01	8.123138920000000e-03
2.527761740004644e+01	8.141386319999999e-03
2.530159060005099e+01	8.185947310000000e-03
2.533376270020381e+01	8.218984120000000e-03
2.537894250033423e+01	8.263354190000001e-03
2.540403070021421e+01	8.287362750000001e-03
2.543439270043746e+01	8.292741140000000e-03
2.547858700016513e+01	8.293509480000001e-03
2.551355400029570e+01	8.295429870000001e-03
2.553783240029588e+01	8.281792510000000e-03
2.557658480014652e+01	8.281216960000001e-03
2.560062710009515e+01	8.283137340000000e-03
2.563982890034094e+01	8.312332440000000e-03
2.568567020026967e+01	8.305610160000001e-03
2.572894920036197e+01	8.308107029999999e-03
2.575200870027766e+01	8.322512730000000e-03
2.577964420011267e+01	8.325202390000000e-03
2.580333170015365e+01	8.309259080000001e-03
2.583149540005252e+01	8.313100790000000e-03
2.585591640044004e+01	8.319632150000001e-03
2.587977080000564e+01	8.307146840000000e-03
2.592785700038075e+01	8.303112350000001e-03
2.595193140022457e+01	8.304457180000000e-03
2.598178670043126e+01	8.291396310000001e-03
2.604446160001680e+01	8.305418310000000e-03
2.607861870015040e+01	8.308491669999999e-03
2.610559500008821e+01	8.294277819999999e-03
2.613058300036937e+01	8.289859630000000e-03
2.615466170012951e+01	8.283329200000000e-03
2.617779400013387e+01	8.268155160000000e-03
2.620069409999996e+01	8.254133160000000e-03
2.624567450024188e+01	8.254902440000000e-03
2.627979870000854e+01	8.249524050000000e-03
2.630393460020423e+01	8.246834390000001e-03
2.633089270023629e+01	8.244337510000000e-03
2.638449309999123e+01	8.251252580000000e-03
2.643216200033203e+01	8.263161410000001e-03
2.645851260004565e+01	8.242417130000000e-03
2.648251570016146e+01	8.272188720000000e-03
2.654137180000544e+01	8.259703409999999e-03
2.657863150024787e+01	8.263161410000001e-03
2.660292770015076e+01	8.257206530000000e-03
2.663094820035622e+01	8.241840639999999e-03
2.668063980014995e+01	8.210149590000000e-03
2.672786159999669e+01	8.107389320000000e-03
2.675199330039322e+01	8.081843150000000e-03
2.679002940002829e+01	8.048228920000001e-03
2.683203040016815e+01	8.053223599999999e-03
2.687967640021816e+01	8.053991940000000e-03
2.690364150004461e+01	8.053607310000000e-03
2.692863730015233e+01	8.060330530000000e-03
2.695161020010710e+01	8.057257159999999e-03
2.697858560038731e+01	8.056872519999999e-03
2.700258600013331e+01	8.062059060000000e-03
2.703157410025597e+01	8.062827400000000e-03
2.707116140006110e+01	8.043044250000001e-03
2.709950320003554e+01	8.042851460000000e-03
2.712948150001466e+01	8.045732040000000e-03
2.716148480027914e+01	7.975624870000000e-03
2.718545660004020e+01	7.853465150000001e-03
2.723143130028620e+01	7.776059210000000e-03
2.728745699999854e+01	7.632002700000000e-03
2.733038910012692e+01	7.585712240000000e-03
2.735437460010871e+01	7.568810140000000e-03
2.737735110009089e+01	7.563816380000000e-03
2.741136880032718e+01	7.543072570000000e-03
2.743535090005025e+01	7.498126480000000e-03
2.748930200003088e+01	7.455870040000000e-03
2.752846450032666e+01	7.444345390000000e-03
2.755225870013237e+01	7.445113270000000e-03
2.757822820032015e+01	7.440696470000000e-03
2.761323600029573e+01	7.410155610000000e-03
2.763721100008115e+01	7.373469420000000e-03
2.766119880042970e+01	7.352725600000000e-03
2.768517780024558e+01	7.315847560000000e-03
2.773815790005028e+01	7.298368960000000e-03
2.777911230036989e+01	7.299905180000000e-03
2.780311620002612e+01	7.296063470000000e-03
2.783109760005027e+01	7.308740170000000e-03
2.787606100039557e+01	7.293950770000000e-03
2.791205120040104e+01	7.296063470000000e-03
2.793604830000550e+01	7.298176180000000e-03
2.795902330009267e+01	7.288957010000000e-03
2.799000630015507e+01	7.282618430000000e-03
2.803200030000880e+01	7.285883650000000e-03
2.808526670001447e+01	7.277048190000000e-03
2.812992650037631e+01	7.277816530000000e-03
2.815392230032012e+01	7.281658240000000e-03
2.817890080017969e+01	7.283002600000000e-03
2.820288430014625e+01	7.272630460000000e-03
2.824088590033352e+01	7.274550850000000e-03
2.827183830039576e+01	7.272053980000000e-03
2.829607070004568e+01	7.231334220000000e-03
2.833383140014485e+01	7.087853740000000e-03
2.837780280038714e+01	7.017170080000000e-03
2.841281560016796e+01	6.969344340000000e-03
2.844376930035651e+01	6.952441300000000e-03
2.847874970035627e+01	6.946871060000000e-03
2.850274870032445e+01	6.937074940000000e-03
2.852837559999898e+01	6.933041850000000e-03
2.856576990010217e+01	6.927279290000000e-03
2.859765290003270e+01	6.935154550000000e-03
2.863463910017163e+01	6.912873590000000e-03
2.867860210034996e+01	6.886367220000000e-03
2.870257470011711e+01	6.829128600000000e-03
2.873959940019995e+01	6.803006870000000e-03
2.878656230028719e+01	6.807232740000000e-03
2.883050730032846e+01	6.797628480000000e-03
2.885451460024342e+01	6.798204970000000e-03
2.887847670027986e+01	6.775348450000000e-03
2.891247089998797e+01	6.757485680000000e-03
2.894345570029691e+01	6.761711090000000e-03
2.897844870015979e+01	6.763631480000000e-03
2.900745640043169e+01	6.766512060000000e-03
2.903140730038285e+01	6.760941820000000e-03
2.931336260028183e+01	6.769778210000000e-03
2.935220510000363e+01	6.690835110000000e-03
2.937918930035084e+01	6.560032260000000e-03
2.940318710030988e+01	6.402722560000000e-03
2.943115930026397e+01	6.285172890000000e-03
2.946116639999673e+01	6.168966650000000e-03
2.948514190036803e+01	6.081957370000000e-03
2.953011960024014e+01	6.064286460000000e-03
2.958608929999173e+01	6.036819420000000e-03
2.963206310011446e+01	6.022413730000000e-03
2.967853310005739e+01	6.014538460000000e-03
2.970200250018388e+01	6.016843490000000e-03
2.974100830033422e+01	6.005895320000000e-03
2.976496430020779e+01	6.004550960000000e-03
2.978797679999843e+01	5.986880050000000e-03
2.983295780001208e+01	5.969593300000000e-03
2.987791960034519e+01	5.959797180000000e-03
2.991491450043395e+01	5.885656460000000e-03
2.994689340004697e+01	5.786929750000000e-03
2.997884260024875e+01	5.764457400000000e-03
3.000299510033801e+01	5.751203750000000e-03
3.004177190037444e+01	5.736222030000000e-03
3.006784400017932e+01	5.720471960000000e-03
3.009177470020950e+01	5.675910510000000e-03
3.013476030016318e+01	5.654206030000000e-03
3.017876270040870e+01	5.657855420000000e-03
3.020276280026883e+01	5.641337020000000e-03
3.024371910002083e+01	5.593318490000000e-03
3.027869730023667e+01	5.556055340000000e-03
3.030265239998698e+01	5.509765820000000e-03
3.033065860019997e+01	5.465780380000000e-03
3.035462380014360e+01	5.441194400000000e-03
3.037863220041618e+01	5.437929650000000e-03
3.041462180018425e+01	5.433511450000000e-03
3.043857960030437e+01	5.420642900000000e-03
3.047857170039788e+01	5.415072660000000e-03
3.050256010005251e+01	5.418530200000000e-03
3.052854760037735e+01	5.421218930000000e-03
3.055324880033731e+01	5.420450590000000e-03
3.058811750030145e+01	5.403932180000000e-03
3.063148930016905e+01	5.390870850000000e-03
3.065547130024061e+01	5.359754900000000e-03
3.067943840008229e+01	5.314616950000000e-03
3.070344449998811e+01	5.285998340000000e-03
3.074342480022460e+01	5.254689600000000e-03
3.079019410023466e+01	5.241244570000000e-03
3.083023200044408e+01	5.232217260000000e-03
3.087716800021008e+01	5.217043220000000e-03
3.091342990007252e+01	5.209167950000000e-03
3.093742720037699e+01	5.200908980000000e-03
3.096205250034109e+01	5.191497040000000e-03
3.098537370003760e+01	5.119084850000000e-03
3.103235020022839e+01	5.072602540000000e-03
3.107839600043371e+01	4.990010060000000e-03
3.111651970027015e+01	4.943335890000000e-03
3.114828780014068e+01	4.925857300000000e-03
3.117824670020491e+01	4.918366670000000e-03
3.120224240003154e+01	4.894933660000000e-03
3.124124640040100e+01	4.852292590000000e-03
3.126520220004022e+01	4.824633710000000e-03
3.128919820021838e+01	4.787563350000000e-03
3.133117830008268e+01	4.775654520000000e-03
3.137615330005065e+01	4.714766980000000e-03
3.140030610002577e+01	4.683074540000000e-03
3.143113620020449e+01	4.675967620000000e-03
3.147608730010688e+01	4.651382100000000e-03
3.150005820021033e+01	4.634863700000000e-03
3.152810140000656e+01	4.640818110000000e-03
3.155304560018703e+01	4.641778300000000e-03
3.158902260009199e+01	4.641394130000000e-03
3.163198650022969e+01	4.636400380000000e-03
3.167697610007599e+01	4.636784550000000e-03
3.171513460017741e+01	4.626028240000000e-03
3.173892110027373e+01	4.620265680000000e-03
3.177790880016983e+01	4.622955340000000e-03
3.180200210027397e+01	4.618729000000000e-03
3.183087080018595e+01	4.613543390000000e-03
3.185485270014033e+01	4.612198570000000e-03
3.187884180014953e+01	4.599714190000000e-03
3.191598240006715e+01	4.542475570000000e-03
3.194783980026841e+01	4.510591270000000e-03
3.197878740029410e+01	4.503484350000000e-03
3.200278260000050e+01	4.505597050000000e-03
3.203078710008413e+01	4.501371180000000e-03
3.209032060019672e+01	4.478706980000000e-03
3.213070330023766e+01	4.472560250000000e-03
3.215470440033823e+01	4.470639400000000e-03
3.218468540022150e+01	4.471215890000000e-03
3.223164660017937e+01	4.467950200000000e-03
3.227764710038900e+01	4.439907610000000e-03
3.230865310039371e+01	4.374986050000000e-03
3.233160290028900e+01	4.356739110000000e-03
3.237658230029047e+01	4.319284580000000e-03
3.240155840013176e+01	4.296235270000000e-03
3.243354050023481e+01	4.287591670000000e-03
3.245753210037947e+01	4.279716870000000e-03
3.248155800020322e+01	4.277220000000000e-03
3.252803600020707e+01	4.270881410000000e-03
3.255745379999280e+01	4.262621980000000e-03
3.258149650041014e+01	4.242454190000000e-03
3.262941300030798e+01	4.154867960000000e-03
3.266603310033679e+01	4.101855680000000e-03
3.268937290040776e+01	4.063248170000000e-03
3.272838210035115e+01	4.045577250000000e-03
3.275134060019627e+01	4.033477050000000e-03
3.277633630018681e+01	4.026753830000000e-03
3.280145930033177e+01	4.022912590000000e-03
3.283132120035589e+01	4.015037320000000e-03
3.287771420041099e+01	3.956646660000000e-03
3.290135370008647e+01	3.940704280000000e-03
3.292825190024450e+01	3.920344170000000e-03
3.295123090036213e+01	3.878087970000000e-03
3.297842350043356e+01	3.843322400000000e-03
3.301021100021899e+01	3.814511000000000e-03
3.303432650025934e+01	3.804715350000000e-03
3.307215600041673e+01	3.797032170000000e-03
3.309652220038697e+01	3.793766720000000e-03
3.312912180041894e+01	3.788196480000000e-03
3.315312480041757e+01	3.755352230000000e-03
3.318110210029408e+01	3.730190220000000e-03
3.324321220023558e+01	3.685244820000000e-03
3.328913440043107e+01	3.662579690000000e-03
3.332990310015157e+01	3.645100860000000e-03
3.335386420041323e+01	3.633384360000000e-03
3.337701790034771e+01	3.620707200000000e-03
3.339998010033742e+01	3.559627570000000e-03
3.344636150030419e+01	3.456291280000000e-03
3.347813240019605e+01	3.410193140000000e-03
3.350127610005438e+01	3.351610150000000e-03
3.352828730037436e+01	3.307432870000000e-03
3.355327230039984e+01	3.276508770000000e-03
3.358801260031760e+01	3.221959340000000e-03
3.363030730001628e+01	3.213892230000000e-03
3.365431280015036e+01	3.205249090000000e-03
3.367727120034397e+01	3.195837370000000e-03
3.370026489999145e+01	3.186809600000000e-03
3.372924540005624e+01	3.159535120000000e-03
3.375323330005631e+01	3.109787820000000e-03
3.379021520027891e+01	3.015286750000000e-03
3.383117470005527e+01	2.958624620000000e-03
3.387717170035467e+01	2.873535270000000e-03
3.391517650010064e+01	2.825324420000000e-03
3.393912860006094e+01	2.810342700000000e-03
3.397710520029068e+01	2.791327190000000e-03
3.400107230013236e+01	2.774808560000000e-03
3.403205320006236e+01	2.745997630000000e-03
3.407805170025676e+01	2.691448430000000e-03
3.410214110044762e+01	2.676082310000000e-03
3.412801000010222e+01	2.664557890000000e-03
3.416361260041595e+01	2.648807830000000e-03
3.418661299999803e+01	2.597139450000000e-03
3.424248360004276e+01	2.568519910000000e-03
3.426568100042641e+01	2.548160260000000e-03
3.428891440015286e+01	2.513394690000000e-03
3.433114780019969e+01	2.503598810000000e-03
3.437754430016503e+01	2.483046610000000e-03
3.440080900024623e+01	2.470945940000000e-03
3.443112780014053e+01	2.465375700000000e-03
3.449049090035260e+01	2.450009580000000e-03
3.453833110025153e+01	2.399686490000000e-03
3.456328800041229e+01	2.354740400000000e-03
3.460138360038400e+01	2.292700110000000e-03
3.463227440044284e+01	2.269651040000000e-03
3.467778160003945e+01	2.226626270000000e-03
3.470990330027416e+01	2.195702170000000e-03
3.473377230018377e+01	2.145763020000000e-03
3.477808170020580e+01	2.119832670000000e-03
3.480265760002658e+01	2.085835440000000e-03
3.483435740042478e+01	2.068932630000000e-03
3.486459750030190e+01	2.061826180000000e-03
3.488757110014558e+01	2.054527400000000e-03
3.492957710009068e+01	2.050301760000000e-03
3.495268740039319e+01	2.048380910000000e-03
3.499110560026020e+01	2.013999500000000e-03
3.503815470030531e+01	1.987684980000000e-03
3.507810410019010e+01	1.975200140000000e-03
3.511570840002969e+01	1.947733570000000e-03
3.514773500012234e+01	1.922955740000000e-03
3.517162750009447e+01	1.889918810000000e-03
3.519588540028781e+01	1.850351340000000e-03
3.523160370020196e+01	1.842284340000000e-03
3.527664769999683e+01	1.833640850000000e-03
3.529963940009475e+01	1.816162020000000e-03
3.533059710031375e+01	1.778131230000000e-03
3.537562620034441e+01	1.715706890000000e-03
3.541361720021814e+01	1.669416670000000e-03
3.543657750030980e+01	1.636187780000000e-03
3.546087420033291e+01	1.603534910000000e-03
3.548451930005103e+01	1.566464430000000e-03
3.552946040034294e+01	1.548217490000000e-03
3.555439120018855e+01	1.529009900000000e-03
3.557929110014811e+01	1.520366520000000e-03
3.561532570002601e+01	1.512875550000000e-03
3.564643590012565e+01	1.506152910000000e-03
3.567847370030358e+01	1.492515560000000e-03
3.570283510023728e+01	1.480030590000000e-03
3.573880810011178e+01	1.437005940000000e-03
3.576290830038488e+01	1.401280050000000e-03
3.578668950032443e+01	1.331940880000000e-03
3.584590450022370e+01	1.277583530000000e-03
3.587861710041761e+01	1.263562240000000e-03
3.590232810005546e+01	1.241665570000000e-03
3.592855430021882e+01	1.228220410000000e-03
3.595588260004297e+01	1.223418510000000e-03
3.597896080045030e+01	1.220345150000000e-03
3.600311400042847e+01	1.215543480000000e-03
3.603034340031445e+01	1.205363430000000e-03
3.606530370004475e+01	1.192686500000000e-03
3.609763130033389e+01	1.175207670000000e-03
3.612969680037349e+01	1.155807990000000e-03
3.615379650006071e+01	1.143899400000000e-03
3.617839260026813e+01	1.137560820000000e-03
3.620488870004192e+01	1.122387010000000e-03
3.623687220038846e+01	1.083587880000000e-03
3.627846690034494e+01	1.066109050000000e-03
3.631482310034335e+01	1.057849730000000e-03
3.634534670040011e+01	1.055160770000000e-03
3.636959360027686e+01	1.050743040000000e-03
3.639296030020341e+01	1.027117830000000e-03
3.643758310005069e+01	9.662299420000000e-04
3.647778020007536e+01	9.360741820000000e-04
3.650247010029852e+01	9.041896560000000e-04
3.652749760029837e+01	8.705766520000000e-04
3.656349370023236e+01	8.415732880000000e-04
3.658745180023834e+01	8.202529280000000e-04
3.663048820011318e+01	8.073839710000000e-04
3.665463260002434e+01	7.943226960000000e-04
3.667758390028030e+01	7.860636110000000e-04
3.670115149999037e+01	7.824141070000001e-04
3.672971640015021e+01	7.806853970000000e-04
3.675388000020757e+01	7.793409750000000e-04
3.678238910017535e+01	7.758834980000000e-04
3.683107470022514e+01	7.528346610000000e-04
3.687855790043250e+01	7.267124020000000e-04
3.690569000039250e+01	7.090415460000000e-04
3.692983630020171e+01	6.954042470000000e-04
3.695431800000370e+01	6.852241350000000e-04
3.698206130042672e+01	6.717788640000000e-04
3.703557300008833e+01	6.518031590000000e-04
3.707851560041308e+01	6.439281280000000e-04
3.710819900035858e+01	6.258729260000000e-04
3.713146230019629e+01	6.183819500000000e-04
3.718545390013605e+01	5.851530000000000e-04
3.723165510036051e+01	5.734364390000000e-04
3.725559780001640e+01	5.582626330000000e-04
3.727872460009530e+01	5.428966250000000e-04
3.730231990013272e+01	5.225366330000000e-04
3.733155760029331e+01	4.991035090000000e-04
3.737765830010176e+01	4.361028260000000e-04
3.740216500032693e+01	3.834742820000000e-04
3.743328090012074e+01	3.239309590000000e-04
3.747962550027296e+01	2.981928990000000e-04
3.750278770038858e+01	2.782171070000000e-04
3.754178910003975e+01	2.636193820000000e-04
3.756581010017544e+01	2.611224480000000e-04
3.760442130034789e+01	2.519028200000000e-04
3.763084100000560e+01	2.478692910000000e-04
3.767579880030826e+01	2.430673920000000e-04
3.769915420003235e+01	2.288538670000000e-04
3.772987020015717e+01	2.136799590000000e-04
3.775328170042485e+01	1.979297380000000e-04
3.777801170013845e+01	1.885180970000000e-04
3.780233950028196e+01	1.848686220000000e-04
3.783892000000924e+01	1.842924100000000e-04
3.786428940016776e+01	1.825638030000000e-04
3.788748940033838e+01	1.806430520000000e-04
3.792960570007563e+01	1.787222860000000e-04
3.796454380033538e+01	1.631642080000000e-04
3.798808840010315e+01	1.380023460000000e-04
3.803062410000712e+01	1.295510880000000e-04
3.807716040033847e+01	1.184107240000000e-04
3.810104550002143e+01	1.128404910000000e-04
3.812839780002832e+01	1.111118760000000e-04
3.815184500021860e+01	1.063099840000000e-04
3.817560150008649e+01	9.958734150000000e-05
3.821212910022587e+01	9.209645940000000e-05
3.824249400012195e+01	8.595001420000000e-05
3.828849730035290e+01	6.655041940000000e-05
3.832927780039608e+01	5.982777660000000e-05
3.835274360002950e+01	5.444967970000000e-05
3.838019250007346e+01	4.811120740000000e-05
3.842786370031536e+01	4.158070440000000e-05
3.845183800021186e+01	3.927577560000000e-05
3.847517119999975e+01	3.697084680000000e-05
3.849892280017957e+01	3.408971320000000e-05
3.853892500000075e+01	3.024819850000000e-05
3.857887870026752e+01	2.986413710000000e-05
3.861584660038352e+01	2.871161630000000e-05
3.864770760014653e+01	2.832744210000000e-05
3.867776390025392e+01	2.851958560000000e-05
3.870175000000745e+01	2.851958560000000e-05
3.873084690002725e+01	2.775123900000000e-05
3.875528180040419e+01	2.736706480000000e-05
3.877915820013732e+01	2.352566480000000e-05
3.880283410008997e+01	1.910783610000000e-05
3.883200730010867e+01	1.641884410000000e-05
3.887784480024129e+01	1.200112820000000e-05
3.890139190014452e+01	1.046454600000000e-05
3.892828890029341e+01	9.504167790000001e-06
3.895205570012331e+01	8.543789590000001e-06
3.898895140038803e+01	7.967585590000000e-06
3.903112330008298e+01	7.199237640000000e-06
3.906872290000319e+01	8.351646100000001e-06
3.909916099999100e+01	8.159616299999999e-06
3.912907740008086e+01	8.159616299999999e-06
3.916264340002090e+01	7.583411390000000e-06
3.918585040001199e+01	6.815063900000000e-06
3.923959660017863e+01	5.470512410000000e-06
3.927970030019060e+01	5.278481690000000e-06
3.930331530002877e+01	5.086450980000000e-06
3.933271000022069e+01	5.470512410000000e-06
3.935680870013312e+01	5.662655440000000e-06
3.938017940009013e+01	5.278481690000000e-06
3.942892580013722e+01	4.510134200000000e-06
3.945727880019695e+01	5.086450980000000e-06
3.948189230030403e+01	4.894307950000000e-06
3.952780030015856e+01	5.278481690000000e-06
3.955180810019374e+01	5.662655440000000e-06
3.958179150009528e+01	5.278481690000000e-06
3.962975670024753e+01	5.662655440000000e-06
3.965383120020851e+01	5.470512410000000e-06
3.967722870036960e+01	5.086450980000000e-06
3.970221520029008e+01	5.086450980000000e-06
3.972931090043858e+01	6.238859900000000e-06
3.975244559999555e+01	6.430890150000000e-06
3.978638810012490e+01	9.888229210000000e-06
3.983247290039435e+01	1.180898470000000e-05
3.988027940038592e+01	1.488226280000000e-05
3.992599540017545e+01	1.680301830000000e-05
3.994913490023464e+01	1.680301830000000e-05
3.997232880024239e+01	1.737922320000000e-05
4.000199720030650e+01	1.737922320000000e-05
4.003596590040252e+01	1.737922320000000e-05
4.007837090035900e+01	1.737922320000000e-05
4.011253940034658e+01	1.757125390000000e-05
4.014320620009676e+01	1.757125390000000e-05
4.017841420043260e+01	1.795542810000000e-05
4.020184540003538e+01	1.814745700000000e-05
4.023038030043244e+01	1.737922320000000e-05
4.025442770030349e+01	1.776339740000000e-05
4.028419450018555e+01	1.795542810000000e-05
4.032965530036017e+01	1.737922320000000e-05
4.037573310034350e+01	1.814745700000000e-05
4.040675780037418e+01	1.757125390000000e-05
4.043272870033979e+01	1.814745700000000e-05
4.048400370031595e+01	1.776339740000000e-05
4.052817050041631e+01	1.814745700000000e-05
4.055304850032553e+01	1.757125390000000e-05
4.057933960016817e+01	1.833960050000000e-05
4.060335890017450e+01	1.737922320000000e-05
4.063150680018589e+01	1.718707970000000e-05
4.067768130032346e+01	1.680301830000000e-05
4.070465339999646e+01	1.411391530000000e-05
4.073592850007117e+01	1.276936290000000e-05
4.078050030022860e+01	1.008037180000000e-05
4.082818670012057e+01	7.967585590000000e-06
4.085870160022750e+01	7.967585590000000e-06
4.088321000011638e+01	7.967585590000000e-06
4.092960360040888e+01	7.391268350000000e-06
4.095285030035302e+01	7.583411390000000e-06
4.098236860008910e+01	7.967585590000000e-06
4.102978800004348e+01	6.046829180000000e-06
4.105580400023609e+01	6.046829180000000e-06
4.109174770023674e+01	5.854686150000000e-06
4.112789930030704e+01	6.238859900000000e-06
4.115137870004401e+01	5.854686150000000e-06
4.117451010039076e+01	4.702277240000000e-06
4.120131350029260e+01	4.894307950000000e-06
4.123247200017795e+01	5.662655440000000e-06
4.127853930043057e+01	5.662655440000000e-06
4.130249790009111e+01	6.430890150000000e-06
4.133210180001333e+01	7.583411390000000e-06
4.137701830035076e+01	9.312024300000000e-06
4.140323530044407e+01	9.696198500000000e-06
4.143451240006834e+01	1.046454600000000e-05
4.145787320006639e+01	1.142492420000000e-05
4.149591629998758e+01	1.123278070000000e-05
4.152898030029610e+01	1.180898470000000e-05
4.155909620039165e+01	1.104075000000000e-05
4.158993390016258e+01	1.142492420000000e-05
4.163005480030552e+01	1.219315890000000e-05
4.168569530034438e+01	1.641884410000000e-05
4.173323690006509e+01	1.699504900000000e-05
4.175719260005280e+01	1.680301830000000e-05
4.178041240014136e+01	1.737922320000000e-05
4.182940779998899e+01	1.718707970000000e-05
4.185321150021628e+01	1.737922320000000e-05
4.187780700018629e+01	1.757125390000000e-05
4.190285660000518e+01	1.661087480000000e-05
4.193000910012051e+01	1.718707970000000e-05
4.197536160005257e+01	1.680301830000000e-05
4.199948620004579e+01	1.661087480000000e-05
4.203107790043578e+01	1.641884410000000e-05
4.205895420024171e+01	1.526643610000000e-05
4.208270640019327e+01	1.200112820000000e-05
4.213769510015845e+01	9.888229210000000e-06
4.217820970015600e+01	9.312024300000000e-06
4.220164620038122e+01	8.735820300000000e-06
4.223032000008970e+01	9.119993590000000e-06
4.227620370034128e+01	7.775442100000000e-06
4.229950990015641e+01	7.007206930000000e-06
4.232940610032529e+01	7.967585590000000e-06
4.235420170007274e+01	7.391268350000000e-06
4.237895660009235e+01	7.007206930000000e-06
4.240292970044538e+01	7.007206930000000e-06
4.244678870029747e+01	6.623033640000000e-06
4.248050840012729e+01	6.046829180000000e-06
4.254015360027552e+01	5.662655440000000e-06
4.258651090040803e+01	5.662655440000000e-06
4.262998470012099e+01	5.470512410000000e-06
4.265379370003939e+01	5.086450980000000e-06
4.267740690009668e+01	5.470512410000000e-06
4.270162280043587e+01	4.702277240000000e-06
4.274067230010405e+01	5.854686150000000e-06
4.278670240007341e+01	5.278481690000000e-06
4.283164240000769e+01	4.702277240000000e-06
4.288009980041534e+01	5.854686150000000e-06
4.292546360008419e+01	5.470512410000000e-06
4.294906660029665e+01	5.278481690000000e-06
4.297243030043319e+01	5.470512410000000e-06
4.300394840026274e+01	5.470512410000000e-06
4.303150690020993e+01	5.278481690000000e-06
4.308147080009803e+01	5.662655440000000e-06
4.312703210022300e+01	6.430890150000000e-06
4.315841939998791e+01	6.238859900000000e-06
4.318916060030460e+01	6.238859900000000e-06
4.323086590040475e+01	6.046829180000000e-06
4.325594790000468e+01	6.046829180000000e-06
4.327926800027490e+01	6.046829180000000e-06
4.330333370016888e+01	6.238859900000000e-06
4.333108080038801e+01	6.430890150000000e-06
4.337726270034909e+01	6.046829180000000e-06
4.340648840041831e+01	5.854686150000000e-06
4.343120050011203e+01	6.046829180000000e-06
4.348522120015696e+01	6.623033640000000e-06
4.352840870013461e+01	6.238859900000000e-06
4.356333190016448e+01	6.238859900000000e-06
4.359566410025582e+01	5.662655440000000e-06
4.363270340021700e+01	5.854686150000000e-06
4.368903090013191e+01	6.623033640000000e-06
4.372927420027554e+01	5.854686150000000e-06
4.375344000011683e+01	5.854686150000000e-06
4.377856910042465e+01	6.238859900000000e-06
4.380282520037144e+01	5.854686150000000e-06
4.383123960020021e+01	5.854686150000000e-06
4.385882750013843e+01	5.854686150000000e-06
4.388218190008774e+01	6.238859900000000e-06
4.392948410008103e+01	6.430890150000000e-06
4.396754280012101e+01	6.430890150000000e-06
4.399160020006821e+01	6.815063900000000e-06
4.403116970043629e+01	6.238859900000000e-06
4.408945750026032e+01	6.238859900000000e-06
4.412851180043072e+01	6.238859900000000e-06
4.415248310007155e+01	6.238859900000000e-06
4.417671730043367e+01	5.662655440000000e-06
4.420031230011955e+01	6.238859900000000e-06
4.423206500010565e+01	5.854686150000000e-06
4.429055580031127e+01	5.854686150000000e-06
4.433712640032172e+01	6.430890150000000e-06
4.437897070031613e+01	6.238859900000000e-06
4.440250910026953e+01	6.046829180000000e-06
4.443157680006698e+01	5.278481690000000e-06
4.445612200023606e+01	5.662655440000000e-06
4.449431370012462e+01	5.278481690000000e-06
4.452986790006980e+01	6.046829180000000e-06
4.458806170010939e+01	4.894307950000000e-06
4.463100150041282e+01	6.046829180000000e-06
4.467722490010783e+01	5.086450980000000e-06
4.470122090028599e+01	5.470512410000000e-06
4.472849420038983e+01	5.854686150000000e-06
4.475250890012830e+01	5.854686150000000e-06
4.477614510012791e+01	6.430890150000000e-06
4.479965639999136e+01	7.967585590000000e-06
4.483415730018169e+01	8.927962880000001e-06
4.488431380037218e+01	8.543789590000001e-06
4.492884230008349e+01	9.119993590000000e-06
4.495246660010889e+01	8.927962880000001e-06
4.499360480019823e+01	9.504167790000001e-06
4.503411420015618e+01	9.119993590000000e-06
4.507209550030529e+01	9.696198500000000e-06
4.510329550039023e+01	8.351646100000001e-06
4.512940900027752e+01	9.696198500000000e-06
4.516564720030874e+01	9.696198500000000e-06
4.518968730000779e+01	9.504167790000001e-06
4.523235470009968e+01	9.504167790000001e-06
4.527794160041958e+01	1.008037180000000e-05
4.530309330020100e+01	9.696198500000000e-06
4.533158600004390e+01	1.027240250000000e-05
4.535565570043400e+01	1.027240250000000e-05
4.538404040038586e+01	1.104075000000000e-05
4.544480170030147e+01	1.008037180000000e-05
4.547824620036408e+01	1.104075000000000e-05
4.550273480033502e+01	1.200112820000000e-05
4.553902030037716e+01	1.238530150000000e-05
4.558702510036528e+01	1.104075000000000e-05
4.563088480010629e+01	1.200112820000000e-05
4.566517530009151e+01	1.180898470000000e-05
4.568824570020661e+01	1.180898470000000e-05
4.574303900031373e+01	1.200112820000000e-05
4.579000240005553e+01	1.219315890000000e-05
4.582980960002169e+01	1.296150640000000e-05
4.587578360037878e+01	1.315353710000000e-05
4.591236930014566e+01	1.392188460000000e-05
4.594448450021446e+01	1.372974110000000e-05
4.596757000032812e+01	1.430605790000000e-05
4.599090250022709e+01	1.449808860000000e-05
4.603147960035130e+01	1.507429260000000e-05
4.608542220015079e+01	1.910783610000000e-05
4.612966650025919e+01	2.122073600000000e-05
4.617517600022256e+01	2.448604390000000e-05
4.621185690024868e+01	2.832744210000000e-05
4.623522730031982e+01	2.832744210000000e-05
4.627437660004944e+01	3.197692420000000e-05
4.629836090002209e+01	3.274515980000000e-05
4.633570410031825e+01	3.351350820000000e-05
4.637864160025492e+01	3.332147750000000e-05
4.640292580006644e+01	3.351350820000000e-05
4.643151620030403e+01	3.332147750000000e-05
4.648977460013703e+01	3.505008860000000e-05
4.652823460008949e+01	3.639464190000000e-05
4.655431410018355e+01	3.677881610000000e-05
4.658547430019826e+01	3.927577560000000e-05
4.663161710044369e+01	4.138856090000000e-05
4.667769929999486e+01	4.811120740000000e-05
4.670159040018916e+01	4.983993490000000e-05
4.672886260040104e+01	5.041613990000000e-05
4.675265000015497e+01	5.137651530000000e-05
4.678099250001833e+01	5.176068950000000e-05
4.682862420007586e+01	5.195272020000000e-05
4.686530030006543e+01	5.214475100000000e-05
4.688965740008280e+01	5.272106860000000e-05
4.694219970004633e+01	5.310513010000000e-05
4.698007320007309e+01	5.444967970000000e-05
4.703589330008253e+01	5.541005880000000e-05
4.708335780026391e+01	5.579423300000000e-05
4.713072140002623e+01	5.617840720000000e-05
4.715512330038473e+01	5.637043800000000e-05
4.717911580018699e+01	5.790701830000000e-05
4.720264090038836e+01	5.694664290000000e-05
4.723810990015045e+01	5.982777660000000e-05
4.728477350017056e+01	7.557799840000000e-05
4.732999150035903e+01	7.999571240000000e-05
4.737780740018934e+01	8.287685340000000e-05
4.740914970031008e+01	8.383722890000001e-05
4.744033190002665e+01	8.518166580000000e-05
4.746449980000034e+01	8.633419200000000e-05
4.748786440026015e+01	8.767862890000000e-05
4.752918320009485e+01	8.787077240000000e-05
4.755404660012573e+01	8.787077240000000e-05
4.758169480040669e+01	8.902318220000001e-05
4.762917500035837e+01	8.863900439999999e-05
4.765241070045158e+01	8.959938710000000e-05
4.768965010019019e+01	9.132811099999999e-05
4.773760190000758e+01	9.248052080000000e-05
4.776283570006490e+01	9.248052080000000e-05
4.778694960009307e+01	1.193711070000000e-04
4.783195020025596e+01	1.447249960000000e-04
4.787760470015928e+01	1.779539450000000e-04
4.790156820043921e+01	1.804509080000000e-04
4.792869190033525e+01	1.806430520000000e-04
4.795270550018176e+01	1.819874890000000e-04
4.798593160044402e+01	1.833320420000000e-04
4.803123409999534e+01	1.842924100000000e-04
4.805632540024817e+01	1.864053190000000e-04
4.808048330014572e+01	1.871735440000000e-04
4.812621760042384e+01	1.935120240000000e-04
4.814973350008950e+01	1.969693550000000e-04
4.818821830023080e+01	1.998504890000000e-04
4.823026610026136e+01	2.027316220000000e-04
4.828015710040927e+01	2.246281800000000e-04
4.832669800007716e+01	2.315428570000000e-04
4.835053460020572e+01	2.323111980000000e-04
4.838797790044919e+01	2.323111980000000e-04
4.843164460035041e+01	2.334636080000000e-04
4.848299850011244e+01	2.638115260000000e-04
4.852911440003663e+01	2.701500200000000e-04
4.855331129999831e+01	2.766805120000000e-04
4.859462460037321e+01	2.889733000000000e-04
4.863006490003318e+01	2.905099830000000e-04
4.865394810028374e+01	2.905099830000000e-04
4.867703410005197e+01	2.908940370000000e-04
4.870023980038241e+01	2.908940370000000e-04
4.873464930010960e+01	2.905099830000000e-04
4.877831390034407e+01	2.918544340000000e-04
4.880240330006927e+01	2.910861800000000e-04
4.883068940043449e+01	2.910861800000000e-04
4.887624030001462e+01	2.916623780000000e-04
4.890583480009809e+01	2.908940370000000e-04
4.893693820014596e+01	2.912782070000000e-04
4.896862480044365e+01	2.912782070000000e-04
4.899873610027134e+01	2.903178390000000e-04
4.903204620024189e+01	2.907020100000000e-04
4.909267600020394e+01	2.916623780000000e-04
4.912787200044841e+01	2.933911160000000e-04
4.915195840038359e+01	2.941593410000000e-04
4.917809270042926e+01	2.945435120000000e-04
4.920273230038583e+01	2.943514850000000e-04
4.923079950036481e+01	2.953117660000000e-04
4.926234630029649e+01	2.947355680000000e-04
4.928593480028212e+01	2.935831440000000e-04
4.933201690018177e+01	2.943514850000000e-04
4.937791560031474e+01	2.945435120000000e-04
4.940193500043824e+01	2.947355680000000e-04
4.943371810019016e+01	2.939673140000000e-04
4.947989900037646e+01	2.939673140000000e-04
4.952779290033504e+01	2.941593410000000e-04
4.955893190018833e+01	2.941593410000000e-04
4.958268480002880e+01	2.943514850000000e-04
4.963174380036071e+01	2.945435120000000e-04
4.967751070018858e+01	2.941593410000000e-04
4.970146660041064e+01	2.937751710000000e-04
4.972825640020892e+01	2.945435120000000e-04
4.975234960019588e+01	2.939673140000000e-04
4.977855060016736e+01	2.933911160000000e-04
4.980267960019410e+01	2.937751710000000e-04
4.983014580002055e+01	2.939673140000000e-04
4.986751110013574e+01	2.945435120000000e-04
4.989156540017575e+01	2.935831440000000e-04
4.992985390033573e+01	2.943514850000000e-04
4.997530400007963e+01	2.949277110000000e-04
4.999880130030215e+01	2.939673140000000e-04
5.003282520035282e+01	2.920465780000000e-04
5.008577930042520e+01	2.920465780000000e-04
5.013191500026733e+01	2.920465780000000e-04
5.015586380008608e+01	2.914703510000000e-04
5.018004950042814e+01	2.916623780000000e-04
5.024066730029881e+01	2.916623780000000e-04
5.027793260011822e+01	2.912782070000000e-04
5.030195620004088e+01	2.918544340000000e-04
5.033038570033386e+01	2.912782070000000e-04
5.037592630041763e+01	2.918544340000000e-04
5.040022530034184e+01	2.918544340000000e-04
5.044452030025423e+01	2.912782070000000e-04
5.047600220004097e+01	2.916623780000000e-04
5.049912650045007e+01	2.920465780000000e-04
5.052919850032777e+01	2.981928990000000e-04
5.055317900003865e+01	3.041473100000000e-04
5.058679340034723e+01	3.081808390000000e-04
5.063416020013392e+01	3.116381990000000e-04
5.067922370042652e+01	3.122143970000000e-04
5.070315900025889e+01	3.116381990000000e-04
5.072870260011405e+01	3.116381990000000e-04
5.075175980012864e+01	3.116381990000000e-04
5.077635090006515e+01	3.122143970000000e-04
5.079971790034324e+01	3.124065410000000e-04
5.083209320018068e+01	3.150955310000000e-04
5.087791920034215e+01	3.258517240000000e-04
5.091596990032122e+01	3.158638720000000e-04
5.093962700013071e+01	2.638115260000000e-04
5.097797700017691e+01	2.350002030000000e-04
5.100298960041255e+01	2.277013410000000e-04
5.104398040007800e+01	2.071493510000000e-04
5.107262099999934e+01	1.986980790000000e-04
5.110319180041552e+01	1.963931570000000e-04
5.113021269999444e+01	1.948565770000000e-04
5.117741410015151e+01	1.944724060000000e-04
5.120060010021552e+01	1.946644330000000e-04
5.123092580027878e+01	1.940882210000000e-04
5.128949800040573e+01	1.940882210000000e-04
5.132966450043023e+01	1.956248020000000e-04
5.136830700002611e+01	1.954327740000000e-04
5.139199130004272e+01	1.958169450000000e-04
5.143157050013542e+01	1.956248020000000e-04
5.147805390041322e+01	1.956248020000000e-04
5.150793610000983e+01	1.954327740000000e-04
5.153195760026574e+01	1.952407470000000e-04
5.158788310037926e+01	1.714234390000000e-04
5.163120080018416e+01	1.627800370000000e-04
5.165525520034134e+01	1.587464940000000e-04
5.167871990008280e+01	1.597068770000000e-04
5.170292680012062e+01	1.641245910000000e-04
5.172909350041300e+01	1.683501610000000e-04
5.175932000018656e+01	1.721916780000000e-04
5.179075450031087e+01	1.637404200000000e-04
5.183703669998795e+01	1.212918580000000e-04
5.187825560010970e+01	1.134166960000000e-04
5.191324950009584e+01	1.114959380000000e-04
5.194459590036422e+01	1.065020190000000e-04
5.196777960006148e+01	1.009318880000000e-04
5.199072940042242e+01	8.902318220000001e-05
5.203145970031619e+01	8.691038970000001e-05
5.208640420017764e+01	1.114959380000000e-04
5.212805020017549e+01	1.414596920000000e-04
5.216335780033842e+01	2.132957890000000e-04
5.218733830004930e+01	3.175924940000000e-04
5.224102220032364e+01	3.867395860000000e-04
5.227167130028829e+01	4.259228300000000e-04
5.229577090032399e+01	4.389839600000000e-04
5.233078200044110e+01	4.399443280000000e-04
5.237629380030558e+01	4.399443280000000e-04
5.241299550002441e+01	4.410967520000000e-04
5.243651740020141e+01	4.451302810000000e-04
5.248961170017719e+01	4.485877290000000e-04
5.252722680009902e+01	4.599202370000000e-04
5.264413370005786e+01	5.398234350000000e-04
5.267978970007971e+01	6.028238570000000e-04
5.272561040008441e+01	7.359319130000000e-04
5.274967480031773e+01	8.068076570000000e-04
5.277774950023741e+01	8.559789279999999e-04
5.280440300004557e+01	8.901682450000000e-04
5.283099740045145e+01	9.009244390000000e-04
5.285500239999965e+01	9.030372600000000e-04
5.287823110027239e+01	9.034215470000000e-04
5.290147360041738e+01	9.043819150000000e-04
5.294417130015790e+01	9.070708180000000e-04
5.299070130009204e+01	9.255100160000000e-04
5.303040450019762e+01	9.577785969999999e-04
5.308405800024047e+01	1.018666430000000e-03
5.313055780017748e+01	1.054392430000000e-03
5.315532360039651e+01	1.098761680000000e-03
5.317918630037457e+01	1.139673640000000e-03
5.320344850001857e+01	1.186347920000000e-03
5.323137040017173e+01	1.218232440000000e-03
5.327706260001287e+01	1.276623220000000e-03
5.330012950021774e+01	1.308123700000000e-03
5.332979460014030e+01	1.329251680000000e-03
5.337581500038505e+01	1.360560190000000e-03
5.341091070044786e+01	1.375349940000000e-03
5.344223970035091e+01	1.382648600000000e-03
5.346592700015754e+01	1.387258530000000e-03
5.348995830025524e+01	1.443344520000000e-03
5.353133240016177e+01	1.478110090000000e-03
5.357721850043163e+01	1.533427510000000e-03
5.360111470008269e+01	1.560510140000000e-03
5.363047510012984e+01	1.579525650000000e-03
5.367691540019587e+01	1.611794230000000e-03
5.370127950003371e+01	1.627544410000000e-03
5.373835450038314e+01	1.652129930000000e-03
5.376898640021682e+01	1.666535620000000e-03
5.379973040008917e+01	1.697651690000000e-03
5.383148710010573e+01	1.721469100000000e-03
5.387689820025116e+01	1.775442160000000e-03
5.390997550031170e+01	1.819619560000000e-03
5.393443960044533e+01	1.888766650000000e-03
5.398746800003573e+01	1.956376710000000e-03
5.404032820044085e+01	2.013999500000000e-03
5.406692060036585e+01	2.058176790000000e-03
5.409803770016879e+01	2.112534130000000e-03
5.412962440028787e+01	2.148835920000000e-03
5.415322200022638e+01	2.176110630000000e-03
5.417849230021238e+01	2.202809090000000e-03
5.420688010007143e+01	2.248138650000000e-03
5.423751350026578e+01	2.338414310000000e-03
5.428463880019262e+01	2.392195400000000e-03
5.432986090006307e+01	2.411402990000000e-03
5.435367490025237e+01	2.441174580000000e-03
5.437743300013244e+01	2.484583300000000e-03
5.440895880013704e+01	2.528568730000000e-03
5.444035040028393e+01	2.580236640000000e-03
5.447813350008801e+01	2.596755280000000e-03
5.450193150015548e+01	2.620956630000000e-03
5.452863810025156e+01	2.643045500000000e-03
5.455268130032346e+01	2.653225330000000e-03
5.458063620002940e+01	2.658026990000000e-03
5.462834470020607e+01	2.695865930000000e-03
5.465929050045088e+01	2.737738190000000e-03
5.468988020019606e+01	2.772503770000000e-03
5.473004710022360e+01	2.797473690000000e-03
5.477728920010850e+01	2.876800720000000e-03
5.481383410003036e+01	2.951901870000000e-03
5.484477910026908e+01	3.029116200000000e-03
5.487795260036364e+01	3.085009990000000e-03
5.490244820015505e+01	3.143208800000000e-03
5.492851540027186e+01	3.185272920000000e-03
5.495218580029905e+01	3.227529580000000e-03
5.497633110033348e+01	3.276893170000000e-03
5.499973030015826e+01	3.339893650000000e-03
5.503327120002359e+01	3.432858040000000e-03
5.507941640028730e+01	3.463974220000000e-03
5.511073140008375e+01	3.505078140000000e-03
5.514257680019364e+01	3.570191330000000e-03
5.517923580016941e+01	3.601692150000000e-03
5.520308430027217e+01	3.650479020000000e-03
5.523618840007111e+01	3.702723650000000e-03
5.526067910017446e+01	3.745556340000000e-03
5.528406340023503e+01	3.798760940000000e-03
5.533084710035473e+01	3.819697300000000e-03
5.537664470029995e+01	3.872517730000000e-03
5.540479000005871e+01	3.916310610000000e-03
5.543605540040880e+01	3.988146780000000e-03
5.547823410015553e+01	4.015997980000000e-03
5.550212540011853e+01	4.036741800000000e-03
5.552780990023166e+01	4.063824190000000e-03
5.555459480034187e+01	4.098205830000000e-03
5.559173990041018e+01	4.215179480000000e-03
5.563177450001240e+01	4.249369260000000e-03
5.567725170031190e+01	4.313522480000000e-03
5.570071420026943e+01	4.359812010000000e-03
5.573220700025558e+01	4.415129780000000e-03
5.577842810004950e+01	4.482740540000000e-03
5.580225510010496e+01	4.510015250000000e-03
5.583052960038185e+01	4.529030060000000e-03
5.585592270037159e+01	4.552079360000000e-03
5.587956570042297e+01	4.570326770000000e-03
5.590301090013236e+01	4.598369360000000e-03
5.593264940008521e+01	4.693446680000000e-03
5.598030090006068e+01	4.736087280000000e-03
5.602862740028650e+01	4.781224760000000e-03
5.605465900013223e+01	4.810036160000000e-03
5.608778270008042e+01	4.885137080000000e-03
5.612774410005659e+01	4.928738340000000e-03
5.616551140043885e+01	4.989242180000000e-03
5.618952780030668e+01	5.030537960000000e-03
5.623132030013949e+01	5.039373880000000e-03
5.627663620002568e+01	5.061846230000000e-03
5.629968790011480e+01	5.075675900000000e-03
5.633654720010236e+01	5.143862220000000e-03
5.637859350023791e+01	5.179204510000000e-03
5.640215130010620e+01	5.233561620000000e-03
5.644579740008339e+01	5.287534560000000e-03
5.646976840030402e+01	5.332480180000000e-03
5.649396670004353e+01	5.364172630000000e-03
5.652915100008249e+01	5.378962030000000e-03
5.655313650006428e+01	5.408349450000000e-03
5.658906710008159e+01	5.517448760000000e-03
5.662988630030304e+01	5.561817900000000e-03
5.667603750014678e+01	5.614830650000000e-03
5.669943869998679e+01	5.658623760000000e-03
5.672997290035710e+01	5.720663820000000e-03
5.675476300017908e+01	5.810362750000000e-03
5.679356590006500e+01	5.955571770000000e-03
5.683180200029165e+01	6.002054080000000e-03
5.687742360029370e+01	6.082917560000000e-03
5.690193010028452e+01	6.151488050000000e-03
5.692813770007342e+01	6.193937270000000e-03
5.695239690039307e+01	6.239266130000000e-03
5.697834180016071e+01	6.292663510000000e-03
5.700199440028518e+01	6.342602890000000e-03
5.703023430006579e+01	6.383899130000000e-03
5.705700200004503e+01	6.431533490000000e-03
5.708862030040473e+01	6.531028540000000e-03
5.713377130031586e+01	6.591532380000000e-03
5.717854150012136e+01	6.594605740000000e-03
5.720282740006223e+01	6.611124150000000e-03
5.723060060013086e+01	6.632251660000000e-03
5.727642510039732e+01	6.675469220000000e-03
5.730115490034223e+01	6.701783280000000e-03
5.733280700026080e+01	6.718109830000000e-03
5.735634220018983e+01	6.735588420000000e-03
5.738002330018207e+01	6.755180190000000e-03
5.742859730031341e+01	6.802046670000000e-03
5.745774880005047e+01	6.857172120000000e-03
5.748173410026357e+01	6.892705800000000e-03
5.752758930018172e+01	6.955706980000000e-03
5.755158640025184e+01	6.983557250000000e-03
5.758196730026975e+01	7.028694730000000e-03
5.763067960040644e+01	7.090158760000000e-03
5.766181870037690e+01	7.137985900000000e-03
5.768538870010525e+01	7.213087290000000e-03
5.773000470036641e+01	7.240937560000000e-03
5.777764700027183e+01	7.262642030000000e-03
5.780145020037889e+01	7.272053980000000e-03
5.783060470037162e+01	7.279352750000000e-03
5.787958810012788e+01	7.276088000000000e-03
5.790298590017483e+01	7.275319660000000e-03
5.792854140000418e+01	7.281658240000000e-03
5.795242220023647e+01	7.275895220000000e-03
5.797938790032640e+01	7.274935490000000e-03
5.802808720013127e+01	7.279545070000000e-03
5.805214809998870e+01	7.277432360000000e-03
5.808503510011360e+01	7.277624220000000e-03
5.812740020034835e+01	7.257841060000000e-03
5.816230530012399e+01	7.213087290000000e-03
5.818547800043598e+01	7.088238840000000e-03
5.823987960023805e+01	7.058658640000000e-03
5.826378050027415e+01	7.043676920000000e-03
5.828751940000802e+01	6.999307310000000e-03
5.833122520009056e+01	6.952249450000000e-03
5.837630260037258e+01	6.832778450000000e-03
5.839938070019707e+01	6.767856890000000e-03
5.844091280037537e+01	6.633596490000000e-03
5.848785240016878e+01	6.472637880000000e-03
5.852838700031862e+01	6.387740370000000e-03
5.855547400005162e+01	6.300538780000000e-03
5.858135150000453e+01	6.221787540000000e-03
5.863024200033396e+01	6.119412370000000e-03
5.867647090042010e+01	6.028944630000000e-03
5.869971760036424e+01	5.969785150000000e-03
5.873724550008774e+01	5.850698800000000e-03
5.877858740044758e+01	5.787313920000000e-03
5.880257110018283e+01	5.718166940000000e-03
5.883088430017233e+01	5.669571920000000e-03
5.885506620025262e+01	5.606955850000000e-03
5.887828740011901e+01	5.541265940000000e-03
5.890536420000717e+01	5.458865310000000e-03
5.893709860043600e+01	5.357258020000000e-03
5.898338080011308e+01	5.221845120000000e-03
5.903098350018263e+01	5.161917770000000e-03
5.909392530005425e+01	4.981942940000000e-03
5.912825330020860e+01	4.927585830000000e-03
5.915165910031646e+01	4.876686260000000e-03
5.917543480033055e+01	4.821368490000000e-03
5.919943660032004e+01	4.751645490000000e-03
5.923192380042747e+01	4.703818350000000e-03
5.928212580038235e+01	4.628332800000000e-03
5.932914270041510e+01	4.547277470000000e-03
5.936003310000524e+01	4.474672950000000e-03
5.939107930008322e+01	4.378443580000000e-03
5.943851740006357e+01	4.316211210000000e-03
5.946950740041211e+01	4.258204250000000e-03
5.950277480017394e+01	4.173499530000000e-03
5.953274940000847e+01	4.071123430000000e-03
5.958063970040530e+01	4.021760080000000e-03
5.962845860002562e+01	3.902673490000000e-03
5.966015340015292e+01	3.827572330000000e-03
5.968388600042090e+01	3.725004150000000e-03
5.973810560023412e+01	3.649518590000000e-03
5.976371880015358e+01	3.592472290000000e-03
5.978710570000112e+01	3.488944140000000e-03
5.983238060027361e+01	3.403854560000000e-03
5.987804690003395e+01	3.354875600000000e-03
5.990210180031136e+01	3.317420600000000e-03
5.992860290035605e+01	3.276508770000000e-03
5.995193159999326e+01	3.227145640000000e-03
5.997807620000094e+01	3.179511060000000e-03
6.000375440018252e+01	3.128995420000000e-03
6.003256740001962e+01	3.086354820000000e-03
