# [General]
# timestamp=2025-04-09T15:14:07.232031
# comments='# '
# delimiter='\t'
# column_dtypes=float;;float
# column_headers='Time (s);;Power (W)'
# 
# [Metadata]
# scanner_x=-5.0978161682
# scanner_y=3.5706164072
# start recoding time='09.04.2025, 15:13:07.164796'
# sample rate (hz)=50.0
# sample timing='TIMESTAMP'
# 
# ---- END HEADER ----
1.589000225067139e-03	9.561041449999999e-07
2.630829997360706e-02	9.559115600000000e-07
5.816960008814931e-02	9.557189740000000e-07
1.042186999693513e-01	9.553336889999999e-07
1.527303000912070e-01	9.551411040000000e-07
2.140818000771105e-01	9.545631200000000e-07
2.608328000642359e-01	9.545631200000000e-07
3.072959999553859e-01	9.543705350000001e-07
3.382632001303136e-01	9.547559330000001e-07
3.695749999023974e-01	9.547559330000001e-07
4.163231002166867e-01	9.545631200000000e-07
4.618800999596715e-01	9.541779490000001e-07
5.086326003074646e-01	9.534073800000000e-07
5.544449998997152e-01	9.539853639999999e-07
6.165122003294528e-01	9.535999650000000e-07
6.484262002632022e-01	9.545631200000000e-07
6.786461002193391e-01	9.541779490000001e-07
7.096563000231981e-01	9.539853639999999e-07
7.585394000634551e-01	9.543705350000001e-07
8.185828002169728e-01	9.543705350000001e-07
8.505939003080130e-01	9.549485180000000e-07
8.816726002842188e-01	9.539853639999999e-07
9.126206003129482e-01	9.532146240000000e-07
9.447101000696421e-01	9.537925510000001e-07
9.763067001476884e-01	9.535999650000000e-07
1.005676100030541e+00	9.539853639999999e-07
1.051868000067770e+00	9.543705350000001e-07
1.113656300120056e+00	9.545631200000000e-07
1.159632900264114e+00	9.528294530000000e-07
1.206667799968272e+00	9.535999650000000e-07
1.236218099948019e+00	9.537925510000001e-07
1.267477400135249e+00	9.539853639999999e-07
1.314092400018126e+00	9.537925510000001e-07
1.360657500103116e+00	9.534073800000000e-07
1.406969700008631e+00	9.534073800000000e-07
1.453540000133216e+00	9.539853639999999e-07
1.515179200097919e+00	9.539853639999999e-07
1.547254499979317e+00	9.539853639999999e-07
1.579154900275171e+00	9.543705350000001e-07
1.610558700282127e+00	9.551411040000000e-07
1.657015300355852e+00	9.553336889999999e-07
1.706744300201535e+00	9.564895440000001e-07
1.765100100077689e+00	9.568749420000001e-07
1.812740300316364e+00	9.574526980000001e-07
1.843230000231415e+00	9.616908300000000e-07
1.874222199898213e+00	9.778725600000000e-07
1.906362600158900e+00	1.016785750000000e-06
1.952555499970913e+00	1.049341900000000e-06
2.015056000091136e+00	1.237935980000000e-06
2.061290000099689e+00	1.364307420000000e-06
2.107763499952853e+00	1.460819930000000e-06
2.139313899911940e+00	1.568505350000000e-06
2.169529899954796e+00	1.701426750000000e-06
2.216737600043416e+00	1.934713050000000e-06
2.263809000141919e+00	2.198629320000000e-06
2.310554600320756e+00	2.414963550000000e-06
2.357510200235993e+00	2.497991090000000e-06
2.403392400126904e+00	2.498954250000000e-06
2.434142100159079e+00	2.498954250000000e-06
2.464874800294638e+00	2.499339870000000e-06
2.510582800023258e+00	2.500495160000000e-06
2.558452900033444e+00	2.502229110000000e-06
2.605185300111771e+00	2.504541040000000e-06
2.652592200320214e+00	2.504733400000000e-06
2.701165399979800e+00	2.506852300000000e-06
2.732538800220937e+00	2.507237920000000e-06
2.763969600200653e+00	2.506467130000000e-06
2.809562100097537e+00	2.508008270000000e-06
2.855991300195456e+00	2.515906540000000e-06
2.901610299944878e+00	2.532280860000000e-06
2.963943100068718e+00	2.573505980000000e-06
3.010624400340021e+00	2.592769530000000e-06
3.042995099909604e+00	2.614730870000000e-06
3.073349200189114e+00	2.620510030000000e-06
3.104342400096357e+00	2.619739230000000e-06
3.150737999938428e+00	2.619161250000000e-06
3.212995900306851e+00	2.617812920000000e-06
3.259631700348109e+00	2.618968890000000e-06
3.306490800343454e+00	2.618968890000000e-06
3.337842599954456e+00	2.617620110000000e-06
3.369008000008762e+00	2.630912380000000e-06
3.415160400327295e+00	2.692171850000000e-06
3.461645000148565e+00	2.737249360000000e-06
3.507474600337446e+00	2.775970190000000e-06
3.553710000123829e+00	2.796582520000000e-06
3.614993399940431e+00	2.839926080000000e-06
3.646371700335294e+00	2.869977830000000e-06
3.676602600142360e+00	2.877298130000000e-06
3.708093500230461e+00	2.879224890000000e-06
3.753271399997175e+00	2.877490940000000e-06
3.816544800065458e+00	2.876720600000000e-06
3.863527100067586e+00	2.878068930000000e-06
3.910588600207120e+00	2.877683760000000e-06
3.940607500262558e+00	2.877298130000000e-06
3.971630699932575e+00	2.877105770000000e-06
4.018010400235653e+00	2.875757220000000e-06
4.065126500092447e+00	2.875179230000000e-06
4.110732800327241e+00	2.874601710000000e-06
4.156900600064546e+00	2.876142620000000e-06
4.203511000145227e+00	2.876334970000000e-06
4.233891299925745e+00	2.875757220000000e-06
4.265325800050050e+00	2.879224890000000e-06
4.313235400244594e+00	2.879802880000000e-06
4.357215899974108e+00	2.883655270000000e-06
4.405189699959010e+00	2.884233250000000e-06
4.451604099944234e+00	2.883655270000000e-06
4.499608700163662e+00	2.883270100000000e-06
4.530121900141239e+00	2.881729190000000e-06
4.563403999898583e+00	2.881921770000000e-06
4.608682900201529e+00	2.882692120000000e-06
4.656466300133616e+00	2.883848080000000e-06
4.701671299990267e+00	2.883462910000000e-06
4.763234800193459e+00	2.883270100000000e-06
4.808957300148904e+00	2.881921770000000e-06
4.839555600192398e+00	2.881151200000000e-06
4.870388800278306e+00	2.881729190000000e-06
4.901990999933332e+00	2.882692120000000e-06
4.963518000207841e+00	2.901185550000000e-06
5.010587800294161e+00	2.908698660000000e-06
5.057686100248247e+00	2.913129040000000e-06
5.104355799965560e+00	2.913899830000000e-06
5.135222699958831e+00	2.918330890000000e-06
5.165857700165361e+00	2.937401860000000e-06
5.211596800014377e+00	2.945877900000000e-06
5.258149100001901e+00	2.957051040000000e-06
5.304562900215387e+00	2.965334490000000e-06
5.360579899977893e+00	2.987102790000000e-06
5.415006900206208e+00	2.997313000000000e-06
5.446271300315857e+00	3.004055320000000e-06
5.476747000124305e+00	3.007137370000000e-06
5.508596899919212e+00	3.012723710000000e-06
5.554922800045460e+00	3.036418550000000e-06
5.601636100094765e+00	3.045665380000000e-06
5.648354900069535e+00	3.060883960000000e-06
5.678648300003260e+00	3.067433680000000e-06
5.709580000024289e+00	3.078414240000000e-06
5.740189299918711e+00	3.082844610000000e-06
5.771555799990892e+00	3.096136880000000e-06
5.802370500285178e+00	3.107888010000000e-06
5.863512900192291e+00	3.131389800000000e-06
5.909545800182968e+00	3.140251240000000e-06
5.957120900042355e+00	3.149883240000000e-06
6.004741100128740e+00	3.152773160000000e-06
6.035314199980348e+00	3.159515470000000e-06
6.067285000346601e+00	3.164331470000000e-06
6.113382600247860e+00	3.167220710000000e-06
6.158781399950385e+00	3.169339830000000e-06
6.204839900135994e+00	3.169917820000000e-06
6.251910800114274e+00	3.169339830000000e-06
6.299577699974179e+00	3.169147480000000e-06
6.330547600053251e+00	3.168761850000000e-06
6.361512599978596e+00	3.167606340000000e-06
6.407785499934107e+00	3.165872390000000e-06
6.453900800086558e+00	3.164716650000000e-06
6.500595200341195e+00	3.165294630000000e-06
6.564555000048131e+00	3.164909460000000e-06
6.611651500221342e+00	3.165294630000000e-06
6.642319499980658e+00	3.171844130000000e-06
6.673824000172317e+00	3.184365820000000e-06
6.706091200001538e+00	3.194768400000000e-06
6.753232399933040e+00	3.206326710000000e-06
6.813587300013751e+00	3.214610160000000e-06
6.860061699990183e+00	3.220967300000000e-06
6.905882900115103e+00	3.222123040000000e-06
6.936481799930334e+00	3.223471370000000e-06
6.967117200139910e+00	3.222893840000000e-06
7.014429100323468e+00	3.223471370000000e-06
7.061393300071359e+00	3.221352700000000e-06
7.106693100184202e+00	3.224049350000000e-06
7.152744600083679e+00	3.225976120000000e-06
7.213665900286287e+00	3.228480180000000e-06
7.245345500297844e+00	3.228480180000000e-06
7.276555200107396e+00	3.228672990000000e-06
7.307567399926484e+00	3.240423670000000e-06
7.353666500188410e+00	3.248129590000000e-06
7.415997399948537e+00	3.266430210000000e-06
7.463004400022328e+00	3.292243950000000e-06
7.509577400051057e+00	3.312278520000000e-06
7.541195400059223e+00	3.338477430000000e-06
7.571610700339079e+00	3.365446900000000e-06
7.603460200130939e+00	3.395691460000000e-06
7.651326400227845e+00	3.426513560000000e-06
7.699153299909085e+00	3.477177870000000e-06
7.728725400287658e+00	3.490662490000000e-06
7.760162400081754e+00	3.534777310000000e-06
7.807220200076699e+00	3.557701120000000e-06
7.837659799959511e+00	3.576001750000000e-06
7.868949800264090e+00	3.608750600000000e-06
7.914603100158274e+00	3.668661750000000e-06
7.959383400157094e+00	3.728379400000000e-06
8.004220100119710e+00	3.773842540000000e-06
8.051628200337291e+00	3.783860170000000e-06
8.098987699951977e+00	3.807169380000000e-06
8.130599900148809e+00	3.817571720000000e-06
8.162632100284100e+00	3.831056350000000e-06
8.209983900189400e+00	3.842037590000000e-06
8.257187000010163e+00	3.848201690000000e-06
8.304653500206769e+00	3.849935640000000e-06
8.350632499903440e+00	3.849164390000000e-06
8.411575099918991e+00	3.852824650000000e-06
8.442698600236326e+00	3.859182470000000e-06
8.473740600049496e+00	3.867272880000000e-06
8.505182200111449e+00	3.889619170000000e-06
8.552212700247765e+00	3.901755460000000e-06
8.613559800200164e+00	3.943750930000000e-06
8.663942799903452e+00	3.949530310000000e-06
8.708465700037777e+00	3.950493010000000e-06
8.738976099994034e+00	3.950493010000000e-06
8.770615700166672e+00	3.950878640000000e-06
8.817216600291431e+00	3.950108290000000e-06
8.863862100057304e+00	3.951263350000000e-06
8.910620199982077e+00	3.953575290000000e-06
8.956951400265098e+00	3.950493010000000e-06
9.003465400077403e+00	3.950108290000000e-06
9.034356200136244e+00	3.949915030000000e-06
9.065336400177330e+00	3.951456620000000e-06
9.111586700193584e+00	3.953768560000000e-06
9.158219600096345e+00	3.952612590000000e-06
9.204233699943870e+00	3.952226960000000e-06
9.250876999925822e+00	3.950493010000000e-06
9.297705400269479e+00	3.951456620000000e-06
9.329289500135928e+00	3.951456620000000e-06
9.360629000235349e+00	3.952419320000000e-06
9.406638500280678e+00	3.952034600000000e-06
9.454550300259143e+00	3.962436950000000e-06
9.515399999916553e+00	3.971490970000000e-06
9.564138300251216e+00	3.975535950000000e-06
9.609530100133270e+00	3.973609640000000e-06
9.640588900074363e+00	3.972453670000000e-06
9.671622900292277e+00	3.973417280000000e-06
9.702387399971485e+00	3.974187620000000e-06
9.749236400239170e+00	3.980545440000000e-06
9.781080900225788e+00	3.983242100000000e-06
9.811607600189745e+00	3.987865510000000e-06
9.858466499950737e+00	3.989021480000000e-06
9.904254100285470e+00	3.989599460000000e-06
9.935473100282252e+00	3.991718130000000e-06
9.966590099968016e+00	3.993259720000000e-06
1.001281350012869e+01	3.996726260000000e-06
1.006087810033932e+01	4.005780740000000e-06
1.010561390034854e+01	4.030823670000000e-06
1.016747179999948e+01	4.054518290000000e-06
1.021524310018867e+01	4.071855980000000e-06
1.024625209998339e+01	4.082643950000000e-06
1.027698910003528e+01	4.093817100000000e-06
1.030740769999102e+01	4.122905470000000e-06
1.035310550034046e+01	4.146407720000000e-06
1.041555570019409e+01	4.240608630000000e-06
1.046238380018622e+01	4.288768200000000e-06
1.050856949994341e+01	4.319204890000000e-06
1.054006640007719e+01	4.358889330000000e-06
1.057182390009984e+01	4.405507300000000e-06
1.060319470008835e+01	4.434596120000000e-06
1.065173730021343e+01	4.464262930000000e-06
1.070068630017340e+01	4.486994840000000e-06
1.075867559993640e+01	4.546905070000000e-06
1.080436150031164e+01	4.567132690000000e-06
1.083556540030986e+01	4.593716310000000e-06
1.086681509995833e+01	4.622998400000000e-06
1.091324250027537e+01	4.677707690000000e-06
1.095949230017141e+01	4.729141890000000e-06
1.100573570001870e+01	4.773642100000000e-06
1.105251420009881e+01	4.800418990000000e-06
1.109934670012444e+01	4.858211010000000e-06
1.113128820015118e+01	4.900591650000000e-06
1.116259160032496e+01	4.948943570000000e-06
1.120891220029444e+01	5.006543230000000e-06
1.125551400007680e+01	5.079361020000000e-06
1.130180290015414e+01	5.107101060000000e-06
1.134816160006449e+01	5.145243900000000e-06
1.137998230010271e+01	5.162195520000000e-06
1.140960460016504e+01	5.172791130000000e-06
1.143994330009446e+01	5.186853740000000e-06
1.147157810023054e+01	5.201109620000000e-06
1.150176199991256e+01	5.211704320000000e-06
1.154882000014186e+01	5.227308520000000e-06
1.158052839990705e+01	5.245801280000000e-06
1.161177310021594e+01	5.272385810000000e-06
1.165810099989176e+01	5.311106630000000e-06
1.170375650003552e+01	5.327865890000000e-06
1.173508109990507e+01	5.340772990000000e-06
1.176593390014023e+01	5.351946130000000e-06
1.181292380020022e+01	5.370054170000000e-06
1.185910300025716e+01	5.397987020000000e-06
1.190549080027267e+01	5.412819970000000e-06
1.195168170006946e+01	5.417057760000000e-06
1.201538849994540e+01	5.431120370000000e-06
1.204527040012181e+01	5.435936600000000e-06
1.207509730011225e+01	5.439018880000000e-06
1.210569899994880e+01	5.442100700000000e-06
1.215301170013845e+01	5.441330360000000e-06
1.221535150008276e+01	5.443256670000000e-06
1.226128580002114e+01	5.445376250000000e-06
1.230803460022435e+01	5.445376250000000e-06
1.233938030013815e+01	5.443449940000000e-06
1.237107519991696e+01	5.444027920000000e-06
1.240207919990644e+01	5.444604990000000e-06
1.244919020030648e+01	5.443642290000000e-06
1.248048540018499e+01	5.444990620000000e-06
1.251095640007406e+01	5.447688180000000e-06
1.255921330023557e+01	5.451925970000000e-06
1.260357900010422e+01	5.456548930000000e-06
1.263454970018938e+01	5.462906760000000e-06
1.266655179997906e+01	5.467336900000000e-06
1.271251060022041e+01	5.466566560000000e-06
1.275914280023426e+01	5.464832610000000e-06
1.280502690002322e+01	5.467914890000000e-06
1.285174049995840e+01	5.470226820000000e-06
1.291594059998170e+01	5.470226820000000e-06
1.294662189995870e+01	5.471189520000000e-06
1.297689850023016e+01	5.471960780000000e-06
1.300819850014523e+01	5.476390920000000e-06
1.305612100008875e+01	5.489105210000000e-06
1.310269229998812e+01	5.503360170000000e-06
1.315055010002106e+01	5.521468670000000e-06
1.321226210007444e+01	5.557877560000000e-06
1.324427050026134e+01	5.584076460000000e-06
1.327469710027799e+01	5.603918450000000e-06
1.330562280025333e+01	5.632621650000000e-06
1.335164770018309e+01	5.643987610000000e-06
1.341416510008276e+01	5.685212730000000e-06
1.346231940016150e+01	5.696385410000000e-06
1.350891670025885e+01	5.709099700000000e-06
1.353761890018359e+01	5.716997750000000e-06
1.356929720006883e+01	5.727785720000000e-06
1.361635940009728e+01	5.738188070000000e-06
1.366269770031795e+01	5.742233950000000e-06
1.370942190010101e+01	5.757837240000000e-06
1.375897719990462e+01	5.767276890000000e-06
1.380244920030236e+01	5.773633350000000e-06
1.383420380018651e+01	5.777871590000000e-06
1.386539660021663e+01	5.781147140000000e-06
1.391279610013589e+01	5.787117970000000e-06
1.395891460031271e+01	5.790971500000000e-06
1.400602219998837e+01	5.795980090000000e-06
1.405282080033794e+01	5.800025520000000e-06
1.410057449992746e+01	5.814473750000000e-06
1.413155789999291e+01	5.822178540000000e-06
1.416253479989246e+01	5.829692330000000e-06
1.420935410028324e+01	5.831040650000000e-06
1.425525719998404e+01	5.830655030000000e-06
1.430171769997105e+01	5.828536360000000e-06
1.434822020027786e+01	5.828728720000000e-06
1.437882340000942e+01	5.829499060000000e-06
1.440958000021055e+01	5.828150730000000e-06
1.444092300022021e+01	5.829306700000000e-06
1.447577850008383e+01	5.830655030000000e-06
1.450297409994528e+01	5.832003350000000e-06
1.455178160034120e+01	5.836819130000000e-06
1.461327080009505e+01	5.845873600000000e-06
1.465928110014647e+01	5.859165410000000e-06
1.470660470006987e+01	5.869183500000000e-06
1.473767740000039e+01	5.878622230000000e-06
1.476954940008000e+01	5.886135570000000e-06
1.481551950005814e+01	5.900582890000000e-06
1.486247669998556e+01	5.927552140000000e-06
1.490947950026020e+01	5.948550100000000e-06
1.495572110032663e+01	5.959145710000000e-06
1.500464900024235e+01	5.965502620000000e-06
1.503419469995424e+01	5.976482950000000e-06
1.506617380026728e+01	5.991123540000000e-06
1.511293950024992e+01	6.010195190000000e-06
1.516092090029269e+01	6.028688400000000e-06
1.520669159991667e+01	6.073958960000000e-06
1.525269460026175e+01	6.103818120000000e-06
1.529983550030738e+01	6.164884330000000e-06
1.533162009995431e+01	6.203990780000000e-06
1.536259720008820e+01	6.246370500000000e-06
1.540926979994401e+01	6.280082740000000e-06
1.545605510007590e+01	6.319188290000000e-06
1.550155310006812e+01	6.339030730000000e-06
1.554879860021174e+01	6.376209970000000e-06
1.558005620026961e+01	6.397978270000000e-06
1.561074250005186e+01	6.421094890000000e-06
1.564165859995410e+01	6.449221020000000e-06
1.567164140008390e+01	6.479079730000000e-06
1.570161630026996e+01	6.499114530000000e-06
1.574829960009083e+01	6.533403850000000e-06
1.577986090024933e+01	6.554786520000000e-06
1.581101020006463e+01	6.599671450000000e-06
1.585700440034270e+01	6.651492190000000e-06
1.590373530006036e+01	6.677113110000000e-06
1.593559220014140e+01	6.700037370000000e-06
1.596681120013818e+01	6.746271080000000e-06
1.601363340020180e+01	6.806566940000000e-06
1.605940270004794e+01	6.851836590000000e-06
1.610468630027026e+01	6.885356470000000e-06
1.615066910022870e+01	6.899997060000000e-06
1.621389470016584e+01	6.940450930000000e-06
1.624473220016807e+01	6.956440760000000e-06
1.627666560001671e+01	6.971273250000000e-06
1.630648480029777e+01	7.003636710000000e-06
1.635264419997111e+01	7.016928980000000e-06
1.641438100021333e+01	7.049099620000000e-06
1.646038680011407e+01	7.079922400000000e-06
1.650693030003458e+01	7.098993140000000e-06
1.653781960019842e+01	7.114404980000000e-06
1.656911490019411e+01	7.133861350000000e-06
1.661569310026243e+01	7.175856810000000e-06
1.666245320020244e+01	7.221705350000000e-06
1.670818760013208e+01	7.270249630000000e-06
1.675443210033700e+01	7.319566070000000e-06
1.680163670005277e+01	7.345957330000000e-06
1.683273260015994e+01	7.377742350000000e-06
1.686496190028265e+01	7.420701420000000e-06
1.691154820006341e+01	7.453642410000000e-06
1.695750570017844e+01	7.496409130000000e-06
1.700271550007164e+01	7.512783210000000e-06
1.704998259991407e+01	7.543220360000000e-06
1.708038390008733e+01	7.550926060000000e-06
1.711227500019595e+01	7.566722620000000e-06
1.714323080005124e+01	7.584253130000000e-06
1.717359990021214e+01	7.607754470000000e-06
1.720368880033493e+01	7.655336960000000e-06
1.725064320024103e+01	7.679994270000000e-06
1.729764269990847e+01	7.711008950000000e-06
1.732863860018551e+01	7.725071549999999e-06
1.736057309992611e+01	7.755315890000001e-06
1.740796199999750e+01	7.778818139999999e-06
1.743851020000875e+01	7.806558640000000e-06
1.747024390008301e+01	7.838730200000000e-06
1.750250110030174e+01	7.870129590000000e-06
1.756571040023118e+01	7.979741889999999e-06
1.761201310018077e+01	8.061228070000000e-06
1.765788540011272e+01	8.159088790000000e-06
1.770468940027058e+01	8.211872230000000e-06
1.773697709990665e+01	8.283726860000000e-06
1.776857710024342e+01	8.377926859999999e-06
1.781387570034713e+01	8.903847630000000e-06
1.795482920017093e+01	8.898084160000001e-06
1.798507399996743e+01	8.936506670000000e-06
1.801692639989778e+01	9.009510899999999e-06
1.804852470010519e+01	9.059462170000000e-06
1.807920980034396e+01	9.105569920000001e-06
1.811055009998381e+01	9.151678570000001e-06
1.814105849992484e+01	9.176654200000000e-06
1.817281959997490e+01	9.226604560000000e-06
1.820281040016562e+01	9.259264520000000e-06
1.825284990016371e+01	9.313058400000001e-06
1.831359159993008e+01	9.389904330000000e-06
1.836207550019026e+01	9.439854690000000e-06
1.840683310013264e+01	9.476358170000000e-06
1.843761340016499e+01	9.522466830000000e-06
1.846793409995735e+01	9.570495420000000e-06
1.851550360023975e+01	9.635815330000000e-06
1.856363710016012e+01	9.714583030000000e-06
1.861058080010116e+01	9.827932439999999e-06
1.865750520024449e+01	9.947044420000000e-06
1.870410130033270e+01	1.002197040000000e-05
1.873520810017362e+01	1.011418770000000e-05
1.876546310028061e+01	1.024674840000000e-05
1.881129570025951e+01	1.038507430000000e-05
1.885829980019480e+01	1.055413760000000e-05
1.890369100030512e+01	1.069630340000000e-05
1.895203329995275e+01	1.078852070000000e-05
1.901257849996909e+01	1.099024300000000e-05
1.904543580021709e+01	1.112280550000000e-05
1.907581759989262e+01	1.123615490000000e-05
1.910668769991025e+01	1.138984860000000e-05
1.915382930031046e+01	1.156467530000000e-05
1.921619060030207e+01	1.168378820000000e-05
1.926279600011185e+01	1.183556200000000e-05
1.930864020017907e+01	1.191432970000000e-05
1.933968259999529e+01	1.199309740000000e-05
1.937156439991668e+01	1.206610340000000e-05
1.940275410003960e+01	1.211605380000000e-05
1.946465450013056e+01	1.222556060000000e-05
1.951058469992131e+01	1.231393430000000e-05
1.955659800022840e+01	1.240807160000000e-05
1.960322930011898e+01	1.245802200000000e-05
1.963404559995979e+01	1.254639570000000e-05
1.966517510032281e+01	1.267511380000000e-05
1.971257090009749e+01	1.284994140000000e-05
1.976058980030939e+01	1.301516290000000e-05
1.980743900034577e+01	1.315156620000000e-05
1.985388180008158e+01	1.334944680000000e-05
1.990147820021957e+01	1.347240320000000e-05
1.993277770001441e+01	1.361649170000000e-05
1.996431889990345e+01	1.380092450000000e-05
2.001195870013908e+01	1.395269650000000e-05
2.005902060028166e+01	1.413328760000000e-05
2.010501549998298e+01	1.432732550000000e-05
2.015213700011373e+01	1.441377940000000e-05
2.021210579993203e+01	1.465392690000000e-05
2.024271620018408e+01	1.479417010000000e-05
2.027416840009391e+01	1.495747070000000e-05
2.030436620023102e+01	1.516880090000000e-05
2.035273110028356e+01	1.528406940000000e-05
2.041225130017847e+01	1.578742010000000e-05
2.045972730033100e+01	1.629844880000000e-05
2.050660890014842e+01	1.674224220000000e-05
2.053773260023445e+01	1.717450870000000e-05
2.056828340003267e+01	1.772972790000000e-05
2.061502439994365e+01	1.836563570000000e-05
2.066097750002518e+01	1.894967500000000e-05
2.070869240025058e+01	1.940691440000000e-05
2.075422669993713e+01	1.979883200000000e-05
2.081574570015073e+01	2.006779500000000e-05
2.084716950030997e+01	2.027720440000000e-05
2.087762330006808e+01	2.048084930000000e-05
2.090814640000463e+01	2.075942030000000e-05
2.095483130030334e+01	2.107065120000000e-05
2.100186950014904e+01	2.123971540000000e-05
2.105288799991831e+01	2.157207930000000e-05
2.111238220008090e+01	2.202931860000000e-05
2.114340460021049e+01	2.234631210000000e-05
2.117498360015452e+01	2.269212200000000e-05
2.120663359994069e+01	2.321276220000000e-05
2.125235070008785e+01	2.347980440000000e-05
2.130183640029281e+01	2.398507600000000e-05
2.136262140003964e+01	2.471896370000000e-05
2.140842130035162e+01	2.501866580000000e-05
2.144053440028802e+01	2.534910890000000e-05
2.147147529991344e+01	2.571413100000000e-05
2.150310190021992e+01	2.613679130000000e-05
2.154989410005510e+01	2.637117360000000e-05
2.158184619992971e+01	2.670738100000000e-05
2.161358530027792e+01	2.712427520000000e-05
2.166087150014937e+01	2.758919800000000e-05
2.170746700000018e+01	2.787737500000000e-05
2.173908059997484e+01	2.818476610000000e-05
2.177063080016524e+01	2.854210290000000e-05
2.181823679991066e+01	2.901663170000000e-05
2.186435370007530e+01	2.952958860000000e-05
2.191057820012793e+01	3.001180080000000e-05
2.195677709998563e+01	3.041909260000000e-05
2.200437540002167e+01	3.063618350000000e-05
2.203636940009892e+01	3.091475450000000e-05
2.206856020027772e+01	3.123174970000000e-05
2.209865269996226e+01	3.141041820000000e-05
2.213012370001525e+01	3.161021960000000e-05
2.216057270020247e+01	3.182539510000000e-05
2.220694310031831e+01	3.199253480000000e-05
2.225399310002103e+01	3.220386500000000e-05
2.230002039996907e+01	3.232297600000000e-05
2.233224559994414e+01	3.251701490000000e-05
2.236324230022728e+01	3.279942760000000e-05
2.240906589990482e+01	3.321440090000000e-05
2.245474789990112e+01	3.358134930000000e-05
2.250103060016409e+01	3.380036290000000e-05
2.254751590033993e+01	3.416154140000000e-05
2.257712290016934e+01	3.444395410000000e-05
2.260741000017151e+01	3.474365800000000e-05
2.263785140030086e+01	3.502991240000000e-05
2.266900350013748e+01	3.531617040000000e-05
2.270013820007443e+01	3.550060140000000e-05
2.276051010005176e+01	3.597897380000000e-05
2.280643780017272e+01	3.621719950000000e-05
2.285379050020128e+01	3.641700100000000e-05
2.291617570025846e+01	3.662256860000000e-05
2.294665510021150e+01	3.676665440000000e-05
2.297964370017871e+01	3.689537330000000e-05
2.300955170020461e+01	3.705675410000000e-05
2.305523500032723e+01	3.708172880000000e-05
2.310086179990321e+01	3.707596260000000e-05
2.314721370022744e+01	3.707020370000000e-05
2.317879420006648e+01	3.708941220000000e-05
2.320955000026152e+01	3.711246610000000e-05
2.324149559997022e+01	3.710285820000000e-05
2.327276060031727e+01	3.710670350000000e-05
2.330309990001842e+01	3.709325390000000e-05
2.335015510022640e+01	3.704714620000000e-05
2.338221210008487e+01	3.702601320000000e-05
2.341180410003290e+01	3.701448440000000e-05
2.345835390035063e+01	3.703562110000000e-05
2.350798190012574e+01	3.704330450000000e-05
2.353544660005718e+01	3.703562110000000e-05
2.356835390022025e+01	3.703562110000000e-05
2.361501400033012e+01	3.703754190000000e-05
2.366158990003169e+01	3.703562110000000e-05
2.370849850028753e+01	3.704522530000000e-05
2.375482690008357e+01	3.703369660000000e-05
2.380142390029505e+01	3.704522530000000e-05
2.383275820035487e+01	3.705099150000000e-05
2.386798210022971e+01	3.710094100000000e-05
2.391258729994297e+01	3.714704870000000e-05
2.395869010034949e+01	3.713168190000000e-05
2.400480140000582e+01	3.713936530000000e-05
2.405273850029334e+01	3.713744080000000e-05
2.409944690018892e+01	3.738143280000000e-05
2.413064730027691e+01	3.783098510000000e-05
2.416164460033178e+01	3.829591150000000e-05
2.420786669990048e+01	3.841310170000000e-05
2.425474360026419e+01	3.857448250000000e-05
2.430143170012161e+01	3.863019450000000e-05
2.436260770028457e+01	3.908551660000000e-05
2.440954119991511e+01	3.958310120000000e-05
2.444152860017493e+01	4.002496640000000e-05
2.447164560016245e+01	4.032275320000000e-05
2.450303609995171e+01	4.041496500000000e-05
2.455178650002927e+01	4.051295040000000e-05
2.461251620016992e+01	4.074540990000000e-05
2.466003620019183e+01	4.085875840000000e-05
2.470654970034957e+01	4.093176540000000e-05
2.473784610023722e+01	4.102205640000000e-05
2.476792080001906e+01	4.120072840000000e-05
2.481495130015537e+01	4.149466990000000e-05
2.486196750029922e+01	4.207678650000000e-05
2.490961370011792e+01	4.282028020000000e-05
2.495664580026641e+01	4.365407220000000e-05
2.500264979992062e+01	4.397490560000000e-05
2.503396990010515e+01	4.431687560000000e-05
2.506611980032176e+01	4.463579170000000e-05
2.511302770022303e+01	4.476066530000000e-05
2.516060090018436e+01	4.492204240000000e-05
2.520744220027700e+01	4.517180060000000e-05
2.525519420020282e+01	4.552913740000000e-05
2.530461050011218e+01	4.578465090000000e-05
2.533312930027023e+01	4.604593050000000e-05
2.536338869994506e+01	4.654351870000000e-05
2.541071119997650e+01	4.718710990000000e-05
2.545611650031060e+01	4.816114960000000e-05
2.550354090007022e+01	4.887006430000000e-05
2.555026670033112e+01	4.916016040000000e-05
2.561155900033191e+01	5.003813570000000e-05
2.564313270011917e+01	5.056069490000000e-05
2.567371120024472e+01	5.113512820000000e-05
2.570451700035483e+01	5.191320090000000e-05
2.575140730012208e+01	5.248955490000000e-05
2.581504270015284e+01	5.409757800000000e-05
2.586104140011594e+01	5.534826410000000e-05
2.590741920005530e+01	5.616092310000000e-05
2.594126280024648e+01	5.698126190000000e-05
2.597061870014295e+01	5.793801030000000e-05
2.600163560034707e+01	5.852973480000000e-05
2.604944769991562e+01	5.960942870000000e-05
2.608087900001556e+01	6.027031490000000e-05
2.611229930026457e+01	6.113676500000000e-05
2.615724020032212e+01	6.213961749999999e-05
2.620435600029305e+01	6.270829180000000e-05
2.623549750028178e+01	6.349981410000000e-05
2.626601340016350e+01	6.452764500000000e-05
2.631164300022647e+01	6.627975380000001e-05
2.635910040000454e+01	6.825856690000000e-05
2.640477310027927e+01	7.031807040000000e-05
2.645155510026962e+01	7.178584200000000e-05
2.649892950011417e+01	7.495962929999999e-05
2.653171900007874e+01	7.735341210000000e-05
2.656295970035717e+01	8.107088800000000e-05
2.661011710017920e+01	9.418892300000000e-05
2.674967009993270e+01	9.557057640000000e-05
2.678125890018418e+01	9.812282220000000e-05
2.681063530035317e+01	1.017880420000000e-04
2.685727829998359e+01	1.060865620000000e-04
2.690370579995215e+01	1.082166350000000e-04
2.693413380021229e+01	1.099436990000000e-04
2.696527780033648e+01	1.122848550000000e-04
2.701260540029034e+01	1.143765400000000e-04
2.705982800014317e+01	1.170822800000000e-04
2.710650929994881e+01	1.194426370000000e-04
2.715276130009443e+01	1.209778130000000e-04
2.721453149989247e+01	1.249692870000000e-04
2.724537930032238e+01	1.271952790000000e-04
2.727637040009722e+01	1.294788820000000e-04
2.730728240031749e+01	1.327986830000000e-04
2.735363440029323e+01	1.375769350000000e-04
2.741468159994110e+01	1.427006060000000e-04
2.746199010033160e+01	1.475748140000000e-04
2.750747680012137e+01	1.505108520000000e-04
2.753767720004544e+01	1.527560530000000e-04
2.756992400018498e+01	1.553466570000000e-04
2.761509050009772e+01	1.583978160000000e-04
2.766243240004405e+01	1.616984520000000e-04
2.770876520033926e+01	1.648647740000000e-04
2.775562989991158e+01	1.676664690000000e-04
2.782010259991512e+01	1.702378940000000e-04
2.784850289998576e+01	1.719074210000000e-04
2.787954850029200e+01	1.739031430000000e-04
2.790955920005217e+01	1.768967340000000e-04
2.795631049992517e+01	1.799862800000000e-04
2.800310710025951e+01	1.826728550000000e-04
2.805120680015534e+01	1.841696650000000e-04
2.809650119999424e+01	1.867986580000000e-04
2.812729580001906e+01	1.885833040000000e-04
2.815904209995642e+01	1.914233730000000e-04
2.820589260011911e+01	1.943210370000000e-04
2.825234099989757e+01	1.960673110000000e-04
2.829912870004773e+01	1.991568570000000e-04
2.833172760019079e+01	2.009415180000000e-04
2.836256440030411e+01	2.032634510000000e-04
2.840983670018613e+01	2.048178280000000e-04
2.844099829997867e+01	2.062762650000000e-04
2.847229340020567e+01	2.078114480000000e-04
2.850345610035583e+01	2.099414850000000e-04
2.855010699992999e+01	2.109777270000000e-04
2.861252989992499e+01	2.150267830000000e-04
2.865931600006297e+01	2.195555570000000e-04
2.871072690002620e+01	2.234318960000000e-04
2.873799150018021e+01	2.266173830000000e-04
2.876887960033491e+01	2.324319070000000e-04
2.881548439990729e+01	2.390139850000000e-04
2.886259829998016e+01	2.461717520000000e-04
2.890872019995004e+01	2.526578900000000e-04
2.895420120004565e+01	2.622719620000000e-04
2.900163630023599e+01	2.661290930000000e-04
2.903349649999291e+01	2.715213920000000e-04
2.906780959991738e+01	2.791013690000000e-04
2.911346690030769e+01	2.881781260000000e-04
2.915839460026473e+01	2.990203210000000e-04
2.920461119990796e+01	3.075213750000000e-04
2.925138920033351e+01	3.125683000000000e-04
2.929693520022556e+01	3.210501750000000e-04
2.932753580017015e+01	3.268838630000000e-04
2.935893109999597e+01	3.367474130000000e-04
2.940583149995655e+01	3.449030340000000e-04
2.945152920018882e+01	3.485299240000000e-04
2.949946290021762e+01	3.546322110000000e-04
2.953179410006851e+01	3.578177130000000e-04
2.956362450029701e+01	3.627686820000000e-04
2.961234110035002e+01	3.669904250000000e-04
2.964257499994710e+01	3.700223750000000e-04
2.967395569989458e+01	3.734381750000000e-04
2.970544539997354e+01	3.811140780000000e-04
2.975180310010910e+01	3.857580010000000e-04
2.981508149998263e+01	3.984040810000000e-04
2.986215070029721e+01	4.082675730000000e-04
2.990909179998562e+01	4.141012910000000e-04
2.994076139992103e+01	4.203571300000000e-04
2.997255589999259e+01	4.268816260000000e-04
3.000311490008608e+01	4.343847980000000e-04
3.005078470008448e+01	4.394125720000000e-04
3.009747030027211e+01	4.490649740000000e-04
3.012877449998632e+01	4.549946460000000e-04
3.016064639994875e+01	4.630927290000000e-04
3.020794720016420e+01	4.690799110000000e-04
3.023933729995042e+01	4.756044650000000e-04
3.026957880007103e+01	4.833187560000000e-04
3.030041430005804e+01	4.890948770000000e-04
3.034670010022819e+01	4.978069340000000e-04
3.037769450014457e+01	5.027196020000000e-04
3.040812900010496e+01	5.103762960000000e-04
3.045439800014719e+01	5.197217110000000e-04
3.050001440010965e+01	5.243655180000000e-04
3.053216540021822e+01	5.308325050000000e-04
3.056317660026252e+01	5.424999400000000e-04
3.060894000018016e+01	5.576597760000000e-04
3.065497360005975e+01	5.779625500000000e-04
3.070156319998205e+01	5.896682850000000e-04
3.074886910011992e+01	6.135596200000000e-04
3.077922359993681e+01	6.283356340000000e-04
3.081057840026915e+01	6.443399470000000e-04
3.084192370017990e+01	6.646810220000000e-04
3.087356920028105e+01	6.871330550000000e-04
3.090351189998910e+01	7.165701240000000e-04
3.095014790026471e+01	7.308281490000000e-04
3.098126710020006e+01	7.502865630000000e-04
3.101288329996169e+01	7.789368970000000e-04
3.106249980023131e+01	8.101777060000000e-04
3.110857730032876e+01	8.302502100000000e-04
3.113954610005021e+01	8.485573340000000e-04
3.117063300032169e+01	9.176349270000001e-04
3.127909409999847e+01	9.262783570000000e-04
3.131060600001365e+01	9.387632599999999e-04
3.134138699993491e+01	9.512481630000000e-04
3.137163550034165e+01	9.668062560000000e-04
3.140162050025538e+01	9.767940500000000e-04
3.144859810033813e+01	1.003300420000000e-03
3.147977250022814e+01	1.022508020000000e-03
3.151119650015607e+01	1.051703350000000e-03
3.155951800011098e+01	1.088005490000000e-03
3.160329829994589e+01	1.104716210000000e-03
3.163472509989515e+01	1.120466270000000e-03
3.166598149994388e+01	1.135640080000000e-03
3.171269050007686e+01	1.152158600000000e-03
3.175933900009841e+01	1.164835530000000e-03
3.180615650024265e+01	1.175399640000000e-03
3.185331510007381e+01	1.183658950000000e-03
3.191648130025715e+01	1.188460850000000e-03
3.194776420015842e+01	1.192878470000000e-03
3.197884320002049e+01	1.195567540000000e-03
3.200962710008025e+01	1.199793190000000e-03
3.205631799995899e+01	1.205555400000000e-03
3.210276120016351e+01	1.207668220000000e-03
3.214928960008547e+01	1.213238460000000e-03
3.218117130035535e+01	1.218232440000000e-03
3.221197810024023e+01	1.223226310000000e-03
3.224415970034897e+01	1.228796550000000e-03
3.227392480010167e+01	1.236095560000000e-03
3.230554229998961e+01	1.247427780000000e-03
3.235274200001732e+01	1.254534700000000e-03
3.241682540019974e+01	1.278351880000000e-03
3.246198170026764e+01	1.295254450000000e-03
3.250831130007282e+01	1.306010880000000e-03
3.253880010033026e+01	1.317919460000000e-03
3.257079020002857e+01	1.337511120000000e-03
3.260156359989196e+01	1.352877120000000e-03
3.264798479992896e+01	1.378615040000000e-03
3.267869030032307e+01	1.395517840000000e-03
3.270958700031042e+01	1.414725210000000e-03
3.275947130005807e+01	1.432588320000000e-03
3.280299809994176e+01	1.440079070000000e-03
3.283472019992769e+01	1.449298810000000e-03
3.286629329994321e+01	1.461783660000000e-03
3.291264260001481e+01	1.477917890000000e-03
3.296063320012763e+01	1.500582900000000e-03
3.300740509992465e+01	1.528049590000000e-03
3.305546570010483e+01	1.565312040000000e-03
3.310082329995930e+01	1.583751290000000e-03
3.313167520007119e+01	1.605647970000000e-03
3.316265710024163e+01	1.634651100000000e-03
3.321043350035325e+01	1.661541640000000e-03
3.325738049997017e+01	1.687279790000000e-03
3.330389379989356e+01	1.708023830000000e-03
3.335137520032004e+01	1.718972110000000e-03
3.341425479995087e+01	1.740292410000000e-03
3.344510390004143e+01	1.751240690000000e-03
3.347561160009354e+01	1.763341480000000e-03
3.350732750026509e+01	1.784661900000000e-03
3.355308490013704e+01	1.805405830000000e-03
3.361493400018662e+01	1.825573850000000e-03
3.366094460012391e+01	1.849775320000000e-03
3.370711600035429e+01	1.864180780000000e-03
3.373928120033816e+01	1.879354820000000e-03
3.376958060031757e+01	1.894144340000000e-03
3.380162040004507e+01	1.902980030000000e-03
3.384813800035045e+01	1.916041250000000e-03
3.387972420034930e+01	1.927565780000000e-03
3.391138079995289e+01	1.940434570000000e-03
3.395787300029770e+01	1.955224430000000e-03
3.400335490005091e+01	1.962523440000000e-03
3.403655120031908e+01	1.970398470000000e-03
3.406599130015820e+01	1.979233700000000e-03
3.411311380006373e+01	1.991334370000000e-03
3.415957539994270e+01	2.001130250000000e-03
3.420583000034094e+01	2.012462590000000e-03
3.425194890005514e+01	2.019185570000000e-03
3.429878890002146e+01	2.032822930000000e-03
3.432978240028024e+01	2.042234640000000e-03
3.436059640021995e+01	2.060865750000000e-03
3.440756780002266e+01	2.081993970000000e-03
3.445339970011264e+01	2.109076590000000e-03
3.450049440003932e+01	2.122329780000000e-03
3.454754200018942e+01	2.148067810000000e-03
3.457710660016164e+01	2.164009960000000e-03
3.460819740034640e+01	2.182257360000000e-03
3.464025770034641e+01	2.201848900000000e-03
3.467178400000557e+01	2.219711900000000e-03
3.470263170031831e+01	2.234501300000000e-03
3.474865130009130e+01	2.261583930000000e-03
3.478000620007515e+01	2.280599440000000e-03
3.481057270010933e+01	2.302496000000000e-03
3.485733909998089e+01	2.330155110000000e-03
3.490267990017310e+01	2.343216450000000e-03
3.493333870032802e+01	2.358966510000000e-03
3.496490500029176e+01	2.376445340000000e-03
3.501163890026510e+01	2.394500190000000e-03
3.505955190025270e+01	2.410442340000000e-03
3.510544790001586e+01	2.422735100000000e-03
3.515151230012998e+01	2.430034100000000e-03
3.521330700023100e+01	2.445592080000000e-03
3.524381479993463e+01	2.453467110000000e-03
3.527488950034603e+01	2.462494890000000e-03
3.530637639993802e+01	2.475555990000000e-03
3.535167729994282e+01	2.483046610000000e-03
3.541480670031160e+01	2.502254210000000e-03
3.546202460024506e+01	2.518388680000000e-03
3.550856530014426e+01	2.530297260000000e-03
3.554040700010955e+01	2.538940640000000e-03
3.557424829993397e+01	2.552001740000000e-03
3.560284730000421e+01	2.563142220000000e-03
3.566299330024049e+01	2.600980920000000e-03
3.570962940016761e+01	2.623261880000000e-03
3.576147270016372e+01	2.646118400000000e-03
3.580375439999625e+01	2.657258880000000e-03
3.583843680005521e+01	2.672432920000000e-03
3.586516029993072e+01	2.688375070000000e-03
3.591121890023351e+01	2.709695370000000e-03
3.595747760031372e+01	2.731591930000000e-03
3.600397890014574e+01	2.751183460000000e-03
3.605111890006810e+01	2.763476460000000e-03
3.609859210019931e+01	2.790174680000000e-03
3.612872690008953e+01	2.808806020000000e-03
3.615957690030336e+01	2.839922210000000e-03
3.620625740010291e+01	2.871038390000000e-03
3.625255990028381e+01	2.888133280000000e-03
3.630116769997403e+01	2.922130280000000e-03
3.636059950012714e+01	2.978408240000000e-03
3.640737539995462e+01	2.997807930000000e-03
3.643917250027880e+01	3.017783630000000e-03
3.646842449996620e+01	3.036607060000000e-03
3.650033170031384e+01	3.050052330000000e-03
3.654871400026605e+01	3.070412200000000e-03
3.657915920019150e+01	3.082321260000000e-03
3.661032749991864e+01	3.097302750000000e-03
3.665640780003741e+01	3.113437210000000e-03
3.670172710018232e+01	3.120735750000000e-03
3.673235219996423e+01	3.132836890000000e-03
3.676371670002118e+01	3.147050270000000e-03
3.680958370026201e+01	3.164721190000000e-03
3.685567199997604e+01	3.177974370000000e-03
3.690529939997941e+01	3.192571920000000e-03
3.696347220009193e+01	3.211779520000000e-03
3.700948469992727e+01	3.226953560000000e-03
3.704104200005531e+01	3.247505290000000e-03
3.707311900006607e+01	3.271515020000000e-03
3.710599429998547e+01	3.312811020000000e-03
3.715161380032077e+01	3.336820290000000e-03
3.721383500006050e+01	3.428055900000000e-03
3.725946280034259e+01	3.492977470000000e-03
3.730724660027772e+01	3.529855980000000e-03
3.733780110022053e+01	3.564429240000000e-03
3.736930020013824e+01	3.606301730000000e-03
3.741550370026380e+01	3.660274900000000e-03
3.746157820010558e+01	3.716361010000000e-03
3.750986020034179e+01	3.767644750000000e-03
3.755997169995680e+01	3.816047680000000e-03
3.768226080015302e+01	3.902481400000000e-03
3.771359569998458e+01	3.948579540000000e-03
3.775892090005800e+01	4.011772110000000e-03
3.780476790014654e+01	4.073427990000000e-03
3.785067010018975e+01	4.106081090000000e-03
3.791286450019106e+01	4.178685140000000e-03
3.794429340027273e+01	4.214026970000000e-03
3.797549050021917e+01	4.248216750000000e-03
3.800640569999814e+01	4.291817550000000e-03
3.805303840013221e+01	4.340028390000000e-03
3.809935260005295e+01	4.365574100000000e-03
3.813066630018875e+01	4.397075160000000e-03
3.816144690010697e+01	4.441636150000000e-03
3.820675079990178e+01	4.468718540000000e-03
3.823770800000057e+01	4.497914110000000e-03
3.827121020015329e+01	4.529414700000000e-03
3.831542910030112e+01	4.563027530000000e-03
3.836262529995292e+01	4.600866230000000e-03
3.840950290020555e+01	4.632559140000000e-03
3.845628680009395e+01	4.667900500000000e-03
3.850283490028232e+01	4.688068290000000e-03
3.853465500008315e+01	4.712077790000000e-03
3.856826770026237e+01	4.747035450000000e-03
3.861457510013133e+01	4.787179180000000e-03
3.866174860019237e+01	4.829435610000000e-03
3.870761570008472e+01	4.874765410000000e-03
3.875414110021666e+01	4.919711030000000e-03
3.881675710016862e+01	4.952171820000000e-03
3.884727160027251e+01	4.975412970000000e-03
3.887874840013683e+01	5.000574510000000e-03
3.890961130009964e+01	5.041678440000000e-03
3.895556360017508e+01	5.088544920000000e-03
3.900421530008316e+01	5.119853190000000e-03
3.905572109995410e+01	5.153274160000000e-03
3.911448620026931e+01	5.182469260000000e-03
3.914537309994921e+01	5.205134400000000e-03
3.917666340013966e+01	5.226647020000000e-03
3.920663359994069e+01	5.261028650000000e-03
3.925354390032589e+01	5.295793990000000e-03
3.929891039989889e+01	5.313273050000000e-03
3.933063689991832e+01	5.336706060000000e-03
3.936166340019554e+01	5.373776420000000e-03
3.940776490001008e+01	5.397593600000000e-03
3.943889900017530e+01	5.423523490000000e-03
3.946997850015759e+01	5.456560760000000e-03
3.950218630023301e+01	5.482106470000000e-03
3.955620520003140e+01	5.550100930000000e-03
3.961033939989284e+01	5.591973660000000e-03
3.965735240001231e+01	5.664961880000000e-03
3.970560170011595e+01	5.715669600000000e-03
3.973481350019574e+01	5.762728400000000e-03
3.976597100030631e+01	5.822848060000000e-03
3.981259609991685e+01	5.879510190000000e-03
3.986011969996616e+01	5.921190140000000e-03
3.990771989990026e+01	5.951730070000000e-03
3.995705390023068e+01	5.987264220000000e-03
4.001589799998328e+01	6.017612290000000e-03
4.005093370005488e+01	6.041813180000000e-03
4.011165129998699e+01	6.091368380000000e-03
4.015782510023564e+01	6.119796070000000e-03
4.020363959996030e+01	6.144765760000000e-03
4.025067140022293e+01	6.158595440000000e-03
4.029816640028730e+01	6.187406370000000e-03
4.032794660003856e+01	6.210071500000000e-03
4.036072510015219e+01	6.251943760000000e-03
4.040681990003213e+01	6.308990070000000e-03
4.045351830031723e+01	6.379096770000000e-03
4.049938719999045e+01	6.412902380000000e-03
4.053161060018465e+01	6.463033610000000e-03
4.056246910011396e+01	6.539864000000000e-03
4.060948730027303e+01	6.586538630000000e-03
4.063977729994804e+01	6.629754790000000e-03
4.067055780021474e+01	6.677581930000000e-03
4.070240280032158e+01	6.712155420000000e-03
4.074967409996316e+01	6.769009870000000e-03
4.078044150024652e+01	6.806080230000000e-03
4.081157790031284e+01	6.856788420000000e-03
4.085858809994534e+01	6.917675960000000e-03
4.090502620022744e+01	6.949560250000000e-03
4.093601780012250e+01	6.984517910000000e-03
4.096681770030409e+01	7.046366110000000e-03
4.101270400034264e+01	7.134528360000000e-03
4.105954540008679e+01	7.218657530000000e-03
4.110650769993663e+01	7.297599690000000e-03
4.115277140028775e+01	7.336207200000000e-03
4.121467099990696e+01	7.408235690000000e-03
4.124669870035723e+01	7.444153540000000e-03
4.127719769999385e+01	7.478342390000000e-03
4.130884589999914e+01	7.530587260000000e-03
4.135472000017762e+01	7.593395190000000e-03
4.140157489990816e+01	7.626432460000000e-03
4.144878969993442e+01	7.686167960000000e-03
4.147958420030773e+01	7.727848370000000e-03
4.151146010030061e+01	7.774714380000000e-03
4.154314969992265e+01	7.818316109999999e-03
4.157624750025570e+01	7.863837290000000e-03
4.160630230000243e+01	7.929910910000001e-03
4.165265760011971e+01	7.965445519999999e-03
4.169874130003154e+01	8.028252979999999e-03
4.172983680013567e+01	8.068589490000000e-03
4.176356750028208e+01	8.129284719999999e-03
4.180709780007601e+01	8.165779519999999e-03
4.183866970008239e+01	8.209188470000000e-03
4.186759740021080e+01	8.265658279999999e-03
4.191549000004306e+01	8.331731889999999e-03
4.196164759993553e+01	8.401647210000000e-03
4.201004300033674e+01	8.463111710000000e-03
4.205703150015324e+01	8.790711870000001e-03
4.218082470027730e+01	8.743092419999999e-03
4.221225390024483e+01	8.762140760000000e-03
4.224350470025092e+01	8.786901830000001e-03
4.227405850030482e+01	8.817378430000000e-03
4.230499520013109e+01	8.872617039999999e-03
4.235270710010082e+01	8.893569000000000e-03
4.240056709991768e+01	8.937378410000000e-03
4.244717300031334e+01	8.988806980000000e-03
4.247932319995016e+01	9.015473540000001e-03
4.250895619997755e+01	9.068808520000001e-03
4.255688189994544e+01	9.122141639999999e-03
4.261872990010306e+01	9.179284800000000e-03
4.264942880021408e+01	9.202141310000000e-03
4.267955020023510e+01	9.236426089999999e-03
4.271069440012798e+01	9.295474740000000e-03
4.275684439996257e+01	9.312618520000000e-03
4.278787819994614e+01	9.346903300000001e-03
4.281929040001705e+01	9.375474420000000e-03
4.285058639990166e+01	9.394522759999999e-03
4.289836300024763e+01	9.445951320000000e-03
4.292946089990437e+01	9.487856180000000e-03
4.296110540023074e+01	9.541189300000001e-03
4.300760699994862e+01	9.579285979999999e-03
4.305406220024452e+01	9.607858020000000e-03
4.308461550017819e+01	9.644047360000000e-03
4.311602330021560e+01	9.676429440000000e-03
4.316255440004170e+01	9.718334299999999e-03
4.320879710000008e+01	9.760239160000000e-03
4.325638130027801e+01	9.790713899999999e-03
4.330275289993733e+01	9.805952200000001e-03
4.335067570023239e+01	9.840238840000000e-03
4.338206960028037e+01	9.855477140000001e-03
4.341371600003913e+01	9.876429100000000e-03
4.345985860005021e+01	9.910715739999999e-03
4.350654700025916e+01	9.927857670000000e-03
4.355636160029098e+01	9.956428780000000e-03
4.361520460015163e+01	9.988810870000000e-03
4.366152309998870e+01	1.000023910000000e-02
4.369253120012581e+01	1.002119200000000e-02
4.372346970019862e+01	1.003071570000000e-02
4.375456409994513e+01	1.006119230000000e-02
4.380209890007973e+01	1.006119230000000e-02
4.386263950029388e+01	1.008976440000000e-02
4.391014649998397e+01	1.010119260000000e-02
4.395602740021423e+01	1.010500270000000e-02
4.398655720008537e+01	1.011643090000000e-02
4.401787619991228e+01	1.013738200000000e-02
4.405284000001848e+01	1.015071570000000e-02
4.411425560014322e+01	1.016976400000000e-02
4.415959440032020e+01	1.018500230000000e-02
4.420598880015314e+01	1.019452510000000e-02
4.425167320016772e+01	1.019833520000000e-02
4.428498229989782e+01	1.020785890000000e-02
4.431452690018341e+01	1.021928710000000e-02
4.436163170030341e+01	1.021738350000000e-02
4.440835450030863e+01	1.024024000000000e-02
4.445577530004084e+01	1.025166830000000e-02
4.450228259991854e+01	1.025738380000000e-02
4.454965740023181e+01	1.027643030000000e-02
4.458254700014368e+01	1.028595590000000e-02
4.461299870023504e+01	1.030119230000000e-02
4.465926970029250e+01	1.032214520000000e-02
4.470472360029817e+01	1.033928900000000e-02
4.475067250011489e+01	1.034500170000000e-02
4.481236430024728e+01	1.037547830000000e-02
4.485841200035065e+01	1.038119380000000e-02
4.488916100002825e+01	1.039452660000000e-02
4.492031070031226e+01	1.040214490000000e-02
4.495298029994592e+01	1.042500140000000e-02
4.501291360007599e+01	1.043262150000000e-02
4.506037429999560e+01	1.043833700000000e-02
4.510630730027333e+01	1.045166980000000e-02
4.515275670029223e+01	1.046690720000000e-02
4.518470990005881e+01	1.047262180000000e-02
4.521640320029110e+01	1.048786010000000e-02
4.526298950007185e+01	1.050119380000000e-02
4.531002609990537e+01	1.051643210000000e-02
4.535636640014127e+01	1.052405030000000e-02
4.541666390001774e+01	1.053167040000000e-02
4.546371340006590e+01	1.054119320000000e-02
4.549512739991769e+01	1.055071690000000e-02
4.552606300031766e+01	1.055643150000000e-02
4.555619679996744e+01	1.057357530000000e-02
4.560361750004813e+01	1.058119350000000e-02
4.565056549990550e+01	1.058881360000000e-02
4.569935100013390e+01	1.060595460000000e-02
4.573044790001586e+01	1.060786010000000e-02
4.576161359995604e+01	1.062500290000000e-02
4.579221320012584e+01	1.062690840000000e-02
4.582512040017173e+01	1.063833670000000e-02
4.585369470017031e+01	1.064595670000000e-02
4.590145200025290e+01	1.064785940000000e-02
4.594773590005934e+01	1.066119320000000e-02
4.598066970007494e+01	1.066119320000000e-02
4.600861199991778e+01	1.067833700000000e-02
4.605612719990313e+01	1.068024150000000e-02
4.608685760013759e+01	1.068405160000000e-02
4.611727049993351e+01	1.069547980000000e-02
4.616349410032853e+01	1.069738530000000e-02
4.620968200033531e+01	1.070500350000000e-02
4.625593410013244e+01	1.071262360000000e-02
4.630222270032391e+01	1.071262360000000e-02
4.635052540013567e+01	1.072214640000000e-02
4.638049239991233e+01	1.072024180000000e-02
4.641100550023839e+01	1.072405190000000e-02
4.645676130009815e+01	1.072976460000000e-02
4.650477440003306e+01	1.073738470000000e-02
4.655414059991017e+01	1.074119470000000e-02
4.661437300033867e+01	1.074500290000000e-02
4.664957860019058e+01	1.075071840000000e-02
4.667730800015852e+01	1.075262300000000e-02
4.670866250013933e+01	1.075833660000000e-02
4.675437800027430e+01	1.075833660000000e-02
4.681572289997712e+01	1.077357490000000e-02
4.686325079994276e+01	1.078500320000000e-02
4.691130390018225e+01	1.080214600000000e-02
4.695658909995109e+01	1.080595610000000e-02
4.698795940028504e+01	1.080405150000000e-02
4.701836299989372e+01	1.080976610000000e-02
4.705033400002867e+01	1.081928980000000e-02
4.711270960001275e+01	1.081357430000000e-02
4.715878779999912e+01	1.082309990000000e-02
4.720566480001435e+01	1.082309990000000e-02
4.725173730030656e+01	1.084024090000000e-02
4.728377650026232e+01	1.082690810000000e-02
4.731825170014054e+01	1.083833820000000e-02
4.736292569991201e+01	1.084786090000000e-02
4.740755310002714e+01	1.084976640000000e-02
4.745249370019883e+01	1.084595640000000e-02
4.749908250011504e+01	1.085357650000000e-02
4.753164510009810e+01	1.086690930000000e-02
4.756228250032291e+01	1.086500470000000e-02
4.759292849991471e+01	1.088024300000000e-02
4.762293750001118e+01	1.088214670000000e-02
4.765351309999824e+01	1.089357680000000e-02
4.770033170003444e+01	1.090119500000000e-02
4.774744189996272e+01	1.092786160000000e-02
4.777847120026127e+01	1.092786160000000e-02
4.780874249991030e+01	1.093548160000000e-02
4.785562560008839e+01	1.094500440000000e-02
4.788615440018475e+01	1.094500440000000e-02
4.791654859995469e+01	1.095452810000000e-02
4.796461099991575e+01	1.096024270000000e-02
4.801160310022533e+01	1.096405280000000e-02
4.805863150022924e+01	1.097167100000000e-02
4.811941860010847e+01	1.099643300000000e-02
4.815068290010095e+01	1.097928920000000e-02
4.818220379995182e+01	1.099833750000000e-02
4.821282330015674e+01	1.099833750000000e-02
4.825874810013920e+01	1.101548130000000e-02
4.830620930017903e+01	1.101738590000000e-02
4.835299400007352e+01	1.103262420000000e-02
4.841624339995906e+01	1.103833780000000e-02
4.846251490013674e+01	1.104595790000000e-02
4.849388159997761e+01	1.104976610000000e-02
4.852493540011346e+01	1.105357610000000e-02
4.855677640018985e+01	1.106119620000000e-02
4.860330149997026e+01	1.106119620000000e-02
4.864931660005823e+01	1.106881440000000e-02
4.867976920027286e+01	1.106690890000000e-02
4.871076800022274e+01	1.106690890000000e-02
4.875790810026228e+01	1.108024270000000e-02
4.878948849998415e+01	1.106881440000000e-02
4.882056430028751e+01	1.107452900000000e-02
4.885178630007431e+01	1.107452900000000e-02
4.891332390019670e+01	1.108214820000000e-02
4.896117800008506e+01	1.109167100000000e-02
4.900693920021877e+01	1.111071930000000e-02
4.905535940034315e+01	1.110119650000000e-02
4.908517200034112e+01	1.111452930000000e-02
4.911670579994097e+01	1.111071930000000e-02
4.916255890019238e+01	1.111643480000000e-02
4.920964200003073e+01	1.111643480000000e-02
4.925523310014978e+01	1.111452930000000e-02
4.930073790019378e+01	1.110881470000000e-02
4.934672569995746e+01	1.110881470000000e-02
4.937773020006716e+01	1.111262480000000e-02
4.940738019999117e+01	1.111643480000000e-02
4.945501130027696e+01	1.110881470000000e-02
4.950200850004330e+01	1.111071930000000e-02
4.955172759993002e+01	1.110500470000000e-02
4.961126720020548e+01	1.110500470000000e-02
4.965603969991207e+01	1.110690930000000e-02
4.968673280021176e+01	1.110309920000000e-02
4.971786059997976e+01	1.109929100000000e-02
4.974958340032026e+01	1.110309920000000e-02
4.978000030014664e+01	1.109929100000000e-02
4.981059999996796e+01	1.109548100000000e-02
4.985654830001295e+01	1.109548100000000e-02
4.990308250021189e+01	1.110119650000000e-02
4.995048790005967e+01	1.109548100000000e-02
4.998039490031078e+01	1.109548100000000e-02
5.001162949996069e+01	1.109738650000000e-02
5.005809760000557e+01	1.108786280000000e-02
5.010632590018213e+01	1.109548100000000e-02
5.015263119991869e+01	1.108976640000000e-02
5.021499729994684e+01	1.107833810000000e-02
5.026146849989891e+01	1.107071900000000e-02
5.029230890003964e+01	1.107262450000000e-02
5.032275980012491e+01	1.106881440000000e-02
5.035407060012221e+01	1.105929070000000e-02
5.040170889999717e+01	1.105929070000000e-02
5.044908850034699e+01	1.105167060000000e-02
5.047986390022561e+01	1.104976610000000e-02
5.051176810031757e+01	1.103833780000000e-02
5.055893020005897e+01	1.104214790000000e-02
5.058956350013614e+01	1.103833780000000e-02
5.062084250012413e+01	1.103262420000000e-02
5.065203100023791e+01	1.102500410000000e-02
5.069846579991281e+01	1.102500410000000e-02
5.072976160002872e+01	1.101548130000000e-02
5.076066530030221e+01	1.100976580000000e-02
5.080827910033986e+01	1.100786120000000e-02
5.085417339997366e+01	1.098881480000000e-02
5.088557690009475e+01	1.100405310000000e-02
5.091556779993698e+01	1.098690930000000e-02
5.096158350026235e+01	1.098500470000000e-02
5.100866089994088e+01	1.097928920000000e-02
5.105562820006162e+01	1.096405280000000e-02
5.110191259998828e+01	1.096405280000000e-02
5.114915510034189e+01	1.093928980000000e-02
5.117977100005373e+01	1.093928980000000e-02
5.121060180012137e+01	1.091262330000000e-02
5.125693339994177e+01	1.089738500000000e-02
5.130425500031561e+01	1.087643300000000e-02
5.135059100016952e+01	1.087452840000000e-02
5.141259610000998e+01	1.083833820000000e-02
5.145801339996979e+01	1.083833820000000e-02
5.148907350003719e+01	1.082309990000000e-02
5.151983270002529e+01	1.082309990000000e-02
5.155195019999519e+01	1.082119440000000e-02
5.161385049996898e+01	1.081738430000000e-02
5.166162039991468e+01	1.080786160000000e-02
5.170781669998541e+01	1.081547980000000e-02
5.175540619995445e+01	1.082690810000000e-02
5.178521860018373e+01	1.083643270000000e-02
5.181602710019797e+01	1.084976640000000e-02
5.186260910006240e+01	1.086119470000000e-02
5.190781649993733e+01	1.089547950000000e-02
5.195838230010122e+01	1.092786160000000e-02
5.200127530004829e+01	1.092595610000000e-02
5.204962570033967e+01	1.093548160000000e-02
5.208175239991397e+01	1.095071810000000e-02
5.211279590008780e+01	1.096405280000000e-02
5.215860729990527e+01	1.098309920000000e-02
5.220519600016996e+01	1.099262290000000e-02
5.225301060033962e+01	1.100024300000000e-02
5.230023539997637e+01	1.100595570000000e-02
5.234699789993465e+01	1.100214760000000e-02
5.237763600004837e+01	1.101929140000000e-02
5.241039750026539e+01	1.103071960000000e-02
5.245427330024540e+01	1.104214790000000e-02
5.250098410015926e+01	1.104595790000000e-02
5.254871230013669e+01	1.105167060000000e-02
5.257881879992783e+01	1.106119620000000e-02
5.261056900024414e+01	1.105929070000000e-02
5.265728620020673e+01	1.106690890000000e-02
5.268746730033308e+01	1.106881440000000e-02
5.271827549999580e+01	1.106881440000000e-02
5.276497430028394e+01	1.108024270000000e-02
5.281162890000269e+01	1.107833810000000e-02
5.285983520001173e+01	1.109548100000000e-02
5.290641190018505e+01	1.109738650000000e-02
5.295339599996805e+01	1.109357640000000e-02
5.298537300014868e+01	1.109738650000000e-02
5.301734580006450e+01	1.110500470000000e-02
5.306431110017002e+01	1.110881470000000e-02
5.311051760008559e+01	1.110690930000000e-02
5.315611439989880e+01	1.110690930000000e-02
5.320264800032601e+01	1.110690930000000e-02
5.325192080019042e+01	1.111262480000000e-02
5.328160620015115e+01	1.111452930000000e-02
5.331273190025240e+01	1.110690930000000e-02
5.336027890024707e+01	1.111071930000000e-02
5.340686050010845e+01	1.111452930000000e-02
5.345271270023659e+01	1.111071930000000e-02
5.349972820002586e+01	1.111071930000000e-02
5.354651640029624e+01	1.111452930000000e-02
5.357880400028080e+01	1.111071930000000e-02
5.360924310004339e+01	1.111071930000000e-02
5.365427769999951e+01	1.111452930000000e-02
5.370168510032818e+01	1.111071930000000e-02
5.375029000034556e+01	1.110500470000000e-02
5.380956510035321e+01	1.110690930000000e-02
5.385554700018838e+01	1.111452930000000e-02
5.388655450008810e+01	1.110500470000000e-02
5.391812460031360e+01	1.108024270000000e-02
5.394843300012872e+01	1.107833810000000e-02
5.397995570022613e+01	1.106119620000000e-02
5.401061720028520e+01	1.103643230000000e-02
5.405718720005825e+01	1.101167130000000e-02
5.416644729999825e+01	1.090500500000000e-02
5.419875440001488e+01	1.087452840000000e-02
5.422976460028440e+01	1.084214640000000e-02
5.426191359991208e+01	1.080595610000000e-02
5.430781770031899e+01	1.074881290000000e-02
5.435477840015665e+01	1.069738530000000e-02
5.440066929999739e+01	1.067833700000000e-02
5.444706819998100e+01	1.062690840000000e-02
5.447838540002704e+01	1.059262180000000e-02
5.450916559994221e+01	1.053928860000000e-02
5.455780480010435e+01	1.050500390000000e-02
5.460432660020888e+01	1.045166980000000e-02
5.465055980021134e+01	1.042309870000000e-02
5.470063980016857e+01	1.037738380000000e-02
5.476048470009118e+01	1.032595520000000e-02
5.479195119999349e+01	1.030690690000000e-02
5.482277380023152e+01	1.028405040000000e-02
5.485343219991773e+01	1.023261990000000e-02
5.491426039999351e+01	1.019071510000000e-02
5.496147469989955e+01	1.012024100000000e-02
5.500828700000420e+01	1.004976410000000e-02
5.505461720004678e+01	9.992620910000000e-03
5.508697060029954e+01	9.937382300000000e-03
5.511867060000077e+01	9.893572890000001e-03
5.516385250026360e+01	9.826906030000001e-03
5.521150580001995e+01	9.779285640000000e-03
5.525906739989296e+01	9.727858010000000e-03
5.530574630014598e+01	9.663095700000001e-03
5.535211040033028e+01	9.624999020000000e-03
5.538570820027962e+01	9.564047680000000e-03
5.541455999994650e+01	9.518332779999999e-03
5.546278219996020e+01	9.444046770000001e-03
5.550886100018397e+01	9.377379900000000e-03
5.556013139989227e+01	9.318331260000000e-03
5.560251320013776e+01	9.299284780000000e-03
5.564821200026199e+01	9.264998139999999e-03
5.567884070007131e+01	9.244046170000001e-03
5.570883479993790e+01	9.198331270000000e-03
5.575417779991403e+01	9.150713680000000e-03
5.580132100032642e+01	9.125949810000001e-03
5.584799219993874e+01	9.074522180000001e-03
5.587951439991593e+01	9.032616390000000e-03
5.591059540025890e+01	8.973568680000000e-03
5.595706310030073e+01	8.935473859999999e-03
5.598853900004178e+01	8.876425210000000e-03
5.602064710017294e+01	8.826902140000000e-03
5.605139979999512e+01	8.777379060000000e-03
5.611431390000507e+01	8.642138910000000e-03
5.616098330030218e+01	8.560233750000000e-03
5.620747329993173e+01	8.474519480000000e-03
5.625359530001879e+01	8.415472690000000e-03
5.628449370013550e+01	8.375472389999999e-03
5.631630530022085e+01	8.295470850000000e-03
5.636380580021068e+01	8.217375730000000e-03
5.640957210026681e+01	8.093566630000000e-03
5.645620719995350e+01	7.964041080000000e-03
5.650183610012755e+01	7.899279710000000e-03
5.654839910008013e+01	7.781185210000000e-03
5.658415509993210e+01	7.699280050000000e-03
5.661195980012417e+01	7.621183530000000e-03
5.665855560032651e+01	7.544993890000000e-03
5.670523070031777e+01	7.470706940000000e-03
5.675162409991026e+01	7.430707100000000e-03
5.681317270034924e+01	7.352612450000000e-03
5.685959370015189e+01	7.212510800000000e-03
5.696922630025074e+01	7.178321480000000e-03
5.700180370034650e+01	7.138562390000000e-03
5.704809219995514e+01	7.069414950000000e-03
5.707959529990330e+01	7.024469320000000e-03
5.711121060000733e+01	6.972800940000000e-03
5.715562310023233e+01	6.916331130000000e-03
5.720170440012589e+01	6.886559540000000e-03
5.724782290030271e+01	6.834507450000000e-03
5.727914960030466e+01	6.800126280000000e-03
5.730988340033218e+01	6.755564360000000e-03
5.735585300019011e+01	6.721951070000000e-03
5.738669670000672e+01	6.688913800000000e-03
5.741813470004126e+01	6.646658290000000e-03
5.746369170024991e+01	6.591532380000000e-03
5.751098920032382e+01	6.533333100000000e-03
5.755510610016063e+01	6.467451810000000e-03
5.761873010033742e+01	6.413094700000000e-03
5.764917630003765e+01	6.383899130000000e-03
5.768013660004362e+01	6.347789430000000e-03
5.771060460014269e+01	6.287476980000000e-03
5.775696519995108e+01	6.199507510000000e-03
5.780234750034288e+01	6.156866440000000e-03
5.784947270015255e+01	6.089255680000000e-03
5.788011150015518e+01	6.056795360000000e-03
5.791058359993622e+01	6.005895320000000e-03
5.795686520030722e+01	5.971129980000000e-03
5.798674490023404e+01	5.940013570000000e-03
5.801878180028871e+01	5.901406520000000e-03
5.805008100019768e+01	5.875476640000000e-03
5.811368860024959e+01	5.798070230000000e-03
5.815782400034368e+01	5.754277110000000e-03
5.820350470021367e+01	5.726618230000000e-03
5.824965419992805e+01	5.714133380000000e-03
5.828097019996494e+01	5.697038960000000e-03
5.831161990016699e+01	5.670340270000000e-03
5.835867829993367e+01	5.627123170000000e-03
5.840433289995417e+01	5.575839430000000e-03
5.845063650002703e+01	5.546451550000000e-03
5.849985820008442e+01	5.496512630000000e-03
5.852888219989836e+01	5.466164560000000e-03
5.856310660019517e+01	5.430246700000000e-03
5.859275740012527e+01	5.402203180000000e-03
5.862326449993998e+01	5.377425810000000e-03
5.865451430017129e+01	5.343236490000000e-03
5.870030219992623e+01	5.320571360000000e-03
5.874738290021196e+01	5.268711600000000e-03
5.877779809990898e+01	5.233561620000000e-03
5.880888890009373e+01	5.179972390000000e-03
5.885543410014361e+01	5.150393120000000e-03
5.888686460023746e+01	5.125231110000000e-03
5.891797850001603e+01	5.093346820000000e-03
5.894889730028808e+01	5.072218830000000e-03
5.897889770008624e+01	5.043215120000000e-03
5.900956610031426e+01	4.996349100000000e-03
5.905716129997745e+01	4.945256750000000e-03
5.910334020014852e+01	4.898967220000000e-03
5.914909039996564e+01	4.870731850000000e-03
5.918064570007846e+01	4.838271070000000e-03
5.921166660031304e+01	4.780264570000000e-03
5.925750310020521e+01	4.684803080000000e-03
5.930459220008925e+01	4.594719970000000e-03
5.935161569993943e+01	4.555920600000000e-03
5.941397130023688e+01	4.475249440000000e-03
5.945957840001211e+01	4.433952740000000e-03
5.949161590030417e+01	4.393425300000000e-03
5.952289870008826e+01	4.348287360000000e-03
5.955515559995547e+01	4.282021430000000e-03
5.961506780004129e+01	4.223438910000000e-03
5.966157620027661e+01	4.147761040000000e-03
5.970788730029017e+01	4.089755010000000e-03
5.975519270030782e+01	4.058062100000000e-03
5.978620330011472e+01	4.021375910000000e-03
5.981665370007977e+01	3.962984770000000e-03
5.986369520006701e+01	3.888075940000000e-03
5.991059330012649e+01	3.838328180000000e-03
5.995785999996588e+01	3.789541310000000e-03
6.000316169997677e+01	3.749397820000000e-03
6.005055560031906e+01	3.732111070000000e-03
