# [General]
# timestamp=2025-04-09T11:58:59.538278
# comments='# '
# delimiter='\t'
# column_dtypes=float;;float
# column_headers='Time (s);;Power (W)'
# 
# [Metadata]
# scanner_y=3.570616407198321
# scanner_x=-5.097816168198413
# start recoding time='09.04.2025, 11:57:59.330155'
# sample rate (hz)=50.0
# sample timing='TIMESTAMP'
# 
# ---- END HEADER ----
1.049099955707788e-03	4.126072780000000e-06
4.319859994575381e-02	4.126072780000000e-06
8.932040026411414e-02	4.318103490000000e-06
1.123685999773443e-01	3.933929750000000e-06
1.363534000702202e-01	4.318103490000000e-06
1.677399002946913e-01	3.741899260000000e-06
1.920316000469029e-01	5.086450980000000e-06
2.376739000901580e-01	4.126072780000000e-06
2.756364000961185e-01	3.741899260000000e-06
2.987545002251863e-01	4.126072780000000e-06
3.387764003127813e-01	4.318103490000000e-06
3.627289002761245e-01	3.933929750000000e-06
3.906862000003457e-01	3.933929750000000e-06
4.146835999563336e-01	4.894307950000000e-06
4.376556002534926e-01	3.741899260000000e-06
4.606486000120640e-01	4.510134200000000e-06
4.906290001235902e-01	4.318103490000000e-06
5.364347002469003e-01	3.933929750000000e-06
5.718767000362277e-01	4.510134200000000e-06
6.026467001065612e-01	5.086450980000000e-06
6.385528002865613e-01	3.741899260000000e-06
6.637081000953913e-01	4.510134200000000e-06
6.876909001730382e-01	4.318103490000000e-06
7.107669999822974e-01	3.933929750000000e-06
7.346479003317654e-01	4.510134200000000e-06
7.586542000062764e-01	4.702277240000000e-06
8.036386002786458e-01	4.318103490000000e-06
8.506080000661314e-01	4.126072780000000e-06
8.895721998997033e-01	5.086450980000000e-06
9.135714001022279e-01	4.318103490000000e-06
9.435430001467466e-01	3.357725520000000e-06
9.909852999262512e-01	5.086450980000000e-06
1.014702300075442e+00	4.702277240000000e-06
1.053703300189227e+00	4.510134200000000e-06
1.089000700041652e+00	4.702277240000000e-06
1.112448700238019e+00	5.278481690000000e-06
1.146191800013185e+00	5.278481690000000e-06
1.193202600348741e+00	5.470512410000000e-06
1.238602099940181e+00	5.470512410000000e-06
1.262884300202131e+00	6.046829180000000e-06
1.287877100054175e+00	6.238859900000000e-06
1.317783799953759e+00	6.815063900000000e-06
1.341780300252140e+00	6.238859900000000e-06
1.391363600268960e+00	7.007206930000000e-06
1.438517699949443e+00	7.007206930000000e-06
1.462513300124556e+00	8.735820300000000e-06
1.488496600184590e+00	7.583411390000000e-06
1.523981099948287e+00	7.583411390000000e-06
1.550981800071895e+00	8.735820300000000e-06
1.590865000151098e+00	8.927962880000001e-06
1.615114100277424e+00	8.735820300000000e-06
1.649090900085866e+00	9.312024300000000e-06
1.688890899997205e+00	9.119993590000000e-06
1.712145300116390e+00	9.696198500000000e-06
1.743161899968982e+00	1.046454600000000e-05
1.790169300045818e+00	1.065657670000000e-05
1.835316100157797e+00	1.084860740000000e-05
1.859259200282395e+00	1.123278070000000e-05
1.900594800245017e+00	1.142492420000000e-05
1.924339199904352e+00	1.200112820000000e-05
1.962363500148058e+00	1.315353710000000e-05
1.993316400330514e+00	1.334567970000000e-05
2.037357999943197e+00	1.392188460000000e-05
2.061316400300711e+00	1.372974110000000e-05
2.089300600346178e+00	1.507429260000000e-05
2.113310500048101e+00	1.507429260000000e-05
2.137409400194883e+00	1.545846680000000e-05
2.161290400195867e+00	1.584264100000000e-05
2.190065500326455e+00	1.641884410000000e-05
2.216676600277424e+00	1.641884410000000e-05
2.241488100029528e+00	1.699504900000000e-05
2.287358100060374e+00	1.814745700000000e-05
2.310345700010657e+00	1.949201030000000e-05
2.354621100239456e+00	1.968415200000000e-05
2.390088099986315e+00	1.949201030000000e-05
2.447453300002962e+00	2.045238760000000e-05
2.487913399934769e+00	2.064453110000000e-05
2.511466000229120e+00	2.083656180000000e-05
2.542079200036824e+00	2.141276490000000e-05
2.591504599899054e+00	2.179693910000000e-05
2.651188299991190e+00	2.256528750000000e-05
2.689461099915206e+00	2.314149060000000e-05
2.744226300157607e+00	2.429390040000000e-05
2.789744399953634e+00	2.487010350000000e-05
2.814070499967784e+00	2.602262610000000e-05
2.852318000048399e+00	2.659882920000000e-05
2.892692599911243e+00	2.755920830000000e-05
2.938182400073856e+00	2.736706480000000e-05
2.962257900275290e+00	2.909579050000000e-05
2.991026199888438e+00	2.986413710000000e-05
3.037122600246221e+00	3.024819850000000e-05
3.061104000080377e+00	3.120857580000000e-05
3.100866400171071e+00	3.293730330000000e-05
3.126504000276327e+00	3.351350820000000e-05
3.150806700345129e+00	3.485805790000000e-05
3.193116600159556e+00	3.677881610000000e-05
3.238447600044310e+00	3.754704810000000e-05
3.262495399918407e+00	3.889160140000000e-05
3.287652800325304e+00	3.927577560000000e-05
3.310631799977273e+00	4.042818550000000e-05
3.351813599932939e+00	4.177273510000000e-05
3.390485700219870e+00	4.234894000000000e-05
3.414389300160110e+00	4.234894000000000e-05
3.437673100270331e+00	4.350146260000000e-05
3.461029300000519e+00	4.388552410000000e-05
3.489086899906397e+00	4.446183810000000e-05
3.520115900319070e+00	4.599842210000000e-05
3.550517899915576e+00	4.695880120000000e-05
3.596076299902052e+00	4.849538160000000e-05
3.638090500142425e+00	4.945576070000000e-05
3.662101400084794e+00	5.003196570000000e-05
3.688683700282127e+00	5.099234110000000e-05
3.719563700258732e+00	5.137651530000000e-05
3.743571500293911e+00	5.387347850000000e-05
3.791519400198013e+00	5.387347850000000e-05
3.836492000147700e+00	5.541005880000000e-05
3.860454100184143e+00	5.675461220000000e-05
3.889482500031590e+00	5.944360240000000e-05
3.934475400019437e+00	6.098029920000000e-05
3.960248500108719e+00	6.251688320000000e-05
3.990402600262314e+00	6.405346360000000e-05
4.014378000050783e+00	6.462966850000001e-05
4.038569000083953e+00	6.597422180000000e-05
4.069208600092679e+00	6.731876780000001e-05
4.098804800305516e+00	6.981573100000000e-05
4.140486500225961e+00	7.096814080000000e-05
4.191330600064248e+00	7.538585490000000e-05
4.237229499965906e+00	7.769078370000001e-05
4.268391600344330e+00	7.999571240000000e-05
4.298877499997616e+00	8.287685340000000e-05
4.330859000328928e+00	8.575798710000000e-05
4.361623300239444e+00	8.998355770000000e-05
4.391845200210810e+00	9.171228160000000e-05
4.440023500006646e+00	9.709037839999999e-05
4.486481500323862e+00	1.024684750000000e-04
4.515424900222570e+00	1.061178410000000e-04
4.539812800008804e+00	1.093831520000000e-04
4.592083800118417e+00	1.168741440000000e-04
4.616636200342327e+00	1.201393390000000e-04
4.641410599928349e+00	1.239808480000000e-04
4.688589100260288e+00	1.310876690000000e-04
4.711997200269252e+00	1.339688020000000e-04
4.737970100250095e+00	1.366577930000000e-04
4.779111700132489e+00	1.412676500000000e-04
4.806821400299668e+00	1.456853790000000e-04
4.852946900296956e+00	1.502951200000000e-04
4.897922799922526e+00	1.527920830000000e-04
4.921787499915808e+00	1.549049780000000e-04
4.945796600077301e+00	1.591305480000000e-04
4.991127199959010e+00	1.612434570000000e-04
5.036587700247765e+00	1.639324470000000e-04
5.064337300136685e+00	1.650849590000000e-04
5.087614000309259e+00	1.666215540000000e-04
5.110583200119436e+00	1.679660930000000e-04
5.139584800228477e+00	1.689264750000000e-04
5.186822799965739e+00	1.723838210000000e-04
5.210376299917698e+00	1.733441900000000e-04
5.234442499931902e+00	1.744965990000000e-04
5.258639700245112e+00	1.748807700000000e-04
5.289140400011092e+00	1.760331800000000e-04
5.313126900233328e+00	1.769935620000000e-04
5.337394299916923e+00	1.775697750000000e-04
5.362065100111067e+00	1.796826690000000e-04
5.396776500158012e+00	1.817954470000000e-04
5.442675800062716e+00	1.848686220000000e-04
5.488765399903059e+00	1.865973460000000e-04
5.519336900208145e+00	1.894784800000000e-04
5.549796599894762e+00	1.925516410000000e-04
5.591186299920082e+00	1.944724060000000e-04
5.641827300190926e+00	1.990822640000000e-04
5.687091600149870e+00	2.027316220000000e-04
5.710740600246936e+00	2.040761760000000e-04
5.737296100240201e+00	2.059969410000000e-04
5.766442100051790e+00	2.094542720000000e-04
5.796876499895006e+00	2.121432630000000e-04
5.822158600203693e+00	2.150243960000000e-04
5.847215800080448e+00	2.202104660000000e-04
5.890438199974597e+00	2.219391900000000e-04
5.935767600312829e+00	2.263569040000000e-04
5.959838599897921e+00	2.298142500000000e-04
5.990197200328112e+00	2.313508300000000e-04
6.035794700030237e+00	2.359605710000000e-04
6.072888200171292e+00	2.388417050000000e-04
6.102840099949390e+00	2.411466410000000e-04
6.126882799901068e+00	2.421070240000000e-04
6.150709100067616e+00	2.457564990000000e-04
6.191825100220740e+00	2.472930940000000e-04
6.237093000207096e+00	2.532473880000000e-04
6.271438000258058e+00	2.572809170000000e-04
6.303102900274098e+00	2.613145920000000e-04
6.337571700103581e+00	2.632353280000000e-04
6.362837600056082e+00	2.678450840000000e-04
6.396198000293225e+00	2.697658490000000e-04
6.420613700058311e+00	2.705341900000000e-04
6.445515700150281e+00	2.732231810000000e-04
6.489369600079954e+00	2.753359730000000e-04
6.535350200254470e+00	2.764884850000000e-04
6.565763300284743e+00	2.776408800000000e-04
6.596111200284213e+00	2.795616460000000e-04
6.640179400332272e+00	2.803299870000000e-04
6.690550799947232e+00	2.828269500000000e-04
6.721553500276059e+00	2.834031470000000e-04
6.745587199926376e+00	2.874367060000000e-04
6.797409099992365e+00	2.880129030000000e-04
6.844550299923867e+00	2.907020100000000e-04
6.889244399964809e+00	2.916623780000000e-04
6.913358400110155e+00	2.933911160000000e-04
6.940007500350475e+00	2.947355680000000e-04
6.988508900161833e+00	2.972325020000000e-04
7.011958600021899e+00	2.983850430000000e-04
7.043933300301433e+00	3.012661760000000e-04
7.089916700031608e+00	3.018423740000000e-04
7.135488400235772e+00	3.047235080000000e-04
7.166176500264555e+00	3.066442730000000e-04
7.190808200277388e+00	3.085650100000000e-04
7.243388399947435e+00	3.133669090000000e-04
7.288135900162160e+00	3.147113600000000e-04
7.319901400245726e+00	3.166320970000000e-04
7.343014600221068e+00	3.214339960000000e-04
7.391752700321376e+00	3.229705910000000e-04
7.437296800315380e+00	3.296932260000000e-04
7.461771199945360e+00	3.329585310000000e-04
7.491114000324160e+00	3.360316910000000e-04
7.536625700071454e+00	3.431385270000000e-04
7.560676900204271e+00	3.467878850000000e-04
7.595811500214040e+00	3.506294160000000e-04
7.626831800211221e+00	3.552392590000000e-04
7.650545200332999e+00	3.602331850000000e-04
7.688995900098234e+00	3.640746870000000e-04
7.719424699898809e+00	3.675320480000000e-04
7.743077100254595e+00	3.744467100000000e-04
7.790421100333333e+00	3.786723830000000e-04
7.836802400182933e+00	3.852029040000000e-04
7.860566399991512e+00	3.901969470000000e-04
7.902176100295037e+00	3.963432680000000e-04
7.925749300047755e+00	4.005689410000000e-04
7.963398300111294e+00	4.095965120000000e-04
7.994468600023538e+00	4.207367890000000e-04
8.038237600121647e+00	4.245782910000000e-04
8.061699300073087e+00	4.291881340000000e-04
8.087675000075251e+00	4.334137190000000e-04
8.111593199893832e+00	4.384076460000000e-04
8.137589100282639e+00	4.410967520000000e-04
8.162724300287664e+00	4.464749650000000e-04
8.193190900143236e+00	4.501242070000000e-04
8.216701800003648e+00	4.533896280000000e-04
8.240821100305766e+00	4.568468430000000e-04
8.287327399943024e+00	4.649141630000000e-04
8.310558100230992e+00	4.689477210000000e-04
8.344627200160176e+00	4.793196280000000e-04
8.391882900148630e+00	4.841214980000000e-04
8.437230600044131e+00	4.931492150000000e-04
8.461267600301653e+00	4.971827149999999e-04
8.497422100044787e+00	5.044814900000000e-04
8.522269600071013e+00	5.092833890000000e-04
8.557222300209105e+00	5.217682920000000e-04
8.592182800173759e+00	5.292592690000000e-04
8.637400200124830e+00	5.423202530000000e-04
8.660439800005406e+00	5.505796290000000e-04
8.688443799968809e+00	5.578783460000000e-04
8.713288899976760e+00	5.659456950000000e-04
8.740199500229210e+00	5.745888340000000e-04
8.787809200119227e+00	5.880341630000000e-04
8.811382200103253e+00	5.943727450000000e-04
8.835440800059587e+00	6.022477760000000e-04
8.858518800232559e+00	6.116595469999999e-04
8.890311600174755e+00	6.178058680000000e-04
8.937135499902070e+00	6.304827980000000e-04
8.968148400075734e+00	6.370134070000000e-04
8.991868100129068e+00	6.408549380000000e-04
9.037476799916476e+00	6.508427900000000e-04
9.062056900002062e+00	6.541079490000000e-04
9.091242700349540e+00	6.577574529999999e-04
9.115158400032669e+00	6.612146970000000e-04
9.139658099971712e+00	6.650561700000000e-04
9.188810000196099e+00	6.729314920000000e-04
9.212255599908531e+00	6.758125960000000e-04
9.237739699892700e+00	6.790778130000000e-04
9.261854200158268e+00	6.823429720000000e-04
9.287627200130373e+00	6.865687900000000e-04
9.311972300056368e+00	6.902180610000000e-04
9.352821300271899e+00	6.984773790000000e-04
9.390951999928802e+00	7.023189100000000e-04
9.415482600219548e+00	7.078889180000000e-04
9.445117100141943e+00	7.184530840000000e-04
9.489564000163227e+00	7.245996380000000e-04
9.536729000043124e+00	7.388130760000000e-04
9.560388700105250e+00	7.484168160000000e-04
9.600965100340545e+00	7.689688350000000e-04
9.638045399915427e+00	7.795330020000000e-04
9.662229300010949e+00	7.924019590000000e-04
9.692840000148863e+00	8.077680249999999e-04
9.716217500157654e+00	8.167954510000000e-04
9.740467400290072e+00	8.279359320000000e-04
9.788983399979770e+00	8.507928000000000e-04
9.817282100208104e+00	8.644300979999999e-04
9.841330100316554e+00	8.772992880000000e-04
9.895810300018638e+00	9.237813060000000e-04
9.937311599962413e+00	9.408760820000000e-04
9.960722300224006e+00	9.625804380000000e-04
9.989722700323910e+00	9.812118950000000e-04
1.002089800033718e+01	1.006373550000000e-03
1.005181330023333e+01	1.041907580000000e-03
1.009983920026571e+01	1.086661010000000e-03
1.014682980021462e+01	1.133335290000000e-03
1.019091470027342e+01	1.155807990000000e-03
1.023697690013796e+01	1.202674350000000e-03
1.027216490032151e+01	1.236863670000000e-03
1.029535380005836e+01	1.257415860000000e-03
1.031937370030209e+01	1.277391570000000e-03
1.034988760016859e+01	1.315806640000000e-03
1.039703330025077e+01	1.351148360000000e-03
1.044306119997054e+01	1.388602890000000e-03
1.048878540005535e+01	1.407426430000000e-03
1.051891830004752e+01	1.434893110000000e-03
1.054975980008021e+01	1.477917890000000e-03
1.058910669991747e+01	1.500006530000000e-03
1.061227340018377e+01	1.521711000000000e-03
1.064328210009262e+01	1.571074360000000e-03
1.068917050026357e+01	1.590281840000000e-03
1.071292999992147e+01	1.608721100000000e-03
1.073753600008786e+01	1.625623550000000e-03
1.076774789998308e+01	1.644639180000000e-03
1.079076780006289e+01	1.659812870000000e-03
1.083633390022442e+01	1.688624270000000e-03
1.086132070003077e+01	1.707063520000000e-03
1.088933520019054e+01	1.722045240000000e-03
1.091362809995189e+01	1.736066890000000e-03
1.094023230019957e+01	1.752777370000000e-03
1.100134220020846e+01	1.800219880000000e-03
1.103831880027428e+01	1.817698710000000e-03
1.106231260020286e+01	1.835753680000000e-03
1.108834440028295e+01	1.852464160000000e-03
1.111162270000204e+01	1.873784580000000e-03
1.113862220011652e+01	1.893760290000000e-03
1.116222360031679e+01	1.917961980000000e-03
1.119034290034324e+01	1.941203140000000e-03
1.122023100033402e+01	1.970014070000000e-03
1.124446539999917e+01	2.012270740000000e-03
1.128916090028360e+01	2.036472320000000e-03
1.131219450011849e+01	2.061826180000000e-03
1.134416080033407e+01	2.112918070000000e-03
1.139013410033658e+01	2.136735250000000e-03
1.143569040019065e+01	2.188403630000000e-03
1.145974999992177e+01	2.220864170000000e-03
1.148814260028303e+01	2.249291400000000e-03
1.151641019992530e+01	2.284056970000000e-03
1.154728189995512e+01	2.362231490000000e-03
1.159151840023696e+01	2.396997060000000e-03
1.163670030003414e+01	2.462302800000000e-03
1.165991100016981e+01	2.496299800000000e-03
1.168802740005776e+01	2.524919110000000e-03
1.171112020034343e+01	2.554306530000000e-03
1.174949970003217e+01	2.614618280000000e-03
1.179067380027846e+01	2.641892760000000e-03
1.181432010000572e+01	2.668783300000000e-03
1.183744810009375e+01	2.693945310000000e-03
1.186116329999641e+01	2.726982110000000e-03
1.189026809995994e+01	2.756753700000000e-03
1.193594870017841e+01	2.816489200000000e-03
1.196016649994999e+01	2.857593120000000e-03
1.199155030027032e+01	2.887941200000000e-03
1.203762699989602e+01	2.941529970000000e-03
1.206223700009286e+01	2.972454070000000e-03
1.209239879995584e+01	3.007219640000000e-03
1.211716159991920e+01	3.041793360000000e-03
1.214123490033671e+01	3.080016000000000e-03
1.219120470015332e+01	3.160687630000000e-03
1.223720070021227e+01	3.227145640000000e-03
1.226244700001553e+01	3.265752690000000e-03
1.229456300009042e+01	3.341622420000000e-03
1.234142860025167e+01	3.381573830000000e-03
1.238987130019814e+01	3.445534730000000e-03
1.241419710032642e+01	3.477419490000000e-03
1.243731060018763e+01	3.506230890000000e-03
1.246081790002063e+01	3.545414190000000e-03
1.249618600029498e+01	3.615521360000000e-03
1.253813849994913e+01	3.647405650000000e-03
1.257396650034934e+01	3.700226310000000e-03
1.260492970002815e+01	3.756888440000000e-03
1.263813479989767e+01	3.791270080000000e-03
1.266779550025240e+01	3.834294620000000e-03
1.269185570022091e+01	3.866371470000000e-03
1.271630070032552e+01	3.901521210000000e-03
1.273942740028724e+01	3.934750330000000e-03
1.276320790033787e+01	3.975854260000000e-03
1.279465269995853e+01	4.046922080000000e-03
1.283746680011973e+01	4.082263910000000e-03
1.286133080022410e+01	4.129514100000000e-03
1.288836280023679e+01	4.172923040000000e-03
1.291274810023606e+01	4.216140140000000e-03
1.295092360023409e+01	4.300461150000000e-03
1.299019240029156e+01	4.336570860000000e-03
1.301440320024267e+01	4.373834000000000e-03
1.303936470020562e+01	4.409559540000000e-03
1.307318289997056e+01	4.451239480000000e-03
1.309615939995274e+01	4.500411450000000e-03
1.313716119993478e+01	4.526533190000000e-03
1.316782899992540e+01	4.561875020000000e-03
1.319168000016361e+01	4.592990970000000e-03
1.324616280011833e+01	4.690565170000000e-03
1.328716550022364e+01	4.720337220000000e-03
1.331024400005117e+01	4.746075250000000e-03
1.333400980010629e+01	4.775654520000000e-03
1.337024069996551e+01	4.815222230000000e-03
1.340161000005901e+01	4.859207200000000e-03
1.343682730011642e+01	4.885521720000000e-03
1.346084200032055e+01	4.909723070000000e-03
1.348889880022034e+01	4.928162320000000e-03
1.352686339989305e+01	4.959854760000000e-03
1.355112500023097e+01	4.992315550000000e-03
1.358985000010580e+01	5.013635850000000e-03
1.361409689998254e+01	5.034763830000000e-03
1.363800680032000e+01	5.055699960000000e-03
1.366102890018374e+01	5.077020270000000e-03
1.368957180017605e+01	5.094499330000000e-03
1.374294440029189e+01	5.177859680000000e-03
1.379032880021259e+01	5.202253350000000e-03
1.383628330007195e+01	5.249695850000000e-03
1.386077539995313e+01	5.279275590000000e-03
1.389012450026348e+01	5.297714840000000e-03
1.391489280015230e+01	5.318650510000000e-03
1.394500850001350e+01	5.355337170000000e-03
1.399118660017848e+01	5.370703060000000e-03
1.403855820000172e+01	5.400666970000000e-03
1.406211310019717e+01	5.416417030000000e-03
1.408763030031696e+01	5.430438560000000e-03
1.411072019999847e+01	5.448109470000000e-03
1.413793649990112e+01	5.468661430000000e-03
1.416225360007957e+01	5.490365900000000e-03
1.419015270005912e+01	5.508805160000000e-03
1.422718100016937e+01	5.542610770000000e-03
1.425133850006387e+01	5.578336310000000e-03
1.428962670033798e+01	5.603114140000000e-03
1.433512930013239e+01	5.648443940000000e-03
1.436733030015603e+01	5.683401600000000e-03
1.439834900014102e+01	5.741408090000000e-03
1.443743210006505e+01	5.773484240000000e-03
1.446158300014213e+01	5.802872130000000e-03
1.448845570022240e+01	5.829954520000000e-03
1.452442850032821e+01	5.871058440000000e-03
1.455684950016439e+01	5.921574310000000e-03
1.459208710025996e+01	5.950577560000000e-03
1.464923699991778e+01	6.024526430000000e-03
1.468845480028540e+01	6.044118200000000e-03
1.471214239997789e+01	6.067551210000000e-03
1.473798160022125e+01	6.089064290000000e-03
1.477223489992321e+01	6.114801390000000e-03
1.479629260022193e+01	6.134777330000000e-03
1.482046200009063e+01	6.157058290000000e-03
1.484519480029121e+01	6.196817850000000e-03
1.489069360028952e+01	6.217370280000000e-03
1.493621680000797e+01	6.248678080000000e-03
1.497332199988887e+01	6.275377240000000e-03
1.499917330034077e+01	6.305723920000000e-03
1.503895989991724e+01	6.318977570000000e-03
1.506730180000886e+01	6.344715600000000e-03
1.510030130017549e+01	6.375255530000000e-03
1.513050170009956e+01	6.399457810000000e-03
1.516038310015574e+01	6.432878320000000e-03
1.519183500017971e+01	6.451125260000000e-03
1.523797690030187e+01	6.493190300000000e-03
1.526905260002241e+01	6.514317820000000e-03
1.529205129994079e+01	6.537943610000000e-03
1.533733860030770e+01	6.570212080000000e-03
1.536193379992619e+01	6.596141960000000e-03
1.539026190014556e+01	6.617846430000000e-03
1.541427490022033e+01	6.634941320000000e-03
1.543834350025281e+01	6.651652050000000e-03
1.546232970012352e+01	6.676813590000000e-03
1.550080029992387e+01	6.721758750000000e-03
1.553795880032703e+01	6.742119320000000e-03
1.556300880014896e+01	6.764399350000000e-03
1.559013340016827e+01	6.788216530000000e-03
1.563991279993206e+01	6.821253800000000e-03
1.568532850034535e+01	6.856979800000000e-03
1.570848100027069e+01	6.874074690000000e-03
1.573352820007131e+01	6.891553290000000e-03
1.575732479989529e+01	6.914986760000000e-03
1.579576770029962e+01	6.952057130000000e-03
1.583742430014536e+01	6.972032600000000e-03
1.586149930022657e+01	6.992777340000000e-03
1.588949190033600e+01	7.012560500000000e-03
1.593618710013106e+01	7.053664890000000e-03
1.596138780005276e+01	7.081707940000000e-03
1.599067489989102e+01	7.099954880000000e-03
1.601522039994597e+01	7.124539930000000e-03
1.604456350021064e+01	7.164299950000000e-03
1.609014490013942e+01	7.182546890000000e-03
1.613630630029365e+01	7.212510800000000e-03
1.616834180010483e+01	7.234983150000000e-03
1.619165630033240e+01	7.253422870000000e-03
1.623760710004717e+01	7.290685550000000e-03
1.626132340030745e+01	7.304130590000000e-03
1.628829840011895e+01	7.321417800000000e-03
1.631231070030481e+01	7.337359710000000e-03
1.633591639995575e+01	7.348500190000000e-03
1.636944090016186e+01	7.368667980000000e-03
1.640042730001733e+01	7.386147040000000e-03
1.644661669991910e+01	7.413613140000000e-03
1.648875060025603e+01	7.428211160000000e-03
1.651201270008460e+01	7.439735810000000e-03
1.653770840028301e+01	7.452412510000000e-03
1.657179239997640e+01	7.471428250000000e-03
1.659584880014881e+01	7.485065610000000e-03
1.661998030031100e+01	7.495629600000000e-03
1.664378930022940e+01	7.515989240000000e-03
1.668889740016311e+01	7.527898070000000e-03
1.671198400016874e+01	7.534044790000000e-03
1.673809530027211e+01	7.544800170000000e-03
1.677618810022250e+01	7.566120480000000e-03
1.680071810027584e+01	7.581486830000000e-03
1.683740610023960e+01	7.594164460000000e-03
1.687050099996850e+01	7.607609030000000e-03
1.689377669990063e+01	7.622014730000000e-03
1.693278559995815e+01	7.633538920000000e-03
1.696305380016565e+01	7.646216550000000e-03
1.699127920018509e+01	7.651786320000000e-03
1.703774780035019e+01	7.677524350000000e-03
1.707315930025652e+01	7.685015910000000e-03
1.709690889995545e+01	7.706911770000000e-03
1.715011840034276e+01	7.724967320000000e-03
1.719763320032507e+01	7.741869430000000e-03
1.722219650028273e+01	7.750320710000000e-03
1.726037120027468e+01	7.764150390000000e-03
1.728895700024441e+01	7.771449630000000e-03
1.731291030021384e+01	7.779900450000000e-03
1.733805150026456e+01	7.786623200000000e-03
1.736144619993865e+01	7.795458190000000e-03
1.739018499990925e+01	7.800068710000000e-03
1.743614519992843e+01	7.812168910000000e-03
1.745974630024284e+01	7.828687320000000e-03
1.748744230018929e+01	7.826766930000000e-03
1.752446300024167e+01	7.840597070000000e-03
1.755085060000420e+01	7.850007149999999e-03
1.760181660018861e+01	7.862108760000000e-03
1.764931480027735e+01	7.874017580000000e-03
1.768763010017574e+01	7.881700060000000e-03
1.771080530015752e+01	7.885349910000001e-03
1.773748560016975e+01	7.891495710000000e-03
1.777343029994518e+01	7.890535520000000e-03
1.779662219993770e+01	7.902252489999999e-03
1.782116160029545e+01	7.904365660000001e-03
1.784446900011972e+01	7.918386720000000e-03
1.789148169988766e+01	7.922804909999999e-03
1.793790030013770e+01	7.928375150000000e-03
1.796221669996157e+01	7.938170810000001e-03
1.800413750018924e+01	7.941819730000001e-03
1.803829330019653e+01	7.939707490000000e-03
1.806710050022230e+01	7.948926650000000e-03
1.809011050034314e+01	7.952383719999999e-03
1.811415660008788e+01	7.960258980000001e-03
1.814651140011847e+01	7.965829220000000e-03
1.819236820004880e+01	7.972743359999999e-03
1.823823000025004e+01	7.975624870000000e-03
1.826976549997926e+01	7.978313600000000e-03
1.829372430033982e+01	7.982539009999999e-03
1.834829450026155e+01	7.989646870000000e-03
1.838983409991488e+01	7.994448770000001e-03
1.841381640033796e+01	7.993295790000000e-03
1.844294949993491e+01	7.995408960000000e-03
1.848876570025459e+01	7.995985450000000e-03
1.852248489996418e+01	8.000402710000000e-03
1.855180900031701e+01	8.005972950000001e-03
1.858975520031527e+01	8.008469830000000e-03
1.864574870001525e+01	8.009814660000000e-03
1.868835909990594e+01	8.007701490000000e-03
1.871198050025851e+01	8.005396460000000e-03
1.873923079995438e+01	7.997904900000000e-03
1.876341510005295e+01	8.008277980000001e-03
1.880081740021706e+01	8.006741289999999e-03
1.883868370018899e+01	8.009238170000000e-03
1.886183320032433e+01	8.010774849999999e-03
1.888791040005162e+01	8.007893340000001e-03
1.891119170002639e+01	8.006933149999999e-03
1.893769580032676e+01	8.006549440000000e-03
1.896187780005857e+01	8.006357590000001e-03
1.899073430011049e+01	8.000594559999999e-03
1.901608500024304e+01	8.004436270000000e-03
1.904608860006556e+01	8.001939390000001e-03
1.909208289999515e+01	8.008086120000001e-03
1.914034380018711e+01	8.001555690000000e-03
1.920061849988997e+01	7.992143740000001e-03
1.924585269996896e+01	7.996752859999999e-03
1.928816869994625e+01	7.995408960000000e-03
1.931217190017924e+01	7.993679490000001e-03
1.933614270016551e+01	7.992912079999999e-03
1.936051789997146e+01	7.989646870000000e-03
1.940178620023653e+01	7.985421459999999e-03
1.943740259995684e+01	7.980042140000001e-03
1.946089310012758e+01	7.982731800000000e-03
1.948814570019022e+01	7.975816730000000e-03
1.952479889988899e+01	7.970054630000001e-03
1.954873730009422e+01	7.966789420000000e-03
1.960351060004905e+01	7.955457080000001e-03
1.962768660020083e+01	7.958722300000000e-03
1.965077520022169e+01	7.955264300000001e-03
1.969150200020522e+01	7.948734799999999e-03
1.973756689997390e+01	7.944509390000000e-03
1.977416770020500e+01	7.940091190000000e-03
1.979819800006226e+01	7.940667679999999e-03
1.985182030033320e+01	7.941243240000000e-03
1.988788230018690e+01	7.935097440000000e-03
1.991189950006083e+01	7.933752610000001e-03
1.993586389999837e+01	7.935481150000000e-03
1.996284290030599e+01	7.938746360000000e-03
1.999098520027474e+01	7.933752610000001e-03
2.004058449994773e+01	7.935481150000000e-03
2.008581469999626e+01	7.937594320000000e-03
2.011953049991280e+01	7.937594320000000e-03
2.014317000005394e+01	7.946813480000000e-03
2.019833570020273e+01	7.941626940000000e-03
2.022232780000195e+01	7.952000010000000e-03
2.026045890012756e+01	7.958530449999999e-03
2.028848200011998e+01	7.959682490000000e-03
2.031178790004924e+01	7.965445519999999e-03
2.034030350018293e+01	7.971399460000000e-03
2.038789799995720e+01	7.972359659999999e-03
2.041125890007243e+01	7.974664680000000e-03
2.043756880005822e+01	7.976393219999999e-03
2.046181180002168e+01	7.973512630000000e-03
2.048749550012872e+01	7.981386970000000e-03
2.052552019990981e+01	7.977929900000000e-03
2.055552370008081e+01	7.986573500000000e-03
2.060208450024948e+01	7.988878530000000e-03
2.063806670019403e+01	7.992143740000001e-03
2.066520339995623e+01	7.995792660000001e-03
2.068973609991372e+01	7.998482320000000e-03
2.074311120016500e+01	7.994448770000001e-03
2.078982410021126e+01	8.003667930000000e-03
2.081421650014818e+01	8.003667930000000e-03
2.083741750009358e+01	8.000594559999999e-03
2.086139560025185e+01	7.998097690000001e-03
2.089065600000322e+01	7.994832469999999e-03
2.093612000020221e+01	7.996561940000001e-03
2.096010800031945e+01	8.004819970000000e-03
2.099136599991471e+01	8.000594559999999e-03
2.103714130027220e+01	8.003667930000000e-03
2.106856990000233e+01	7.994640620000000e-03
2.109266590001062e+01	7.995217109999999e-03
2.111572690028697e+01	7.997521200000000e-03
2.113918090006337e+01	7.997904900000000e-03
2.116329309996217e+01	8.000018080000001e-03
2.119146300014108e+01	7.998866029999999e-03
2.123911140020937e+01	7.997137490000000e-03
2.127188510028645e+01	7.996945639999999e-03
2.129603559989482e+01	7.990991700000000e-03
2.134923209995031e+01	7.991567250000000e-03
2.139062580000609e+01	7.985997010000001e-03
2.141463320003822e+01	7.992143740000001e-03
2.144294810015708e+01	7.988494820000001e-03
2.148936029989272e+01	7.978890089999999e-03
2.153628950007260e+01	7.978698240000000e-03
2.156829530000687e+01	7.979082869999999e-03
2.159139040019363e+01	7.974280980000000e-03
2.164486900018528e+01	7.962564009999999e-03
2.168816660018638e+01	7.969287219999999e-03
2.171136500034481e+01	7.965252730000000e-03
2.173477690014988e+01	7.966213860000000e-03
2.175872310018167e+01	7.960643619999999e-03
2.179091020021588e+01	7.957378399999999e-03
2.183626150013879e+01	7.946045140000000e-03
2.186050199996680e+01	7.939130070000000e-03
2.189521550014615e+01	7.923573260000000e-03
2.193785340012982e+01	7.909551260000000e-03
2.196208330010995e+01	7.901100439999999e-03
2.199122489988804e+01	7.895145570000000e-03
2.201646429998800e+01	7.884773430000000e-03
2.204150600032881e+01	7.874784990000000e-03
2.209560370026156e+01	7.843861359999999e-03
2.213797420030460e+01	7.837907410000001e-03
2.216119839996099e+01	7.832337170000000e-03
2.219196460023522e+01	7.828495470000000e-03
2.223806980019435e+01	7.822156880000000e-03
2.226762830000371e+01	7.824270050000000e-03
2.229063050029799e+01	7.816202939999999e-03
2.231469150027260e+01	7.812936790000001e-03
2.234422740014270e+01	7.800068710000000e-03
2.239113810006529e+01	7.790080740000000e-03
2.243625220004469e+01	7.771065460000000e-03
2.245937870023772e+01	7.757043930000000e-03
2.248850580025464e+01	7.737451700000000e-03
2.251419549994171e+01	7.709217260000000e-03
2.254788500024006e+01	7.647369060000000e-03
2.259602320007980e+01	7.614715490000000e-03
2.262653580028564e+01	7.583791860000000e-03
2.264973219996318e+01	7.539999210000000e-03
2.268866220023483e+01	7.509458340000000e-03
2.271169180003926e+01	7.476998490000000e-03
2.275124099990353e+01	7.418799210000000e-03
2.279044630005956e+01	7.390564310000000e-03
2.283623500028625e+01	7.354261820000000e-03
2.287534260004759e+01	7.322761700000000e-03
2.289839769992977e+01	7.301441390000000e-03
2.292268540011719e+01	7.280697580000000e-03
2.294577400013804e+01	7.237672810000000e-03
2.299090430000797e+01	7.215776020000000e-03
2.304541640030220e+01	7.135296710000000e-03
2.308772740000859e+01	7.112439720000000e-03
2.311074470030144e+01	7.082668600000000e-03
2.313820130005479e+01	7.059426980000000e-03
2.316162250004709e+01	7.027735000000000e-03
2.320176680013537e+01	6.982405200000000e-03
2.322515200031921e+01	6.958779410000000e-03
2.324828140018508e+01	6.909608840000000e-03
2.328829520009458e+01	6.887904370000000e-03
2.331227410025895e+01	6.864662750000000e-03
2.333734790002927e+01	6.840461400000000e-03
2.336110399989411e+01	6.815491240000000e-03
2.338948270026594e+01	6.792250560000000e-03
2.343622080003843e+01	6.752299140000000e-03
2.346065780008212e+01	6.724832110000000e-03
2.348775070020929e+01	6.708505560000000e-03
2.351365069998428e+01	6.691026500000000e-03
2.354474000027403e+01	6.654725410000000e-03
2.359221460018307e+01	6.623993160000000e-03
2.363801180012524e+01	6.605746220000000e-03
2.366124329995364e+01	6.588074840000000e-03
2.368831550003961e+01	6.578855680000000e-03
2.371158919995651e+01	6.565409710000000e-03
2.373860480030999e+01	6.542360880000000e-03
2.376227110018954e+01	6.516239140000000e-03
2.379100330034271e+01	6.489924160000000e-03
2.381530630029738e+01	6.465339100000000e-03
2.383962120022625e+01	6.437487900000000e-03
2.390162710007280e+01	6.346444600000000e-03
2.394819610007107e+01	6.271151360000000e-03
2.399093150021508e+01	6.230623460000000e-03
2.403715569991618e+01	6.151488050000000e-03
2.407155920006335e+01	6.101548210000000e-03
2.410277400026098e+01	6.058523900000000e-03
2.412679059989750e+01	6.025871260000000e-03
2.415021200012416e+01	5.980541460000000e-03
2.419151720032096e+01	5.954419260000000e-03
2.423677529999986e+01	5.905631930000000e-03
2.427437520027161e+01	5.861070470000000e-03
2.429844269994646e+01	5.815741140000000e-03
2.435215670010075e+01	5.750435400000000e-03
2.438983660005033e+01	5.721624470000000e-03
2.441387840034440e+01	5.698191000000000e-03
2.443695720005780e+01	5.676678380000000e-03
2.446020960016176e+01	5.648059770000000e-03
2.448928260011598e+01	5.617327520000000e-03
2.452425880031660e+01	5.576415450000000e-03
2.454824690008536e+01	5.515527910000000e-03
2.459019970009103e+01	5.477112720000000e-03
2.464902679994702e+01	5.340163130000000e-03
2.468718919996172e+01	5.291760430000000e-03
2.471133380010724e+01	5.245278120000000e-03
2.473657920025289e+01	5.199948330000000e-03
2.477409589989111e+01	5.135603250000000e-03
2.479828809993342e+01	5.066072100000000e-03
2.483808600017801e+01	5.021511110000000e-03
2.486732920026407e+01	4.965616860000000e-03
2.489802490035072e+01	4.869771660000000e-03
2.493817020021379e+01	4.821560810000000e-03
2.496239669993520e+01	4.770468920000000e-03
2.499086969997734e+01	4.728020170000000e-03
2.501601830031723e+01	4.684034730000000e-03
2.505416550021619e+01	4.605860450000000e-03
2.510189189994708e+01	4.525572990000000e-03
2.513803860032931e+01	4.488694480000000e-03
2.516308710025623e+01	4.447974730000000e-03
2.519172530015931e+01	4.415705800000000e-03
2.525378660019487e+01	4.316018890000000e-03
2.528775790007785e+01	4.278180190000000e-03
2.531174960033968e+01	4.238804800000000e-03
2.533697890024632e+01	4.197316710000000e-03
2.536085840035230e+01	4.145840180000000e-03
2.539145340025425e+01	4.106081090000000e-03
2.544009480020031e+01	4.035397430000000e-03
2.548560360027477e+01	3.975085910000000e-03
2.550863760011271e+01	3.939359910000000e-03
2.553862969996408e+01	3.908051640000000e-03
2.556506119994447e+01	3.875783180000000e-03
2.559607039997354e+01	3.843706570000000e-03
2.562743000034243e+01	3.809517020000000e-03
2.565141830034554e+01	3.772446420000000e-03
2.569014320010319e+01	3.752278860000000e-03
2.573521060030907e+01	3.716937030000000e-03
2.575822250032797e+01	3.693311940000000e-03
2.579120730003342e+01	3.668726190000000e-03
2.583620849996805e+01	3.625125160000000e-03
2.586019230028614e+01	3.598810640000000e-03
2.588914350001141e+01	3.575569720000000e-03
2.591313160024583e+01	3.547910830000000e-03
2.593911870010197e+01	3.518139480000000e-03
2.597012520022690e+01	3.479916370000000e-03
2.599407700030133e+01	3.427671970000000e-03
2.603942660009488e+01	3.397324360000000e-03
2.608501690020785e+01	3.345463890000000e-03
2.610900080017745e+01	3.307624720000000e-03
2.614302610000595e+01	3.243856360000000e-03
2.619101200019941e+01	3.213508290000000e-03
2.622315050009638e+01	3.178166460000000e-03
2.625431870017201e+01	3.130147700000000e-03
2.628946910006925e+01	3.101720710000000e-03
2.633553870022297e+01	3.032573500000000e-03
2.635853160033002e+01	2.982057860000000e-03
2.639091720012948e+01	2.937304320000000e-03
2.643655729992315e+01	2.844915960000000e-03
2.646144210034981e+01	2.798049710000000e-03
2.648820970021188e+01	2.766357500000000e-03
2.652045190008357e+01	2.731591930000000e-03
2.655129089998081e+01	2.684725450000000e-03
2.659744019992650e+01	2.647847170000000e-03
2.663811170030385e+01	2.629984170000000e-03
2.666243740031496e+01	2.609048040000000e-03
2.668805930018425e+01	2.587343570000000e-03
2.671125659998506e+01	2.561605540000000e-03
2.673848380008712e+01	2.540477320000000e-03
2.676261130021885e+01	2.515123460000000e-03
2.680047920020297e+01	2.478437030000000e-03
2.683149329992011e+01	2.442519180000000e-03
2.685583060001954e+01	2.403527960000000e-03
2.689440400013700e+01	2.351667500000000e-03
2.693802920030430e+01	2.324584870000000e-03
2.696202989993617e+01	2.299231010000000e-03
2.699118770007044e+01	2.282520290000000e-03
2.703704450000077e+01	2.250251590000000e-03
2.706496219988912e+01	2.230083800000000e-03
2.709693060023710e+01	2.211452690000000e-03
2.712792250001803e+01	2.194358040000000e-03
2.715173629997298e+01	2.170732710000000e-03
2.719107579998672e+01	2.155366820000000e-03
2.723706870013848e+01	2.133854430000000e-03
2.727005490008742e+01	2.116375600000000e-03
2.729401640035212e+01	2.084298760000000e-03
2.733798890002072e+01	2.066627840000000e-03
2.736197740025818e+01	2.047420480000000e-03
2.738997370004654e+01	2.033206870000000e-03
2.742796030035242e+01	2.009965950000000e-03
2.746001800009981e+01	1.983267260000000e-03
2.748892110027373e+01	1.962907610000000e-03
2.751324489992112e+01	1.940242480000000e-03
2.753716700011864e+01	1.914696650000000e-03
2.756102910032496e+01	1.884156610000000e-03
2.760286180023104e+01	1.831912200000000e-03
2.765081309992820e+01	1.778707490000000e-03
2.768778729997575e+01	1.752969340000000e-03
2.771177960000932e+01	1.731072900000000e-03
2.774578300025314e+01	1.691697400000000e-03
2.779375000018626e+01	1.658852560000000e-03
2.784170080022886e+01	1.639260910000000e-03
2.788967960001901e+01	1.608144720000000e-03
2.793564700009301e+01	1.587400680000000e-03
2.795864120032638e+01	1.575107800000000e-03
2.799071400007233e+01	1.564159640000000e-03
2.801461210008711e+01	1.552827070000000e-03
2.804560780012980e+01	1.530354380000000e-03
2.808855549991131e+01	1.520366520000000e-03
2.811154439998791e+01	1.509610330000000e-03
2.814063160028309e+01	1.494436290000000e-03
2.818949840031564e+01	1.458710530000000e-03
2.824848389998078e+01	1.407234350000000e-03
2.828744710003957e+01	1.387258530000000e-03
2.831245470000431e+01	1.363056940000000e-03
2.834441839996725e+01	1.309852120000000e-03
2.839041290013120e+01	1.281617090000000e-03
2.844037580024451e+01	1.220729430000000e-03
2.848532640002668e+01	1.166372210000000e-03
2.850833560014144e+01	1.133143200000000e-03
2.853831099998206e+01	1.107021000000000e-03
2.856431489996612e+01	1.078017640000000e-03
2.859528890019283e+01	1.049398560000000e-03
2.861825310019776e+01	1.027117830000000e-03
2.864123740000650e+01	1.002532080000000e-03
2.869123300025240e+01	9.593152790000001e-04
2.873620450031012e+01	9.266624110000000e-04
2.876018990017474e+01	9.061103920000000e-04
2.878916330030188e+01	8.844059780000000e-04
2.881715970020741e+01	8.559789279999999e-04
2.884213260002434e+01	8.112254440000000e-04
2.888812740007415e+01	7.920179050000000e-04
2.891212800005451e+01	7.731946530000000e-04
2.893607169995084e+01	7.511059519999999e-04
2.896108060004190e+01	7.211421620000000e-04
2.899126890022308e+01	6.969406970000000e-04
2.903749109990895e+01	6.567970850000000e-04
2.907100800005719e+01	6.304827980000000e-04
2.909521949989721e+01	5.976379030000000e-04
2.913795900018886e+01	5.784303650000000e-04
2.916193930013105e+01	5.582626330000000e-04
2.918992060003802e+01	5.411678580000000e-04
2.922792610013857e+01	5.127408080000001e-04
2.925894730025902e+01	4.868106040000000e-04
2.928886550012976e+01	4.758623840000000e-04
2.932285920018330e+01	4.660665870000000e-04
2.934583140024915e+01	4.579995000000000e-04
2.938980749994516e+01	4.543499960000000e-04
2.944873009994626e+01	4.409047250000000e-04
2.949492890015244e+01	4.293801900000000e-04
2.951932390034199e+01	4.188160240000000e-04
2.955959450034425e+01	4.009531110000000e-04
2.959069130010903e+01	3.961512410000000e-04
2.963667090004310e+01	3.949987000000000e-04
2.966097859991714e+01	3.942304760000000e-04
2.968764070002362e+01	3.951908440000000e-04
2.971164759993553e+01	3.959590980000000e-04
2.973983799992129e+01	3.973036360000000e-04
2.978758649993688e+01	3.984561480000000e-04
2.982356770010665e+01	3.973036360000000e-04
2.984655420016497e+01	3.974957800000000e-04
2.990082480013371e+01	3.980719780000000e-04
2.993749300017953e+01	3.973036360000000e-04
2.996202230034396e+01	3.973036360000000e-04
2.999348650034517e+01	3.978798340000000e-04
3.004145599994808e+01	3.973036360000000e-04
3.008641020022333e+01	3.974957800000000e-04
3.011039240006357e+01	3.969194660000000e-04
3.013438170030713e+01	3.982640340000000e-04
3.016536570014432e+01	3.969194660000000e-04
3.019135560002178e+01	3.949987000000000e-04
3.023732049996033e+01	3.840504800000000e-04
3.026251980010420e+01	3.740625400000000e-04
3.029132719989866e+01	3.611935540000000e-04
3.033730020001531e+01	3.289250020000000e-04
3.036825990024954e+01	3.010740330000000e-04
3.039924219995737e+01	2.755281170000000e-04
3.042323100008070e+01	2.559363780000000e-04
3.044633530033752e+01	2.186738860000000e-04
3.048917239997536e+01	1.981218810000000e-04
3.052520520007238e+01	1.662373690000000e-04
3.054814160009846e+01	1.308955250000000e-04
3.059042580006644e+01	1.109197330000000e-04
3.063609459996223e+01	7.980357619999999e-05
3.066072700032964e+01	6.655041940000000e-05
3.068807699996978e+01	5.925157170000000e-05
3.071204510005191e+01	5.272106860000000e-05
3.073603849997744e+01	4.734297540000000e-05
3.076003730017692e+01	3.965994980000000e-05
3.079100030008703e+01	3.312933400000000e-05
3.083597460016608e+01	2.448604390000000e-05
3.085896250000224e+01	1.987618270000000e-05
3.088896310003474e+01	1.718707970000000e-05
3.091194789996371e+01	1.411391530000000e-05
3.093891429994255e+01	1.161695400000000e-05
3.096193440025672e+01	9.504167790000001e-06
3.098991580028087e+01	7.391268350000000e-06
3.102588990004733e+01	6.815063900000000e-06
3.104985220031813e+01	6.046829180000000e-06
3.108883060002699e+01	6.046829180000000e-06
3.111181400017813e+01	4.894307950000000e-06
3.115107459994033e+01	4.894307950000000e-06
3.118977930024266e+01	5.854686150000000e-06
3.123606040002778e+01	5.278481690000000e-06
3.126075020013377e+01	5.470512410000000e-06
3.129292519995943e+01	5.278481690000000e-06
3.131670230021700e+01	5.662655440000000e-06
3.135467780008912e+01	4.894307950000000e-06
3.139172729989514e+01	4.318103490000000e-06
3.143964480003342e+01	5.086450980000000e-06
3.148559969989583e+01	4.702277240000000e-06
3.150859590014443e+01	4.510134200000000e-06
3.154014150006697e+01	5.662655440000000e-06
3.158853820012882e+01	5.278481690000000e-06
3.161153180012479e+01	6.238859900000000e-06
3.163551399996504e+01	7.583411390000000e-06
3.165850860020146e+01	8.159616299999999e-06
3.168848480004817e+01	8.735820300000000e-06
3.171148189995438e+01	9.888229210000000e-06
3.173745430028066e+01	1.084860740000000e-05
3.176245470019057e+01	1.161695400000000e-05
3.179043730022386e+01	1.200112820000000e-05
3.183643320016563e+01	1.257733220000000e-05
3.186039600009099e+01	1.276936290000000e-05
3.188936790032312e+01	1.372974110000000e-05
3.191335349995643e+01	1.411391530000000e-05
3.193734809989110e+01	1.449808860000000e-05
3.196133120032027e+01	1.392188460000000e-05
3.199132309993729e+01	1.507429260000000e-05
3.204428770020604e+01	1.622681340000000e-05
3.208725169999525e+01	1.622681340000000e-05
3.211024369997904e+01	1.641884410000000e-05
3.213727799989283e+01	1.622681340000000e-05
3.216121189994738e+01	1.661087480000000e-05
3.218920130003244e+01	1.565049750000000e-05
3.221375310001895e+01	1.545846680000000e-05
3.223716570017859e+01	1.392188460000000e-05
3.226016589999199e+01	1.488226280000000e-05
3.228853460028768e+01	1.372974110000000e-05
3.231172179989517e+01	1.353771040000000e-05
3.233731530001387e+01	1.296150640000000e-05
3.237280860031024e+01	1.123278070000000e-05
3.240488020004705e+01	1.065657670000000e-05
3.243773639993742e+01	9.888229210000000e-06
3.246191630000249e+01	9.312024300000000e-06
3.248701960034668e+01	8.543789590000001e-06
3.251406669989228e+01	7.583411390000000e-06
3.254587920010090e+01	7.007206930000000e-06
3.259032319998369e+01	6.238859900000000e-06
3.264066629996523e+01	5.854686150000000e-06
3.268649670016021e+01	5.278481690000000e-06
3.270980310020968e+01	5.470512410000000e-06
3.273713809996843e+01	5.278481690000000e-06
3.276327520003542e+01	4.702277240000000e-06
3.278933309996501e+01	5.086450980000000e-06
3.281328670028597e+01	4.510134200000000e-06
3.283700310019776e+01	4.702277240000000e-06
3.287184370029718e+01	4.702277240000000e-06
3.290364520018920e+01	4.318103490000000e-06
3.293822180014104e+01	4.510134200000000e-06
3.296526860026643e+01	4.702277240000000e-06
3.298988800030202e+01	4.318103490000000e-06
3.303985970001668e+01	5.086450980000000e-06
3.308502000011504e+01	4.510134200000000e-06
3.310896279988810e+01	4.510134200000000e-06
3.313254330027848e+01	4.894307950000000e-06
3.316853990033269e+01	5.086450980000000e-06
3.319354150025174e+01	4.702277240000000e-06
3.323775369999930e+01	4.894307950000000e-06
3.326133360015228e+01	4.702277240000000e-06
3.328747700015083e+01	3.933929750000000e-06
3.331128000002354e+01	5.470512410000000e-06
3.333727400004864e+01	4.894307950000000e-06
3.336149460030720e+01	5.470512410000000e-06
3.339039380010217e+01	5.278481690000000e-06
3.341545889992267e+01	5.278481690000000e-06
3.344937580032274e+01	6.046829180000000e-06
3.348835569992661e+01	6.046829180000000e-06
3.351321920007467e+01	6.238859900000000e-06
3.354198710015044e+01	6.623033640000000e-06
3.359028899995610e+01	7.007206930000000e-06
3.363725090026855e+01	6.623033640000000e-06
3.366124080028385e+01	7.391268350000000e-06
3.368723169993609e+01	7.391268350000000e-06
3.371021150005981e+01	6.815063900000000e-06
3.373420340009034e+01	7.007206930000000e-06
3.375718440022320e+01	7.775442100000000e-06
3.379317640000954e+01	8.159616299999999e-06
3.383714800002053e+01	7.775442100000000e-06
3.387412910023704e+01	8.735820300000000e-06
3.389717550016940e+01	1.027240250000000e-05
3.393807730032131e+01	1.142492420000000e-05
3.396208650013432e+01	1.142492420000000e-05
3.399015180021524e+01	1.296150640000000e-05
3.401403459999710e+01	1.372974110000000e-05
3.404454750008881e+01	1.545846680000000e-05
3.408999369991943e+01	1.680301830000000e-05
3.413699620030820e+01	1.891580540000000e-05
3.416806000005454e+01	2.141276490000000e-05
3.419193649990484e+01	2.487010350000000e-05
3.423790520010516e+01	2.583048260000000e-05
3.426190100004897e+01	2.736706480000000e-05
3.428787920018658e+01	3.005616780000000e-05
3.432485720003024e+01	3.447388370000000e-05
3.434784239996225e+01	4.004401130000000e-05
3.440282930014655e+01	4.734297540000000e-05
3.443779040034860e+01	5.099234110000000e-05
3.446077920030802e+01	5.483385390000000e-05
3.448831110028550e+01	5.944360240000000e-05
3.451324020000175e+01	6.424549060000000e-05
3.454373960010707e+01	7.404130160000000e-05
3.458980760024861e+01	7.941939839999999e-05
3.462087350012735e+01	8.460546090000000e-05
3.464467150019482e+01	9.190431590000000e-05
3.469064430007711e+01	9.613000290000000e-05
3.473662659991533e+01	1.043892260000000e-04
3.476131980028003e+01	1.099593570000000e-04
3.478958630003035e+01	1.138008670000000e-04
3.483465419989079e+01	1.232126230000000e-04
3.485855480004102e+01	1.283985620000000e-04
3.488953220006078e+01	1.330084340000000e-04
3.491352010006085e+01	1.385785580000000e-04
3.494951179996133e+01	1.474139860000000e-04
3.499070490011945e+01	1.526000560000000e-04
3.503671859996393e+01	1.623958670000000e-04
3.507342940010130e+01	1.718074930000000e-04
3.509641280025244e+01	1.827558300000000e-04
3.513739729998633e+01	1.890943090000000e-04
3.516638569999486e+01	1.971614980000000e-04
3.519035840034485e+01	2.031158070000000e-04
3.522836050018668e+01	2.144481990000000e-04
3.525281279999763e+01	2.253965360000000e-04
3.528830130025744e+01	2.305824750000000e-04
3.531230750028044e+01	2.382655080000000e-04
3.533727250015363e+01	2.457564990000000e-04
3.536128980014473e+01	2.557443510000000e-04
3.540024009998888e+01	2.732231810000000e-04
3.543721470003948e+01	2.807140700000000e-04
3.546218200027943e+01	2.891654440000000e-04
3.549425429990515e+01	2.991532670000000e-04
3.551902000000700e+01	3.060680760000000e-04
3.555856520030648e+01	3.225865080000000e-04
3.559112850017846e+01	3.316139920000000e-04
3.563810690026730e+01	3.481324530000000e-04
3.566108920006081e+01	3.548550890000000e-04
3.568706830032170e+01	3.625381210000000e-04
3.571005950029939e+01	3.688765860000000e-04
3.573704420030117e+01	3.765596190000000e-04
3.576422540005296e+01	3.859712450000000e-04
3.579000900033861e+01	3.917335130000000e-04
3.581399880023673e+01	3.990323750000000e-04
3.583800200000405e+01	4.055628670000000e-04
3.586199170025066e+01	4.155508360000000e-04
3.589095279993489e+01	4.238100660000000e-04
3.595092320023105e+01	4.487797850000000e-04
3.598993800021708e+01	4.570391030000000e-04
3.604487930005416e+01	4.793196280000000e-04
3.608783899992704e+01	4.885393430000000e-04
3.611082819988951e+01	4.983351680000000e-04
3.613982659997419e+01	5.129328350000000e-04
3.620178200025111e+01	5.534607330000000e-04
3.623675370030105e+01	5.661377220000000e-04
3.626233760034665e+01	5.805433610000000e-04
3.629376550018787e+01	6.080100430000000e-04
3.633669590018690e+01	6.222234810000000e-04
3.636068490007892e+01	6.385499150000000e-04
3.638966990029439e+01	6.516111320000000e-04
3.641368270013481e+01	6.642880620000000e-04
3.643763859989122e+01	6.754283090000000e-04
3.646229190006852e+01	6.896419800000000e-04
3.649560909997672e+01	7.194134519999999e-04
3.653934170026332e+01	7.355478590000000e-04
3.658755280030891e+01	7.662799330000000e-04
3.661055550025776e+01	7.835665600000000e-04
3.663753530010581e+01	7.995088820000000e-04
3.666151290014386e+01	8.192925600000000e-04
3.668751200009137e+01	8.367713890000000e-04
3.671061359997839e+01	8.544422450000000e-04
3.674847600003704e+01	8.942018030000000e-04
3.679143320024014e+01	9.097598960000000e-04
3.683641010010615e+01	9.353058410000000e-04
3.685943720024079e+01	9.520165040000000e-04
3.688938040006906e+01	9.689190770000000e-04
3.693543730024248e+01	1.003108340000000e-03
3.695940910000354e+01	1.031535440000000e-03
3.699040010012686e+01	1.056121200000000e-03
3.701447750022635e+01	1.081090770000000e-03
3.704500199994072e+01	1.137753130000000e-03
3.708826400013641e+01	1.164259390000000e-03
3.711226300010458e+01	1.194415150000000e-03
3.714060170017183e+01	1.229372810000000e-03
3.720156340021640e+01	1.322337080000000e-03
3.724860740033910e+01	1.381496200000000e-03
3.728794650034979e+01	1.408962880000000e-03
3.731151990033686e+01	1.435853420000000e-03
3.733556530019268e+01	1.462359800000000e-03
3.735948699992150e+01	1.499238190000000e-03
3.739151810016483e+01	1.526320820000000e-03
3.743746270006523e+01	1.580101790000000e-03
3.746071320027113e+01	1.612178280000000e-03
3.748748390004039e+01	1.640221340000000e-03
3.752041070023552e+01	1.681517580000000e-03
3.754606370022520e+01	1.735298550000000e-03
3.759037679992616e+01	1.763533570000000e-03
3.761441399995238e+01	1.791960560000000e-03
3.763834779988974e+01	1.815777970000000e-03
3.766235730005428e+01	1.849198950000000e-03
3.769031810015440e+01	1.880699190000000e-03
3.774729790026322e+01	1.973471370000000e-03
3.778926349990070e+01	1.997673190000000e-03
3.783523610001430e+01	2.048765080000000e-03
3.785938640031964e+01	2.085451500000000e-03
3.790047080023214e+01	2.120217080000000e-03
3.792418499989435e+01	2.142305490000000e-03
3.796220079995692e+01	2.177263140000000e-03
3.799122569989413e+01	2.192437180000000e-03
3.803815190028399e+01	2.218559150000000e-03
3.807423610007390e+01	2.237190730000000e-03
3.810508390003815e+01	2.260431880000000e-03
3.813707630010322e+01	2.275797770000000e-03
3.816705060005188e+01	2.296157650000000e-03
3.819103089999408e+01	2.312676280000000e-03
3.821550090005621e+01	2.333035930000000e-03
3.823900309996679e+01	2.354164370000000e-03
3.829303510021418e+01	2.435028090000000e-03
3.833794760005549e+01	2.459998010000000e-03
3.836994779994711e+01	2.490345620000000e-03
3.839391250023618e+01	2.525879300000000e-03
3.843788680015132e+01	2.545663390000000e-03
3.846263430034742e+01	2.566983690000000e-03
3.849685689993203e+01	2.600980920000000e-03
3.852265889989212e+01	2.628447490000000e-03
3.855884370021522e+01	2.674353540000000e-03
3.859079950023443e+01	2.703740960000000e-03
3.863778680004179e+01	2.763860630000000e-03
3.866886899992824e+01	2.805156630000000e-03
3.869176100008190e+01	2.836848840000000e-03
3.873672319995239e+01	2.890630160000000e-03
3.876172520034015e+01	2.920017580000000e-03
3.878968479996547e+01	2.943642670000000e-03
3.881368939997628e+01	2.964770890000000e-03
3.883769620023668e+01	2.983978480000000e-03
3.886170470016077e+01	3.002610060000000e-03
3.889065130008385e+01	3.017975720000000e-03
3.893567260028794e+01	3.046786880000000e-03
3.895961160026491e+01	3.066763050000000e-03
3.899858900019899e+01	3.103256920000000e-03
3.903816810017452e+01	3.122464520000000e-03
3.906275880010799e+01	3.143784820000000e-03
3.908752410020679e+01	3.164337250000000e-03
3.912350190011784e+01	3.198142160000000e-03
3.914648070000112e+01	3.241743430000000e-03
3.920046680001542e+01	3.283615690000000e-03
3.923742590006441e+01	3.307624720000000e-03
3.926077490020543e+01	3.341622420000000e-03
3.928740920033306e+01	3.378884870000000e-03
3.931040650000796e+01	3.423254240000000e-03
3.933736910019070e+01	3.457443320000000e-03
3.936136020021513e+01	3.494129750000000e-03
3.938933939998969e+01	3.524093660000000e-03
3.941332620009780e+01	3.555401930000000e-03
3.943731090007350e+01	3.586902050000000e-03
3.946195010002702e+01	3.619747000000000e-03
3.949934870004654e+01	3.678906010000000e-03
3.953823250019923e+01	3.710790770000000e-03
3.957624670024961e+01	3.761306410000000e-03
3.960022959997877e+01	3.808364740000000e-03
3.963720409991220e+01	3.836215470000000e-03
3.966226139990613e+01	3.869060430000000e-03
3.969817510014400e+01	3.916118760000000e-03
3.972215350018814e+01	3.949539740000000e-03
3.974614070029929e+01	4.014269450000000e-03
3.979110440006480e+01	4.050763320000000e-03
3.983674350008368e+01	4.119334280000000e-03
3.986063309991732e+01	4.160054030000000e-03
3.988722970010713e+01	4.200966100000000e-03
3.991938670026138e+01	4.254939030000000e-03
3.994321650033817e+01	4.331001080000000e-03
3.999018910015002e+01	4.369800440000000e-03
4.002983359992504e+01	4.428382960000000e-03
4.005852709989995e+01	4.478706980000000e-03
4.008809130033478e+01	4.515392710000000e-03
4.011107739992440e+01	4.550350360000000e-03
4.015008140029386e+01	4.627372600000000e-03
4.019057090021670e+01	4.657913000000000e-03
4.023601259989664e+01	4.716303670000000e-03
4.026001799991354e+01	4.752221520000000e-03
4.028714970033616e+01	4.786410830000000e-03
4.031096420018002e+01	4.820407830000000e-03
4.033494680002332e+01	4.858823030000000e-03
4.035894680023193e+01	4.907802210000000e-03
4.040118900034577e+01	4.975796680000000e-03
4.043732860032469e+01	5.002879540000000e-03
4.046066900016740e+01	5.035916340000000e-03
4.048814120003954e+01	5.067032300000000e-03
4.051173130003735e+01	5.096612030000000e-03
4.053869200032204e+01	5.127536130000000e-03
4.056265720026568e+01	5.162109620000000e-03
4.058961800020188e+01	5.193226040000000e-03
4.061961220018566e+01	5.229912230000000e-03
4.064358319994062e+01	5.285421850000000e-03
4.068955280026421e+01	5.316153630000000e-03
4.073452599998564e+01	5.367630160000000e-03
4.075851170020178e+01	5.400859290000000e-03
4.078949450002983e+01	5.425636660000000e-03
4.083447880018502e+01	5.465972240000000e-03
4.085846280027181e+01	5.487484860000000e-03
4.090146049996838e+01	5.518024790000000e-03
4.092541779996827e+01	5.537232380000000e-03
4.094940209994093e+01	5.576415450000000e-03
4.099042010027915e+01	5.592549690000000e-03
4.103840970015153e+01	5.635766780000000e-03
4.107035080017522e+01	5.671684630000000e-03
4.109432750009000e+01	5.720471960000000e-03
4.113730600010604e+01	5.751780230000000e-03
4.116130000026897e+01	5.789234770000000e-03
4.118926730006933e+01	5.817277820000000e-03
4.121325290016830e+01	5.846089220000000e-03
4.123724099993706e+01	5.872787440000000e-03
4.126125300023705e+01	5.898333150000000e-03
4.128921580035239e+01	5.922150800000000e-03
4.133529440034181e+01	5.954803430000000e-03
4.135916740028188e+01	5.975163540000000e-03
4.139035290013999e+01	5.988800900000000e-03
4.143612410034984e+01	6.011465560000000e-03
4.146058620000258e+01	6.030672700000000e-03
4.148809350002557e+01	6.045078860000000e-03
4.152310580015182e+01	6.070240400000000e-03
4.155406540026888e+01	6.112688690000000e-03
4.159103550016880e+01	6.138234860000000e-03
4.164601340005174e+01	6.252712100000000e-03
4.168698289990425e+01	6.289973860000000e-03
4.170999159989879e+01	6.319746380000000e-03
4.174122569989413e+01	6.346252280000000e-03
4.178882470028475e+01	6.390237250000000e-03
4.181185720022768e+01	6.413094700000000e-03
4.183513300027698e+01	6.434799170000000e-03
4.185918330028653e+01	6.461113230000000e-03
4.189020200027153e+01	6.483201870000000e-03
4.193652420025319e+01	6.519311570000000e-03
4.196114249993116e+01	6.538903340000000e-03
4.199124270025641e+01	6.552924870000000e-03
4.205421750014648e+01	6.603057030000000e-03
4.210205420013517e+01	6.622071840000000e-03
4.212502979999408e+01	6.626874210000000e-03
4.214803769998252e+01	6.629371080000000e-03
4.219101650035009e+01	6.626681420000000e-03
4.224098849995062e+01	6.593645080000000e-03
4.228593960031867e+01	6.532948930000000e-03
4.231994510022923e+01	6.478592290000000e-03
4.234390489989892e+01	6.404067390000000e-03
4.238987590000033e+01	6.359889170000000e-03
4.241386489989236e+01	6.313407330000000e-03
4.244487060001120e+01	6.216601930000000e-03
4.248881749995053e+01	6.156289950000000e-03
4.252662990009412e+01	6.051993000000000e-03
4.255678500002250e+01	5.962486380000000e-03
4.260376340011135e+01	5.850890650000000e-03
4.263773220032454e+01	5.789426620000000e-03
4.266173720033839e+01	5.722776520000000e-03
4.268770210025832e+01	5.668419410000000e-03
4.271070330031216e+01	5.614062310000000e-03
4.273467699997127e+01	5.565274970000000e-03
4.275866260007024e+01	5.498241170000000e-03
4.279064390016720e+01	5.449838010000000e-03
4.283562100026757e+01	5.345541050000000e-03
4.287127980031073e+01	5.263333210000000e-03
4.290116770006716e+01	5.153274160000000e-03
4.293757500033826e+01	5.094115160000000e-03
4.296256380015984e+01	5.017669410000000e-03
4.298982640029863e+01	4.947177600000000e-03
4.301409530034289e+01	4.873805210000000e-03
4.304175740014762e+01	4.791404590000000e-03
4.308748230012134e+01	4.652726460000000e-03
4.312059670034796e+01	4.556881260000000e-03
4.314444199996069e+01	4.442788660000000e-03
4.319050020026043e+01	4.385165870000000e-03
4.323614610033110e+01	4.281637720000000e-03
4.326087370002642e+01	4.220366010000000e-03
4.328735830029473e+01	4.160054030000000e-03
4.331093790009618e+01	4.101086870000000e-03
4.333433260023594e+01	4.050763320000000e-03
4.335742310015485e+01	3.989107440000000e-03
4.339038929995149e+01	3.948579540000000e-03
4.343538850033656e+01	3.862145360000000e-03
4.345854120003060e+01	3.805291370000000e-03
4.348652360029519e+01	3.758040960000000e-03
4.351514430018142e+01	3.708485510000000e-03
4.354113030014560e+01	3.666997420000000e-03
4.359248120011762e+01	3.579603280000000e-03
4.361645170021802e+01	3.534465560000000e-03
4.363951160013676e+01	3.484718040000000e-03
4.368845160026103e+01	3.379845530000000e-03
4.371183110028505e+01	3.326832320000000e-03
4.373783920006827e+01	3.286112570000000e-03
4.376584220025688e+01	3.241743430000000e-03
4.379038059990853e+01	3.202175720000000e-03
4.383653140021488e+01	3.133221060000000e-03
4.386005729995668e+01	3.096342550000000e-03
4.388896810030565e+01	3.066763050000000e-03
4.391296990029514e+01	3.039296020000000e-03
4.393694559996948e+01	3.010293000000000e-03
4.396093589998782e+01	2.978600330000000e-03
4.399096080008894e+01	2.959392730000000e-03
4.403929430013523e+01	2.923090940000000e-03
4.408822540007532e+01	2.880066170000000e-03
4.411220710026100e+01	2.860666490000000e-03
4.413819409999996e+01	2.844339940000000e-03
4.416318530030549e+01	2.825900910000000e-03
4.419057069998235e+01	2.808230000000000e-03
4.423008259991184e+01	2.775385040000000e-03
4.425341540016234e+01	2.743308430000000e-03
4.428841349994764e+01	2.721603960000000e-03
4.432297640014440e+01	2.693945310000000e-03
4.434593520034105e+01	2.665902020000000e-03
4.438990980014205e+01	2.649959880000000e-03
4.443589900014922e+01	2.609239890000000e-03
4.445988600002602e+01	2.576971660000000e-03
4.448788839997724e+01	2.545471300000000e-03
4.451193900033832e+01	2.519540950000000e-03
4.454404300032184e+01	2.464799680000000e-03
4.459182320022956e+01	2.416396750000000e-03
4.463778680004179e+01	2.393539530000000e-03
4.466977650020272e+01	2.364728830000000e-03
4.469376929989085e+01	2.318630690000000e-03
4.473772560013458e+01	2.288858640000000e-03
4.476572980033234e+01	2.253516810000000e-03
4.478971050027758e+01	2.224129390000000e-03
4.481372199999169e+01	2.191284670000000e-03
4.483668910013512e+01	2.161321000000000e-03
4.485969110019505e+01	2.123866460000000e-03
4.489055870007724e+01	2.093518620000000e-03
4.495069009996951e+01	2.026676670000000e-03
4.498967090016231e+01	2.009773860000000e-03
4.504463980020955e+01	1.944660090000000e-03
4.508761990023777e+01	1.921803570000000e-03
4.511111490009353e+01	1.899330530000000e-03
4.513707110006362e+01	1.873592500000000e-03
4.516110290028155e+01	1.842284340000000e-03
4.519107870012522e+01	1.814433370000000e-03
4.524806150002405e+01	1.714746470000000e-03
4.528713400010020e+01	1.682861940000000e-03
4.531056760018691e+01	1.647712310000000e-03
4.533683550031856e+01	1.616980180000000e-03
4.536181880021468e+01	1.581062100000000e-03
4.538981280010194e+01	1.551482710000000e-03
4.541378970025107e+01	1.523631740000000e-03
4.543691550008953e+01	1.499238190000000e-03
4.546182400034741e+01	1.474076300000000e-03
4.548801220022142e+01	1.454484770000000e-03
4.551646779989824e+01	1.433356430000000e-03
4.554208149993792e+01	1.394365220000000e-03
4.558993870019913e+01	1.374965650000000e-03
4.563491490017623e+01	1.336742770000000e-03
4.565889590000734e+01	1.309468060000000e-03
4.569788999995217e+01	1.277967820000000e-03
4.572185940016061e+01	1.256071150000000e-03
4.574584829993546e+01	1.215735570000000e-03
4.579081910010427e+01	1.190189390000000e-03
4.583579350030050e+01	1.144091480000000e-03
4.585979059990495e+01	1.113743640000000e-03
4.590332309994847e+01	1.059578380000000e-03
4.593727290024981e+01	1.033072130000000e-03
4.596727060014382e+01	1.003876680000000e-03
4.599028980033472e+01	9.819800029999999e-04
4.601555320015177e+01	9.581628840000000e-04
4.604707580013201e+01	9.141777410000000e-04
4.608825060026720e+01	8.907446170000000e-04
4.611124140024185e+01	8.657747530000000e-04
4.613922760030255e+01	8.392684390000000e-04
4.618819360015914e+01	7.887526879999999e-04
4.621427820017561e+01	7.624384600000001e-04
4.623818110022694e+01	7.411181000000000e-04
4.626416440028697e+01	7.197977390000000e-04
4.629416480008513e+01	6.984773790000000e-04
4.631812690012157e+01	6.836876860000000e-04
4.635649139992893e+01	6.548763490000000e-04
4.639108540024608e+01	6.421993600000000e-04
4.645018870010972e+01	5.997507250000001e-04
4.648822090029716e+01	5.874580240000000e-04
4.652629720000550e+01	5.686345390000000e-04
4.655784540018067e+01	5.459697570000000e-04
4.659019570006058e+01	5.313720320000000e-04
4.661443420033902e+01	5.181187880000000e-04
4.665251230029389e+01	4.923808740000000e-04
4.668996920017526e+01	4.822007610000000e-04
4.674612260004506e+01	4.553103940000000e-04
4.678962599998340e+01	4.460906780000000e-04
4.683478120015934e+01	4.274594250000000e-04
4.685877089994028e+01	4.134379270000000e-04
4.690195060009137e+01	3.951908440000000e-04
4.692590650031343e+01	3.836663090000000e-04
4.694906029989943e+01	3.648429410000000e-04
4.699139040010050e+01	3.544709180000000e-04
4.703735310025513e+01	3.352634670000000e-04
4.706234870012850e+01	3.235469050000000e-04
4.709040979994461e+01	3.125985680000000e-04
4.713594079995528e+01	2.939673140000000e-04
4.716021300014108e+01	2.810982410000000e-04
4.718974129995331e+01	2.711103880000000e-04
4.721451200032607e+01	2.605462210000000e-04
4.723785019991919e+01	2.507504250000000e-04
4.726170659996569e+01	2.392258760000000e-04
4.728916750010103e+01	2.277013410000000e-04
4.733537090010941e+01	2.069573090000000e-04
4.736834640009329e+01	1.906308900000000e-04
4.739189510000870e+01	1.696947150000000e-04
4.744587150029838e+01	1.502951200000000e-04
4.749253450008109e+01	1.376181750000000e-04
4.751739830011502e+01	1.285907060000000e-04
4.754366430034861e+01	1.089989750000000e-04
4.760239210026339e+01	9.420924470000000e-05
4.763772960007191e+01	8.767862890000000e-05
4.766082710027695e+01	8.037977390000000e-05
4.769735650019720e+01	7.000775800000000e-05
4.773775660013780e+01	6.501383900000000e-05
4.777484579989687e+01	5.848322330000000e-05
4.780593489995226e+01	5.214475100000000e-05
4.782919470034540e+01	4.907158650000000e-05
4.785265990020707e+01	4.273311420000000e-05
4.789048229996115e+01	3.869957070000000e-05
4.794499400025234e+01	2.429390040000000e-05
4.799010040005669e+01	1.891580540000000e-05
4.803704409999773e+01	1.353771040000000e-05
4.807104440033436e+01	1.123278070000000e-05
4.809511939994991e+01	8.927962880000001e-06
4.811882900027558e+01	8.351646100000001e-06
4.814225949998945e+01	7.199237640000000e-06
4.819084600033239e+01	6.046829180000000e-06
4.824279640009627e+01	4.702277240000000e-06
4.828718360001221e+01	5.086450980000000e-06
4.831037939991802e+01	4.702277240000000e-06
4.835150009999052e+01	5.662655440000000e-06
4.839033000031486e+01	6.046829180000000e-06
4.841430590022355e+01	7.007206930000000e-06
4.843818789999932e+01	7.583411390000000e-06
4.846287310030311e+01	8.543789590000001e-06
4.848865750012919e+01	9.888229210000000e-06
4.852468660008162e+01	1.276936290000000e-05
4.855262920027599e+01	1.776339740000000e-05
4.860068979999050e+01	2.429390040000000e-05
4.863732590014115e+01	2.813541140000000e-05
4.866153370030224e+01	3.312933400000000e-05
4.869594029989094e+01	4.196476580000000e-05
4.872032310022041e+01	5.060817060000000e-05
4.874343670019880e+01	6.847117769999999e-05
4.880426290025935e+01	8.652621910000000e-05
4.885190730029717e+01	1.082307430000000e-04
4.889891020022333e+01	1.307034980000000e-04
4.893736270023510e+01	1.424200600000000e-04
4.897635259991512e+01	1.637404200000000e-04
4.899957540025935e+01	1.779539450000000e-04
4.902377839991823e+01	1.954327740000000e-04
4.905567070003599e+01	2.223232440000000e-04
4.910079700034112e+01	2.492138300000000e-04
4.913756310008466e+01	2.626590140000000e-04
4.916119490005076e+01	2.774488530000000e-04
4.919331429991871e+01	3.001136650000000e-04
4.924073569988832e+01	3.112540000000000e-04
4.930065659992397e+01	3.337267840000000e-04
4.932471930002794e+01	3.396811950000000e-04
4.934889240004122e+01	3.512056140000000e-04
4.939113180013373e+01	3.602331850000000e-04
4.944189430028200e+01	3.967274390000000e-04
4.948901560017839e+01	4.076757760000000e-04
4.962210729997605e+01	4.391759870000000e-04
4.966146939992905e+01	4.458986510000000e-04
4.968883830029517e+01	4.495481260000000e-04
4.972424650005996e+01	4.574231860000000e-04
4.975632330030203e+01	4.664506410000000e-04
4.979035430029035e+01	4.724049360000000e-04
4.983715130016208e+01	4.841214980000000e-04
4.986725070001557e+01	4.927649280000000e-04
4.989055579993874e+01	4.992955360000000e-04
4.991450199997053e+01	5.052498310000000e-04
4.993797879992053e+01	5.119724660000000e-04
4.996221669996157e+01	5.165823390000000e-04
4.999135880032554e+01	5.211922110000000e-04
5.003971720021218e+01	5.227286600000000e-04
5.008530460018665e+01	5.225366330000000e-04
5.011684600031003e+01	5.231127140000000e-04
5.014041380025446e+01	5.223446060000000e-04
5.018801579996943e+01	5.229206870000000e-04
5.021113370032981e+01	5.227286600000000e-04
5.023950539994985e+01	5.229206870000000e-04
5.028816330013797e+01	5.219603190000001e-04
5.031139550032094e+01	5.219603190000001e-04
5.034752049995586e+01	5.115884120000000e-04
5.038972450001165e+01	4.998718500000000e-04
5.043930529989302e+01	4.701001160000000e-04
5.048520070035011e+01	4.447462270000000e-04
5.051006870018318e+01	4.311089000000000e-04
5.054960940033197e+01	3.915413690000000e-04
5.059518190007657e+01	3.540867470000000e-04
5.064169620024040e+01	3.216261390000000e-04
5.068726170016453e+01	3.077966680000000e-04
5.071043900027871e+01	2.937751710000000e-04
5.073688280023634e+01	2.834031470000000e-04
5.076626550033689e+01	2.722628120000000e-04
5.079093570029363e+01	2.624669870000000e-04
5.081485200021416e+01	2.532473880000000e-04
5.084323649993166e+01	2.363447420000000e-04
5.089031459996477e+01	2.286617240000000e-04
5.095082550030202e+01	1.975455670000000e-04
5.098988800030202e+01	1.858289910000000e-04
5.104385890020058e+01	1.518317000000000e-04
5.108779740007594e+01	1.428042450000000e-04
5.111198090016842e+01	1.333924880000000e-04
5.113833410013467e+01	1.249412310000000e-04
5.117034219997004e+01	1.164899730000000e-04
5.119435860030353e+01	1.053496090000000e-04
5.123706459999084e+01	1.001635460000000e-04
5.126293460000306e+01	9.267266430000000e-05
5.128750220034271e+01	8.671825340000000e-05
5.131086499989033e+01	8.018774680000000e-05
5.134203050006181e+01	6.885535550000001e-05
5.138980450015515e+01	6.366928570000000e-05
5.141544490028173e+01	5.752284780000000e-05
5.143932510027662e+01	5.233689440000000e-05
5.148572470014915e+01	4.407766760000000e-05
5.150993019994348e+01	3.946780630000000e-05
5.153773330012336e+01	3.601046770000000e-05
5.156292130006477e+01	3.159275000000000e-05
5.159042780008167e+01	2.775123900000000e-05
5.165092719998211e+01	1.699504900000000e-05
5.169695680029690e+01	1.276936290000000e-05
5.172205530013889e+01	1.104075000000000e-05
5.175900440011173e+01	6.815063900000000e-06
5.179183960007504e+01	5.086450980000000e-06
5.183996620029211e+01	4.702277240000000e-06
5.189972250023857e+01	4.894307950000000e-06
5.193735670018941e+01	5.854686150000000e-06
5.196300960006192e+01	7.967585590000000e-06
5.199143250007182e+01	8.351646100000001e-06
5.201758300000802e+01	9.504167790000001e-06
5.204325160011649e+01	1.334567970000000e-05
5.210229810001329e+01	1.603467170000000e-05
5.213738969992846e+01	1.776339740000000e-05
5.216553820017725e+01	2.083656180000000e-05
5.219689889997244e+01	2.448604390000000e-05
5.223780140001327e+01	2.813541140000000e-05
5.227551429998130e+01	3.370553900000000e-05
5.229855159996077e+01	3.716299030000000e-05
5.233705409988761e+01	4.273311420000000e-05
5.236130400002003e+01	4.945576070000000e-05
5.240027370024472e+01	6.021195080000000e-05
5.243741310015321e+01	6.635839240000000e-05
5.246149040013552e+01	7.404130160000000e-05
5.248741770023480e+01	8.172432720000000e-05
5.252485280018300e+01	9.478544960000001e-05
5.255433530034497e+01	1.107276980000000e-04
5.260157750034705e+01	1.264778110000000e-04
5.262465150002390e+01	1.372340050000000e-04
5.264774719998240e+01	1.574019410000000e-04
5.268898320011795e+01	1.691185030000000e-04
5.273466040007770e+01	1.908230330000000e-04
5.275865250034258e+01	2.033078340000000e-04
5.278967009996995e+01	2.142561720000000e-04
5.283541369996965e+01	2.313508300000000e-04
5.285973870009184e+01	2.413386680000000e-04
5.288884490029886e+01	2.484454890000000e-04
5.291284210002050e+01	2.549760970000000e-04
5.293637920031324e+01	2.620828160000000e-04
5.295974169997498e+01	2.693816790000000e-04
5.299087420012802e+01	2.749518900000000e-04
5.305066870013252e+01	2.926227750000000e-04
5.308765440015122e+01	3.006899790000000e-04
5.311367530003190e+01	3.076046410000000e-04
5.314515260001644e+01	3.277724610000000e-04
5.318957100016996e+01	3.377604300000000e-04
5.322348190005869e+01	3.535105500000000e-04
5.324696470005438e+01	3.696448110000000e-04
5.328915710002184e+01	3.811693460000000e-04
5.333457150030881e+01	4.065232350000000e-04
5.335797820007429e+01	4.280357390000000e-04
5.339510510023683e+01	4.591518950000000e-04
5.343764830008149e+01	4.731732770000000e-04
5.346216560015455e+01	4.873869180000000e-04
5.348693320015445e+01	5.008322190000000e-04
5.351177500002086e+01	5.144695170000000e-04
5.353785490011796e+01	5.277225860000000e-04
5.356086760014296e+01	5.450093890000000e-04
5.359745180001482e+01	5.715157020000000e-04
5.364471990009770e+01	6.045526240000000e-04
5.368660880019888e+01	6.183819500000000e-04
5.371002240013331e+01	6.327876470000000e-04
5.373673260025680e+01	6.452725500000000e-04
5.376842659991235e+01	6.600622440000000e-04
5.379907610034570e+01	6.719711240000000e-04
5.382955639995635e+01	6.852241350000000e-04
5.385346990032122e+01	7.019346230000000e-04
5.389041700027883e+01	7.124987900000000e-04
5.393620060011744e+01	7.332430100000000e-04
5.395950510026887e+01	7.480327620000000e-04
5.398988760029897e+01	7.599413510000000e-04
5.404745239997283e+01	8.087283930000000e-04
5.409345600008965e+01	8.319694900000000e-04
5.411744800023735e+01	8.500246330000000e-04
5.414147510007024e+01	8.686559160000000e-04
5.419019749993458e+01	9.120646860000001e-04
5.423526469990611e+01	9.572024570000000e-04
5.425812810007483e+01	9.850532509999999e-04
5.428699519997463e+01	1.010983480000000e-03
5.431102870032191e+01	1.040563100000000e-03
5.434286800026894e+01	1.098953890000000e-03
5.438983100000769e+01	1.125075970000000e-03
5.441625860007480e+01	1.151006200000000e-03
5.444022430013865e+01	1.175399640000000e-03
5.448685210011899e+01	1.220345150000000e-03
5.451396230002865e+01	1.245122980000000e-03
5.454542140010744e+01	1.290452780000000e-03
5.458942280011252e+01	1.307739410000000e-03
5.463710100017488e+01	1.341736640000000e-03
5.466178110009059e+01	1.359407560000000e-03
5.469825950032100e+01	1.382840910000000e-03
5.472304380033165e+01	1.398590980000000e-03
5.475996470032260e+01	1.428362450000000e-03
5.479012600006536e+01	1.446801700000000e-03
5.483578000031412e+01	1.482143650000000e-03
5.486895970022306e+01	1.512683460000000e-03
5.489256090018898e+01	1.552827070000000e-03
5.494666770007461e+01	1.601806380000000e-03
5.498891209997237e+01	1.622358450000000e-03
5.502591400034726e+01	1.660197160000000e-03
5.505833479994908e+01	1.698996410000000e-03
5.508793060015887e+01	1.720700760000000e-03
5.511197989992797e+01	1.747207130000000e-03
5.513687800010666e+01	1.772560990000000e-03
5.516021910030395e+01	1.803869150000000e-03
5.519087490020320e+01	1.829031040000000e-03
5.523581700026989e+01	1.874937210000000e-03
5.527515960019082e+01	1.911431200000000e-03
5.529944360023364e+01	1.934480270000000e-03
5.533888810034841e+01	1.970014070000000e-03
5.536292630014941e+01	1.992487120000000e-03
5.539084160001948e+01	2.010925910000000e-03
5.544764290004969e+01	2.060481580000000e-03
5.548722680006176e+01	2.077384390000000e-03
5.551101610017940e+01	2.098512140000000e-03
5.554261639993638e+01	2.149412410000000e-03
5.559010510006920e+01	2.176495040000000e-03
5.561384560028091e+01	2.201272410000000e-03
5.565181729989126e+01	2.247562630000000e-03
5.568838690035045e+01	2.270611700000000e-03
5.571252680011094e+01	2.294044710000000e-03
5.574597320007160e+01	2.345329150000000e-03
5.578906460013241e+01	2.375868850000000e-03
5.583475759997964e+01	2.442327100000000e-03
5.585855360003188e+01	2.483623100000000e-03
5.590102110011503e+01	2.531065610000000e-03
5.592529570031911e+01	2.557379890000000e-03
5.596234020031989e+01	2.595602530000000e-03
5.599191030021757e+01	2.632097110000000e-03
5.605555170029402e+01	2.665326000000000e-03
5.608751869993284e+01	2.682036720000000e-03
5.611187579995021e+01	2.701628250000000e-03
5.613729389989749e+01	2.720067280000000e-03
5.616458360012621e+01	2.742732180000000e-03
5.618963710032403e+01	2.759058490000000e-03
5.622811980033293e+01	2.785373010000000e-03
5.625854009995237e+01	2.813415830000000e-03
5.628821820020676e+01	2.829550300000000e-03
5.631124210031703e+01	2.849718090000000e-03
5.633787879999727e+01	2.872191140000000e-03
5.636700790002942e+01	2.902346660000000e-03
5.639738170010969e+01	2.949981480000000e-03
5.643758240016177e+01	2.977256200000000e-03
5.646244510030374e+01	3.006067130000000e-03
5.648741410020739e+01	3.035070370000000e-03
5.652701940014958e+01	3.080976430000000e-03
5.655105980020016e+01	3.125537890000000e-03
5.660022580018267e+01	3.184888980000000e-03
5.664667150005698e+01	3.249426140000000e-03
5.668773650005460e+01	3.273435640000000e-03
5.671114169992507e+01	3.298405560000000e-03
5.673722680006176e+01	3.321646710000000e-03
5.676139870006591e+01	3.347576600000000e-03
5.679046350019053e+01	3.368128790000000e-03
5.681455440027639e+01	3.385799700000000e-03
5.683780030021444e+01	3.403085980000000e-03
5.686286140000448e+01	3.424983010000000e-03
5.689667990012094e+01	3.464166310000000e-03
5.694366120034829e+01	3.516410710000000e-03
5.700460530025885e+01	3.569231370000000e-03
5.704401140008122e+01	3.621283690000000e-03
5.709655190026388e+01	3.651055270000000e-03
5.712853879993781e+01	3.681979370000000e-03
5.715151409991086e+01	3.718857890000000e-03
5.719141940027475e+01	3.740754210000000e-03
5.723748819995672e+01	3.788196480000000e-03
5.726621080003679e+01	3.818928730000000e-03
5.729018490016460e+01	3.847355950000000e-03
5.733632880030200e+01	3.904018090000000e-03
5.736055240035057e+01	3.942625130000000e-03
5.738971950020641e+01	3.977006770000000e-03
5.741407090006396e+01	4.013308790000000e-03
5.743962209997699e+01	4.054989200000000e-03
5.748632950009778e+01	4.135276660000000e-03
5.751832649996504e+01	4.189057740000000e-03
5.754555100016296e+01	4.266847860000000e-03
5.759028640016913e+01	4.301037170000000e-03
5.764466880029067e+01	4.426077940000000e-03
5.768732730019838e+01	4.462379960000000e-03
5.771114470018074e+01	4.496761600000000e-03
5.773512690002099e+01	4.533832430000000e-03
5.775906790001318e+01	4.581274460000000e-03
5.779151910031214e+01	4.622378390000000e-03
5.783784619998187e+01	4.688644320000000e-03
5.786179650016129e+01	4.721297420000000e-03
5.788900010008365e+01	4.750300660000000e-03
5.793915010010824e+01	4.804465920000000e-03
5.798698229994625e+01	4.871307870000000e-03
5.802224100008607e+01	4.929506690000000e-03
5.804902169993147e+01	5.002879540000000e-03
5.809646219993010e+01	5.081246140000000e-03
5.813822429999709e+01	5.118700680000000e-03
5.817420800030231e+01	5.175170950000000e-03
5.820545700006187e+01	5.236058500000000e-03
5.823748050024733e+01	5.271400330000000e-03
5.826851470023394e+01	5.320187190000000e-03
5.829971070028841e+01	5.372239740000000e-03
5.833111099991947e+01	5.416225180000000e-03
5.835509050032124e+01	5.460594320000000e-03
5.839168850006536e+01	5.515335590000000e-03
5.843747750017792e+01	5.541074090000000e-03
5.846082659997046e+01	5.566427950000000e-03
5.848705600015819e+01	5.592549690000000e-03
5.851809740019962e+01	5.636150950000000e-03
5.854913000017405e+01	5.709715650000000e-03
5.859640320017934e+01	5.762536540000000e-03
5.862125009996817e+01	5.807674020000000e-03
5.864508130028844e+01	5.882774950000000e-03
5.868836720008403e+01	5.921958950000000e-03
5.871147039998323e+01	5.968248470000000e-03
5.873687219992280e+01	6.001861770000000e-03
5.876577820023522e+01	6.038163790000000e-03
5.879014849988744e+01	6.066591010000000e-03
5.883567599998787e+01	6.136122160000000e-03
5.885993230016902e+01	6.190479730000000e-03
5.888895320007578e+01	6.239266130000000e-03
5.891292300028726e+01	6.279026160000000e-03
5.893681930005550e+01	6.319554060000000e-03
5.895992500009015e+01	6.360081960000000e-03
5.899076640000567e+01	6.393118300000000e-03
5.904472270002589e+01	6.471485830000000e-03
5.909167940029874e+01	6.525074600000000e-03
5.913809820031747e+01	6.554462020000000e-03
5.916231170017272e+01	6.585385650000000e-03
5.919029400032014e+01	6.614004730000000e-03
5.921633400022984e+01	6.648386830000000e-03
5.923970510018989e+01	6.668746470000000e-03
5.928607770008966e+01	6.722142920000000e-03
5.931025530025363e+01	6.755948530000000e-03
5.933771339990199e+01	6.786680310000000e-03
5.936168320011348e+01	6.822022140000000e-03
5.938972280034795e+01	6.854675240000000e-03
5.943546820012853e+01	6.915754640000000e-03
5.945980310020968e+01	6.954937710000000e-03
5.949733440019190e+01	6.997962480000000e-03
5.952303030015901e+01	7.029463070000000e-03
5.955879770033062e+01	7.075753530000000e-03
5.960620280029252e+01	7.128573950000000e-03
5.963827610015869e+01	7.153927350000000e-03
5.966269880020991e+01	7.177553140000000e-03
5.970071060024202e+01	7.222499230000000e-03
5.973731990018860e+01	7.244395090000000e-03
5.976164330029860e+01	7.276471700000000e-03
5.978939180029556e+01	7.296639960000000e-03
5.981397109990939e+01	7.315655240000000e-03
5.983703950000927e+01	7.332941520000000e-03
5.986099330009893e+01	7.362905420000000e-03
5.990205010026693e+01	7.403049150000000e-03
5.993673240020871e+01	7.418799210000000e-03
5.995986879989505e+01	7.438006810000000e-03
5.999447600031272e+01	7.469507400000000e-03
6.004031920013949e+01	7.483912630000000e-03
