# [General]
# timestamp=2025-04-09T10:57:53.946524
# comments='# '
# delimiter='\t'
# column_dtypes=float;;float
# column_headers='Time (s);;Power (W)'
# 
# [Metadata]
# scanner_y=3.573766999352296
# scanner_x=-5.07186307907141
# start recoding time='09.04.2025, 10:56:53.797149'
# sample rate (hz)=50.0
# sample timing='TIMESTAMP'
# 
# ---- END HEADER ----
1.102900132536888e-03	1.283985620000000e-04
3.348050033673644e-02	1.285907060000000e-04
7.362999999895692e-02	1.285907060000000e-04
9.764090040698647e-02	1.293589450000000e-04
1.223140000365674e-01	1.280143920000000e-04
1.458132001571357e-01	1.282065350000000e-04
1.744019002653658e-01	1.282065350000000e-04
2.203048001974821e-01	1.283985620000000e-04
2.437276002019644e-01	1.278223640000000e-04
2.720185001380742e-01	1.285907060000000e-04
2.953682001680136e-01	1.287827470000000e-04
3.193689002655447e-01	1.282065350000000e-04
3.447006000205874e-01	1.285907060000000e-04
3.758153002709150e-01	1.285907060000000e-04
4.218049002811313e-01	1.287827470000000e-04
4.460954000242054e-01	1.282065350000000e-04
4.744371999986470e-01	1.291669180000000e-04
5.339522999711335e-01	1.291669180000000e-04
5.796108003705740e-01	1.282065350000000e-04
6.124005001038313e-01	1.285907060000000e-04
6.361798001453280e-01	1.283985620000000e-04
6.764724003151059e-01	1.283985620000000e-04
7.366179004311562e-01	1.287827470000000e-04
7.748466003686190e-01	1.274381940000000e-04
8.298597000539303e-01	1.285907060000000e-04
8.766968999989331e-01	1.289747740000000e-04
9.003908000886440e-01	1.285907060000000e-04
9.379099002107978e-01	1.289747740000000e-04
9.755808003246784e-01	1.291669180000000e-04
1.021271300036460e+00	1.283985620000000e-04
1.045180400367826e+00	1.282065350000000e-04
1.075486900284886e+00	1.289747740000000e-04
1.120653100311756e+00	1.287827470000000e-04
1.144810900092125e+00	1.285907060000000e-04
1.174518099986017e+00	1.291669180000000e-04
1.200717600062490e+00	1.282065350000000e-04
1.225384800229222e+00	1.285907060000000e-04
1.279004800133407e+00	1.283985620000000e-04
1.321844600141048e+00	1.295510880000000e-04
1.355505300220102e+00	1.295510880000000e-04
1.385849800426513e+00	1.307034980000000e-04
1.422632000409067e+00	1.320480510000000e-04
1.448406200390309e+00	1.328162910000000e-04
1.474210300017148e+00	1.337766590000000e-04
1.498659100383520e+00	1.312796960000000e-04
1.522685800213367e+00	1.255174280000000e-04
1.557644300162792e+00	1.151454200000000e-04
1.581890700384974e+00	1.009318880000000e-04
1.621781300287694e+00	9.171228160000000e-05
1.651372100226581e+00	1.001635460000000e-04
1.675558800343424e+00	1.180265540000000e-04
1.723431300371885e+00	1.426121020000000e-04
1.747514200396836e+00	1.597068770000000e-04
1.774421600159258e+00	1.681581340000000e-04
1.798289200291038e+00	1.760331800000000e-04
1.821252600289881e+00	1.952407470000000e-04
1.844512000214309e+00	2.096462990000000e-04
1.873799400404096e+00	2.113750380000000e-04
1.930416600313038e+00	2.232836270000000e-04
1.977039400022477e+00	2.361527150000000e-04
2.022707900032401e+00	2.373051250000000e-04
2.047873700037599e+00	2.380734800000000e-04
2.072551100049168e+00	2.371130980000000e-04
2.101789600215852e+00	2.373051250000000e-04
2.126277900300920e+00	2.376892950000000e-04
2.180311200208962e+00	2.428753650000000e-04
2.221852899994701e+00	2.461405530000000e-04
2.245299300178885e+00	2.561285220000000e-04
2.273701200261712e+00	2.676530570000000e-04
2.319784500170499e+00	2.899336690000000e-04
2.350891600362957e+00	2.976167020000000e-04
2.381359500344843e+00	3.028027420000000e-04
2.412572500295937e+00	3.043393370000000e-04
2.444507100153714e+00	3.041473100000000e-04
2.475214000325650e+00	3.056838760000000e-04
2.520908400416374e+00	3.149035040000000e-04
2.552851899992675e+00	3.243151300000000e-04
2.575863700360060e+00	3.318061350000000e-04
2.631244500167668e+00	3.544709180000000e-04
2.677831600420177e+00	3.606173560000000e-04
2.700941000133753e+00	3.629222920000000e-04
2.724686900153756e+00	3.646508850000000e-04
2.774010900408030e+00	3.681082450000000e-04
2.820454000029713e+00	3.702211250000000e-04
2.848827000241727e+00	3.742546830000000e-04
2.880189100280404e+00	3.804010050000000e-04
2.922102900221944e+00	3.842425360000000e-04
2.946098400279880e+00	3.896206040000000e-04
2.974831500090659e+00	3.957670710000000e-04
3.003416500054300e+00	4.063312080000000e-04
3.034822000190616e+00	4.311089000000000e-04
3.081919100135565e+00	4.530053410000000e-04
3.127747999969870e+00	4.791275710000000e-04
3.174509000033140e+00	4.885393430000000e-04
3.220809100195765e+00	4.979510560000001e-04
3.251673600170761e+00	5.025606950000000e-04
3.275093700271100e+00	5.064022260000001e-04
3.298639200162143e+00	5.125487810000000e-04
3.322726800106466e+00	5.206158970000000e-04
3.346439300104976e+00	5.344452220000000e-04
3.376201600302011e+00	5.465460710000000e-04
3.424312300048769e+00	5.743968070000000e-04
3.471785700414330e+00	6.074337290000000e-04
3.495586800388992e+00	6.276016940000000e-04
3.522673400118947e+00	6.468092320000000e-04
3.550354600418359e+00	6.698580690000000e-04
3.575947400182486e+00	6.873368980000000e-04
3.599655200261623e+00	7.013585420000000e-04
3.628931500017643e+00	7.190293980000000e-04
3.675593200139701e+00	7.303619060000000e-04
3.722399000078440e+00	7.474564480000000e-04
3.746396400034428e+00	7.587889560000000e-04
3.775062400382012e+00	7.666639870000000e-04
3.820703600067645e+00	7.803013430000000e-04
3.844965700060129e+00	7.868319520000000e-04
3.872092400211841e+00	7.891367420000000e-04
3.895233200397342e+00	7.918258780000000e-04
3.919128900393844e+00	7.948990680000000e-04
3.954020300414413e+00	8.050788890000000e-04
3.977641700301319e+00	8.167954510000000e-04
4.021829400211573e+00	8.223656910000000e-04
4.048393900040537e+00	8.273596180000000e-04
4.072317200247198e+00	8.333139120000000e-04
4.096665500197560e+00	8.402288659999999e-04
4.122770400252193e+00	8.456068460000000e-04
4.146951999980956e+00	8.517531680000000e-04
4.174167300108820e+00	8.588600900000000e-04
4.198324800003320e+00	8.653904660000000e-04
4.234843000303954e+00	8.861347450000000e-04
4.273411600384861e+00	9.007324120000000e-04
4.297448300290853e+00	9.139854810000000e-04
4.322850100230426e+00	9.301198880000000e-04
4.346125000156462e+00	9.477907440000000e-04
4.376060700044036e+00	9.631568100000000e-04
4.421928200405091e+00	9.885106700000001e-04
4.453576000407338e+00	1.004068760000000e-03
4.477216900326312e+00	1.014632870000000e-03
4.501038799993694e+00	1.024812810000000e-03
4.524401100352407e+00	1.034224520000000e-03
4.574332100339234e+00	1.054200460000000e-03
4.621090500149876e+00	1.072831680000000e-03
4.658114000223577e+00	1.090118550000000e-03
4.681234700139612e+00	1.105868610000000e-03
4.723060999996960e+00	1.113743640000000e-03
4.746961100026965e+00	1.121810750000000e-03
4.774648400023580e+00	1.129877870000000e-03
4.798779500182718e+00	1.138521240000000e-03
4.822032300289720e+00	1.146780560000000e-03
4.848151900339872e+00	1.156192160000000e-03
4.878103000111878e+00	1.175783920000000e-03
4.924815300386399e+00	1.183274670000000e-03
4.973052100278437e+00	1.197872450000000e-03
4.996610400266945e+00	1.204595090000000e-03
5.021854800172150e+00	1.211317720000000e-03
5.048873800318688e+00	1.216311590000000e-03
5.071858400013298e+00	1.222650170000000e-03
5.095830300357193e+00	1.228028210000000e-03
5.119035100098699e+00	1.234174710000000e-03
5.143547000363469e+00	1.245507040000000e-03
5.175825600046664e+00	1.257223660000000e-03
5.221412500366569e+00	1.272973950000000e-03
5.245943500194699e+00	1.285458680000000e-03
5.273240400012583e+00	1.296791130000000e-03
5.299197100102901e+00	1.307739410000000e-03
5.330408300273120e+00	1.334821920000000e-03
5.374469200149179e+00	1.350380010000000e-03
5.398628800176084e+00	1.363825400000000e-03
5.422316000331193e+00	1.378039010000000e-03
5.453678900375962e+00	1.398206690000000e-03
5.477149600163102e+00	1.434316740000000e-03
5.522390500176698e+00	1.453524340000000e-03
5.546492600347847e+00	1.476189350000000e-03
5.575233300216496e+00	1.494820580000000e-03
5.620763600338250e+00	1.532467200000000e-03
5.654673200100660e+00	1.565119950000000e-03
5.678557100240141e+00	1.588553190000000e-03
5.715858300216496e+00	1.623318760000000e-03
5.739541100338101e+00	1.655779430000000e-03
5.775559300091118e+00	1.676907650000000e-03
5.821200400125235e+00	1.710328620000000e-03
5.855798200238496e+00	1.732609350000000e-03
5.887152899987996e+00	1.765454300000000e-03
5.921609800308943e+00	1.783893440000000e-03
5.945717200171202e+00	1.803101040000000e-03
5.980797000229359e+00	1.823845090000000e-03
6.005234100390226e+00	1.841516000000000e-03
6.043075400404632e+00	1.867254150000000e-03
6.087510700337589e+00	1.901443350000000e-03
6.121727399993688e+00	1.922955740000000e-03
6.146870000287890e+00	1.946965350000000e-03
6.173368100076914e+00	1.967133020000000e-03
6.197698900010437e+00	1.990950200000000e-03
6.222189000342041e+00	2.013615330000000e-03
6.245908900164068e+00	2.039929390000000e-03
6.271851900033653e+00	2.066627840000000e-03
6.294831300154328e+00	2.088524400000000e-03
6.318826599977911e+00	2.109844700000000e-03
6.353396000340581e+00	2.137695900000000e-03
6.385280100163072e+00	2.177263140000000e-03
6.432776300236583e+00	2.221632750000000e-03
6.478536500129849e+00	2.263312690000000e-03
6.522480500396341e+00	2.283288400000000e-03
6.556452400051057e+00	2.310947520000000e-03
6.588425900321454e+00	2.333612650000000e-03
6.619391700252891e+00	2.356469170000000e-03
6.642617200035602e+00	2.380670980000000e-03
6.680747000034899e+00	2.420046130000000e-03
6.728167900349945e+00	2.466912380000000e-03
6.774625300429761e+00	2.485351870000000e-03
6.820313600357622e+00	2.514739290000000e-03
6.844055700115860e+00	2.534522910000000e-03
6.871886400040239e+00	2.552577990000000e-03
6.895796300377697e+00	2.572553470000000e-03
6.919603000395000e+00	2.593297740000000e-03
6.946266900282353e+00	2.620380370000000e-03
6.975230300333351e+00	2.643429440000000e-03
7.021002999972552e+00	2.690295690000000e-03
7.052520600147545e+00	2.719299170000000e-03
7.084737000055611e+00	2.755985600000000e-03
7.132145500276238e+00	2.810342700000000e-03
7.178126099985093e+00	2.838385520000000e-03
7.209716100245714e+00	2.869501710000000e-03
7.233881100080907e+00	2.908300840000000e-03
7.273217600304633e+00	2.928661180000000e-03
7.302579500246793e+00	2.956895860000000e-03
7.326862600166351e+00	3.000304800000000e-03
7.379826200194657e+00	3.037951650000000e-03
7.422915700357407e+00	3.058888020000000e-03
7.448532300069928e+00	3.080016000000000e-03
7.474115299992263e+00	3.096918580000000e-03
7.501781200058758e+00	3.116126170000000e-03
7.525504700373858e+00	3.130916270000000e-03
7.575417000334710e+00	3.161071800000000e-03
7.621912600006908e+00	3.195453200000000e-03
7.645906300283968e+00	3.214084310000000e-03
7.672353600151837e+00	3.230026460000000e-03
7.696720600128174e+00	3.250578650000000e-03
7.722664400003850e+00	3.267289370000000e-03
7.746885500382632e+00	3.287649250000000e-03
7.775016200263053e+00	3.311274340000000e-03
7.814037000294775e+00	3.342582610000000e-03
7.837574300356209e+00	3.371585860000000e-03
7.876253200229257e+00	3.405775410000000e-03
7.922993500251323e+00	3.421141530000000e-03
7.946985300164670e+00	3.437467620000000e-03
7.974639100022614e+00	3.452065630000000e-03
8.020818900316954e+00	3.482605330000000e-03
8.044876100029796e+00	3.501044590000000e-03
8.072690200060606e+00	3.516794880000000e-03
8.108706000261009e+00	3.539267230000000e-03
8.132674700114876e+00	3.564237150000000e-03
8.176183700095862e+00	3.579987210000000e-03
8.222318600397557e+00	3.605725710000000e-03
8.245923400390893e+00	3.621859710000000e-03
8.273398700170219e+00	3.636649810000000e-03
8.297180199995637e+00	3.650479020000000e-03
8.322514900006354e+00	3.662771780000000e-03
8.346428800374269e+00	3.675256390000000e-03
8.375704800244421e+00	3.685820850000000e-03
8.400541500188410e+00	3.695808820000000e-03
8.425233200192451e+00	3.707909260000000e-03
8.480027000419796e+00	3.739217530000000e-03
8.522085400298238e+00	3.748629240000000e-03
8.558427000418305e+00	3.765532050000000e-03
8.589199200272560e+00	3.783586900000000e-03
8.622550900094211e+00	3.793190700000000e-03
8.646625700406730e+00	3.806828060000000e-03
8.682923100423068e+00	3.830837320000000e-03
8.714804199989885e+00	3.850044920000000e-03
8.738439199980348e+00	3.874438580000000e-03
8.776238100137562e+00	3.904978740000000e-03
8.822114000096917e+00	3.921880850000000e-03
8.845781099982560e+00	3.938591570000000e-03
8.871677400078624e+00	3.954533950000000e-03
8.900214900262654e+00	3.973165060000000e-03
8.930689000058919e+00	4.005817700000000e-03
8.974284600000829e+00	4.023680930000000e-03
8.998591500334442e+00	4.041159990000000e-03
9.022677200380713e+00	4.058830910000000e-03
9.054006800055504e+00	4.082648080000000e-03
9.083945100195706e+00	4.112995700000000e-03
9.131350400391966e+00	4.145264160000000e-03
9.174505600240082e+00	4.158325490000000e-03
9.220853900071234e+00	4.184447690000000e-03
9.255444900132716e+00	4.205191970000000e-03
9.278809800278395e+00	4.218829330000000e-03
9.302811200264841e+00	4.233042710000000e-03
9.333415000233799e+00	4.263966810000000e-03
9.379232900217175e+00	4.291049200000000e-03
9.425897100009024e+00	4.307183440000000e-03
9.473057000432163e+00	4.327735860000000e-03
9.502802300266922e+00	4.341180900000000e-03
9.526105200406164e+00	4.353281580000000e-03
9.574036100413650e+00	4.374217710000000e-03
9.598870899993926e+00	4.382284820000000e-03
9.629756600130349e+00	4.400724080000000e-03
9.675104600377381e+00	4.409751850000000e-03
9.724235100205988e+00	4.428958990000000e-03
9.772870399989188e+00	4.461420230000000e-03
9.801038400270045e+00	4.486197610000000e-03
9.824173600412905e+00	4.508670420000000e-03
9.870153700001538e+00	4.556496630000000e-03
9.893810000270605e+00	4.581082610000000e-03
9.917652999982238e+00	4.603939600000000e-03
9.941912300419062e+00	4.634671840000000e-03
9.976054100319743e+00	4.655223340000000e-03
1.003547220025212e+01	4.740312700000000e-03
1.007349530002102e+01	4.774694330000000e-03
1.011898910021409e+01	4.835198170000000e-03
1.014219770021737e+01	4.877262280000000e-03
1.017532670032233e+01	4.909530750000000e-03
1.020025200024247e+01	4.936805460000000e-03
1.022391610033810e+01	4.960622640000000e-03
1.028397530037910e+01	5.024199840000000e-03
1.032200010027736e+01	5.041486580000000e-03
1.034550890000537e+01	5.064919590000000e-03
1.037824400002137e+01	5.100069570000000e-03
1.042607730021700e+01	5.121005700000000e-03
1.047403110004961e+01	5.156539380000000e-03
1.050117220031098e+01	5.175362810000000e-03
1.052466020034626e+01	5.189768500000000e-03
1.057350320043042e+01	5.212625490000000e-03
1.059746870025992e+01	5.225878670000000e-03
1.062668010033667e+01	5.256418140000000e-03
1.067255300004035e+01	5.272360980000000e-03
1.069613960012794e+01	5.286766220000000e-03
1.073471780028194e+01	5.319803490000000e-03
1.077423020033166e+01	5.335553550000000e-03
1.079846370033920e+01	5.349958780000000e-03
1.082197460019961e+01	5.363211970000000e-03
1.085946670034900e+01	5.383380220000000e-03
1.088286470016465e+01	5.402971990000000e-03
1.092222850024700e+01	5.416801200000000e-03
1.094650560012087e+01	5.433703770000000e-03
1.098216350004077e+01	5.460786170000000e-03
1.102855630032718e+01	5.491902120000000e-03
1.107263240031898e+01	5.507460330000000e-03
1.109652600018308e+01	5.524555220000000e-03
1.112063410039991e+01	5.544723480000000e-03
1.114546230016276e+01	5.571229380000000e-03
1.117586300009862e+01	5.587171760000000e-03
1.123310520034283e+01	5.639416170000000e-03
1.127347100013867e+01	5.656510590000000e-03
1.131189330015332e+01	5.681096580000000e-03
1.133502640016377e+01	5.706258580000000e-03
1.137481780024245e+01	5.722776520000000e-03
1.139888150012121e+01	5.741599950000000e-03
1.142328300001100e+01	5.762728400000000e-03
1.145004829997197e+01	5.786545570000000e-03
1.147546950029209e+01	5.804024640000000e-03
1.152738190023229e+01	5.852043630000000e-03
1.157508180011064e+01	5.869522230000000e-03
1.162209350010380e+01	5.906400740000000e-03
1.165198050020263e+01	5.929641430000000e-03
1.167611510027200e+01	5.949233190000000e-03
1.171312880003825e+01	5.973818710000000e-03
1.173757970007136e+01	5.998212380000000e-03
1.177629490010440e+01	6.024526430000000e-03
1.182299820007756e+01	6.040852980000000e-03
1.184689910011366e+01	6.056219340000000e-03
1.187241080030799e+01	6.071584760000000e-03
1.189585570013151e+01	6.088487340000000e-03
1.192246330017224e+01	6.104046010000000e-03
1.194634520029649e+01	6.122484800000000e-03
1.197585320007056e+01	6.139772010000000e-03
1.200651800027117e+01	6.161283700000000e-03
1.203059060033411e+01	6.195089310000000e-03
1.207375720003620e+01	6.213336250000000e-03
1.211982660042122e+01	6.250406620000000e-03
1.214680380001664e+01	6.274032410000000e-03
1.217486220039427e+01	6.293431390000000e-03
1.222384320013225e+01	6.334343460000000e-03
1.227037970023230e+01	6.369877610000000e-03
1.229361730022356e+01	6.388317330000000e-03
1.233150060009211e+01	6.430573760000000e-03
1.237653110036626e+01	6.463417780000000e-03
1.242309070006013e+01	6.480320820000000e-03
1.245575250033289e+01	6.503945680000000e-03
1.248703970015049e+01	6.529876500000000e-03
1.252200750028715e+01	6.542937360000000e-03
1.255177820008248e+01	6.556766110000000e-03
1.257554100034758e+01	6.569827910000000e-03
1.260065700020641e+01	6.582696920000000e-03
1.262735600024462e+01	6.609587460000000e-03
1.267397450003773e+01	6.625913550000000e-03
1.272175300028175e+01	6.651843430000000e-03
1.275274290004745e+01	6.667402110000000e-03
1.278406410012394e+01	6.689874460000000e-03
1.282203040039167e+01	6.701014940000000e-03
1.284658320015296e+01	6.713116080000000e-03
1.287289590016007e+01	6.726944820000000e-03
1.289689860027283e+01	6.742311180000000e-03
1.292330860020593e+01	6.759405600000000e-03
1.294749290030450e+01	6.778805980000000e-03
1.297607910027727e+01	6.793786770000000e-03
1.303119460027665e+01	6.837580820000000e-03
1.307791290013120e+01	6.866007580000000e-03
1.312379510002211e+01	6.884446830000000e-03
1.317197720007971e+01	6.913450080000000e-03
1.319529850035906e+01	6.926703730000000e-03
1.321880270028487e+01	6.940724790000000e-03
1.324283580016345e+01	6.956474860000000e-03
1.327441600011662e+01	6.968383680000000e-03
1.332075470034033e+01	6.988359150000000e-03
1.335485920030624e+01	7.001996510000000e-03
1.337888320023194e+01	7.016018030000000e-03
1.342260730033740e+01	7.022164760000000e-03
1.344671860011294e+01	7.030231880000000e-03
1.347909260028973e+01	7.038683160000000e-03
1.350274210004136e+01	7.045021280000000e-03
1.354089630022645e+01	7.061539680000000e-03
1.358781870035455e+01	7.072103680000000e-03
1.363396390015259e+01	7.086894010000000e-03
1.368087820010260e+01	7.103988900000000e-03
1.372298960015178e+01	7.110902570000000e-03
1.374675390031189e+01	7.118394130000000e-03
1.377511170040816e+01	7.126461250000000e-03
1.379934780020267e+01	7.134336050000000e-03
1.382255080016330e+01	7.141443440000000e-03
1.385241760034114e+01	7.150854920000000e-03
1.388311150018126e+01	7.167949810000000e-03
1.393054580036551e+01	7.192726710000000e-03
1.397708660038188e+01	7.215391840000000e-03
1.402233050018549e+01	7.228453640000000e-03
1.405536950007081e+01	7.242666560000000e-03
1.408033840032294e+01	7.254959080000000e-03
1.410535000031814e+01	7.265907710000000e-03
1.412904090015218e+01	7.284538820000000e-03
1.418067580042407e+01	7.300481670000000e-03
1.422256140038371e+01	7.308164610000000e-03
1.424702000012621e+01	7.317576090000000e-03
1.427371760038659e+01	7.325450890000000e-03
1.431934790033847e+01	7.339280560000000e-03
1.435137040028349e+01	7.348692510000000e-03
1.438270030030981e+01	7.359832060000000e-03
1.441436809999868e+01	7.374045900000000e-03
1.443855710001662e+01	7.388643920000000e-03
1.447439860040322e+01	7.397671700000000e-03
1.452058660006151e+01	7.415150290000000e-03
1.454536660015583e+01	7.427442820000000e-03
1.457459900015965e+01	7.436470590000000e-03
1.463115010038018e+01	7.462592330000000e-03
1.467815330019221e+01	7.474500690000000e-03
1.471178560005501e+01	7.486218120000000e-03
1.473501639999449e+01	7.500046860000000e-03
1.477540270006284e+01	7.507538420000000e-03
1.482102300040424e+01	7.520215120000000e-03
1.484499320015311e+01	7.528090380000000e-03
1.487136390013620e+01	7.534620350000000e-03
1.489479580009356e+01	7.540958930000000e-03
1.492247840017080e+01	7.548450030000000e-03
1.494714000029489e+01	7.555365100000000e-03
1.497526190010831e+01	7.561703680000000e-03
1.500620210031047e+01	7.569386620000000e-03
1.503829140029848e+01	7.582639810000000e-03
1.508621560037136e+01	7.593971680000000e-03
1.512226000009105e+01	7.600694430000000e-03
1.514651120034978e+01	7.606264670000000e-03
1.518151110038161e+01	7.619902030000000e-03
1.522275130031630e+01	7.626816630000000e-03
1.524673280026764e+01	7.632771040000000e-03
1.527583610033616e+01	7.638341280000000e-03
1.530783280031756e+01	7.645063570000000e-03
1.533102710032836e+01	7.654667830000000e-03
1.538552350038663e+01	7.666768040000000e-03
1.542269330006093e+01	7.675795820000000e-03
1.544611230026931e+01	7.696155460000000e-03
1.547947910008952e+01	7.740140890000000e-03
1.552189210010692e+01	7.754738910000000e-03
1.555691480031237e+01	7.771449630000000e-03
1.558886090014130e+01	7.782205010000000e-03
1.561423700023443e+01	7.791616950000000e-03
1.563784680003300e+01	7.801797710000000e-03
1.568246800033376e+01	7.814089769999999e-03
1.572278760001063e+01	7.820812990000000e-03
1.574737490015104e+01	7.826190440000000e-03
1.577508720010519e+01	7.831760680000001e-03
1.582167430035770e+01	7.838482970000000e-03
1.584626420028508e+01	7.843477650000000e-03
1.588514150027186e+01	7.849047890000000e-03
1.591545800026506e+01	7.855001840000000e-03
1.593956990027800e+01	7.859035400000000e-03
1.597573669999838e+01	7.861147630000001e-03
1.602153210015967e+01	7.867486220000001e-03
1.605656030029058e+01	7.870175880000000e-03
1.608903759997338e+01	7.874977770000000e-03
1.612151260022074e+01	7.878626700000000e-03
1.614625870017335e+01	7.883044890000000e-03
1.617501800041646e+01	7.889959960000000e-03
1.619882789999247e+01	7.893032390000001e-03
1.622286570025608e+01	7.896874100000000e-03
1.624649750022218e+01	7.900331170000000e-03
1.627375790011138e+01	7.903789170000000e-03
1.632117770006880e+01	7.908591070000000e-03
1.634434540010989e+01	7.911471650000000e-03
1.637447000015527e+01	7.914161310000001e-03
1.642933840025216e+01	7.922035640000000e-03
1.647418620018288e+01	7.924533450000000e-03
1.650715340021998e+01	7.928375150000000e-03
1.653087330004200e+01	7.932024080000001e-03
1.658616350032389e+01	7.939514700000001e-03
1.662230610009283e+01	7.941243240000000e-03
1.664549440005794e+01	7.945084940000000e-03
1.667902050027624e+01	7.952000010000000e-03
1.672185810003430e+01	7.955649870000000e-03
1.674592260038480e+01	7.957378399999999e-03
1.677456140005961e+01	7.959682490000000e-03
1.679865160025656e+01	7.962755860000000e-03
1.682205590000376e+01	7.964292540000001e-03
1.684938930021599e+01	7.967942390000000e-03
1.688045410020277e+01	7.974857460000000e-03
1.692166310036555e+01	7.979274729999999e-03
1.694563690014184e+01	7.982539009999999e-03
1.698966359999031e+01	7.988302040000001e-03
1.702251520007849e+01	7.992335600000001e-03
1.705183380004019e+01	7.996176370000000e-03
1.708351769996807e+01	8.001362900000000e-03
1.710735830012709e+01	8.004244420000001e-03
1.713127420004457e+01	8.008277980000001e-03
1.717574710026383e+01	8.009622800000000e-03
1.722290790034458e+01	8.013463580000000e-03
1.724721339996904e+01	8.015960450000000e-03
1.727429460035637e+01	8.018073630000001e-03
1.732000810001045e+01	8.021530700000000e-03
1.734846260026097e+01	8.023260160000000e-03
1.737491000024602e+01	8.024604059999999e-03
1.739904410019517e+01	8.025756110000001e-03
1.742576210014522e+01	8.026717229999999e-03
1.747464670008048e+01	8.027292790000000e-03
1.752004920039326e+01	8.029597810000001e-03
1.754321350017563e+01	8.031326350000000e-03
1.757523050019518e+01	8.031134489999999e-03
1.762126940023154e+01	8.034591560000000e-03
1.765753390034661e+01	8.037474010000000e-03
1.768860680004582e+01	8.039969950000000e-03
1.771218390017748e+01	8.041506630000000e-03
1.774981390032917e+01	8.045540190000000e-03
1.777577980002388e+01	8.047269660000000e-03
1.782203610008582e+01	8.050150240000000e-03
1.784540690016001e+01	8.052070630000000e-03
1.787323900032789e+01	8.052263410000000e-03
1.789667240018025e+01	8.052647110000000e-03
1.793548680003732e+01	8.055912330000000e-03
1.797453240025789e+01	8.056488820000001e-03
1.801427720021456e+01	8.057449010000000e-03
1.803826840035617e+01	8.058217350000001e-03
1.807525890041143e+01	8.058409210000001e-03
1.812188730016351e+01	8.059562180000000e-03
1.815297920024022e+01	8.061290719999999e-03
1.817691340018064e+01	8.061290719999999e-03
1.822277280036360e+01	8.062059060000000e-03
1.824777710018679e+01	8.063019249999999e-03
1.827227980038151e+01	8.063019249999999e-03
1.830968670034781e+01	8.063403889999999e-03
1.834016859997064e+01	8.063787590000000e-03
1.837833920028061e+01	8.065132419999999e-03
1.842282110033557e+01	8.065132419999999e-03
1.844995950022712e+01	8.064939639999999e-03
1.848098620027304e+01	8.062635550000001e-03
1.852198240021244e+01	8.063019249999999e-03
1.855814780015498e+01	8.063019249999999e-03
1.858912890031934e+01	8.062442760000000e-03
1.862018620036542e+01	8.060714230000000e-03
1.864355670008808e+01	8.059945890000000e-03
1.868203720031306e+01	8.059369400000000e-03
1.872264660010114e+01	8.058793840000000e-03
1.874680960038677e+01	8.059369400000000e-03
1.877440220024437e+01	8.058601060000000e-03
1.882058220030740e+01	8.057640870000000e-03
1.885213410016149e+01	8.058217350000001e-03
1.887634880002588e+01	8.058217350000001e-03
1.889997220039368e+01	8.060137740000001e-03
1.892997410008684e+01	8.064364080000001e-03
1.897623120015487e+01	8.063979450000000e-03
1.902288810024038e+01	8.064555940000001e-03
1.905408550007269e+01	8.063019249999999e-03
1.908492140006274e+01	8.061290719999999e-03
1.913078080024570e+01	8.058601060000000e-03
1.917443210026249e+01	8.057449010000000e-03
1.919871819997206e+01	8.055720480000000e-03
1.922600020002574e+01	8.054568430000001e-03
1.927344280015677e+01	8.052647110000000e-03
1.931932420004159e+01	8.050342090000001e-03
1.935059320041910e+01	8.048037070000000e-03
1.938137880014256e+01	8.044963699999999e-03
1.942793610040098e+01	8.041699419999999e-03
1.947403260041028e+01	8.037857710000000e-03
1.950583670008928e+01	8.033439520000000e-03
1.953038300015032e+01	8.024027570000000e-03
1.957643919996917e+01	8.019994940000000e-03
1.963119410024956e+01	8.015000260000000e-03
1.967816930031404e+01	8.012119680000001e-03
1.973913460038602e+01	8.007701490000000e-03
1.977475780015811e+01	8.004819970000000e-03
1.979880750039592e+01	8.000402710000000e-03
1.982253120001405e+01	7.998290470000001e-03
1.984695020038635e+01	7.990798909999999e-03
1.987804240034893e+01	7.981579750000000e-03
1.992193510010839e+01	7.977545260000000e-03
1.994521450018510e+01	7.973512630000000e-03
1.997489880025387e+01	7.969862780000000e-03
2.003360460000113e+01	7.959682490000000e-03
2.007255899999291e+01	7.954880600000000e-03
2.009666820010170e+01	7.951808160000001e-03
2.012057460006326e+01	7.947966460000001e-03
2.014515680028126e+01	7.941051390000000e-03
2.018920940021053e+01	7.927030320000000e-03
2.022182280011475e+01	7.921076379999999e-03
2.024486510036513e+01	7.914545009999999e-03
2.027456680033356e+01	7.908206430000000e-03
2.032041250029579e+01	7.896489459999999e-03
2.034410200035200e+01	7.888231430000000e-03
2.037407060014084e+01	7.884006020000001e-03
2.040652060043067e+01	7.877667430000001e-03
2.043051810003817e+01	7.868831050000000e-03
2.047552930004895e+01	7.863068950000000e-03
2.052111330023035e+01	7.854234430000001e-03
2.054744580015540e+01	7.850584569999999e-03
2.057867630012333e+01	7.844822479999999e-03
2.062252070009708e+01	7.842324669999999e-03
2.065749120013788e+01	7.836178879999999e-03
2.068162330007181e+01	7.832144390000000e-03
2.070623170025647e+01	7.827918979999999e-03
2.073531330004334e+01	7.819276300000001e-03
2.077605890017003e+01	7.806214500000000e-03
2.082278470043093e+01	7.798531560000000e-03
2.084711060021073e+01	7.792001590000000e-03
2.087467540008947e+01	7.784510500000000e-03
2.092162150004879e+01	7.772985850000000e-03
2.094602690031752e+01	7.767415610000000e-03
2.097695550043136e+01	7.762806020000000e-03
2.101443250011653e+01	7.755315400000000e-03
2.103855260042474e+01	7.746479010000000e-03
2.107347990013659e+01	7.739180230000000e-03
2.111920480011031e+01	7.726887710000000e-03
2.114262330019847e+01	7.719588470000000e-03
2.118629220034927e+01	7.708640770000000e-03
2.122145250020549e+01	7.703647020000000e-03
2.124696460040286e+01	7.699421610000000e-03
2.127187170041725e+01	7.695195730000000e-03
2.129566160030663e+01	7.691930050000000e-03
2.131894540041685e+01	7.687128610000000e-03
2.134260970028117e+01	7.680981890000000e-03
2.138985240040347e+01	7.668880750000000e-03
2.143689550040290e+01	7.654667830000000e-03
2.147331650042906e+01	7.648905270000000e-03
2.149730090005323e+01	7.643335030000000e-03
2.152166770026088e+01	7.636805060000000e-03
2.154738250002265e+01	7.629505820000000e-03
2.157977060042322e+01	7.622783540000000e-03
2.160418530041352e+01	7.618173030000000e-03
2.162863290030509e+01	7.609530350000000e-03
2.167501630028710e+01	7.602807130000000e-03
2.173072910029441e+01	7.588977930000000e-03
2.177685020025820e+01	7.577837440000000e-03
2.182321840012446e+01	7.573612030000000e-03
2.187046220013872e+01	7.564007770000000e-03
2.190163710014895e+01	7.559014020000000e-03
2.192558749997988e+01	7.553827950000000e-03
2.197442640038207e+01	7.542496080000000e-03
2.202076890040189e+01	7.531739310000000e-03
2.205778510030359e+01	7.524249140000000e-03
2.208818530011922e+01	7.516373410000000e-03
2.213475540000945e+01	7.504080890000000e-03
2.217618270032108e+01	7.498126480000000e-03
2.221309000020847e+01	7.487946660000000e-03
2.223667590040714e+01	7.476229690000000e-03
2.227270020032302e+01	7.466433570000000e-03
2.230525270011276e+01	7.450876290000000e-03
2.233604970015585e+01	7.423217410000000e-03
2.237367560015991e+01	7.411500440000000e-03
2.241979280021042e+01	7.389795970000000e-03
2.244423820031807e+01	7.376542780000000e-03
2.247397110005841e+01	7.367707790000000e-03
2.250596030009910e+01	7.359640670000000e-03
2.253755480004475e+01	7.346963980000000e-03
2.257543090032414e+01	7.339088250000000e-03
2.262148830015212e+01	7.324106060000000e-03
2.264668420003727e+01	7.313542530000000e-03
2.267747720004991e+01	7.292798720000000e-03
2.272175620030612e+01	7.280697580000000e-03
2.274536920012906e+01	7.267060220000000e-03
2.277411890029907e+01	7.256112060000000e-03
2.279798660008237e+01	7.244971580000000e-03
2.282147360034287e+01	7.235367320000000e-03
2.284514020010829e+01	7.221922740000000e-03
2.287901830021292e+01	7.190038450000000e-03
2.292574110021815e+01	7.172559390000000e-03
2.297442210000008e+01	7.136833850000000e-03
2.303473770013079e+01	7.075369360000000e-03
2.308169020013884e+01	7.048862990000000e-03
2.310670100012794e+01	7.031960880000000e-03
2.313081160001457e+01	6.994697730000000e-03
2.317548480024561e+01	6.974338090000000e-03
2.322098600026220e+01	6.939955990000000e-03
2.324407250015065e+01	6.924014070000000e-03
2.327194910030812e+01	6.912489890000000e-03
2.329534820001572e+01	6.899620410000000e-03
2.332822520006448e+01	6.872154310000000e-03
2.337493220018223e+01	6.861205210000000e-03
2.339907330041751e+01	6.849681030000000e-03
2.343763230042532e+01	6.827784700000000e-03
2.347534480039030e+01	6.816836070000000e-03
2.352180220000446e+01	6.794939750000000e-03
2.354582950007170e+01	6.778613200000000e-03
2.357517620036379e+01	6.765552330000000e-03
2.362047960003838e+01	6.743655540000000e-03
2.365543180005625e+01	6.727713160000000e-03
2.367870680009946e+01	6.715228780000000e-03
2.370264740008861e+01	6.699862890000000e-03
2.372612100001425e+01	6.666057280000000e-03
2.377598710032180e+01	6.634941320000000e-03
2.382233580015600e+01	6.618998480000000e-03
2.384587060008198e+01	6.602288690000000e-03
2.387203280022368e+01	6.585385650000000e-03
2.389605410024524e+01	6.568290760000000e-03
2.393394520040601e+01	6.529684180000000e-03
2.397476800018921e+01	6.510668900000000e-03
2.401175660034642e+01	6.483586040000000e-03
2.403572080004960e+01	6.455734840000000e-03
2.407365730032325e+01	6.436335390000000e-03
2.412012880016118e+01	6.401570510000000e-03
2.415049980022013e+01	6.382747090000000e-03
2.417482610000297e+01	6.366227750000000e-03
2.422914140019566e+01	6.312831300000000e-03
2.427248910022900e+01	6.300538780000000e-03
2.430601810012013e+01	6.279986820000000e-03
2.433649600017816e+01	6.254056470000000e-03
2.438242010027170e+01	6.232352460000000e-03
2.442872920027003e+01	6.203348750000000e-03
2.447355580003932e+01	6.189519070000000e-03
2.451941310008988e+01	6.166469770000000e-03
2.454345730040222e+01	6.155522070000000e-03
2.458346450002864e+01	6.146686620000000e-03
2.461400820035487e+01	6.136505860000000e-03
2.464653440006077e+01	6.125941870000000e-03
2.467270730016753e+01	6.117298270000000e-03
2.469629020011052e+01	6.106734740000000e-03
2.472199410013855e+01	6.094825920000000e-03
2.474563150014728e+01	6.078115660000000e-03
2.478691040026024e+01	6.054106170000000e-03
2.482163040013984e+01	6.037203600000000e-03
2.484924750030041e+01	6.016267460000000e-03
2.488051090016961e+01	5.994562990000000e-03
2.491149110021070e+01	5.974587520000000e-03
2.493463090015575e+01	5.944431290000000e-03
2.497651340020820e+01	5.907360930000000e-03
2.503413320006803e+01	5.871827250000000e-03
2.508207850018516e+01	5.838789980000000e-03
2.512780370004475e+01	5.805561320000000e-03
2.517460710043088e+01	5.790194960000000e-03
2.519851010013372e+01	5.775213240000000e-03
2.522188730025664e+01	5.755813790000000e-03
2.524552340013906e+01	5.728730930000000e-03
2.527360559999943e+01	5.705105610000000e-03
2.532040180033073e+01	5.661697130000000e-03
2.535802160017192e+01	5.631540900000000e-03
2.538134790025651e+01	5.601001440000000e-03
2.543617600016296e+01	5.553942640000000e-03
2.547471019998193e+01	5.532046310000000e-03
2.551341400016099e+01	5.498817190000000e-03
2.553763800021261e+01	5.473079160000000e-03
2.557659770036116e+01	5.434663970000000e-03
2.563485570019111e+01	5.402395500000000e-03
2.568223700020462e+01	5.375312640000000e-03
2.572247540019453e+01	5.363211970000000e-03
2.574752410035580e+01	5.353416320000000e-03
2.577421790035442e+01	5.345733370000000e-03
2.580519170034677e+01	5.333248530000000e-03
2.582903300039470e+01	5.315385760000000e-03
2.588226230023429e+01	5.288111050000000e-03
2.592870540032163e+01	5.263909230000000e-03
2.597616070043296e+01	5.233561620000000e-03
2.602204480022192e+01	5.215122360000000e-03
2.604709810018539e+01	5.195338740000000e-03
2.607281210040674e+01	5.180548880000000e-03
2.610106310015544e+01	5.162109620000000e-03
2.612417550012469e+01	5.146167710000000e-03
2.617380820028484e+01	5.105639810000000e-03
2.622015870036557e+01	5.061846230000000e-03
2.624333800002933e+01	5.033995490000000e-03
2.627253820002079e+01	5.012483340000000e-03
2.630351880006492e+01	4.984824450000000e-03
2.633431160030887e+01	4.941031340000000e-03
2.638077140040696e+01	4.913756620000000e-03
2.640512810042128e+01	4.888018590000000e-03
2.642922160029411e+01	4.841920450000000e-03
2.647578230034560e+01	4.823289350000000e-03
2.652212580014020e+01	4.772005140000000e-03
2.655222300020978e+01	4.734166430000000e-03
2.658317220024765e+01	4.682113880000000e-03
2.662258790014312e+01	4.655415660000000e-03
2.664607889996842e+01	4.625835920000000e-03
2.667171740019694e+01	4.596064330000000e-03
2.669498819997534e+01	4.573399670000000e-03
2.671888530021533e+01	4.550735000000000e-03
2.674234800040722e+01	4.516545220000000e-03
2.677523400029168e+01	4.492344330000000e-03
2.682121010031551e+01	4.445477390000000e-03
2.684485550038517e+01	4.420315380000000e-03
2.687186240032315e+01	4.398227200000000e-03
2.689523660019040e+01	4.374025860000000e-03
2.692481530038640e+01	4.351553040000000e-03
2.697257960028946e+01	4.320820790000000e-03
2.699564009997994e+01	4.305262580000000e-03
2.701998550025746e+01	4.290281330000000e-03
2.704389580013230e+01	4.268576390000000e-03
2.707307750033215e+01	4.249945280000000e-03
2.709784840000793e+01	4.231313710000000e-03
2.712186340009794e+01	4.217292650000000e-03
2.714494610019028e+01	4.203655290000000e-03
2.717578750010580e+01	4.189249590000000e-03
2.722127890028059e+01	4.163127390000000e-03
2.724485300015658e+01	4.145072310000000e-03
2.728514750022441e+01	4.113955890000000e-03
2.730900350026786e+01	4.092635590000000e-03
2.733230910031125e+01	4.051915840000000e-03
2.737946359999478e+01	4.010619600000000e-03
2.742593630030751e+01	3.974701280000000e-03
2.747360490029678e+01	3.951652910000000e-03
2.751900930004194e+01	3.899984530000000e-03
2.754304410004988e+01	3.861377250000000e-03
2.758171480009332e+01	3.826035650000000e-03
2.761306830029935e+01	3.796840320000000e-03
2.763689160021022e+01	3.763227260000000e-03
2.767567320028320e+01	3.739025440000000e-03
2.773691670037806e+01	3.672375580000000e-03
2.777433260018006e+01	3.650479020000000e-03
2.782851800043136e+01	3.596121910000000e-03
2.787580140028149e+01	3.577874510000000e-03
2.790040850033984e+01	3.552712500000000e-03
2.793887179996818e+01	3.494706240000000e-03
2.797738290019333e+01	3.447263500000000e-03
2.802275710040703e+01	3.420565040000000e-03
2.804863500036299e+01	3.386951980000000e-03
2.807326380023733e+01	3.355451630000000e-03
2.809813369996846e+01	3.325103550000000e-03
2.812195260031149e+01	3.298021150000000e-03
2.814580860035494e+01	3.264600180000000e-03
2.817421670025215e+01	3.240590920000000e-03
2.819826930016279e+01	3.218694360000000e-03
2.823592580016702e+01	3.172404130000000e-03
2.827314260043204e+01	3.157422180000000e-03
2.831897919997573e+01	3.124001200000000e-03
2.834407780040056e+01	3.104601750000000e-03
2.837496150005609e+01	3.089619570000000e-03
2.842178230034187e+01	3.059656130000000e-03
2.844589010020718e+01	3.042753320000000e-03
2.847343820007518e+01	3.023353870000000e-03
2.849878600006923e+01	3.006067130000000e-03
2.852206450002268e+01	2.989164790000000e-03
2.856006540032104e+01	2.967844480000000e-03
2.858443130040541e+01	2.951709790000000e-03
2.862115080002695e+01	2.943066650000000e-03
2.865366630023345e+01	2.930197400000000e-03
2.867832580022514e+01	2.913871080000000e-03
2.873122150031850e+01	2.895239740000000e-03
2.877425000024959e+01	2.887941200000000e-03
2.880982040008530e+01	2.876416550000000e-03
2.883352720038965e+01	2.855864350000000e-03
2.888675560010597e+01	2.821482950000000e-03
2.892316600028425e+01	2.803619950000000e-03
2.894840470002964e+01	2.784412350000000e-03
2.897457740036771e+01	2.770198970000000e-03
2.902476850012317e+01	2.747149910000000e-03
2.907094170013443e+01	2.720067280000000e-03
2.910304250009358e+01	2.693753220000000e-03
2.913436120003462e+01	2.651688640000000e-03
2.917592190019786e+01	2.610968660000000e-03
2.922687160037458e+01	2.555651360000000e-03
2.927238700026646e+01	2.525111190000000e-03
2.930424750037491e+01	2.493226900000000e-03
2.932864439999685e+01	2.451546490000000e-03
2.938154070032761e+01	2.426192400000000e-03
2.940599880041555e+01	2.407561520000000e-03
2.942978470027447e+01	2.377213440000000e-03
2.947617510007694e+01	2.338606170000000e-03
2.952221510000527e+01	2.318630690000000e-03
2.955157960020006e+01	2.297310160000000e-03
2.957528600003570e+01	2.281752180000000e-03
2.962073130020872e+01	2.254093070000000e-03
2.964516249997541e+01	2.238534860000000e-03
2.967633020039648e+01	2.218367300000000e-03
2.969964060001075e+01	2.198583450000000e-03
2.972303079999983e+01	2.175726460000000e-03
2.975253190007061e+01	2.146146960000000e-03
2.977581430040300e+01	2.122521870000000e-03
2.982156290020794e+01	2.078920600000000e-03
2.984448050009087e+01	2.056255940000000e-03
2.987154530035332e+01	2.033974980000000e-03
2.989486100012437e+01	2.012078650000000e-03
2.992172820027918e+01	1.996520440000000e-03
2.994527380028740e+01	1.976352880000000e-03
2.997410470014438e+01	1.956569260000000e-03
2.999874320020899e+01	1.932367450000000e-03
3.002997700031847e+01	1.882619920000000e-03
3.007390830013901e+01	1.861107540000000e-03
3.011930400040001e+01	1.825957910000000e-03
3.015276690013707e+01	1.800219880000000e-03
3.017583650024608e+01	1.784277610000000e-03
3.022206220030785e+01	1.750472470000000e-03
3.024684690032154e+01	1.730496650000000e-03
3.027231700019911e+01	1.710712910000000e-03
3.030889119999483e+01	1.679980890000000e-03
3.033306510001421e+01	1.646175630000000e-03
3.037554250005633e+01	1.627160240000000e-03
3.043377840006724e+01	1.565696320000000e-03
3.047965380037203e+01	1.534195850000000e-03
3.052168330037966e+01	1.518637760000000e-03
3.056035470031202e+01	1.494820580000000e-03
3.059018840035424e+01	1.477533830000000e-03
3.061370350001380e+01	1.465625250000000e-03
3.063785690022632e+01	1.445265250000000e-03
3.068380440026522e+01	1.414725210000000e-03
3.072158710006624e+01	1.398975030000000e-03
3.074507539998740e+01	1.381880490000000e-03
3.077449460001662e+01	1.367666880000000e-03
3.082112159999087e+01	1.340007880000000e-03
3.084491820028052e+01	1.322337080000000e-03
3.088513500010595e+01	1.294294020000000e-03
3.091018760018051e+01	1.277967820000000e-03
3.093387860013172e+01	1.255302810000000e-03
3.097527870023623e+01	1.245507040000000e-03
3.102067470038310e+01	1.225531330000000e-03
3.104539660038427e+01	1.207092190000000e-03
3.107435700017959e+01	1.181738220000000e-03
3.112011270038784e+01	1.124115540000000e-03
3.115110180014744e+01	1.085508610000000e-03
3.117479200009257e+01	1.061883520000000e-03
3.119838190032169e+01	1.043636240000000e-03
3.122242360003293e+01	1.029806910000000e-03
3.124627590039745e+01	1.017322070000000e-03
3.127273630024865e+01	1.007333980000000e-03
3.129621810000390e+01	9.994589490000001e-04
3.132151420041919e+01	9.931204839999999e-04
3.135462350025773e+01	9.848611660000001e-04
3.138669370021671e+01	9.716081550000000e-04
3.143346650013700e+01	9.562420890000000e-04
3.147349110012874e+01	9.502877950000000e-04
3.150977140013129e+01	9.412601360000000e-04
3.154167670011520e+01	9.274307520000000e-04
3.158864630013704e+01	9.116806320000000e-04
3.163577110040933e+01	8.903603300000000e-04
3.167252430040389e+01	8.790278230000000e-04
3.169571860041469e+01	8.682716290000000e-04
3.172178929997608e+01	8.586680630000000e-04
3.174647540040314e+01	8.444543930000000e-04
3.177502749999985e+01	8.304330400000001e-04
3.179889270011336e+01	8.167954510000000e-04
3.182226590020582e+01	8.052711490000000e-04
3.184591739997268e+01	7.920179050000000e-04
3.187309700017795e+01	7.787646610000000e-04
3.189707000041381e+01	7.614780330000000e-04
3.192944269999862e+01	7.182610570000000e-04
3.197419720003381e+01	6.998218600000000e-04
3.202015910018235e+01	6.581415070000000e-04
3.204570590006188e+01	6.325956200000000e-04
3.208505080034956e+01	6.005190660000000e-04
3.211661710031331e+01	5.826561830000000e-04
3.214067860040814e+01	5.686345390000000e-04
3.217599160037935e+01	5.567259500000000e-04
3.222189310006797e+01	5.501953420000000e-04
3.225602830015123e+01	5.438569930000000e-04
3.228720030002296e+01	5.367502450000000e-04
3.232242320012301e+01	5.300276100000000e-04
3.234927930030972e+01	5.208079240000000e-04
3.238135790033266e+01	5.069785400000000e-04
3.241179580008611e+01	4.923808740000000e-04
3.244272440019995e+01	4.720208820000000e-04
3.247493530018255e+01	4.606883740000000e-04
3.252077609999105e+01	4.382156180000000e-04
3.255199370021001e+01	4.253466320000000e-04
3.258286239998415e+01	4.076757760000000e-04
3.262191370036453e+01	3.990323750000000e-04
3.264611340034753e+01	3.913493420000000e-04
3.267570730019361e+01	3.830901110000000e-04
3.269998900033534e+01	3.777120150000000e-04
3.272367560025305e+01	3.721417740000000e-04
3.277295450028032e+01	3.594648440000000e-04
3.279704620037228e+01	3.537026930000000e-04
3.282265260023996e+01	3.475562260000000e-04
3.286100270040333e+01	3.383366270000000e-04
3.288441970013082e+01	3.275804340000000e-04
3.292342430027202e+01	3.191290600000000e-04
3.297201350005344e+01	2.980008720000000e-04
3.299518510000780e+01	2.851318860000000e-04
3.301867400016636e+01	2.703420470000000e-04
3.304173040017486e+01	2.540157290000000e-04
3.308068750007078e+01	2.280855260000000e-04
3.312175930012017e+01	2.169451620000000e-04
3.314507500035688e+01	2.071493510000000e-04
3.317447950039059e+01	2.011950420000000e-04
3.322058500023559e+01	1.917834020000000e-04
3.324404100002721e+01	1.856369640000000e-04
3.327145390026271e+01	1.816034200000000e-04
3.329437230015174e+01	1.781460890000000e-04
3.331750310026109e+01	1.727678750000000e-04
3.334058560011908e+01	1.654690280000000e-04
3.337620100006461e+01	1.550970050000000e-04
3.342288390034810e+01	1.502951200000000e-04
3.344703999999911e+01	1.447249960000000e-04
3.347340360004455e+01	1.395389260000000e-04
3.351905010035262e+01	1.283985620000000e-04
3.354236089996994e+01	1.182185810000000e-04
3.357627360010520e+01	1.109197330000000e-04
3.360940130008385e+01	1.036208780000000e-04
3.363242979999632e+01	9.324886920000001e-05
3.368674450041726e+01	8.364508540000000e-05
3.372223559999838e+01	7.980357619999999e-05
3.374591400008649e+01	7.538585490000000e-05
3.377368160011247e+01	7.077610640000000e-05
3.382169110001996e+01	6.635839240000000e-05
3.385982650006190e+01	6.136435700000000e-05
3.388329860009253e+01	5.713878640000000e-05
3.390675870003179e+01	5.425765270000000e-05
3.393093310017139e+01	4.945576070000000e-05
3.397534640040249e+01	4.734297540000000e-05
3.402197520015761e+01	4.292514500000000e-05
3.404669090034440e+01	4.215690930000000e-05
3.407712250016630e+01	3.735502100000000e-05
3.412334290007129e+01	3.466591440000000e-05
3.418549600010738e+01	2.909579050000000e-05
3.421619760012254e+01	2.659882920000000e-05
3.423972030030563e+01	2.410186970000000e-05
3.427302250033244e+01	2.179693910000000e-05
3.429761110013351e+01	2.026035690000000e-05
3.432177880033851e+01	1.814745700000000e-05
3.435468360036612e+01	1.718707970000000e-05
3.437820960022509e+01	1.469011930000000e-05
3.443111950019374e+01	1.334567970000000e-05
3.447319140005857e+01	1.353771040000000e-05
3.450863210018724e+01	1.257733220000000e-05
3.454042850015685e+01	1.123278070000000e-05
3.458758340030909e+01	9.888229210000000e-06
3.463394460035488e+01	9.696198500000000e-06
3.467163580004126e+01	9.119993590000000e-06
3.469492640020326e+01	8.927962880000001e-06
3.472640840010718e+01	7.967585590000000e-06
3.477377650002018e+01	6.815063900000000e-06
3.479790000012144e+01	7.199237640000000e-06
3.483659510035068e+01	5.854686150000000e-06
3.488271850021556e+01	5.470512410000000e-06
3.492966770008206e+01	4.510134200000000e-06
3.497377700032666e+01	4.894307950000000e-06
3.502360640000552e+01	3.549756230000000e-06
3.507331060012802e+01	3.741899260000000e-06
3.510248550027609e+01	3.549756230000000e-06
3.512704670010135e+01	3.357725520000000e-06
3.517584680020809e+01	3.357725520000000e-06
3.522733570029959e+01	2.589378030000000e-06
3.527211410040036e+01	1.821143090000000e-06
3.530433770036325e+01	2.397347320000000e-06
3.532841560011730e+01	1.821143090000000e-06
3.538072430016473e+01	1.628999940000000e-06
3.541163470037282e+01	1.244938740000000e-06
3.544192640017718e+01	1.628999940000000e-06
3.548774290038273e+01	2.013173800000000e-06
3.552215580036864e+01	2.013173800000000e-06
3.555371020035818e+01	1.244938740000000e-06
3.558434469997883e+01	2.013173800000000e-06
3.562894410034642e+01	2.589378030000000e-06
3.567513940017670e+01	2.589378030000000e-06
3.569919860037044e+01	2.589378030000000e-06
3.573639099998400e+01	2.205316830000000e-06
3.577558200014755e+01	2.973551770000000e-06
3.582128350017592e+01	3.549756230000000e-06
3.584493550006300e+01	3.933929750000000e-06
3.587199100013822e+01	3.741899260000000e-06
3.589520320016891e+01	5.278481690000000e-06
3.592186890030280e+01	5.662655440000000e-06
3.594527850020677e+01	5.854686150000000e-06
3.597390490025282e+01	6.623033640000000e-06
3.600001700036228e+01	7.583411390000000e-06
3.602381910011172e+01	8.159616299999999e-06
3.607872950006276e+01	1.142492420000000e-05
3.612187250005081e+01	1.219315890000000e-05
3.614625700004399e+01	1.353771040000000e-05
3.617416070029140e+01	1.392188460000000e-05
3.623405710002407e+01	1.622681340000000e-05
3.627166850026697e+01	1.776339740000000e-05
3.629586830036715e+01	1.776339740000000e-05
3.632792549999431e+01	1.929997960000000e-05
3.637560700019822e+01	2.006821340000000e-05
3.643503729999065e+01	2.218111330000000e-05
3.647286460036412e+01	2.352566480000000e-05
3.652865810040385e+01	2.928782120000000e-05
3.657696010032669e+01	2.967199540000000e-05
3.660072830040008e+01	3.140071930000000e-05
3.663767660036683e+01	3.408971320000000e-05
3.667300359997898e+01	3.466591440000000e-05
3.669633670011535e+01	3.428185300000000e-05
3.672244710009545e+01	3.524223210000000e-05
3.674782960023731e+01	3.562629350000000e-05
3.677375470008701e+01	3.639464190000000e-05
3.682548550004140e+01	3.658667260000000e-05
3.687094270018861e+01	3.658667260000000e-05
3.689465680019930e+01	3.639464190000000e-05
3.691832080017775e+01	3.447388370000000e-05
3.694224630016834e+01	2.851958560000000e-05
3.698025949997827e+01	1.891580540000000e-05
3.702205470018089e+01	1.584264100000000e-05
3.704523200029507e+01	1.353771040000000e-05
3.707510370016098e+01	1.142492420000000e-05
3.712083440041170e+01	9.119993590000000e-06
3.715199950011447e+01	7.775442100000000e-06
3.717510630004108e+01	6.623033640000000e-06
3.719904400035739e+01	5.854686150000000e-06
3.722274620039389e+01	4.702277240000000e-06
3.724685120023787e+01	3.933929750000000e-06
3.727338600018993e+01	3.741899260000000e-06
3.731985380034894e+01	2.781521060000000e-06
3.735321080032736e+01	2.205316830000000e-06
3.737766750017181e+01	2.589378030000000e-06
3.742967470036820e+01	2.013173800000000e-06
3.747371380031109e+01	2.205316830000000e-06
3.749787300033495e+01	1.628999940000000e-06
3.752212500013411e+01	1.821143090000000e-06
3.755817320011556e+01	1.628999940000000e-06
3.758702700026333e+01	1.244938740000000e-06
3.762375570042059e+01	1.436969340000000e-06
3.766952700028196e+01	1.628999940000000e-06
3.769285000022501e+01	8.607649990000000e-07
3.772632670029998e+01	1.244938740000000e-06
3.778749250015244e+01	1.436969340000000e-06
3.781078910036013e+01	1.436969340000000e-06
3.783431270020083e+01	1.244938740000000e-06
3.788177249999717e+01	1.628999940000000e-06
3.792831670027226e+01	1.436969340000000e-06
3.797412970010191e+01	1.628999940000000e-06
3.802243040036410e+01	2.205316830000000e-06
3.805250050034374e+01	1.821143090000000e-06
3.808441840019077e+01	1.821143090000000e-06
3.811537810042500e+01	1.436969340000000e-06
3.814622630039230e+01	1.821143090000000e-06
3.817606279999018e+01	2.397347320000000e-06
3.822198680043221e+01	2.205316830000000e-06
3.824560800008476e+01	1.821143090000000e-06
3.827229390013963e+01	1.821143090000000e-06
3.830001270025969e+01	1.436969340000000e-06
3.832395370025188e+01	1.821143090000000e-06
3.837175960000604e+01	3.357725520000000e-06
3.840849920036271e+01	3.165694810000000e-06
3.843256200011820e+01	4.126072780000000e-06
3.847509710025042e+01	4.318103490000000e-06
3.852127879997715e+01	4.510134200000000e-06
3.854937350004911e+01	5.086450980000000e-06
3.857431690022349e+01	4.510134200000000e-06
3.861990910023451e+01	6.238859900000000e-06
3.864415750000626e+01	6.623033640000000e-06
3.867375870002434e+01	7.775442100000000e-06
3.869795160042122e+01	7.199237640000000e-06
3.872234470024705e+01	7.967585590000000e-06
3.874755170010030e+01	7.967585590000000e-06
3.877560790022835e+01	8.351646100000001e-06
3.882765640038997e+01	9.119993590000000e-06
3.887571970000863e+01	9.888229210000000e-06
3.893592700036243e+01	1.104075000000000e-05
3.897462920006365e+01	1.180898470000000e-05
3.900081380037591e+01	1.238530150000000e-05
3.902417330024764e+01	1.296150640000000e-05
3.907139690034091e+01	1.372974110000000e-05
3.910313010029495e+01	1.372974110000000e-05
3.913428350025788e+01	1.449808860000000e-05
3.918063770001754e+01	1.488226280000000e-05
3.922198160039261e+01	1.603467170000000e-05
3.924536570021883e+01	1.661087480000000e-05
3.927257710043341e+01	1.737922320000000e-05
3.929600830003619e+01	1.718707970000000e-05
3.931936440011486e+01	1.718707970000000e-05
3.934288750030100e+01	1.776339740000000e-05
3.937488060025498e+01	1.872377470000000e-05
3.942905150027946e+01	1.987618270000000e-05
3.947281870013103e+01	2.006821340000000e-05
3.949689250020310e+01	2.122073600000000e-05
3.952233269996941e+01	2.179693910000000e-05
3.955615220032632e+01	2.256528750000000e-05
3.958620350016281e+01	2.429390040000000e-05
3.961742410017177e+01	2.371769550000000e-05
3.964067090023309e+01	2.525427770000000e-05
3.967908130027354e+01	2.621465680000000e-05
3.972239860007539e+01	2.736706480000000e-05
3.975608210032806e+01	2.736706480000000e-05
3.978697900008410e+01	2.832744210000000e-05
3.982234970014542e+01	2.928782120000000e-05
3.984932720009238e+01	3.063237450000000e-05
3.988128140009940e+01	3.140071930000000e-05
3.991285900026560e+01	3.197692420000000e-05
3.994346390012652e+01	3.274515980000000e-05
3.997548080002889e+01	3.428185300000000e-05
4.002109320042655e+01	3.447388370000000e-05
4.004668480018154e+01	3.447388370000000e-05
4.008333270018920e+01	3.485805790000000e-05
4.013120190007612e+01	3.562629350000000e-05
4.017403049999848e+01	3.658667260000000e-05
4.019804990012199e+01	3.620261120000000e-05
4.022175290016457e+01	3.697084680000000e-05
4.024472220009193e+01	3.735502100000000e-05
4.027352670021355e+01	3.773919160000000e-05
4.031976590026170e+01	3.946780630000000e-05
4.034847780037671e+01	3.927577560000000e-05
4.037634810013697e+01	4.062032890000000e-05
4.042200880032033e+01	4.158070440000000e-05
4.044622390018776e+01	4.234894000000000e-05
4.047390750003979e+01	4.234894000000000e-05
4.049829790042713e+01	4.350146260000000e-05
4.053414390003309e+01	4.580627860000000e-05
4.058189300028607e+01	4.791917670000000e-05
4.062223560037091e+01	4.964779150000000e-05
4.064608790026978e+01	5.176068950000000e-05
4.067487380001694e+01	5.310513010000000e-05
4.072067740000784e+01	5.579423300000000e-05
4.074504340020940e+01	5.771498760000000e-05
4.077405720017850e+01	5.886739750000000e-05
4.079833720019087e+01	5.925157170000000e-05
4.082209700020030e+01	6.001992010000000e-05
4.084558930015191e+01	6.174853480000000e-05
4.087649880023673e+01	6.443763410000000e-05
4.092303659999743e+01	6.443763410000000e-05
4.094738010037690e+01	6.578207830000000e-05
4.097464210027829e+01	6.712662430000000e-05
4.102116540027782e+01	6.847117769999999e-05
4.105143580026925e+01	6.981573100000000e-05
4.107675800006837e+01	7.154434570000000e-05
4.110949260042980e+01	7.365724010000000e-05
4.113332260027528e+01	7.577003270000000e-05
4.117566210031509e+01	7.865116640000000e-05
4.122168130008504e+01	8.249267560000000e-05
4.124611590011045e+01	8.460546090000000e-05
4.127238520001993e+01	8.575798710000000e-05
4.129561520041898e+01	8.748659460000000e-05
4.132170000020415e+01	8.998355770000000e-05
4.134631470032036e+01	9.190431590000000e-05
4.137453010026366e+01	9.382506690000000e-05
4.139869699999690e+01	9.478544960000001e-05
4.142212080024183e+01	9.747454900000000e-05
4.144534350000322e+01	9.997151210000000e-05
4.147558900015429e+01	1.030446800000000e-04
4.152870520018041e+01	1.089989750000000e-04
4.157555490033701e+01	1.097673230000000e-04
4.162162170000374e+01	1.136088390000000e-04
4.164567480003461e+01	1.149533850000000e-04
4.168586990004405e+01	1.170661710000000e-04
4.170978510007262e+01	1.180265540000000e-04
4.174828860023990e+01	1.207155440000000e-04
4.177582710003480e+01	1.228284380000000e-04
4.182126230001450e+01	1.243650190000000e-04
4.185726180020720e+01	1.253254010000000e-04
4.188817480020225e+01	1.285907060000000e-04
4.192228760011494e+01	1.301273010000000e-04
4.194828760018572e+01	1.326242490000000e-04
4.197387630026788e+01	1.345450150000000e-04
4.200091950036585e+01	1.366577930000000e-04
4.202831800002605e+01	1.404993090000000e-04
4.207460130006075e+01	1.414596920000000e-04
4.211981130018830e+01	1.451091670000000e-04
4.214370830031112e+01	1.466457470000000e-04
4.218237460032105e+01	1.497189220000000e-04
4.222177510010079e+01	1.520238440000000e-04
4.224533070018515e+01	1.526000560000000e-04
4.227191150002182e+01	1.541366360000000e-04
4.229534930037335e+01	1.560573870000000e-04
4.231881670001894e+01	1.575939680000000e-04
4.235235250042751e+01	1.593226920000000e-04
4.237608690001070e+01	1.612434570000000e-04
4.242992200003937e+01	1.633562350000000e-04
4.247582070017233e+01	1.662373690000000e-04
4.252154920017347e+01	1.670057250000000e-04
4.255367390019819e+01	1.689264750000000e-04
4.258574590040371e+01	1.704630560000000e-04
4.260963420011103e+01	1.708472410000000e-04
4.263341820007190e+01	1.731520460000000e-04
4.267440490005538e+01	1.739204020000000e-04
4.272752490034327e+01	1.762253230000000e-04
4.277434370014817e+01	1.775697750000000e-04
4.282010250026360e+01	1.804509080000000e-04
4.285072740027681e+01	1.817954470000000e-04
4.287373410025612e+01	1.837162130000000e-04
4.289808740001172e+01	1.850607660000000e-04
4.292283780034631e+01	1.862131760000000e-04
4.294645699998364e+01	1.869815170000000e-04
4.297508010035381e+01	1.865973460000000e-04
4.302319590002298e+01	1.902467190000000e-04
4.308522590016946e+01	1.925516410000000e-04
4.312138760043308e+01	1.933199960000000e-04
4.314593870006502e+01	1.906308900000000e-04
4.317852840013802e+01	1.846765950000000e-04
4.320864220010117e+01	1.775697750000000e-04
4.323941710032523e+01	1.681581340000000e-04
4.327354199998081e+01	1.625880100000000e-04
4.333285790029913e+01	1.533683970000000e-04
4.338017870020121e+01	1.458774060000000e-04
4.342852349998429e+01	1.360815950000000e-04
4.347371720010415e+01	1.314718390000000e-04
4.350465060025454e+01	1.245570600000000e-04
4.352778070000932e+01	1.157216250000000e-04
4.357579330028966e+01	1.070782160000000e-04
4.362115240003914e+01	1.034288510000000e-04
4.364467990025878e+01	9.958734150000000e-05
4.367664330033585e+01	9.248052080000000e-05
4.372092000022531e+01	8.940735280000000e-05
4.374531950009987e+01	8.537380930000001e-05
4.377451190026477e+01	8.268470990000000e-05
4.379912029998377e+01	8.037977390000000e-05
4.382259600004181e+01	7.692243530000000e-05
4.384634430008009e+01	7.384927450000000e-05
4.387770420033485e+01	6.712662430000000e-05
4.392399370018393e+01	6.424549060000000e-05
4.397417700011283e+01	5.905954090000000e-05
4.401971230003983e+01	5.617840720000000e-05
4.404369250033051e+01	5.406550920000000e-05
4.408312370022759e+01	5.060817060000000e-05
4.411363050015643e+01	4.887955580000000e-05
4.414453440019861e+01	4.638259630000000e-05
4.417609339999035e+01	4.369349340000000e-05
4.422221200028434e+01	4.158070440000000e-05
4.424546260014176e+01	3.908374490000000e-05
4.428394410014153e+01	3.639464190000000e-05
4.432169300038368e+01	3.466591440000000e-05
4.434619230031967e+01	3.236109840000000e-05
4.437423020042479e+01	3.082451440000000e-05
4.439849040005356e+01	2.909579050000000e-05
4.442298130039126e+01	2.698300340000000e-05
4.445436270022765e+01	2.583048260000000e-05
4.447759740008041e+01	2.314149060000000e-05
4.452107660006732e+01	2.333352130000000e-05
4.454943680018187e+01	2.141276490000000e-05
4.457919800002128e+01	1.929997960000000e-05
4.462133890017867e+01	1.718707970000000e-05
4.464492640038952e+01	1.565049750000000e-05
4.467375269997865e+01	1.507429260000000e-05
4.469755910011008e+01	1.276936290000000e-05
4.472076950035989e+01	1.180898470000000e-05
4.475006460025907e+01	9.888229210000000e-06
4.477588590001687e+01	7.199237640000000e-06
4.482231120020151e+01	5.470512410000000e-06
4.484651930024847e+01	4.510134200000000e-06
4.487160160019994e+01	4.702277240000000e-06
4.490341730043292e+01	4.126072780000000e-06
4.492780320020393e+01	2.589378030000000e-06
4.498277690028772e+01	2.013173800000000e-06
4.501366340043023e+01	2.013173800000000e-06
4.503675190033391e+01	1.821143090000000e-06
4.515872020041570e+01	4.765912820000000e-07
4.520245080022141e+01	1.821143090000000e-06
4.523385700024664e+01	1.628999940000000e-06
4.527147780032828e+01	1.244938740000000e-06
4.529552610032260e+01	2.013173800000000e-06
4.531969910021871e+01	2.973551770000000e-06
4.535723470011726e+01	2.589378030000000e-06
4.538074900023639e+01	3.357725520000000e-06
4.542171230027452e+01	3.357725520000000e-06
4.544615010032430e+01	2.973551770000000e-06
4.547308400040492e+01	3.165694810000000e-06
4.551975650014356e+01	4.126072780000000e-06
4.555984640028328e+01	4.126072780000000e-06
4.558893280010670e+01	4.510134200000000e-06
4.562108340021223e+01	4.894307950000000e-06
4.565406840015203e+01	4.894307950000000e-06
4.568551500001922e+01	7.199237640000000e-06
4.572199600003660e+01	6.815063900000000e-06
4.574751280015334e+01	7.775442100000000e-06
4.577606680011377e+01	8.927962880000001e-06
4.582215030025691e+01	8.927962880000001e-06
4.584759220015258e+01	9.504167790000001e-06
4.587169050006196e+01	1.084860740000000e-05
4.589500770019367e+01	1.104075000000000e-05
4.591908420016989e+01	1.180898470000000e-05
4.594294450012967e+01	1.276936290000000e-05
4.597551929997280e+01	1.257733220000000e-05
4.602280950034037e+01	1.411391530000000e-05
4.604795330017805e+01	1.526643610000000e-05
4.607187800016254e+01	1.661087480000000e-05
4.610087350010872e+01	1.622681340000000e-05
4.613159160036594e+01	1.833960050000000e-05
4.617445330042392e+01	1.872377470000000e-05
4.619814410014078e+01	1.968415200000000e-05
4.622216720040888e+01	2.026035690000000e-05
4.624551150016487e+01	2.045238760000000e-05
4.627309769997373e+01	2.122073600000000e-05
4.631862680008635e+01	2.237314400000000e-05
4.634890790004283e+01	2.237314400000000e-05
4.638146940013394e+01	2.314149060000000e-05
4.642183850007132e+01	2.487010350000000e-05
4.644609810039401e+01	2.602262610000000e-05
4.647489770036191e+01	2.794338250000000e-05
4.650476599996909e+01	2.928782120000000e-05
4.652807720005512e+01	3.140071930000000e-05
4.658013030001894e+01	3.293730330000000e-05
4.662745160004124e+01	3.581843700000000e-05
4.667369229998440e+01	3.677881610000000e-05
4.671997079998255e+01	4.004401130000000e-05
4.674356380011886e+01	4.426969460000000e-05
4.677403100021183e+01	4.695880120000000e-05
4.681160730030388e+01	5.003196570000000e-05
4.683522290037945e+01	5.214475100000000e-05
4.687447870010510e+01	5.291309940000000e-05
4.692083250032738e+01	5.348930430000000e-05
4.695146530028433e+01	5.368144780000000e-05
4.698198150005192e+01	5.483385390000000e-05
4.702270130021498e+01	5.521802810000000e-05
4.706094280024990e+01	5.617840720000000e-05
4.709270540019497e+01	5.733081710000000e-05
4.711754280002788e+01	5.886739750000000e-05
4.714128170022741e+01	6.117232989999999e-05
4.717601720010862e+01	6.328511520000000e-05
4.722190720029175e+01	6.290105380000000e-05
4.724518490023911e+01	6.482169560000000e-05
4.728065960016102e+01	6.597422180000000e-05
4.732173660025001e+01	6.655041940000000e-05
4.734518400020897e+01	6.770282930000001e-05
4.738833100022748e+01	6.847117769999999e-05
4.741251830011606e+01	6.962358750000000e-05
4.745120760006830e+01	7.116016790000000e-05
4.747550030006096e+01	7.039193590000001e-05
4.752193560032174e+01	7.192851630000001e-05
4.755932730017230e+01	7.269686469999999e-05
4.759093760000542e+01	7.346509660000000e-05
4.762243590038270e+01	7.538585490000000e-05
4.764591860026121e+01	7.711457870000000e-05
4.767253850027919e+01	7.980357619999999e-05
4.769636070029810e+01	8.210850500000000e-05
4.771982510015368e+01	8.287685340000000e-05
4.774324910016730e+01	8.383722890000001e-05
4.777521820040420e+01	8.422129030000000e-05
4.782103820005432e+01	8.671825340000000e-05
4.784500070009381e+01	8.748659460000000e-05
4.787348320009187e+01	8.671825340000000e-05
4.793164010019973e+01	7.019990150000000e-05
4.797392350016162e+01	6.290105380000000e-05
4.800965290004387e+01	5.560208960000000e-05
4.803343830024824e+01	5.080031410000000e-05
4.808785930043086e+01	4.811120740000000e-05
4.813457440026104e+01	4.426969460000000e-05
4.817541930032894e+01	4.311728840000000e-05
4.822133530024439e+01	3.985198050000000e-05
4.824537180038169e+01	3.697084680000000e-05
4.827153560006991e+01	3.543426280000000e-05
4.829504500003532e+01	3.370553900000000e-05
4.831879380019382e+01	3.159275000000000e-05
4.835042410017923e+01	3.101654510000000e-05
4.837530660023913e+01	3.005616780000000e-05
4.842371680028737e+01	2.928782120000000e-05
4.847162130009383e+01	2.736706480000000e-05
4.849504980025813e+01	2.679085990000000e-05
4.852127590030432e+01	2.583048260000000e-05
4.855183340003714e+01	2.525427770000000e-05
4.858326070010662e+01	2.314149060000000e-05
4.860680610034615e+01	2.179693910000000e-05
4.863055410003290e+01	2.102859250000000e-05
4.867417560005561e+01	2.045238760000000e-05
4.872100550029427e+01	1.891580540000000e-05
4.874462650017813e+01	1.737922320000000e-05
4.877390200039372e+01	1.641884410000000e-05
4.882795630022883e+01	1.180898470000000e-05
4.887216610042378e+01	1.104075000000000e-05
4.889581410028040e+01	1.027240250000000e-05
4.891989940032363e+01	9.888229210000000e-06
4.894314870005473e+01	9.696198500000000e-06
4.897521770000458e+01	9.312024300000000e-06
4.902080520009622e+01	8.543789590000001e-06
4.904481920041144e+01	8.927962880000001e-06
4.907747850008309e+01	7.967585590000000e-06
4.912177410023287e+01	6.815063900000000e-06
4.914589760033414e+01	6.815063900000000e-06
4.917420120025054e+01	6.430890150000000e-06
4.919858940038830e+01	5.854686150000000e-06
4.922174080042168e+01	6.046829180000000e-06
4.924502610042691e+01	5.470512410000000e-06
4.927361610019580e+01	5.086450980000000e-06
4.931934300018474e+01	4.318103490000000e-06
4.934262360027060e+01	4.126072780000000e-06
4.937482400005683e+01	3.933929750000000e-06
4.943587939999998e+01	3.165694810000000e-06
4.947379350010306e+01	4.126072780000000e-06
4.951353300036862e+01	3.549756230000000e-06
4.954046990023926e+01	3.165694810000000e-06
4.957724350038916e+01	3.741899260000000e-06
4.962202550005168e+01	2.973551770000000e-06
4.964604080002755e+01	3.165694810000000e-06
4.968650209996849e+01	2.973551770000000e-06
4.973287900025025e+01	3.165694810000000e-06
4.977400970039889e+01	2.973551770000000e-06
4.979769040038809e+01	3.165694810000000e-06
4.982741150027141e+01	2.781521060000000e-06
4.988782950025052e+01	2.205316830000000e-06
4.992417210014537e+01	2.781521060000000e-06
4.997279110038653e+01	2.205316830000000e-06
4.999677650025114e+01	2.397347320000000e-06
5.002260590018705e+01	2.205316830000000e-06
5.006163990031928e+01	1.628999940000000e-06
5.008861410012469e+01	1.821143090000000e-06
5.011991770006716e+01	1.628999940000000e-06
5.014388970006257e+01	2.205316830000000e-06
5.017593160038814e+01	2.013173800000000e-06
5.022930770041421e+01	2.973551770000000e-06
5.027134550036862e+01	1.821143090000000e-06
5.029603700013831e+01	2.205316830000000e-06
5.032196390023455e+01	1.821143090000000e-06
5.034595540026203e+01	1.628999940000000e-06
5.037451450014487e+01	1.821143090000000e-06
5.039836170012131e+01	1.821143090000000e-06
5.043170189997181e+01	1.436969340000000e-06
5.047704270016402e+01	1.821143090000000e-06
5.052122980030254e+01	1.628999940000000e-06
5.055969050014392e+01	1.244938740000000e-06
5.058825880009681e+01	1.436969340000000e-06
5.062283820006996e+01	1.628999940000000e-06
5.064959210017696e+01	2.013173800000000e-06
5.067305860016495e+01	1.628999940000000e-06
5.069732800032943e+01	2.397347320000000e-06
5.072111900011078e+01	2.013173800000000e-06
5.074501870013773e+01	1.821143090000000e-06
5.077479940000921e+01	1.821143090000000e-06
5.082298490032554e+01	2.589378030000000e-06
5.086887070024386e+01	2.589378030000000e-06
5.089385930029675e+01	2.973551770000000e-06
5.092549010040238e+01	2.973551770000000e-06
5.097350900014862e+01	3.549756230000000e-06
5.100334689998999e+01	3.165694810000000e-06
5.102659180015326e+01	4.126072780000000e-06
5.108360520005226e+01	4.702277240000000e-06
5.112173790019006e+01	5.470512410000000e-06
5.114494200004265e+01	6.238859900000000e-06
5.117619850020856e+01	7.583411390000000e-06
5.122218550043181e+01	7.967585590000000e-06
5.124785110028461e+01	8.159616299999999e-06
5.128393230028450e+01	8.543789590000001e-06
5.130797470035031e+01	9.312024300000000e-06
5.133187640039250e+01	9.504167790000001e-06
5.137789910007268e+01	1.065657670000000e-05
5.142192270001397e+01	1.046454600000000e-05
5.144500120030716e+01	1.123278070000000e-05
5.147351999999955e+01	1.104075000000000e-05
5.151926880003884e+01	1.276936290000000e-05
5.154691780032590e+01	1.411391530000000e-05
5.157831210037693e+01	1.449808860000000e-05
5.160328100016341e+01	1.469011930000000e-05
5.162795580038801e+01	1.430605790000000e-05
5.167181800026447e+01	1.488226280000000e-05
5.170257700001821e+01	1.545846680000000e-05
5.173405790003017e+01	1.718707970000000e-05
5.177364840032533e+01	1.622681340000000e-05
5.181973590003327e+01	1.757125390000000e-05
5.184364410024136e+01	1.929997960000000e-05
5.187118920031935e+01	1.872377470000000e-05
5.190484520001337e+01	1.987618270000000e-05
5.192873849999160e+01	2.141276490000000e-05
5.197643460007384e+01	2.237314400000000e-05
5.202221520012245e+01	2.525427770000000e-05
5.204867120040581e+01	2.640668750000000e-05
5.207783390022814e+01	2.890375980000000e-05
5.212143860012293e+01	2.986413710000000e-05
5.214511360041797e+01	3.063237450000000e-05
5.217358230007812e+01	3.120857580000000e-05
5.219758830033243e+01	3.120857580000000e-05
5.222144060023129e+01	3.197692420000000e-05
5.224450120003894e+01	3.370553900000000e-05
5.227257810020819e+01	3.389768240000000e-05
5.231098090019077e+01	3.505008860000000e-05
5.233454990014434e+01	3.677881610000000e-05
5.237619050033391e+01	3.908374490000000e-05
5.243342080013826e+01	4.177273510000000e-05
5.247314010001719e+01	4.196476580000000e-05
5.251012290036306e+01	4.542221720000000e-05
5.254183410014957e+01	5.214475100000000e-05
5.257684080023319e+01	5.829119250000000e-05
5.263617100007832e+01	6.328511520000000e-05
5.268174490006641e+01	6.789497270000000e-05
5.272900640033185e+01	7.404130160000000e-05
5.277410130016506e+01	7.634623760000000e-05
5.279809330031276e+01	7.961154190000001e-05
5.282198560005054e+01	8.134015659999999e-05
5.284615430003032e+01	8.479760440000000e-05
5.288485730020329e+01	8.979153059999999e-05
5.292213660012931e+01	9.171228160000000e-05
5.294571000011638e+01	9.440127179999999e-05
5.297780300024897e+01	9.920316370000000e-05
5.302150360029191e+01	1.018922700000000e-04
5.305931290006265e+01	1.099593570000000e-04
5.310346999997273e+01	1.214838920000000e-04
5.312738570012152e+01	1.307034980000000e-04
5.317586140008643e+01	1.376181750000000e-04
5.322687470028177e+01	1.426121020000000e-04
5.327179020037875e+01	1.445328530000000e-04
5.329513810016215e+01	1.468377890000000e-04
5.332217890024185e+01	1.497189220000000e-04
5.334959440026432e+01	1.518317000000000e-04
5.338021200010553e+01	1.550970050000000e-04
5.340412640012801e+01	1.566336000000000e-04
5.342858790000901e+01	1.622038250000000e-04
5.347432280005887e+01	1.641245910000000e-04
5.351992520038038e+01	1.695026880000000e-04
5.354780310019851e+01	1.723838210000000e-04
5.358363980008289e+01	1.768015350000000e-04
5.362871660012752e+01	1.800667230000000e-04
5.367155480012298e+01	1.817954470000000e-04
5.369459820026532e+01	1.839082400000000e-04
5.372340620029718e+01	1.864053190000000e-04
5.377274750033394e+01	1.935120240000000e-04
5.380072860000655e+01	1.992742910000000e-04
5.383184260036796e+01	2.065731390000000e-04
5.387072760006413e+01	2.098384430000000e-04
5.389480360038579e+01	2.134878160000000e-04
5.392455050023273e+01	2.167531200000000e-04
5.397297480003908e+01	2.234757700000000e-04
5.399782600020990e+01	2.261647610000000e-04
5.403273840015754e+01	2.342319640000000e-04
5.408036210015416e+01	2.424911950000000e-04
5.412716420041397e+01	2.488296600000000e-04
5.417376800021157e+01	2.515186500000000e-04
5.421947350027040e+01	2.568967470000000e-04
5.424313740013167e+01	2.653481210000000e-04
5.428077580034733e+01	2.728390100000000e-04
5.430522690014914e+01	2.761043140000000e-04
5.432868260005489e+01	2.826348060000000e-04
5.438768739998341e+01	2.930069460000000e-04
5.442183560039848e+01	2.966563040000000e-04
5.444502930017188e+01	3.012661760000000e-04
5.447379400022328e+01	3.052997050000000e-04
5.452956600021571e+01	3.149035040000000e-04
5.457654160028324e+01	3.181686920000000e-04
5.460853920038790e+01	3.220101930000000e-04
5.463166740024462e+01	3.264279220000000e-04
5.467327370028943e+01	3.289250020000000e-04
5.473063000012189e+01	3.371842320000000e-04
5.477397840004414e+01	3.396811950000000e-04
5.482011740002781e+01	3.454434630000000e-04
5.485425150021911e+01	3.510135870000000e-04
5.487835480039939e+01	3.552392590000000e-04
5.490192229999229e+01	3.590807610000000e-04
5.493084470042959e+01	3.658033090000000e-04
5.497527670022100e+01	3.694527840000000e-04
5.502232079999521e+01	3.746388540000000e-04
5.505512779997662e+01	3.786723830000000e-04
5.508102380018681e+01	3.836663090000000e-04
5.512360160006210e+01	3.867395860000000e-04
5.518028840003535e+01	3.928859370000000e-04
5.520463560009375e+01	3.953828710000000e-04
5.522876960039139e+01	4.003769140000000e-04
5.527271710010245e+01	4.034500740000000e-04
5.532103640027344e+01	4.107489370000000e-04
5.534495820011944e+01	4.143982950000000e-04
5.537398470006883e+01	4.176635990000000e-04
5.542761530028656e+01	4.316850100000000e-04
5.547331560030580e+01	4.372552210000000e-04
5.550651700003073e+01	4.449382540000000e-04
5.553020510030910e+01	4.652982170000000e-04
5.557716960040852e+01	4.860422630000000e-04
5.563246640004218e+01	4.998718500000000e-04
5.567845210013911e+01	5.146615440000000e-04
5.572092870017514e+01	5.208079240000000e-04
5.574504390032962e+01	5.290672420000000e-04
5.577351490035653e+01	5.354055900000000e-04
5.580313630029559e+01	5.427045400000000e-04
5.582762820040807e+01	5.500033150000000e-04
5.588043080037460e+01	5.578783460000000e-04
5.592112520011142e+01	5.622961910000000e-04
5.594499150011688e+01	5.686345390000000e-04
5.597413240000606e+01	5.740127530000000e-04
5.601977520016953e+01	5.845769190000000e-04
5.604429109999910e+01	5.909152680000000e-04
5.608423750009388e+01	5.974458760000000e-04
5.611576100019738e+01	6.047446510000001e-04
5.614627910032868e+01	6.116595469999999e-04
5.617675410024822e+01	6.199186320000000e-04
5.622217860026285e+01	6.222234810000000e-04
5.624509270023555e+01	6.262572130000000e-04
5.628684690035880e+01	6.349004110000000e-04
5.632135810004547e+01	6.375894880000000e-04
5.635015160031617e+01	6.421993600000000e-04
5.638081350037828e+01	6.460408910000000e-04
5.640533690014854e+01	6.489219960000000e-04
5.644337480003014e+01	6.556446900000000e-04
5.647470180038363e+01	6.604465310000000e-04
5.652088250033557e+01	6.677453060000000e-04
5.655336010036990e+01	6.727392320000000e-04
5.658456140011549e+01	6.844557940000000e-04
5.663042329996824e+01	7.032792780000000e-04
5.667187910014763e+01	7.149958400000000e-04
5.670744940033183e+01	7.343954640000000e-04
5.673122700024396e+01	7.549474250000000e-04
5.677473600022495e+01	7.689688350000000e-04
5.683218790031970e+01	7.960514630000000e-04
5.687134800013155e+01	8.006613350000000e-04
5.689471240015700e+01	8.069996840000000e-04
5.692303520021960e+01	8.118015830000000e-04
5.697102150041610e+01	8.202529280000000e-04
5.699454320035875e+01	8.246707730000000e-04
5.701887929998338e+01	8.267835360000000e-04
5.705076280003414e+01	8.327378310000000e-04
5.707870800001547e+01	8.406129200000000e-04
5.712167510017753e+01	8.444543930000000e-04
5.714577110018581e+01	8.488720050000000e-04
5.717570400005206e+01	8.552105860000000e-04
5.722179160034284e+01	8.577076950000000e-04
5.724579780036584e+01	8.602045129999999e-04
5.727151390025392e+01	8.630856760000000e-04
5.729950320022181e+01	8.655827260000000e-04
5.732296190038323e+01	8.680796020000000e-04
5.737696760008112e+01	8.817169000000000e-04
5.742193579999730e+01	8.869030860000000e-04
5.744595950003713e+01	8.918970120000000e-04
5.747296230029315e+01	8.966989120000000e-04
5.751918720034882e+01	9.157141900000000e-04
5.762794600008056e+01	9.512481630000000e-04
5.767332280008122e+01	9.575865700000000e-04
5.771959070023149e+01	9.673823370000000e-04
5.774365880014375e+01	9.742970580000000e-04
5.778097190009430e+01	9.842851430000000e-04
5.782184000033885e+01	9.902394379999999e-04
5.785789780039340e+01	1.000611340000000e-03
5.788787280023098e+01	1.008486610000000e-03
5.791140590002760e+01	1.015977350000000e-03
5.795020369999111e+01	1.027309800000000e-03
5.797548100026324e+01	1.033264210000000e-03
5.802127030026168e+01	1.042867890000000e-03
5.806214320007712e+01	1.050935010000000e-03
5.809286150010303e+01	1.058618070000000e-03
5.812187470030040e+01	1.065916960000000e-03
5.814526990009472e+01	1.072639720000000e-03
5.817380550038069e+01	1.077633580000000e-03
5.819833560008556e+01	1.083395790000000e-03
5.823079210007563e+01	1.093767700000000e-03
5.827200690004975e+01	1.099721990000000e-03
5.829508469998837e+01	1.107597370000000e-03
5.832289960002527e+01	1.118545540000000e-03
5.837047850014642e+01	1.139289580000000e-03
5.840154170012102e+01	1.151006200000000e-03
5.842460280004889e+01	1.158881230000000e-03
5.847234660014510e+01	1.171750130000000e-03
5.851003330014646e+01	1.186540120000000e-03
5.853319129999727e+01	1.201713920000000e-03
5.858927170000970e+01	1.219000780000000e-03
5.862119350023568e+01	1.233022080000000e-03
5.864497809996828e+01	1.248772490000000e-03
5.868112620012835e+01	1.279312300000000e-03
5.872113730013371e+01	1.291220890000000e-03
5.874449570011348e+01	1.305050450000000e-03
5.877299660025164e+01	1.314077990000000e-03
5.880468090018257e+01	1.325410210000000e-03
5.882923160027713e+01	1.343465410000000e-03
5.887218679999933e+01	1.351916700000000e-03
5.889900990016758e+01	1.359215470000000e-03
5.892293730005622e+01	1.366706450000000e-03
5.897674940014258e+01	1.385914050000000e-03
5.902214980032295e+01	1.391868340000000e-03
5.905506910011172e+01	1.399359320000000e-03
5.908734029997140e+01	1.405697670000000e-03
5.911107440013438e+01	1.409731220000000e-03
5.913421620009467e+01	1.417222200000000e-03
5.917587000038475e+01	1.427978390000000e-03
5.922180639998987e+01	1.433356430000000e-03
5.924551900010556e+01	1.438542620000000e-03
5.927144300006330e+01	1.442960230000000e-03
5.930693040043116e+01	1.451027460000000e-03
5.933023210009560e+01	1.460823350000000e-03
5.938569430029020e+01	1.470619110000000e-03
5.940889970026910e+01	1.476573410000000e-03
5.943321410007775e+01	1.490594820000000e-03
5.947383510041982e+01	1.498085800000000e-03
5.951960830017924e+01	1.530354380000000e-03
5.954350810032338e+01	1.555900320000000e-03
5.957791570015252e+01	1.592778720000000e-03
5.963352699996904e+01	1.624279190000000e-03
5.968053320003673e+01	1.642526360000000e-03
5.971164970006794e+01	1.657316110000000e-03
5.974200530024245e+01	1.678060160000000e-03
5.977460060035810e+01	1.688432180000000e-03
5.982040920015424e+01	1.705334750000000e-03
5.984995290031657e+01	1.717819720000000e-03
5.988087970018387e+01	1.742597200000000e-03
5.992655400000513e+01	1.789463680000000e-03
5.997402900038287e+01	1.808286990000000e-03
6.000288700032979e+01	1.831144090000000e-03
6.003065400011837e+01	1.862644330000000e-03
6.008214440010488e+01	1.897409790000000e-03
