# [General]
# timestamp=2025-04-09T15:26:56.882201
# comments='# '
# delimiter='\t'
# column_dtypes=float;;float
# column_headers='Time (s);;Power (W)'
# 
# [Metadata]
# scanner_x=-5.0978161682
# scanner_y=3.5706164072
# start recoding time='09.04.2025, 15:25:51.898178'
# sample rate (hz)=50.0
# sample timing='TIMESTAMP'
# 
# ---- END HEADER ----
2.766299992799759e-03	1.627454530000000e-02
3.685230016708374e-02	1.621359210000000e-02
6.712489994242787e-02	1.623454500000000e-02
1.148232999257743e-01	1.626883260000000e-02
1.599245998077095e-01	1.624978150000000e-02
2.068186998367310e-01	1.629930550000000e-02
2.689216998405755e-01	1.619263920000000e-02
3.146569998934865e-01	1.620978300000000e-02
3.458142001181841e-01	1.627263800000000e-02
3.758519999682903e-01	1.618311550000000e-02
4.068748001009226e-01	1.627454530000000e-02
4.680885002017021e-01	1.615835540000000e-02
5.149166001938283e-01	1.623263960000000e-02
5.626968001015484e-01	1.615073530000000e-02
6.094325999729335e-01	1.618121190000000e-02
6.403402001596987e-01	1.613930610000000e-02
6.717681000009179e-01	1.615835540000000e-02
7.179959998466074e-01	1.621168850000000e-02
7.639660001732409e-01	1.612216230000000e-02
8.107798998244107e-01	1.614501890000000e-02
8.568767998367548e-01	1.609359310000000e-02
9.032028000801802e-01	1.615644990000000e-02
9.342379998415709e-01	1.610501860000000e-02
9.649733998812735e-01	1.609740220000000e-02
1.011904899962246e+00	1.611644960000000e-02
1.060911799781024e+00	1.610692590000000e-02
1.120530799962580e+00	1.611644960000000e-02
1.166664000134915e+00	1.605930550000000e-02
1.213767299894243e+00	1.606692560000000e-02
1.245895800180733e+00	1.612978240000000e-02
1.279967099893838e+00	1.604406910000000e-02
1.308889199979603e+00	1.611263860000000e-02
1.354780599940568e+00	1.602501980000000e-02
1.385887399781495e+00	1.611263860000000e-02
1.418114699888974e+00	1.605930550000000e-02
1.462587300222367e+00	1.600025970000000e-02
1.508917499799281e+00	1.606121290000000e-02
1.540272399783134e+00	1.600025970000000e-02
1.571379300206900e+00	1.600216330000000e-02
1.616818800102919e+00	1.600597240000000e-02
1.663870499935001e+00	1.597930680000000e-02
1.709728400222957e+00	1.603263990000000e-02
1.756824200041592e+00	1.594121010000000e-02
1.803092999849468e+00	1.599263960000000e-02
1.833488000091165e+00	1.595835200000000e-02
1.864592799916863e+00	1.594501920000000e-02
1.910991400014609e+00	1.599263960000000e-02
1.957838399801403e+00	1.589739880000000e-02
2.019861099775881e+00	1.589739880000000e-02
2.065925899893045e+00	1.588978250000000e-02
2.112872799858451e+00	1.590882990000000e-02
2.144091899972409e+00	1.594501920000000e-02
2.175741000100970e+00	1.588978250000000e-02
2.206810200121254e+00	1.595835200000000e-02
2.269073999952525e+00	1.586501860000000e-02
2.316563399974257e+00	1.589739880000000e-02
2.361640300136060e+00	1.583835300000000e-02
2.408780599944293e+00	1.583835300000000e-02
2.438933900091797e+00	1.580406540000000e-02
2.470024299807847e+00	1.583454200000000e-02
2.517891500145197e+00	1.585359310000000e-02
2.564036199823022e+00	1.579835270000000e-02
2.610887699760497e+00	1.580025630000000e-02
2.657678000163287e+00	1.575835240000000e-02
2.704069700092077e+00	1.582882930000000e-02
2.735072100069374e+00	1.573930680000000e-02
2.766851500142366e+00	1.576406690000000e-02
2.813723899889737e+00	1.574121040000000e-02
2.860828700009733e+00	1.576406690000000e-02
2.907958200201392e+00	1.580978370000000e-02
2.954892599955201e+00	1.569168640000000e-02
2.986922000069171e+00	1.579644900000000e-02
3.017764799762517e+00	1.566882990000000e-02
3.048761600162834e+00	1.576978340000000e-02
3.080738299991935e+00	1.570501920000000e-02
3.111902299802750e+00	1.570121010000000e-02
3.159077799879014e+00	1.565739880000000e-02
3.205998099874705e+00	1.573359030000000e-02
3.268173899967223e+00	1.564406600000000e-02
3.313929900061339e+00	1.562120950000000e-02
3.345340599771589e+00	1.570883020000000e-02
3.375750099774450e+00	1.563644970000000e-02
3.405612499918789e+00	1.569168640000000e-02
3.437034599948674e+00	1.557549650000000e-02
3.466919099912047e+00	1.560216300000000e-02
3.512807299848646e+00	1.562502050000000e-02
3.557541499845684e+00	1.554692350000000e-02
3.605671199969947e+00	1.564787700000000e-02
3.635870600119233e+00	1.552025690000000e-02
3.666909100022167e+00	1.557549650000000e-02
3.713175400160253e+00	1.553549620000000e-02
3.759544699918479e+00	1.552787700000000e-02
3.805947099812329e+00	1.559835300000000e-02
3.867090200074017e+00	1.550501960000000e-02
3.912871799897403e+00	1.548787670000000e-02
3.944781899917871e+00	1.556025630000000e-02
3.976749800145626e+00	1.549739950000000e-02
4.006863300222903e+00	1.554692350000000e-02
4.074759299866855e+00	1.545359010000000e-02
4.115706500131637e+00	1.543644630000000e-02
4.162603199947625e+00	1.543454360000000e-02
4.208934700116515e+00	1.539073330000000e-02
4.239843499846756e+00	1.541168710000000e-02
4.271233799867332e+00	1.542120990000000e-02
4.317531399894506e+00	1.542120990000000e-02
4.363842799793929e+00	1.537359040000000e-02
4.410470400005579e+00	1.535454390000000e-02
4.456854999996722e+00	1.531835370000000e-02
4.502687899861485e+00	1.538502050000000e-02
4.533016500063241e+00	1.531073360000000e-02
4.564742099959403e+00	1.532978010000000e-02
4.611408900003880e+00	1.530882720000000e-02
4.658582000061870e+00	1.533359010000000e-02
4.719033800065517e+00	1.530501990000000e-02
4.765900900121778e+00	1.526502050000000e-02
4.813330799806863e+00	1.523073390000000e-02
4.843700000084937e+00	1.530501990000000e-02
4.874554300215095e+00	1.526311320000000e-02
4.905910599976778e+00	1.529930350000000e-02
4.952221999876201e+00	1.520787740000000e-02
4.982541400007904e+00	1.525359040000000e-02
5.013802499976009e+00	1.518692360000000e-02
5.061529700178653e+00	1.518692360000000e-02
5.106832100078464e+00	1.523835400000000e-02
5.138691899832338e+00	1.513740050000000e-02
5.170106700155884e+00	1.516978070000000e-02
5.217789299786091e+00	1.512597040000000e-02
5.264840200077742e+00	1.513549410000000e-02
5.312570699956268e+00	1.513740050000000e-02
5.357823099941015e+00	1.507644630000000e-02
5.403636999893934e+00	1.514121050000000e-02
5.434571600053459e+00	1.504025610000000e-02
5.465924799907953e+00	1.508597100000000e-02
5.512879599817097e+00	1.508406640000000e-02
5.560394099913538e+00	1.507454090000000e-02
5.620865900069475e+00	1.500596940000000e-02
5.668839700054377e+00	1.501168500000000e-02
5.714960699900985e+00	1.495835190000000e-02
5.746669800020754e+00	1.505930260000000e-02
5.777516100089997e+00	1.499835120000000e-02
5.809285799972713e+00	1.494692360000000e-02
5.871417799964547e+00	1.496597010000000e-02
5.918174500111490e+00	1.494501810000000e-02
5.964978300035000e+00	1.492406520000000e-02
6.011199899949133e+00	1.487263660000000e-02
6.042723400052637e+00	1.495073180000000e-02
6.075222800020128e+00	1.491644610000000e-02
6.105213399976492e+00	1.495835190000000e-02
6.135863500181586e+00	1.482692170000000e-02
6.166958299931139e+00	1.486501840000000e-02
6.213016099762172e+00	1.481739800000000e-02
6.259249799884856e+00	1.482882630000000e-02
6.305833499878645e+00	1.488025490000000e-02
6.336884600110352e+00	1.476216040000000e-02
6.368083400186151e+00	1.481168340000000e-02
6.414037299808115e+00	1.476025490000000e-02
6.459899500012398e+00	1.476597040000000e-02
6.506153599824756e+00	1.481930350000000e-02
6.569080700166523e+00	1.473358830000000e-02
6.616448699962348e+00	1.468025520000000e-02
6.645869299769402e+00	1.477358860000000e-02
6.676854100078344e+00	1.471835000000000e-02
6.709018100053072e+00	1.468977800000000e-02
6.754453700035810e+00	1.462882660000000e-02
6.784889900125563e+00	1.473358830000000e-02
6.816108500119299e+00	1.461930200000000e-02
6.862281600013375e+00	1.463644490000000e-02
6.909065300133079e+00	1.464596860000000e-02
6.940909099765122e+00	1.464025490000000e-02
6.970336200203747e+00	1.466120690000000e-02
7.017299499828368e+00	1.455263510000000e-02
7.064349799882621e+00	1.457358900000000e-02
7.110200399998575e+00	1.452406400000000e-02
7.156852600164711e+00	1.450120660000000e-02
7.204329099971801e+00	1.459073000000000e-02
7.235866699833423e+00	1.445930170000000e-02
7.267853499855846e+00	1.452787410000000e-02
7.313953000120819e+00	1.447834820000000e-02
7.360016699880362e+00	1.447834820000000e-02
7.404655599966645e+00	1.452025400000000e-02
7.435836600139737e+00	1.439834850000000e-02
7.466029999777675e+00	1.443834880000000e-02
7.512891199905425e+00	1.438501570000000e-02
7.544225700199604e+00	1.446311180000000e-02
7.576085499953479e+00	1.441930230000000e-02
7.605815500020981e+00	1.444977890000000e-02
7.668866000138223e+00	1.436406370000000e-02
7.715835900045931e+00	1.434882540000000e-02
7.762754300143570e+00	1.433739720000000e-02
7.810265299864113e+00	1.429549230000000e-02
7.841653500217944e+00	1.433358710000000e-02
7.872769999783486e+00	1.433549260000000e-02
7.918173999991268e+00	1.427453850000000e-02
7.965075099840760e+00	1.426120570000000e-02
8.011773199774325e+00	1.420025430000000e-02
8.058960500173271e+00	1.422501540000000e-02
8.106689299922436e+00	1.426120570000000e-02
8.138697700109333e+00	1.418501600000000e-02
8.168679900001734e+00	1.420977710000000e-02
8.214648900087923e+00	1.412025280000000e-02
8.262620000168681e+00	1.415263400000000e-02
8.309588700067252e+00	1.412025280000000e-02
8.355867700185627e+00	1.407453880000000e-02
8.417122299782932e+00	1.406120600000000e-02
8.448040999937803e+00	1.411263460000000e-02
8.478361300192773e+00	1.409168080000000e-02
8.509650100022554e+00	1.405168050000000e-02
8.555996200069785e+00	1.400215740000000e-02
8.602838499937207e+00	1.409358530000000e-02
8.633889100048691e+00	1.396787070000000e-02
8.664866399951279e+00	1.400596740000000e-02
8.711112400051206e+00	1.395834800000000e-02
8.743999899830669e+00	1.403263400000000e-02
8.773999299854040e+00	1.398691910000000e-02
8.804764200001955e+00	1.401549110000000e-02
8.835925200022757e+00	1.388977560000000e-02
8.867684099823236e+00	1.393358600000000e-02
8.915033599827439e+00	1.389929930000000e-02
8.962520999833941e+00	1.389739480000000e-02
9.009607700165361e+00	1.383644250000000e-02
9.042377000208944e+00	1.391453760000000e-02
9.071699799969792e+00	1.388596560000000e-02
9.119840399827808e+00	1.378120480000000e-02
9.167723100166768e+00	1.383453790000000e-02
9.212916700169444e+00	1.372596620000000e-02
9.259436300024390e+00	1.381929960000000e-02
9.320958899799734e+00	1.379263310000000e-02
9.352039000019431e+00	1.369739420000000e-02
9.383342700079083e+00	1.378882300000000e-02
9.413949999958277e+00	1.365548930000000e-02
9.461167899891734e+00	1.371453800000000e-02
9.506950399838388e+00	1.372406170000000e-02
9.553789000026882e+00	1.360215620000000e-02
9.585799499880522e+00	1.370310970000000e-02
9.616460899822414e+00	1.360215620000000e-02
9.648443500045687e+00	1.363263280000000e-02
9.679857799783349e+00	1.365167930000000e-02
9.710925300139934e+00	1.353929840000000e-02
9.758042399771512e+00	1.356406140000000e-02
9.804620299953967e+00	1.362501270000000e-02
9.836479200050235e+00	1.351072640000000e-02
9.867773499805480e+00	1.355072860000000e-02
9.914338000118732e+00	1.347453610000000e-02
9.944616499822587e+00	1.356786960000000e-02
9.975740599911660e+00	1.352977470000000e-02
1.000688119977713e+01	1.352406010000000e-02
1.006841879989952e+01	1.348977440000000e-02
1.011434799991548e+01	1.337358360000000e-02
1.016123409988359e+01	1.344025140000000e-02
1.020686679985374e+01	1.342882120000000e-02
1.023789210012183e+01	1.337739360000000e-02
1.026920189987868e+01	1.340787020000000e-02
1.031582030002028e+01	1.333167870000000e-02
1.036368399998173e+01	1.336024980000000e-02
1.041067819995806e+01	1.325929820000000e-02
1.045654499996454e+01	1.326310630000000e-02
1.050367149990052e+01	1.333929880000000e-02
1.053433510009199e+01	1.321739330000000e-02
1.056421629991382e+01	1.330120300000000e-02
1.061129540018737e+01	1.318310670000000e-02
1.067179109994322e+01	1.323072710000000e-02
1.071826960006729e+01	1.316786840000000e-02
1.076490810001269e+01	1.319072670000000e-02
1.081141910003498e+01	1.309929690000000e-02
1.084289180021733e+01	1.319834500000000e-02
1.087392480019480e+01	1.317739390000000e-02
1.091995989996940e+01	1.307453490000000e-02
1.096593050006777e+01	1.311453520000000e-02
1.101324620004743e+01	1.300215350000000e-02
1.105880199978128e+01	1.307263040000000e-02
1.110621250001714e+01	1.305929660000000e-02
1.113766349991783e+01	1.300977360000000e-02
1.116843750001863e+01	1.303644010000000e-02
1.121518949978054e+01	1.291263100000000e-02
1.126287609990686e+01	1.299072520000000e-02
1.130881030019373e+01	1.290501100000000e-02
1.135518370009959e+01	1.287834350000000e-02
1.138584329979494e+01	1.294691580000000e-02
1.141645629983395e+01	1.287834350000000e-02
1.144852969981730e+01	1.287643890000000e-02
1.148059869976714e+01	1.291643920000000e-02
1.151159540005028e+01	1.280405930000000e-02
1.155901020020247e+01	1.286310520000000e-02
1.160489489976317e+01	1.287072520000000e-02
1.163551639998332e+01	1.276596260000000e-02
1.166694420017302e+01	1.282310580000000e-02
1.171467369981110e+01	1.271643960000000e-02
1.174592870008200e+01	1.279834380000000e-02
1.177663639979437e+01	1.278501100000000e-02
1.180698290001601e+01	1.275072430000000e-02
1.187003999995068e+01	1.273548600000000e-02
1.191699909977615e+01	1.263072430000000e-02
1.196450230013579e+01	1.268786750000000e-02
1.201176369981840e+01	1.257739120000000e-02
1.204237399995327e+01	1.267643920000000e-02
1.207355239987373e+01	1.265929550000000e-02
1.212090210011229e+01	1.253167630000000e-02
1.216683160001412e+01	1.260215230000000e-02
1.221303099999204e+01	1.248405780000000e-02
1.226061399979517e+01	1.256024740000000e-02
1.230686319991946e+01	1.251834260000000e-02
1.233629189990461e+01	1.246500950000000e-02
1.236779739987105e+01	1.251834260000000e-02
1.241388300014660e+01	1.238881980000000e-02
1.246144639980048e+01	1.247072410000000e-02
1.250808080006391e+01	1.240596080000000e-02
1.257086460012943e+01	1.241738910000000e-02
1.261660540010780e+01	1.236405600000000e-02
1.264721750002354e+01	1.235262770000000e-02
1.267801309982315e+01	1.238691430000000e-02
1.270987869985402e+01	1.226881800000000e-02
1.275686800014228e+01	1.230691280000000e-02
1.280379329994321e+01	1.233738940000000e-02
1.283465590002015e+01	1.223072320000000e-02
1.286588460020721e+01	1.228977090000000e-02
1.291265289997682e+01	1.217548460000000e-02
1.294383190013468e+01	1.227262800000000e-02
1.297487650020048e+01	1.225548420000000e-02
1.300754040013999e+01	1.218120010000000e-02
1.307215759996325e+01	1.219643650000000e-02
1.311693949997425e+01	1.207072290000000e-02
1.316282830014825e+01	1.215262800000000e-02
1.320938420016319e+01	1.203643620000000e-02
1.324006590014324e+01	1.212596150000000e-02
1.327126340009272e+01	1.211643680000000e-02
1.331812069984153e+01	1.199262680000000e-02
1.336396350013092e+01	1.205738820000000e-02
1.341050769994035e+01	1.192977000000000e-02
1.345682090008631e+01	1.198119860000000e-02
1.350321580003947e+01	1.201167520000000e-02
1.353336860006675e+01	1.189548340000000e-02
1.356517890002578e+01	1.197548300000000e-02
1.361313770012930e+01	1.184215020000000e-02
1.365830790018663e+01	1.190881710000000e-02
1.370407579978928e+01	1.191834170000000e-02
1.373487759986892e+01	1.182310190000000e-02
1.376610920019448e+01	1.188215050000000e-02
1.381333780009300e+01	1.176024510000000e-02
1.384267470007762e+01	1.184976850000000e-02
1.387307729991153e+01	1.183834020000000e-02
1.390507599990815e+01	1.179833990000000e-02
1.393664330011234e+01	1.176596060000000e-02
1.396736609982327e+01	1.179072170000000e-02
1.401403219997883e+01	1.165548340000000e-02
1.406111310003325e+01	1.173929220000000e-02
1.410841780016199e+01	1.161167400000000e-02
1.413927350006998e+01	1.170500740000000e-02
1.416839369991794e+01	1.168595910000000e-02
1.421479209978133e+01	1.156214900000000e-02
1.426189929991961e+01	1.164024510000000e-02
1.430740529997274e+01	1.156786360000000e-02
1.435367969982326e+01	1.151453050000000e-02
1.438470799988136e+01	1.156786360000000e-02
1.441552060004324e+01	1.152214870000000e-02
1.444589710002765e+01	1.151072050000000e-02
1.447698420006782e+01	1.155262530000000e-02
1.450779870012775e+01	1.145738740000000e-02
1.455435660015792e+01	1.142691080000000e-02
1.458954480011016e+01	1.139072050000000e-02
1.463430520007387e+01	1.139262600000000e-02
1.466526640020311e+01	1.145548190000000e-02
1.471187809994444e+01	1.133167280000000e-02
1.474313529999927e+01	1.141738710000000e-02
1.477411000011489e+01	1.140595880000000e-02
1.480559210013598e+01	1.133738740000000e-02
1.485384419979528e+01	1.128024420000000e-02
1.488444449985400e+01	1.132786270000000e-02
1.491594009986147e+01	1.122691110000000e-02
1.496405360009521e+01	1.130881630000000e-02
1.501022139983252e+01	1.119071900000000e-02
1.504106609988958e+01	1.128024420000000e-02
1.507672260003164e+01	1.126500590000000e-02
1.511973820021376e+01	1.113357580000000e-02
1.516485380008817e+01	1.121929100000000e-02
1.521173720015213e+01	1.107833810000000e-02
1.525748790008947e+01	1.116024240000000e-02
1.530432560015470e+01	1.111452930000000e-02
1.533487149979919e+01	1.107262450000000e-02
1.536595269991085e+01	1.110881470000000e-02
1.541281870007515e+01	1.097928920000000e-02
1.546025640005246e+01	1.106119620000000e-02
1.550587859982625e+01	1.099071930000000e-02
1.555277840001509e+01	1.093548160000000e-02
1.558402739977464e+01	1.098119470000000e-02
1.561437219986692e+01	1.092214790000000e-02
1.564482509996742e+01	1.094690990000000e-02
1.567580860015005e+01	1.097167100000000e-02
1.570588769996539e+01	1.089928950000000e-02
1.575206469977275e+01	1.082881260000000e-02
1.578168339980766e+01	1.091643330000000e-02
1.581257670000196e+01	1.081547980000000e-02
1.585953760007396e+01	1.086690930000000e-02
1.590452660014853e+01	1.081928980000000e-02
1.593620149977505e+01	1.080595610000000e-02
1.596697429986671e+01	1.081738430000000e-02
1.601283429982141e+01	1.069166980000000e-02
1.605872910004109e+01	1.077357490000000e-02
1.610548970010132e+01	1.069738530000000e-02
1.613670409983024e+01	1.071452820000000e-02
1.616789430007339e+01	1.071643180000000e-02
1.621388400020078e+01	1.061738470000000e-02
1.624443309986964e+01	1.064214670000000e-02
1.627489619981498e+01	1.064976490000000e-02
1.632124149985611e+01	1.052595490000000e-02
1.636912620021030e+01	1.061928830000000e-02
1.641560559999198e+01	1.050119380000000e-02
1.646194609999657e+01	1.057547980000000e-02
1.650775559991598e+01	1.045738350000000e-02
1.653881850000471e+01	1.053357500000000e-02
1.657258159993216e+01	1.052214480000000e-02
1.661746180010960e+01	1.039643210000000e-02
1.666392080020159e+01	1.047071720000000e-02
1.671112360013649e+01	1.034690720000000e-02
1.675817060004920e+01	1.042881140000000e-02
1.680597960017622e+01	1.032595520000000e-02
1.683689500018954e+01	1.037357380000000e-02
1.686802599998191e+01	1.036595550000000e-02
1.691403249977157e+01	1.022881180000000e-02
1.696075470000505e+01	1.032024060000000e-02
1.700781180011109e+01	1.020595340000000e-02
1.707018790021539e+01	1.026690750000000e-02
1.711726919980720e+01	1.024405010000000e-02
1.714892880013213e+01	1.011452540000000e-02
1.718050580006093e+01	1.021928710000000e-02
1.721354759996757e+01	1.013928740000000e-02
1.727292900020257e+01	1.016785860000000e-02
1.731928429985419e+01	1.003643030000000e-02
1.736598879983649e+01	1.012404910000000e-02
1.741309660021216e+01	1.002119200000000e-02
1.744451850000769e+01	1.001928750000000e-02
1.747565090004355e+01	1.006500240000000e-02
1.750681590009481e+01	9.958334270000001e-03
1.755377899995074e+01	9.956428780000000e-03
1.758571980008855e+01	9.937382300000000e-03
1.761541339987889e+01	9.895477440000000e-03
1.766190280020237e+01	9.950716050000001e-03
1.770802479982376e+01	9.838334280000000e-03
1.773961899988353e+01	9.931667710000000e-03
1.776985030015931e+01	9.908811190000000e-03
1.781677149981260e+01	9.802144020000000e-03
1.786547960015014e+01	9.865000840000001e-03
1.790858480008319e+01	9.727858010000000e-03
1.795591299980879e+01	9.794523939999999e-03
1.801806430006400e+01	9.800239470000000e-03
1.804840630013496e+01	9.664999319999999e-03
1.807988309999928e+01	9.752619080000000e-03
1.811083459993824e+01	9.682143109999999e-03
1.815788980014622e+01	9.718334299999999e-03
1.820575500000268e+01	9.605952540000001e-03
1.826701250020415e+01	9.651666510000000e-03
1.831208219984546e+01	9.552619420000000e-03
1.834250670019537e+01	9.588809679999999e-03
1.837343470007181e+01	9.590714239999999e-03
1.842000850010663e+01	9.501189920000000e-03
1.846695150015876e+01	9.552619420000000e-03
1.851404460007325e+01	9.426904840000000e-03
1.856081689987332e+01	9.499284440000000e-03
1.860909509984776e+01	9.423094800000000e-03
1.864058570005000e+01	9.464999660000001e-03
1.867195260012522e+01	9.442143140000000e-03
1.871709109982476e+01	9.316428559999999e-03
1.876410609995946e+01	9.400238280000001e-03
1.881075240019709e+01	9.289762010000001e-03
1.885682669980451e+01	9.362141600000000e-03
1.890319949993864e+01	9.289762010000001e-03
1.893409400014207e+01	9.280236440000001e-03
1.896400680020452e+01	9.280236440000001e-03
1.901195019995794e+01	9.202141310000000e-03
1.905785530013964e+01	9.261189959999999e-03
1.912302409997210e+01	9.143093600000001e-03
1.916771710012108e+01	9.190713059999999e-03
1.921312800003216e+01	9.122141639999999e-03
1.924455060018227e+01	9.085950440000001e-03
1.927581069990993e+01	9.120237079999999e-03
1.930977379996330e+01	9.017378090000000e-03
1.936882970016450e+01	9.080236780000001e-03
1.941432239999995e+01	8.998331610000000e-03
1.946126070013270e+01	9.028806350000000e-03
1.950809609983116e+01	8.912617340000000e-03
1.953923319978639e+01	9.005949830000000e-03
1.957050999999046e+01	8.962140420000000e-03
1.961678089993075e+01	8.889758960000001e-03
1.966215289989486e+01	8.925950150000000e-03
1.970800390001386e+01	8.813568390000000e-03
1.975363830011338e+01	8.859284219999999e-03
1.978610689984635e+01	8.769758980000000e-03
1.981653220020235e+01	8.866902439999999e-03
1.984695550007746e+01	8.739282379999999e-03
1.987874440010637e+01	8.807853799999999e-03
1.990907910000533e+01	8.712615820000000e-03
1.995594879984856e+01	8.790711870000001e-03
2.001919109979644e+01	8.699282070000000e-03
2.006434640008956e+01	8.712615820000000e-03
2.011230779998004e+01	8.657377210000001e-03
2.014402400003746e+01	8.602138610000001e-03
2.017544850008562e+01	8.653569040000000e-03
2.020575209986418e+01	8.556425570000000e-03
2.026855830010027e+01	8.602138610000001e-03
2.031523380009457e+01	8.503090590000000e-03
2.036077800020576e+01	8.556425570000000e-03
2.040691610006616e+01	8.445949289999999e-03
2.043794339988381e+01	8.539282719999999e-03
2.046901699993759e+01	8.445949289999999e-03
2.051597080007195e+01	8.405947130000001e-03
2.056301040016115e+01	8.445949289999999e-03
2.061030510021374e+01	8.394518869999999e-03
2.067239539977163e+01	8.398328910000001e-03
2.071812730003148e+01	8.396424350000001e-03
2.074941040016711e+01	8.280234410000000e-03
2.078069789987057e+01	8.327852930000001e-03
2.081175509979948e+01	8.276424370000000e-03
2.085744479997084e+01	8.327852930000001e-03
2.092067540017888e+01	8.202137430000001e-03
2.096698370017111e+01	8.238329550000000e-03
2.101238169986755e+01	8.194519210000001e-03
2.104269509995356e+01	8.162138050000000e-03
2.107584480009973e+01	8.167852650000000e-03
2.112051159981638e+01	8.135471490000001e-03
2.116683040000498e+01	8.127853270000001e-03
2.121368990000337e+01	8.082138370000000e-03
2.125919190002605e+01	8.072614670000000e-03
2.130558119993657e+01	7.981184870000000e-03
2.133661510003731e+01	8.072614670000000e-03
2.136868329998106e+01	7.983089420000001e-03
2.141575350007042e+01	7.967851119999999e-03
2.146243089996278e+01	7.983089420000001e-03
2.150871910015121e+01	7.884041410000001e-03
2.155487649980932e+01	7.950708270000001e-03
2.158687969995663e+01	7.826898250000000e-03
2.161676950007677e+01	7.924041709999999e-03
2.164892530022189e+01	7.811659950000000e-03
2.167959709977731e+01	7.851662109999999e-03
2.171103650005534e+01	7.786898410000000e-03
2.175816009985283e+01	7.845946590000000e-03
2.180599919985980e+01	7.720231540000000e-03
2.186669960012659e+01	7.767851930000000e-03
2.191286250017583e+01	7.744993550000000e-03
2.194420609995723e+01	7.661183360000000e-03
2.197567050019279e+01	7.689754940000000e-03
2.200715810013935e+01	7.619278510000000e-03
2.206939420010895e+01	7.655470170000000e-03
2.212190710008144e+01	7.607850250000000e-03
2.216331230010837e+01	7.585136690000000e-03
2.227182980021462e+01	7.537886500000000e-03
2.230213419999927e+01	7.494092450000000e-03
2.233240299997851e+01	7.520215120000000e-03
2.236527599999681e+01	7.422640920000000e-03
2.239313430013135e+01	7.502544670000000e-03
2.242412139987573e+01	7.501391690000000e-03
2.246999840019271e+01	7.439351640000000e-03
2.251794360019267e+01	7.384802210000000e-03
2.256393480021507e+01	7.367707790000000e-03
2.261132080014795e+01	7.377887610000000e-03
2.265792680019513e+01	7.376542780000000e-03
2.268868600018322e+01	7.279736920000000e-03
2.271941829985008e+01	7.289532570000000e-03
2.276592249982059e+01	7.239977830000000e-03
2.281351089989766e+01	7.277816530000000e-03
2.285938009992242e+01	7.218273360000000e-03
2.290644339984283e+01	7.150471210000000e-03
2.295317990006879e+01	7.222499230000000e-03
2.298366090003401e+01	7.117049770000000e-03
2.301488499995321e+01	7.171406410000000e-03
2.306252680020407e+01	7.124156230000000e-03
2.310966029996052e+01	7.139522120000000e-03
2.316943670017645e+01	7.058466320000000e-03
2.321483079995960e+01	7.070951630000000e-03
2.326355540007353e+01	6.969535720000000e-03
2.329345079977065e+01	7.053664890000000e-03
2.332461339980364e+01	6.982596590000000e-03
2.335581090021878e+01	7.032536440000000e-03
2.340230369986966e+01	6.916715300000000e-03
2.343366189999506e+01	6.985862270000000e-03
2.346406139992177e+01	6.890208930000000e-03
2.351118479995057e+01	6.916715300000000e-03
2.355806190008298e+01	6.903846280000000e-03
2.359004680020735e+01	6.852562540000000e-03
2.362049630004913e+01	6.876571570000000e-03
2.366747860005125e+01	6.804351690000000e-03
2.371403140015900e+01	6.787448660000000e-03
2.376105919992551e+01	6.734820550000000e-03
2.380784780019894e+01	6.706777490000000e-03
2.386888199998066e+01	6.697173230000000e-03
2.389954430004582e+01	6.700438450000000e-03
2.393021909985691e+01	6.722142920000000e-03
2.396199769992381e+01	6.642240100000000e-03
2.400874549988657e+01	6.677005440000000e-03
2.407017249986529e+01	6.579047070000000e-03
2.411714559979737e+01	6.613044070000000e-03
2.416392969992012e+01	6.504329850000000e-03
2.419395369989797e+01	6.602288690000000e-03
2.422490919986740e+01	6.582888770000000e-03
2.427159690018743e+01	6.485506890000000e-03
2.431803419999778e+01	6.517775360000000e-03
2.436509499978274e+01	6.423082200000000e-03
2.441185239981860e+01	6.472637880000000e-03
2.445881830016151e+01	6.420201620000000e-03
2.449038660014048e+01	6.408100480000000e-03
2.452115229982883e+01	6.392926910000000e-03
2.456713940016925e+01	6.335688290000000e-03
2.461434570001438e+01	6.371222440000000e-03
2.466138699976727e+01	6.264236760000000e-03
2.470756410015747e+01	6.254056470000000e-03
2.476987079996616e+01	6.264812310000000e-03
2.480125690018758e+01	6.206229790000000e-03
2.483217529999092e+01	6.277681330000000e-03
2.486298249987885e+01	6.178187210000000e-03
2.490821549994871e+01	6.199123340000000e-03
2.495721289981157e+01	6.196817850000000e-03
2.501729629980400e+01	6.174921060000000e-03
2.506398809980601e+01	6.049880290000000e-03
2.509601309988648e+01	6.140732670000000e-03
2.512624040013179e+01	6.129592190000000e-03
2.517252669995651e+01	6.029712500000000e-03
2.520420299982652e+01	5.981309810000000e-03
2.523479720018804e+01	6.079267710000000e-03
2.526590560004115e+01	5.958452820000000e-03
2.531170659977943e+01	6.000709250000000e-03
2.535843349993229e+01	5.964406770000000e-03
2.539041939983144e+01	5.965559740000000e-03
2.542149929981679e+01	5.979197100000000e-03
2.546862260019407e+01	5.870674270000000e-03
2.551342559978366e+01	5.927528720000000e-03
2.556006120005623e+01	5.809018390000000e-03
2.561242710007355e+01	5.877012850000000e-03
2.566977200005203e+01	5.820158870000000e-03
2.570172519981861e+01	5.743328950000000e-03
2.573208050010726e+01	5.821119530000000e-03
2.576282719988376e+01	5.722008650000000e-03
2.580967730004340e+01	5.777517800000000e-03
2.587121240003034e+01	5.642105360000000e-03
2.591810319991782e+01	5.703761240000000e-03
2.596403999999166e+01	5.602922290000000e-03
2.599589180015028e+01	5.686858670000000e-03
2.602694329991937e+01	5.681672600000000e-03
2.605791989993304e+01	5.622897760000000e-03
2.611910310015082e+01	5.628083370000000e-03
2.616583510022610e+01	5.508036820000000e-03
2.621318389987573e+01	5.583330060000000e-03
2.625957019999623e+01	5.479609590000000e-03
2.629000560007989e+01	5.524747070000000e-03
2.632190049998462e+01	5.516103930000000e-03
2.636831820011139e+01	5.422947460000000e-03
2.641544230002910e+01	5.484987980000000e-03
2.646149289980531e+01	5.358026360000000e-03
2.650907550007105e+01	5.412767640000000e-03
2.655488129984587e+01	5.418530200000000e-03
2.658695500018075e+01	5.332287870000000e-03
2.662050019996241e+01	5.388758150000000e-03
2.666418610000983e+01	5.253729410000000e-03
2.671106729982421e+01	5.318842830000000e-03
2.675812380015850e+01	5.213970320000000e-03
2.680576309980825e+01	5.207055250000000e-03
2.686621609982103e+01	5.187079780000000e-03
2.689776339987293e+01	5.209936290000000e-03
2.692890369985253e+01	5.225302190000000e-03
2.696015520021319e+01	5.129072820000000e-03
2.700598970009014e+01	5.118508360000000e-03
2.706778969988227e+01	5.059925370000000e-03
2.711523430002853e+01	5.146935580000000e-03
2.716263809986413e+01	5.019397470000000e-03
2.719399120006710e+01	5.113130440000000e-03
2.722465220000595e+01	5.100453270000000e-03
2.727156399982050e+01	4.977333360000000e-03
2.731791780004278e+01	5.038221370000000e-03
2.736400570021942e+01	4.922207910000000e-03
2.741097710002214e+01	5.005184100000000e-03
2.745681799994782e+01	4.949290310000000e-03
2.748872929997742e+01	4.939110480000000e-03
2.751924020005390e+01	4.949482620000000e-03
2.756599949998781e+01	4.831932490000000e-03
2.761644309991971e+01	4.907802210000000e-03
2.767445329995826e+01	4.777383520000000e-03
2.770636620000005e+01	4.796014630000000e-03
2.775287909992039e+01	4.851332400000000e-03
2.778258780017495e+01	4.725522830000000e-03
2.781376909976825e+01	4.813301380000000e-03
2.786004409985617e+01	4.678272640000000e-03
2.790687250019982e+01	4.716687840000000e-03
2.795461909985170e+01	4.745882940000000e-03
2.798970049992204e+01	4.722065760000000e-03
2.801638319995254e+01	4.723025950000000e-03
2.806297540012747e+01	4.597601020000000e-03
2.809408780001104e+01	4.687300420000000e-03
2.812580179981887e+01	4.676927810000000e-03
2.815723560005426e+01	4.606820640000000e-03
2.820450829993933e+01	4.542283250000000e-03
2.823491419991478e+01	4.608933350000000e-03
2.826565749989823e+01	4.495993260000000e-03
2.831295409984887e+01	4.570710470000000e-03
2.836146359983832e+01	4.457193890000000e-03
2.839143540011719e+01	4.554576710000000e-03
2.842233260022476e+01	4.535752810000000e-03
2.846906410017982e+01	4.410519730000000e-03
2.851590779982507e+01	4.482932390000000e-03
2.856389519991353e+01	4.360388500000000e-03
2.861216989997774e+01	4.443556540000000e-03
2.865731999976560e+01	4.369223960000000e-03
2.868942480022088e+01	4.399379720000000e-03
2.871996970009059e+01	4.389775920000000e-03
2.876705469982699e+01	4.271457440000000e-03
2.881393609987572e+01	4.350208210000000e-03
2.886131389997900e+01	4.217484500000000e-03
2.890787849994376e+01	4.281829580000000e-03
2.895553060015664e+01	4.257820550000000e-03
2.898593690013513e+01	4.212874920000000e-03
2.901593529991806e+01	4.254939030000000e-03
2.906363879982382e+01	4.127401390000000e-03
2.910953509993851e+01	4.215563650000000e-03
2.917191739985719e+01	4.082839940000000e-03
2.921683839987963e+01	4.164279900000000e-03
2.926415240019560e+01	4.066129220000000e-03
2.929584590019658e+01	4.096669140000000e-03
2.932642510021105e+01	4.123943860000000e-03
2.935742140002549e+01	4.045385400000000e-03
2.940372949978337e+01	3.992756830000000e-03
2.943445109995082e+01	4.057677930000000e-03
2.946495079994202e+01	3.954917660000000e-03
2.951105309976265e+01	4.034629090000000e-03
2.955734609998763e+01	3.955301830000000e-03
2.958940260019153e+01	4.001208120000000e-03
2.962586320005357e+01	3.986802420000000e-03
2.966931550018489e+01	3.863106020000000e-03
2.971586799994111e+01	3.946658690000000e-03
2.976250270009041e+01	3.813550810000000e-03
2.980937229981646e+01	3.897487650000000e-03
2.987083119992167e+01	3.886539260000000e-03
2.990324469981715e+01	3.772638510000000e-03
2.993345479993150e+01	3.843130310000000e-03
2.996401060000062e+01	3.727692880000000e-03
3.001030950015411e+01	3.809132850000000e-03
3.005693010007963e+01	3.733647290000000e-03
3.011922910017893e+01	3.770910200000000e-03
3.016615010006353e+01	3.710790770000000e-03
3.019686869997531e+01	3.673528090000000e-03
3.022804319998249e+01	3.719817850000000e-03
3.025907339993864e+01	3.600347320000000e-03
3.032092719990760e+01	3.685628760000000e-03
3.036799299996346e+01	3.556938610000000e-03
3.041402539983392e+01	3.634536640000000e-03
3.046090209996328e+01	3.522941140000000e-03
3.049188769981265e+01	3.615521360000000e-03
3.052304460015148e+01	3.603996940000000e-03
3.056906769983470e+01	3.470504660000000e-03
3.061967029981315e+01	3.547526900000000e-03
3.074255480011925e+01	3.411729820000000e-03
3.077362089976668e+01	3.477419490000000e-03
3.080456259986386e+01	3.415187120000000e-03
3.083472110005096e+01	3.428440540000000e-03
3.086573860002682e+01	3.343351190000000e-03
3.091162460017949e+01	3.433242210000000e-03
3.095807640021667e+01	3.302823050000000e-03
3.102118919976056e+01	3.348921430000000e-03
3.106820969982073e+01	3.365631680000000e-03
3.109932840010151e+01	3.254228270000000e-03
3.113213100004941e+01	3.340469670000000e-03
3.116258839983493e+01	3.218502270000000e-03
3.120884339977056e+01	3.295716130000000e-03
3.127025090018287e+01	3.177782520000000e-03
3.131777019985020e+01	3.266520800000000e-03
3.136291310004890e+01	3.160111610000000e-03
3.139416289981455e+01	3.200446950000000e-03
3.142489210003987e+01	3.177397880000000e-03
3.147090250020847e+01	3.094997960000000e-03
3.151744939992204e+01	3.187386320000000e-03
3.156304580019787e+01	3.058888020000000e-03
3.161032960005105e+01	3.129379360000000e-03
3.167325850017369e+01	3.102104880000000e-03
3.170391710009426e+01	3.043330040000000e-03
3.173499639984220e+01	3.048323560000000e-03
3.176591010019183e+01	2.975719520000000e-03
3.181274439999834e+01	3.012405710000000e-03
3.185885060019791e+01	2.938072430000000e-03
3.190588279999793e+01	2.996271240000000e-03
3.195225779991597e+01	3.002610060000000e-03
3.198380080005154e+01	2.932886590000000e-03
3.201426290022209e+01	2.960161310000000e-03
3.205974610010162e+01	2.857017100000000e-03
3.210677779978141e+01	2.933846790000000e-03
3.217002689978108e+01	2.819754650000000e-03
3.221621000021696e+01	2.856248520000000e-03
3.226311179995537e+01	2.814568350000000e-03
3.229464309988543e+01	2.825900910000000e-03
3.232580399978906e+01	2.863931470000000e-03
3.235641920007765e+01	2.768278120000000e-03
3.240358040016145e+01	2.766933520000000e-03
3.243487419979647e+01	2.763668540000000e-03
3.246587829990312e+01	2.704125130000000e-03
3.251182059990242e+01	2.785565100000000e-03
3.255873870011419e+01	2.667630790000000e-03
3.258913959981874e+01	2.765397310000000e-03
3.262630529981107e+01	2.684725450000000e-03
3.266807489981875e+01	2.622685160000000e-03
3.271406710008159e+01	2.706622010000000e-03
3.276106039993465e+01	2.583502090000000e-03
3.280691550020128e+01	2.666286660000000e-03
3.286854120017961e+01	2.658987650000000e-03
3.289880790002644e+01	2.540669170000000e-03
3.293014340009540e+01	2.634593750000000e-03
3.296113769989461e+01	2.510321330000000e-03
3.300800629984587e+01	2.605206330000000e-03
3.305596040003002e+01	2.508785110000000e-03
3.311962659982964e+01	2.540669170000000e-03
3.316578069981188e+01	2.522806400000000e-03
3.319677540007979e+01	2.440021840000000e-03
3.322774099977687e+01	2.489769370000000e-03
3.325782930012792e+01	2.408713570000000e-03
3.331816679984331e+01	2.484583300000000e-03
3.336487139994279e+01	2.395460380000000e-03
3.341143209999427e+01	2.420046130000000e-03
3.345845879986882e+01	2.331115310000000e-03
3.348942480003461e+01	2.429073910000000e-03
3.352009750017896e+01	2.411786930000000e-03
3.356593080004677e+01	2.291932000000000e-03
3.361349229980260e+01	2.351667500000000e-03
3.365972919994965e+01	2.264849380000000e-03
3.370588070014492e+01	2.330923220000000e-03
3.375185440015048e+01	2.314020880000000e-03
3.378361529996619e+01	2.267730420000000e-03
3.381493340013549e+01	2.266002120000000e-03
3.386169870011508e+01	2.184370070000000e-03
3.390813119988889e+01	2.266578140000000e-03
3.395532019995153e+01	2.177839400000000e-03
3.401690910011530e+01	2.191476520000000e-03
3.406394180003554e+01	2.174381870000000e-03
3.409400579985231e+01	2.154598250000000e-03
3.412674129987136e+01	2.168043520000000e-03
3.415732769994065e+01	2.084490840000000e-03
3.421989190019667e+01	2.108884510000000e-03
3.426690910011530e+01	2.049917120000000e-03
3.431445720000193e+01	2.129244390000000e-03
3.435917499987409e+01	2.016112210000000e-03
3.439034829987213e+01	2.103122180000000e-03
3.442181190010160e+01	2.063362390000000e-03
3.446694559976459e+01	1.977889100000000e-03
3.451300769997761e+01	2.033398950000000e-03
3.455876810010523e+01	1.958874050000000e-03
3.460593710001558e+01	2.026484120000000e-03
3.466659810021520e+01	2.014191360000000e-03
3.469847619999200e+01	1.900291190000000e-03
3.472994770016521e+01	1.985188110000000e-03
3.476176219992340e+01	1.881083470000000e-03
3.480802349979058e+01	1.971934690000000e-03
3.486927520018071e+01	1.890302870000000e-03
3.491594099998474e+01	1.920074810000000e-03
3.496208560001105e+01	1.854192930000000e-03
3.499266600003466e+01	1.857074090000000e-03
3.502384719997644e+01	1.842092260000000e-03
3.507223589997739e+01	1.784277610000000e-03
3.512241799989715e+01	1.825957910000000e-03
3.516529309982434e+01	1.761036460000000e-03
3.521319320006296e+01	1.788695340000000e-03
3.525857549998909e+01	1.731841010000000e-03
3.528921670001000e+01	1.810207730000000e-03
3.532118720002472e+01	1.789271480000000e-03
3.536806649994105e+01	1.688047890000000e-03
3.541328339977190e+01	1.723774010000000e-03
3.545889370003715e+01	1.663654460000000e-03
3.550558400014415e+01	1.734914490000000e-03
3.555230760015547e+01	1.683438310000000e-03
3.558414229983464e+01	1.693042110000000e-03
3.561491379979998e+01	1.657124030000000e-03
3.566194690018892e+01	1.590089870000000e-03
3.570920919999480e+01	1.666535620000000e-03
3.575583419995382e+01	1.564543690000000e-03
3.580275369994342e+01	1.605263680000000e-03
3.583463759999722e+01	1.557437000000000e-03
3.586487379996106e+01	1.618324900000000e-03
3.589582489989698e+01	1.520750580000000e-03
3.592594210011885e+01	1.558205350000000e-03
3.595672360016033e+01	1.497125370000000e-03
3.600342520000413e+01	1.557628970000000e-03
3.603485429985449e+01	1.490402730000000e-03
3.606681969994679e+01	1.485408870000000e-03
3.611270100018010e+01	1.513451800000000e-03
3.616047309990972e+01	1.461783660000000e-03
3.618979279976338e+01	1.522479350000000e-03
3.622010269993916e+01	1.471579540000000e-03
3.626691689994186e+01	1.450259120000000e-03
3.631412809994072e+01	1.480222910000000e-03
3.636023260001093e+01	1.399167110000000e-03
3.640691839996725e+01	1.474460590000000e-03
3.646960530010983e+01	1.442192010000000e-03
3.649943650001660e+01	1.351340440000000e-03
3.653053729981184e+01	1.403776930000000e-03
3.656105880020186e+01	1.331556820000000e-03
3.660873480001464e+01	1.357486700000000e-03
3.667113390006125e+01	1.359215470000000e-03
3.671783669991419e+01	1.356718600000000e-03
3.676309930020943e+01	1.337703080000000e-03
3.679481069976464e+01	1.267211630000000e-03
3.682591560017318e+01	1.284498260000000e-03
3.685686030006036e+01	1.237247950000000e-03
3.690325279999524e+01	1.301208980000000e-03
3.693422919977456e+01	1.234366790000000e-03
3.696405320009217e+01	1.228796550000000e-03
3.701146350009367e+01	1.212278030000000e-03
3.705772939976305e+01	1.185579810000000e-03
3.708830639999360e+01	1.278351880000000e-03
3.712043720018119e+01	1.225531330000000e-03
3.716666419990361e+01	1.164835530000000e-03
3.721266230009496e+01	1.187884600000000e-03
3.725897369999439e+01	1.162146570000000e-03
3.730588999995962e+01	1.224186740000000e-03
3.735210830019787e+01	1.149853690000000e-03
3.738307699980214e+01	1.175015580000000e-03
3.741474850010127e+01	1.092423340000000e-03
3.746009320020676e+01	1.100490450000000e-03
3.750925560016185e+01	1.142170750000000e-03
3.755364600010216e+01	1.075136480000000e-03
3.758457629987970e+01	1.141594370000000e-03
3.761647849995643e+01	1.081282860000000e-03
3.766373030003160e+01	1.113551670000000e-03
3.769426190014929e+01	1.029038570000000e-03
3.772618639981374e+01	1.087621440000000e-03
3.775692019984126e+01	9.994589490000001e-04
3.781838760012761e+01	1.029999000000000e-03
3.786499480018392e+01	1.001187600000000e-03
3.791180389979854e+01	1.042867890000000e-03
3.795868369983509e+01	9.618123290000000e-04
3.798941900022328e+01	1.027117830000000e-03
3.802123290020972e+01	9.789068720000001e-04
3.806694479985163e+01	9.445255270000000e-04
3.812194290012121e+01	9.641171780000000e-04
3.816176200006157e+01	9.779465620000001e-04
3.820804420020431e+01	9.168665859999999e-04
3.827009159978479e+01	9.470224030000000e-04
3.830024679983035e+01	9.028452330000000e-04
3.833202609978616e+01	8.982353610000000e-04
3.836207380006090e+01	8.849823500000000e-04
3.840802720002830e+01	8.694242570000000e-04
3.847130940016359e+01	8.746102100000000e-04
3.851796759990975e+01	8.838296640000000e-04
3.856405879976228e+01	9.053422840000000e-04
3.859475649986416e+01	8.023900450000000e-04
3.862581750005484e+01	8.212132960000000e-04
3.865731969987974e+01	7.849112150000000e-04
3.870315659977496e+01	8.592441450000000e-04
3.873443489987403e+01	7.703134910000000e-04
3.876409219997004e+01	8.081523120000000e-04
3.881039759982377e+01	7.760757580000000e-04
3.885721699986607e+01	7.434228900000000e-04
3.888788940012455e+01	8.323535440000000e-04
3.891885520005599e+01	7.899051420000000e-04
3.896488079987466e+01	7.872160060000000e-04
3.901194299990311e+01	7.311300140000000e-04
3.905803909990937e+01	7.464960800000000e-04
3.910580770019442e+01	7.929782729999999e-04
3.916902989987284e+01	7.541790840000000e-04
3.919786670012400e+01	6.756203370000000e-04
3.922958749998361e+01	6.725472050000000e-04
3.926153500005603e+01	6.948279330000000e-04
3.930766650009900e+01	7.416941810000000e-04
3.935520920017734e+01	6.339400420000000e-04
3.941804589983076e+01	6.429677009999999e-04
3.946387200010940e+01	6.901841840000000e-04
3.957331039989367e+01	6.039454600000001e-04
3.960536159994081e+01	6.891288210000000e-04
3.963786880020052e+01	5.865403800000000e-04
3.966765350010246e+01	6.151522980000000e-04
3.971403279993683e+01	5.855233760000000e-04
3.976109440019354e+01	5.973826050000000e-04
3.980787649983540e+01	6.355318470000000e-04
3.986902640014887e+01	5.885361460000000e-04
3.991590420017019e+01	5.230606770000000e-04
3.994702260009944e+01	6.161117930000000e-04
3.997905580000952e+01	5.614210390000001e-04
4.000804489990696e+01	5.210073430000000e-04
4.007058450020850e+01	5.698836760000000e-04
4.011695200018585e+01	5.126598410000001e-04
4.016507539991289e+01	5.442653200000000e-04
4.020986909978092e+01	5.148474010000000e-04
4.024159239977598e+01	5.386619010000000e-04
4.027280189981684e+01	5.169199430000000e-04
4.030866979993880e+01	4.984593830000000e-04
4.036614160006866e+01	4.980756780000000e-04
4.041356129990891e+01	4.321972080000000e-04
4.046155449980870e+01	4.943144160000000e-04
4.050792279979214e+01	5.021438120000000e-04
4.053802789980546e+01	4.357856810000000e-04
4.056931990012527e+01	4.656641100000000e-04
4.061561529990286e+01	4.108006250000000e-04
4.066460639983416e+01	4.511758450000000e-04
4.071087050018832e+01	3.998049070000000e-04
4.075797840021551e+01	4.399882750000000e-04
4.082039379980415e+01	4.281289580000000e-04
4.085163130005822e+01	3.883486210000000e-04
4.088297390006483e+01	4.544381230000000e-04
4.091407530009747e+01	3.995170700000000e-04
4.096105259982869e+01	3.947388030000000e-04
4.100785699998960e+01	4.213550130000000e-04
4.107082059979439e+01	4.215852530000000e-04
4.111865899991244e+01	3.578944890000000e-04
4.114964850014076e+01	3.693699550000000e-04
4.118167479988188e+01	3.943166230000000e-04
4.121292079985142e+01	3.192847070000000e-04
4.125861799996346e+01	3.493550470000000e-04
4.130520369997248e+01	3.939136800000000e-04
4.136695009982213e+01	3.529435200000000e-04
4.141344950022176e+01	2.853572370000000e-04
4.144505300000310e+01	3.747431040000000e-04
4.147593630012125e+01	3.293784980000000e-04
4.150579780014232e+01	3.632676380000000e-04
4.155293639982119e+01	2.682783230000000e-04
4.158408540021628e+01	3.554381840000000e-04
4.162787659978494e+01	2.635768320000000e-04
4.166432480001822e+01	3.112825800000000e-04
4.171076379995793e+01	2.720587360000000e-04
4.174240009998903e+01	3.241205120000000e-04
4.177521670004353e+01	3.159648620000000e-04
4.180589130008593e+01	3.208198760000000e-04
4.186793590011075e+01	2.765491370000000e-04
4.191341050015762e+01	2.531952050000000e-04
4.196003289986402e+01	2.733636360000000e-04
4.200595750007778e+01	2.918817340000000e-04
4.203676139982417e+01	2.062954450000000e-04
4.206783680012450e+01	2.516600070000000e-04
4.211813909979537e+01	1.896771140000000e-04
4.216189990006387e+01	2.351952130000000e-04
4.220945600001141e+01	1.890438580000000e-04
4.227020320016891e+01	2.436579090000000e-04
4.231590980011970e+01	1.682421720000000e-04
4.234695139992982e+01	2.443295380000000e-04
4.237835010001436e+01	2.168498180000000e-04
4.240943499980494e+01	1.524490070000000e-04
4.247116799978539e+01	2.067751780000000e-04
4.251689569978043e+01	1.799479210000000e-04
4.256314500002190e+01	2.054702930000000e-04
4.261368559999391e+01	1.396302540000000e-04
4.265577050019056e+01	1.325492340000000e-04
4.270281830010936e+01	2.131461950000000e-04
4.273344160011038e+01	1.303999600000000e-04
4.276416889997199e+01	2.006536670000000e-04
4.281159349996597e+01	1.298818530000000e-04
4.285927530005574e+01	1.740566660000000e-04
4.290593180013821e+01	1.895619790000000e-04
4.293677339982241e+01	1.116516000000000e-04
4.296871169982478e+01	1.502613600000000e-04
4.301546540018171e+01	1.159117160000000e-04
4.306126049999148e+01	1.393615970000000e-04
4.311527060018852e+01	9.512920220000001e-05
4.317258299980313e+01	1.453104200000000e-04
4.321694390010089e+01	8.887335570000000e-05
4.324786429991946e+01	1.398797030000000e-04
4.327807810017839e+01	1.216110760000000e-04
4.330904139997438e+01	1.137048820000000e-04
4.335591620020568e+01	7.469212140000001e-05
4.340321849985048e+01	1.454831070000000e-04
4.343397310003638e+01	7.568999720000000e-05
4.346489460021257e+01	1.362912150000000e-04
4.351091750012711e+01	9.250022410000000e-05
4.354161459999159e+01	1.253338850000000e-04
4.357255569985136e+01	9.582003260000000e-05
4.360417219996452e+01	1.300545550000000e-04
4.363421710021794e+01	6.498210860000000e-05
4.366407970013097e+01	8.551515200000000e-05
4.371087629999965e+01	8.371130390000000e-05
4.375696650007740e+01	5.387124110000000e-05
4.380398180009797e+01	1.134554260000000e-04
4.383490400016308e+01	5.241282630000000e-05
4.386500199977309e+01	7.167932930000000e-05
4.391199930012226e+01	7.260044370000000e-05
4.395867339987308e+01	6.632539590000000e-05
4.400596089987084e+01	9.000553840000000e-05
4.406789429998025e+01	6.254501200000000e-05
4.411898940009996e+01	4.821027320000000e-05
4.416361870011315e+01	4.586911380000000e-05
4.421045190002769e+01	4.439151600000000e-05
4.425691899983212e+01	3.257062420000000e-05
4.430294460011646e+01	7.327208730000001e-05
4.433403370017186e+01	3.621667930000000e-05
4.436591000016779e+01	4.686698590000000e-05
4.441284490004182e+01	3.790537810000000e-05
4.444353129994124e+01	6.540428150000000e-05
4.447484369995072e+01	5.333394070000000e-05
4.450587789993733e+01	5.970493290000000e-05
4.455277490010485e+01	5.007848450000000e-05
4.467872950015590e+01	2.319931260000000e-05
4.470897890022025e+01	3.319135070000000e-05
4.475502250017598e+01	2.105528070000000e-05
4.478590730018914e+01	4.210175760000000e-05
4.481600609980524e+01	2.191596830000000e-05
4.486333630001172e+01	2.014080200000000e-05
4.490906869992614e+01	2.843259610000000e-05
4.495582230016589e+01	1.728017200000000e-05
4.501742500020191e+01	2.041361040000000e-05
4.506300910003483e+01	3.377922990000000e-05
4.509523489978164e+01	1.508811150000000e-05
4.512516900012270e+01	1.757219070000000e-05
4.517234659986570e+01	2.643457260000000e-05
4.521892370004207e+01	1.679411620000000e-05
4.526486360002309e+01	2.067104650000000e-05
4.531151509983465e+01	1.773741130000000e-05
4.535815260000527e+01	9.991233130000000e-06
4.538901259982958e+01	1.792376500000000e-05
4.542425529984757e+01	1.415826230000000e-05
4.546667880006135e+01	1.293831700000000e-05
4.551299980003387e+01	1.296905430000000e-05
4.555886399978772e+01	1.322841310000000e-05
4.560757560003549e+01	1.608520140000000e-05
4.566764019988477e+01	1.540318230000000e-05
4.569852029997855e+01	7.701191860000001e-06
4.573008030001074e+01	1.305742900000000e-05
4.576110500004143e+01	1.057334880000000e-05
4.580872920015827e+01	1.003542000000000e-05
4.586887749982998e+01	1.501894890000000e-05
4.591512389993295e+01	1.410831190000000e-05
4.596148629998788e+01	1.737046660000000e-05
4.599587580002844e+01	8.704045290000000e-06
4.602277049981058e+01	1.117467670000000e-05
4.606927900016308e+01	1.135142520000000e-05
4.611536129983142e+01	1.205649550000000e-05
4.616343190008774e+01	2.208119080000000e-05
4.620953430002555e+01	1.297097610000000e-05
4.626937919994816e+01	1.638682620000000e-05
4.630053809983656e+01	1.766440620000000e-05
4.633167489990592e+01	1.344550670000000e-05
4.636215020017698e+01	1.711495320000000e-05
4.640931600006297e+01	1.528022590000000e-05
4.647185679990798e+01	2.510127890000000e-05
4.651835130015388e+01	1.731475460000000e-05
4.656411619996652e+01	3.006175210000000e-05
4.659624319989234e+01	1.215255450000000e-05
4.662844379991293e+01	1.775278180000000e-05
4.665853600017726e+01	2.585437690000000e-05
4.670474970014766e+01	3.634591850000000e-05
4.673609990021214e+01	1.567983050000000e-05
4.676687220018357e+01	3.271489550000000e-05
4.681461590016261e+01	2.306483110000000e-05
4.686226540012285e+01	4.372323380000000e-05
4.689646739978343e+01	1.856351630000000e-05
4.692658849991858e+01	2.981392030000000e-05
4.695593099994585e+01	1.966627310000000e-05
4.700260119978338e+01	4.824759890000000e-05
4.703403319977224e+01	2.344138190000000e-05
4.706481949985027e+01	4.381737020000000e-05
4.711213620007038e+01	2.868427150000000e-05
4.715802269987762e+01	3.353523790000000e-05
4.718923830008134e+01	3.616724640000000e-05
4.722088679997250e+01	2.486113040000000e-05
4.726806400017813e+01	4.425347650000000e-05
4.731563240010291e+01	3.527390440000000e-05
4.736113080009818e+01	5.057030280000000e-05
4.740694899996743e+01	4.711026490000000e-05
4.746938209980726e+01	4.046491810000000e-05
4.749977729981765e+01	4.894306400000000e-05
4.753135649999604e+01	3.301844120000000e-05
4.756217820011079e+01	5.197660360000000e-05
4.761059950012714e+01	3.318174280000000e-05
4.767032570019364e+01	5.618781510000000e-05
4.771690799994394e+01	4.318146240000000e-05
4.776311539998278e+01	6.467173080000000e-05
4.779374129977077e+01	3.413848750000000e-05
4.782471559988335e+01	3.679163270000000e-05
4.787121450016275e+01	6.334995850000000e-05
4.791791999991983e+01	4.493357480000000e-05
4.796413630014285e+01	6.296765060000000e-05
4.801005200017244e+01	4.055521280000000e-05
4.806002679979429e+01	6.266218410000001e-05
4.808900769986212e+01	5.090458580000000e-05
4.812210719985887e+01	4.297205310000000e-05
4.816857559978962e+01	6.472936370000000e-05
4.821473030000925e+01	4.937341150000000e-05
4.826235650014132e+01	6.961683540000000e-05
4.830824990011752e+01	5.174221590000000e-05
4.835543090011925e+01	5.853549740000000e-05
4.838684020005167e+01	6.580714400000000e-05
4.841817789990455e+01	4.991325840000000e-05
4.846384679991752e+01	7.226998420000000e-05
4.850966179976240e+01	5.488333770000000e-05
4.855725059984252e+01	6.886181649999999e-05
4.862013779999688e+01	5.807825800000000e-05
4.866421170020476e+01	8.205836640000000e-05
4.869562479993328e+01	6.939590090000000e-05
4.872687789984047e+01	6.130775000000000e-05
4.875792479980737e+01	7.909975830000000e-05
4.880532380007207e+01	1.761099700000000e-04
4.894387459987774e+01	1.934958850000000e-04
4.897463029995561e+01	1.591462350000000e-04
4.900590889994055e+01	1.776835120000000e-04
4.906861549988389e+01	2.312037400000000e-04
4.911638730019331e+01	1.443509100000000e-04
4.916203199978918e+01	2.412783510000000e-04
4.920810580020770e+01	1.682037840000000e-04
4.926889899978414e+01	1.679926940000000e-04
4.930032669985667e+01	2.570523650000000e-04
4.933157829986885e+01	1.677816040000000e-04
4.936206860002130e+01	2.659563910000000e-04
4.940869589988142e+01	1.802741320000000e-04
4.947026289999485e+01	2.775853790000000e-04
4.951962810009718e+01	1.880651690000000e-04
4.956307059992105e+01	2.714254660000000e-04
4.959430360002443e+01	2.327773110000000e-04
4.969421989982948e+01	2.457303930000000e-04
4.971906130015850e+01	2.158903080000000e-04
4.976587559981272e+01	3.164637890000000e-04
4.981192710017785e+01	2.613124670000000e-04
4.985815340001136e+01	3.225661350000000e-04
4.988953620009124e+01	2.341589720000000e-04
4.992094979993999e+01	2.389180150000000e-04
4.996798839978874e+01	3.330821350000000e-04
5.001487490022555e+01	2.678753520000000e-04
5.006215459993109e+01	3.559563190000000e-04
5.010926970001310e+01	2.883124400000000e-04
5.017251850012690e+01	2.896365480000000e-04
5.020285669993609e+01	3.514275010000000e-04
5.023467099992558e+01	3.314318310000000e-04
5.026471020001918e+01	3.866215700000000e-04
5.031148299993947e+01	3.051418750000000e-04
5.035692089982331e+01	3.835319950000000e-04
5.040366070019081e+01	3.691588640000000e-04
5.043365069990978e+01	3.571076960000000e-04
5.046417920012027e+01	3.722100520000000e-04
5.049487050017342e+01	3.764893630000000e-04
5.052635620022193e+01	3.237751080000000e-04
5.055694339983165e+01	4.151567410000000e-04
5.060441880021244e+01	3.831482030000000e-04
5.063957640016451e+01	4.400458420000000e-04
5.068197729997337e+01	4.279754360000000e-04
5.071262839995325e+01	3.652825540000000e-04
5.075925110001117e+01	4.600223620000000e-04
5.079060500022024e+01	3.667985150000000e-04
5.082192410016432e+01	3.914381960000000e-04
5.086947649996728e+01	4.791736720000000e-04
5.091619729995728e+01	3.877729180000000e-04
5.096416509989649e+01	4.945831020000000e-04
5.101009619981050e+01	4.845277000000000e-04
5.107438230002299e+01	4.666044260000000e-04
5.110506469989195e+01	4.546300330000000e-04
5.113916569994763e+01	5.242120820000000e-04
5.116945410007611e+01	5.288560060000001e-04
5.121498219994828e+01	4.620180410000000e-04
5.126294150017202e+01	5.461267430000000e-04
5.130899580009282e+01	4.651267950000000e-04
5.136989420000464e+01	4.616726660000000e-04
5.140188199980184e+01	5.479882240000000e-04
5.143320639990270e+01	5.142909940000000e-04
5.146386010013521e+01	5.799390490000000e-04
5.150979669997469e+01	4.881161440000000e-04
5.155579019989818e+01	5.716874730000000e-04
5.160630579991266e+01	5.168048080000000e-04
5.163487190008163e+01	5.834508340000000e-04
5.166583730001003e+01	5.322141810000000e-04
5.169765939982608e+01	6.203335360000000e-04
5.172964099980891e+01	5.280692130000000e-04
5.176161650009453e+01	6.324614510000000e-04
5.180959209986031e+01	5.800350920000000e-04
5.185758290020749e+01	6.528600930000000e-04
5.190454250015318e+01	5.954444060000000e-04
5.193654280016199e+01	6.617642360000000e-04
5.196650569979101e+01	5.789604620000000e-04
5.199850489990786e+01	6.817982650000000e-04
5.203046659985557e+01	6.479283910000000e-04
5.206245499989018e+01	6.935999260000000e-04
5.210979739995673e+01	6.237876950000000e-04
5.217038880009204e+01	7.135765630000000e-04
5.221637389995158e+01	6.907790670000000e-04
5.226434359978884e+01	6.682311070000000e-04
5.229532299982384e+01	7.175871290000000e-04
5.232745670014992e+01	6.529176610000000e-04
5.235880800010636e+01	7.185467400000000e-04
5.240621070005000e+01	6.679049690000000e-04
5.246949120005593e+01	7.717406840000000e-04
5.251630089990795e+01	7.090285070000000e-04
5.256227379990742e+01	7.602268020000000e-04
5.259325650008395e+01	7.516489710000000e-04
5.262546119978651e+01	7.504399980000000e-04
5.267056970018893e+01	8.163185560000000e-04
5.271864609979093e+01	7.654656070000000e-04
5.276482939999551e+01	8.323611110000000e-04
5.281203619996086e+01	8.085658190000000e-04
5.285863769985735e+01	9.003481250000000e-04
5.298217929992825e+01	8.578997220000000e-04
5.301311310008168e+01	8.530978230000000e-04
5.304429769981652e+01	8.360030480000000e-04
5.307546090008691e+01	9.082232140000000e-04
5.310725370002910e+01	8.156430560000000e-04
5.316971000004560e+01	9.312722830000000e-04
5.321586860017851e+01	8.859427180000000e-04
5.326210269983858e+01	9.203240620000000e-04
5.329194229980931e+01	8.940097760000000e-04
5.332626549992710e+01	8.867108260000000e-04
5.336996710021049e+01	9.764100540000000e-04
5.341699789976701e+01	9.347297020000000e-04
5.346310430020094e+01	9.990747789999999e-04
5.351012750016525e+01	9.533609850000000e-04
5.355644519999623e+01	1.021931650000000e-03
5.358689959999174e+01	9.262783570000000e-04
5.362206140020862e+01	1.005989500000000e-03
5.366560810012743e+01	1.042867890000000e-03
5.371149569982663e+01	9.758337400000000e-04
5.375897150021046e+01	1.066877390000000e-03
5.380631349980831e+01	9.840930580000001e-04
5.386692789988592e+01	9.944649650000001e-04
5.389793520001695e+01	1.109517880000000e-03
5.392879420006648e+01	1.058810040000000e-03
5.395985470013693e+01	1.120081990000000e-03
5.400692539988086e+01	1.027309800000000e-03
5.406787660019472e+01	1.150045780000000e-03
5.411486920015886e+01	1.088773830000000e-03
5.416303180018440e+01	1.116048430000000e-03
5.419493270013481e+01	1.169061290000000e-03
5.422590970015153e+01	1.151006200000000e-03
5.427200709981844e+01	1.199601100000000e-03
5.432170390011743e+01	1.155423930000000e-03
5.436426449986175e+01	1.224378940000000e-03
5.441164629999548e+01	1.187884600000000e-03
5.445999229978770e+01	1.238016300000000e-03
5.449134510010481e+01	1.193646810000000e-03
5.451990409987047e+01	1.193262750000000e-03
5.456682039983571e+01	1.277391570000000e-03
5.461428820015863e+01	1.244354640000000e-03
5.466542539978400e+01	1.306971190000000e-03
5.470808239979669e+01	1.266635370000000e-03
5.476999909989536e+01	1.248388200000000e-03
5.480112189985812e+01	1.316574750000000e-03
5.483302470017225e+01	1.324065730000000e-03
5.486414689989761e+01	1.358447130000000e-03
5.491011889977381e+01	1.291797260000000e-03
5.495655329991132e+01	1.394557420000000e-03
5.500374509999529e+01	1.329444000000000e-03
5.503520369995385e+01	1.409539250000000e-03
5.506592189986259e+01	1.319263950000000e-03
5.509792050020769e+01	1.430667470000000e-03
5.513194529991597e+01	1.429322870000000e-03
5.517610049992800e+01	1.436813850000000e-03
5.520748890005052e+01	1.357294740000000e-03
5.526894940016791e+01	1.466969610000000e-03
5.531549570010975e+01	1.413764780000000e-03
5.536302339984104e+01	1.439695010000000e-03
5.539383220020682e+01	1.499238190000000e-03
5.542435840005055e+01	1.485024810000000e-03
5.547155700018629e+01	1.535732530000000e-03
5.551769230002537e+01	1.491747450000000e-03
5.556301480019465e+01	1.564927980000000e-03
5.560987809998915e+01	1.527473210000000e-03
5.567277469998226e+01	1.561662530000000e-03
5.570364170009270e+01	1.529009900000000e-03
5.573576819989830e+01	1.620053310000000e-03
5.576642639981583e+01	1.615443730000000e-03
5.581352270022035e+01	1.600269690000000e-03
5.585949729988351e+01	1.644254890000000e-03
5.590591689990833e+01	1.563391300000000e-03
5.596787199983373e+01	1.586440370000000e-03
5.599880619999021e+01	1.689200640000000e-03
5.602998059988022e+01	1.686319480000000e-03
5.606051019998267e+01	1.700340890000000e-03
5.610690149990842e+01	1.625815640000000e-03
5.616925180004910e+01	1.729728300000000e-03
5.621407990017906e+01	1.733569780000000e-03
5.626108539989218e+01	1.732417380000000e-03
5.629169290000573e+01	1.742597200000000e-03
5.632385180005804e+01	1.737795540000000e-03
5.635531699983403e+01	1.811552210000000e-03
5.640105090010911e+01	1.781588650000000e-03
5.643297250010073e+01	1.811360130000000e-03
5.646409260015935e+01	1.830375750000000e-03
5.651007329998538e+01	1.788119090000000e-03
5.655838350020349e+01	1.867638200000000e-03
5.658871569996700e+01	1.793689330000000e-03
5.661947830021381e+01	1.871671760000000e-03
5.666552929999307e+01	1.898754500000000e-03
5.671301469998434e+01	1.884540660000000e-03
5.675942189991474e+01	1.930446710000000e-03
5.680592969991267e+01	1.852080110000000e-03
5.686692060017958e+01	1.873592500000000e-03
5.689863999979571e+01	1.978657670000000e-03
5.692895369976759e+01	1.941203140000000e-03
5.695947259990498e+01	1.989029580000000e-03
5.700592119991779e+01	1.917577470000000e-03
5.706744020013139e+01	1.989798150000000e-03
5.711326149990782e+01	2.020721790000000e-03
5.716118689998984e+01	2.021682450000000e-03
5.719391900021583e+01	2.082569990000000e-03
5.722438029991463e+01	2.083338560000000e-03
5.727199239982292e+01	2.088716490000000e-03
5.731797959981486e+01	2.054335320000000e-03
5.736418360006064e+01	2.120985180000000e-03
5.741188669996336e+01	2.130396900000000e-03
5.745693089999259e+01	2.174958350000000e-03
5.748816320020705e+01	2.095439240000000e-03
5.751880219997838e+01	2.155942840000000e-03
5.756487490003929e+01	2.182833380000000e-03
5.761227890010923e+01	2.213373550000000e-03
5.766004960006103e+01	2.216638530000000e-03
5.770592430001125e+01	2.158823660000000e-03
5.775275939982384e+01	2.265809570000000e-03
5.778350239992142e+01	2.196086800000000e-03
5.781515169981867e+01	2.295005370000000e-03
5.786208300013095e+01	2.260047710000000e-03
5.790904079983011e+01	2.276950050000000e-03
5.795615170011297e+01	2.354740400000000e-03
5.800348439998925e+01	2.274261090000000e-03
5.803468280006200e+01	2.384128280000000e-03
5.806510900007561e+01	2.287322420000000e-03
5.809594330005348e+01	2.406792950000000e-03
5.813262159982696e+01	2.405064180000000e-03
5.817392730014399e+01	2.384512450000000e-03
5.820588279981166e+01	2.339566820000000e-03
5.826699570007622e+01	2.391234740000000e-03
5.831286979978904e+01	2.438100990000000e-03
5.835944750020280e+01	2.462110710000000e-03
5.839064370002598e+01	2.465567780000000e-03
5.842132169986144e+01	2.522422230000000e-03
5.846699219988659e+01	2.499949420000000e-03
5.851359459990636e+01	2.508976960000000e-03
5.855992439994588e+01	2.535867500000000e-03
5.860705119976774e+01	2.496683970000000e-03
5.867071139998734e+01	2.572553470000000e-03
5.870152710005641e+01	2.554882780000000e-03
5.873212279984728e+01	2.622685160000000e-03
5.876310699991882e+01	2.606935100000000e-03
5.881004100013524e+01	2.657834910000000e-03
5.885742310015485e+01	2.673777520000000e-03
5.890439169993624e+01	2.597523390000000e-03
5.893483729986474e+01	2.720067280000000e-03
5.896578160021454e+01	2.623261880000000e-03
5.900056649977341e+01	2.679347290000000e-03
5.902916490007192e+01	2.749839330000000e-03
5.905953089985996e+01	2.690103840000000e-03
5.910618040012196e+01	2.679347290000000e-03
5.916914860019460e+01	2.758482470000000e-03
5.921486240020022e+01	2.824748170000000e-03
5.926150570018217e+01	2.762516030000000e-03
5.929195800004527e+01	2.834928220000000e-03
5.932566819991916e+01	2.831086520000000e-03
5.935638169990852e+01	2.874879860000000e-03
5.940266459994018e+01	2.801315160000000e-03
5.943349919980392e+01	2.909837520000000e-03
5.946420470019802e+01	2.847221210000000e-03
5.951113240001723e+01	2.894279550000000e-03
5.955781219992787e+01	2.929813230000000e-03
5.958798460010439e+01	2.888325140000000e-03
5.962420850014314e+01	2.988204130000000e-03
5.966478039976209e+01	2.948444800000000e-03
5.971101439977065e+01	2.978024310000000e-03
5.975803689984605e+01	2.988780150000000e-03
5.981859519984573e+01	3.056390680000000e-03
5.986562119983137e+01	2.975911370000000e-03
5.989782480010763e+01	3.069067840000000e-03
5.992866750014946e+01	3.084049330000000e-03
5.995940809976310e+01	3.062345090000000e-03
6.000691739981994e+01	3.045250200000000e-03
6.006900849984959e+01	3.101336300000000e-03
6.012191879982129e+01	3.175093090000000e-03
6.025030949991196e+01	3.199294910000000e-03
6.028672160021961e+01	3.156270130000000e-03
6.031951820012182e+01	3.231371050000000e-03
6.036414879979566e+01	3.219846640000000e-03
6.041111620003358e+01	3.307432870000000e-03
6.045782579993829e+01	3.287072990000000e-03
6.048986590001732e+01	3.295908220000000e-03
6.052151629980654e+01	3.330097770000000e-03
6.056695909984410e+01	3.308777460000000e-03
6.061489220010117e+01	3.389448860000000e-03
6.066073419991881e+01	3.319917950000000e-03
6.070685860002413e+01	3.337204690000000e-03
6.075325040007010e+01	3.447071420000000e-03
6.077692400012165e+01	3.437659700000000e-03
6.081510190013796e+01	3.482413250000000e-03
6.086136149987578e+01	3.427671970000000e-03
6.090873209992424e+01	3.488367420000000e-03
6.095445059984922e+01	3.531392200000000e-03
6.097790529998019e+01	3.468583800000000e-03
6.101590930018574e+01	3.562700930000000e-03
6.106211460009217e+01	3.473578020000000e-03
6.109311279980466e+01	3.590167500000000e-03
6.112513000005856e+01	3.605148990000000e-03
6.117131230002269e+01	3.558474830000000e-03
6.121697709988803e+01	3.646445690000000e-03
6.126413290016353e+01	3.601307520000000e-03
6.131121549988165e+01	3.654320720000000e-03
6.135835629981011e+01	3.650863190000000e-03
6.139015770005062e+01	3.686588960000000e-03
6.142194620007649e+01	3.735568140000000e-03
6.146695289993659e+01	3.652975890000000e-03
6.151333480002359e+01	3.748053220000000e-03
6.156130750011653e+01	3.720586420000000e-03
6.160824760003015e+01	3.820465410000000e-03
6.167348319990560e+01	3.839288840000000e-03
6.171678749984130e+01	3.840441120000000e-03
6.176449699979275e+01	3.816239770000000e-03
6.181104229995981e+01	3.899600360000000e-03
6.185696939984336e+01	3.889804710000000e-03
6.191874990006909e+01	3.907283300000000e-03
6.196489530010149e+01	3.862145360000000e-03
6.199680429976434e+01	3.956454340000000e-03
6.202819899981841e+01	3.999095410000000e-03
6.205887070018798e+01	3.942049110000000e-03
6.210477510001510e+01	3.925722560000000e-03
6.216867280006409e+01	3.985649910000000e-03
6.221510329982266e+01	4.085913300000000e-03
6.226251249993220e+01	3.992564980000000e-03
6.229349280009046e+01	4.115684890000000e-03
6.232504659984261e+01	4.115300720000000e-03
6.235559340007603e+01	4.133163490000000e-03
6.241695290012285e+01	4.175420380000000e-03
6.246211700001732e+01	4.118565940000000e-03
6.250896959984675e+01	4.191938320000000e-03
6.255493600014597e+01	4.226704130000000e-03
6.258557539992034e+01	4.147185010000000e-03
6.261618770007044e+01	4.266655540000000e-03
6.266217509983107e+01	4.188097080000000e-03
6.270897939987481e+01	4.272225780000000e-03
6.275577630009502e+01	4.306223240000000e-03
6.280261030001566e+01	4.232466220000000e-03
6.283503350010142e+01	4.352897410000000e-03
6.286622249986976e+01	4.284326920000000e-03
6.289776979992166e+01	4.338491710000000e-03
6.292875589989126e+01	4.386126530000000e-03
6.296052959980443e+01	4.348480140000000e-03
6.300715560000390e+01	4.368071440000000e-03
6.306884690001607e+01	4.365766420000000e-03
6.311426980001852e+01	4.487157800000000e-03
6.316584940021858e+01	4.417626650000000e-03
6.319306250009686e+01	4.524036310000000e-03
6.322379889991134e+01	4.541899080000000e-03
6.327017850009724e+01	4.474865270000000e-03
6.331691960012540e+01	4.562259190000000e-03
6.336314720008522e+01	4.525957160000000e-03
6.342599940020591e+01	4.635247870000000e-03
6.345794609980658e+01	4.555536430000000e-03
6.348922239989042e+01	4.626796580000000e-03
6.352541780006140e+01	4.671165720000000e-03
6.356663369992748e+01	4.616424440000000e-03
6.361473760008812e+01	4.724946800000000e-03
6.366219459986314e+01	4.664635290000000e-03
6.371157119981945e+01	4.745499230000000e-03
6.375643059983850e+01	4.752029200000000e-03
6.378872619988397e+01	4.761825320000000e-03
6.382044850010425e+01	4.818295130000000e-03
6.386579849990085e+01	4.733398090000000e-03
6.391276219999418e+01	4.843457140000000e-03
6.395896709989756e+01	4.801200700000000e-03
6.400697010010481e+01	4.839807750000000e-03
6.406965060019866e+01	4.907226190000000e-03
6.410040679993108e+01	4.850179420000000e-03
6.413629359984770e+01	4.936805460000000e-03
6.417798619996756e+01	4.895701540000000e-03
6.420938469981775e+01	5.009409970000000e-03
6.427144759986550e+01	4.924321080000000e-03
6.431692920019850e+01	5.036876540000000e-03
6.436314019979909e+01	4.963312300000000e-03
6.439386270008981e+01	5.085471550000000e-03
6.442489900020882e+01	5.106215830000000e-03
6.447041189996526e+01	5.038413220000000e-03
6.451723610004410e+01	5.133490540000000e-03
6.456312859989703e+01	5.087200090000000e-03
6.460972440009937e+01	5.202061030000000e-03
6.467383780004457e+01	5.217043220000000e-03
6.470287120016292e+01	5.122926550000000e-03
6.473310030018911e+01	5.249504000000000e-03
6.476418939977884e+01	5.174978640000000e-03
6.481124470010400e+01	5.297330210000000e-03
6.485807880014181e+01	5.223189480000000e-03
6.491803599987179e+01	5.330367010000000e-03
