# [General]
# timestamp=2025-04-09T10:46:43.658926
# comments='# '
# delimiter='\t'
# column_dtypes=float;;float
# column_headers='Time (s);;Power (W)'
# 
# [Metadata]
# scanner_y=3.573766999352296
# scanner_x=-5.07186307907141
# start recoding time='09.04.2025, 10:45:43.536747'
# sample rate (hz)=50.0
# sample timing='TIMESTAMP'
# 
# ---- END HEADER ----
1.381599809974432e-03	9.578166650000000e-05
4.233499988913536e-02	9.582003260000000e-05
6.753630004823208e-02	9.578166650000000e-05
9.152540005743504e-02	9.574329309999999e-05
1.381386998109519e-01	9.580086040000000e-05
1.616302998736501e-01	9.585842780000000e-05
1.967930002138019e-01	9.580086040000000e-05
2.437954000197351e-01	9.576246520000000e-05
2.906986000016332e-01	9.578166650000000e-05
3.142627999186516e-01	9.580086040000000e-05
3.533757999539375e-01	9.570490510000000e-05
3.771179001778364e-01	9.576246520000000e-05
4.008908001706004e-01	9.580086040000000e-05
4.422897999174893e-01	9.578166650000000e-05
4.884620001539588e-01	9.574329309999999e-05
5.124594001099467e-01	9.576246520000000e-05
5.547166001051664e-01	9.583922660000000e-05
5.927280997857451e-01	9.576246520000000e-05
6.405516997911036e-01	9.576246520000000e-05
6.787878000177443e-01	9.570490510000000e-05
7.029049000702798e-01	9.578166650000000e-05
7.567858998663723e-01	9.582003260000000e-05
7.901082001626492e-01	9.574329309999999e-05
8.137548002414405e-01	9.585842780000000e-05
8.423084998503327e-01	9.576246520000000e-05
8.951118998229504e-01	9.578166650000000e-05
9.398741000331938e-01	9.583922660000000e-05
9.717872999608517e-01	9.580086040000000e-05
1.004272600170225e+00	9.572409910000000e-05
1.043278300203383e+00	9.578166650000000e-05
1.089030399918556e+00	9.572409910000000e-05
1.112482800148427e+00	9.576246520000000e-05
1.140457500237972e+00	9.574329309999999e-05
1.163822299800813e+00	9.582003260000000e-05
1.190968799870461e+00	9.576246520000000e-05
1.221711600199342e+00	9.578166650000000e-05
1.245726199820638e+00	9.574329309999999e-05
1.270096700172871e+00	9.570490510000000e-05
1.293565699830651e+00	9.574329309999999e-05
1.339235200081021e+00	9.572409910000000e-05
1.362525700125843e+00	9.582003260000000e-05
1.390287000220269e+00	9.578166650000000e-05
1.423234200105071e+00	9.576246520000000e-05
1.454450900200754e+00	9.572409910000000e-05
1.500786500051618e+00	9.570490510000000e-05
1.540628999937326e+00	9.578166650000000e-05
1.564782199915498e+00	9.574329309999999e-05
1.594353000167757e+00	9.578166650000000e-05
1.642461000010371e+00	9.574329309999999e-05
1.689912300091237e+00	9.574329309999999e-05
1.713458300102502e+00	9.576246520000000e-05
1.741768300067633e+00	9.570490510000000e-05
1.797044500242919e+00	9.572409910000000e-05
1.842121500056237e+00	9.572409910000000e-05
1.873622899875045e+00	9.582003260000000e-05
1.905201400164515e+00	9.578166650000000e-05
1.940385600086302e+00	9.582003260000000e-05
1.967872499953955e+00	9.580086040000000e-05
1.998169099912047e+00	9.582003260000000e-05
2.042635499965400e+00	9.574329309999999e-05
2.088832799810916e+00	9.572409910000000e-05
2.113039200194180e+00	9.576246520000000e-05
2.140448600053787e+00	9.576246520000000e-05
2.167762100230902e+00	9.572409910000000e-05
2.191798400133848e+00	9.574329309999999e-05
2.239556699991226e+00	9.568570390000000e-05
2.263078399933875e+00	9.572409910000000e-05
2.290551300160587e+00	9.574329309999999e-05
2.313960699830204e+00	9.578166650000000e-05
2.340489400085062e+00	9.578166650000000e-05
2.363730099983513e+00	9.576246520000000e-05
2.399560700170696e+00	9.578166650000000e-05
2.441954200156033e+00	9.574329309999999e-05
2.466379600111395e+00	9.580086040000000e-05
2.491825799923390e+00	9.576246520000000e-05
2.554211500100791e+00	9.576246520000000e-05
2.590344700030982e+00	9.578166650000000e-05
2.613605100195855e+00	9.570490510000000e-05
2.642795499879867e+00	9.570490510000000e-05
2.688944399822503e+00	9.574329309999999e-05
2.722729700151831e+00	9.578166650000000e-05
2.746471399907023e+00	9.582003260000000e-05
2.769769700244069e+00	9.572409910000000e-05
2.792958599980921e+00	9.589679390000000e-05
2.846500900108367e+00	9.582003260000000e-05
2.890256700105965e+00	9.576246520000000e-05
2.924292999785393e+00	9.574329309999999e-05
2.955169199965894e+00	9.578166650000000e-05
2.992723499890417e+00	9.578166650000000e-05
3.040790200233459e+00	9.564733770000000e-05
3.064104199875146e+00	9.578166650000000e-05
3.096210800111294e+00	9.578166650000000e-05
3.140642900019884e+00	9.578166650000000e-05
3.173946499824524e+00	9.576246520000000e-05
3.198857599869370e+00	9.574329309999999e-05
3.241808100137860e+00	9.574329309999999e-05
3.290770600084215e+00	9.572409910000000e-05
3.314076100010425e+00	9.570490510000000e-05
3.340166199952364e+00	9.576246520000000e-05
3.363146999850869e+00	9.582003260000000e-05
3.391982700210065e+00	9.566653170000000e-05
3.439942200202495e+00	9.568570390000000e-05
3.469795700162649e+00	9.568570390000000e-05
3.501555100083351e+00	9.562813650000000e-05
3.548230499960482e+00	9.570490510000000e-05
3.590922200120986e+00	9.578166650000000e-05
3.625132299959660e+00	9.568570390000000e-05
3.656563099939376e+00	9.572409910000000e-05
3.686681100167334e+00	9.572409910000000e-05
3.717435100115836e+00	9.566653170000000e-05
3.741909000091255e+00	9.576246520000000e-05
3.787445399910212e+00	9.566653170000000e-05
3.810789700131863e+00	9.570490510000000e-05
3.842039400245994e+00	9.574329309999999e-05
3.901285199914128e+00	9.566653170000000e-05
3.940059800166637e+00	9.578166650000000e-05
3.963527500163764e+00	9.572409910000000e-05
3.986796900164336e+00	9.578166650000000e-05
4.010723500046879e+00	9.568570390000000e-05
4.058037899900228e+00	9.570490510000000e-05
4.104981500189751e+00	9.562813650000000e-05
4.139935700222850e+00	9.570490510000000e-05
4.167388100177050e+00	9.570490510000000e-05
4.190550799947232e+00	9.574329309999999e-05
4.214856599923223e+00	9.572409910000000e-05
4.243779300246388e+00	9.570490510000000e-05
4.268018799833953e+00	9.572409910000000e-05
4.306064300239086e+00	9.572409910000000e-05
4.352751499973238e+00	9.570490510000000e-05
4.389256699942052e+00	9.568570390000000e-05
4.413974000141025e+00	9.578166650000000e-05
4.441695699933916e+00	9.572409910000000e-05
4.487798899877816e+00	9.576246520000000e-05
4.521902699954808e+00	9.438081180000000e-05
4.546303399838507e+00	8.983284349999999e-05
4.569969099946320e+00	8.390320730000000e-05
4.593946299981326e+00	7.887549149999999e-05
4.642295899800956e+00	7.229341280000000e-05
4.687569300178438e+00	7.160258250000000e-05
4.726044199895114e+00	7.160258250000000e-05
4.750087799970061e+00	7.158338850000000e-05
4.804217900149524e+00	7.166014980000000e-05
4.842655700165778e+00	7.158338850000000e-05
4.866658200044185e+00	7.160258250000000e-05
4.896172400098294e+00	7.013171130000000e-05
5.021569699980319e+00	7.018550970000000e-05
5.045034599956125e+00	7.021240160000000e-05
5.069145299959928e+00	7.022392670000000e-05
5.092805900145322e+00	7.023353830000000e-05
5.139485400170088e+00	7.025274680000000e-05
5.175384600181133e+00	7.026235110000000e-05
5.199444599915296e+00	7.026235110000000e-05
5.242916999850422e+00	7.026235110000000e-05
5.300705099944025e+00	7.249476040000001e-05
5.324839599896222e+00	7.471755820000000e-05
5.348064099904150e+00	7.792399990000000e-05
5.391732399817556e+00	7.811227260000000e-05
5.440569799859077e+00	7.568390720000000e-05
5.471248900052160e+00	7.208170430000000e-05
5.494861000217497e+00	6.881955050000000e-05
5.540345500223339e+00	7.189150350000000e-05
5.563797499984503e+00	8.129566409999999e-05
5.592882900033146e+00	1.032272920000000e-04
5.703443699982017e+00	1.025172680000000e-04
5.734551299829036e+00	1.024213050000000e-04
5.765602100174874e+00	1.031121360000000e-04
5.789414099883288e+00	1.040332500000000e-04
5.812584700062871e+00	1.059905990000000e-04
5.842871699947864e+00	1.132251420000000e-04
5.888347399886698e+00	1.303999600000000e-04
5.912391399964690e+00	1.424127550000000e-04
5.939918799791485e+00	1.573999470000000e-04
5.963111300021410e+00	1.725598560000000e-04
5.988869099877775e+00	1.840737100000000e-04
6.013054499868304e+00	1.957410860000000e-04
6.046308199875057e+00	2.070438640000000e-04
6.093381599988788e+00	2.102677390000000e-04
6.124450000002980e+00	2.136834960000000e-04
6.148390099871904e+00	2.202463800000000e-04
6.190146700013429e+00	2.234702700000000e-04
6.213971099816263e+00	2.266173830000000e-04
6.247150400187820e+00	2.314340240000000e-04
6.293443299829960e+00	2.334873420000000e-04
6.340240399818867e+00	2.406067210000000e-04
6.363469399977475e+00	2.468817690000000e-04
6.390469499863684e+00	2.535981770000000e-04
6.418404099997133e+00	2.618113940000000e-04
6.441962900105864e+00	2.672612900000000e-04
6.487531600054353e+00	2.761845240000000e-04
6.511125400196761e+00	2.841866520000000e-04
6.543964399956167e+00	2.906919690000000e-04
6.604948299936950e+00	3.053913240000000e-04
6.651677600108087e+00	3.152548740000000e-04
6.691260499879718e+00	3.186706450000000e-04
6.717602800112218e+00	3.224318210000000e-04
6.741741999983788e+00	3.254062320000000e-04
6.787771199829876e+00	3.330245670000000e-04
6.810935600195080e+00	3.385703890000000e-04
6.843366300221533e+00	3.428113120000000e-04
6.900864500086755e+00	3.636705810000000e-04
6.941466200165451e+00	3.701183600000000e-04
6.965622600167990e+00	3.775831430000000e-04
6.993988600093871e+00	3.859499120000000e-04
7.020239599980414e+00	3.926279310000000e-04
7.043758200015873e+00	3.982888880000000e-04
7.101478999946266e+00	4.196662920000000e-04
7.147753799799830e+00	4.330031520000000e-04
7.190443799830973e+00	4.414466680000000e-04
7.214358400087804e+00	4.518666830000000e-04
7.254641599953175e+00	4.702697040000000e-04
7.290872199926525e+00	4.790394450000000e-04
7.315762700047344e+00	4.882312790000000e-04
7.340296899899840e+00	4.994572960000000e-04
7.363497300073504e+00	5.128325430000000e-04
7.390496300067753e+00	5.283570500000000e-04
7.424712200183421e+00	5.530351190000000e-04
7.447985799983144e+00	5.889966850000000e-04
7.489734699949622e+00	6.105659410000000e-04
7.514545700047165e+00	6.355125810000000e-04
7.548684599809349e+00	6.781906120000000e-04
7.589943800121546e+00	6.964400530000000e-04
7.613647600170225e+00	7.129433220000000e-04
7.638821200001985e+00	7.241692510000000e-04
7.662065899930894e+00	7.321522570000000e-04
7.690179099794477e+00	7.394251300000000e-04
7.720261500217021e+00	7.474081360000000e-04
7.743714999873191e+00	7.523974050000000e-04
7.796761199831963e+00	7.591905310000000e-04
7.858350499998778e+00	7.688046899999999e-04
7.890671100001782e+00	7.736979750000000e-04
7.921594699844718e+00	7.792247340000000e-04
7.945576999802142e+00	7.855573200000000e-04
7.991505200043321e+00	7.852310660000000e-04
8.040505100041628e+00	7.748493810000000e-04
8.063661300111562e+00	7.671543280000000e-04
8.090410300064832e+00	7.617044030000000e-04
8.113592199981213e+00	7.549496950000000e-04
8.141385800205171e+00	7.518600910000000e-04
8.172319500241429e+00	7.515530450000000e-04
8.202701299916953e+00	7.516874470000000e-04
8.226794099900872e+00	7.525317490000000e-04
8.250263100024313e+00	7.866319500000000e-04
8.295121400151402e+00	8.381564400000000e-04
8.339813999831676e+00	9.427968180000000e-04
8.453681999817491e+00	9.474066900000000e-04
8.481852500233799e+00	9.589312250000000e-04
8.514237899798900e+00	9.808276080000000e-04
8.543890399858356e+00	9.977304139999999e-04
8.567838499788195e+00	1.013864530000000e-03
8.591606299858540e+00	1.029038570000000e-03
8.642230399884284e+00	1.059578380000000e-03
8.688536799978465e+00	1.089542170000000e-03
8.712768599856645e+00	1.104523890000000e-03
8.748280699830502e+00	1.133719340000000e-03
8.790030099917203e+00	1.149277440000000e-03
8.813650799915195e+00	1.175207670000000e-03
8.842351300176233e+00	1.199025080000000e-03
8.872309300117195e+00	1.239360660000000e-03
8.896872200071812e+00	1.330404310000000e-03
8.939896599855274e+00	1.386298100000000e-03
8.963143399916589e+00	1.441423660000000e-03
8.989426100160927e+00	1.488866280000000e-03
9.012493200134486e+00	1.539766090000000e-03
9.042227200232446e+00	1.581446380000000e-03
9.089098600205034e+00	1.644831150000000e-03
9.121377599891275e+00	1.672682120000000e-03
9.152025700081140e+00	1.689968750000000e-03
9.175754699856043e+00	1.700340890000000e-03
9.199319700244814e+00	1.727615480000000e-03
9.245284799952060e+00	1.755658420000000e-03
9.289800200145692e+00	1.773521420000000e-03
9.313591099809855e+00	1.795610060000000e-03
9.339657300151885e+00	1.819619560000000e-03
9.362739699892700e+00	1.846509870000000e-03
9.390183100011200e+00	1.869942990000000e-03
9.415003099944443e+00	1.906437450000000e-03
9.442096900194883e+00	1.944660090000000e-03
9.466729099862278e+00	1.992295030000000e-03
9.490562600083649e+00	2.027444770000000e-03
9.515229899901897e+00	2.056832190000000e-03
9.540589900221676e+00	2.093326530000000e-03
9.570342800114304e+00	2.141921550000000e-03
9.594575200229883e+00	2.222400860000000e-03
9.642548100091517e+00	2.265617480000000e-03
9.689542999956757e+00	2.354932950000000e-03
9.713826899882406e+00	2.407753610000000e-03
9.741953900083899e+00	2.451354400000000e-03
9.765694899950176e+00	2.498604590000000e-03
9.802523300051689e+00	2.601172780000000e-03
9.843216400127858e+00	2.653033240000000e-03
9.897033399902284e+00	2.804196440000000e-03
9.940350600052625e+00	2.839730350000000e-03
9.973731799982488e+00	2.886212430000000e-03
1.000641149980947e+01	2.949981480000000e-03
1.005169230001047e+01	3.017207370000000e-03
1.008235329994932e+01	3.083665390000000e-03
1.011571490019560e+01	3.149163210000000e-03
1.014061809983104e+01	3.202944300000000e-03
1.017568580014631e+01	3.283231520000000e-03
1.019891420006752e+01	3.360445840000000e-03
1.025356440013275e+01	3.443229940000000e-03
1.029214099980891e+01	3.484333870000000e-03
1.034587460011244e+01	3.561932360000000e-03
1.037657679989934e+01	3.600155470000000e-03
1.040002200007439e+01	3.662003670000000e-03
1.044342919997871e+01	3.691967110000000e-03
1.048938179994002e+01	3.731918990000000e-03
1.051390169980004e+01	3.760729920000000e-03
1.054674670007080e+01	3.826995850000000e-03
1.059092279989272e+01	3.859840570000000e-03
1.061535920016468e+01	3.906322640000000e-03
1.064267330011353e+01	3.943585330000000e-03
1.066965029994026e+01	3.989875320000000e-03
1.069342410005629e+01	4.032132220000000e-03
1.074778140010312e+01	4.141806620000000e-03
1.079018970020115e+01	4.181374800000000e-03
1.081432959996164e+01	4.227664320000000e-03
1.084280129987746e+01	4.262814300000000e-03
1.088937699981034e+01	4.331769420000000e-03
1.091820670012385e+01	4.369607660000000e-03
1.094165420019999e+01	4.404373470000000e-03
1.096576099982485e+01	4.444517200000000e-03
1.098958700010553e+01	4.484853240000000e-03
1.102691570017487e+01	4.541131200000000e-03
1.105041529983282e+01	4.602978940000000e-03
1.110507330019027e+01	4.695559390000000e-03
1.114046999998391e+01	4.739352500000000e-03
1.116398419998586e+01	4.787755200000000e-03
1.119011300010607e+01	4.831356460000000e-03
1.121453029988334e+01	4.881872330000000e-03
1.124262059992179e+01	4.927585830000000e-03
1.126708009978756e+01	4.972531460000000e-03
1.130525099998340e+01	5.064919590000000e-03
1.135165290022269e+01	5.166335500000000e-03
1.139017259981483e+01	5.205902740000000e-03
1.141450850013644e+01	5.252192730000000e-03
1.144295509997755e+01	5.295217500000000e-03
1.148985899984837e+01	5.387221930000000e-03
1.151417110022157e+01	5.436777140000000e-03
1.155370050016791e+01	5.503811410000000e-03
1.157770870020613e+01	5.553942640000000e-03
1.160136790014803e+01	5.645754750000000e-03
1.164425829984248e+01	5.738718900000000e-03
1.169042690005153e+01	5.784048700000000e-03
1.171408270020038e+01	5.834564570000000e-03
1.175660220021382e+01	5.924839530000000e-03
1.180364189995453e+01	6.017804150000000e-03
1.184328809985891e+01	6.063902280000000e-03
1.188119630003348e+01	6.139963400000000e-03
1.191199490008876e+01	6.205461450000000e-03
1.194086100021377e+01	6.245412860000000e-03
1.197350129997358e+01	6.302267780000000e-03
1.199751670006663e+01	6.379673260000000e-03
1.204311720002443e+01	6.411557550000000e-03
1.209039160003886e+01	6.460729520000000e-03
1.211407619994134e+01	6.492036860000000e-03
1.214340229984373e+01	6.530452050000000e-03
1.217401080019772e+01	6.575205830000000e-03
1.220593240018934e+01	6.649923050000000e-03
1.225078749982640e+01	6.734820550000000e-03
1.229748889990151e+01	6.813763640000000e-03
1.233958940021694e+01	6.852562540000000e-03
1.236278699990362e+01	6.896162870000000e-03
1.239161199983209e+01	6.936307070000000e-03
1.244092020019889e+01	7.006414700000000e-03
1.246652279980481e+01	7.042908580000000e-03
1.249064699979499e+01	7.079018280000000e-03
1.251455859979615e+01	7.115897260000000e-03
1.254066330008209e+01	7.145284680000000e-03
1.256416160007939e+01	7.176592480000000e-03
1.259043519990519e+01	7.209246050000000e-03
1.261448800005019e+01	7.253231020000000e-03
1.264294289983809e+01	7.292605940000000e-03
1.268949769996107e+01	7.365018130000000e-03
1.271302910009399e+01	7.410348390000000e-03
1.274220639979467e+01	7.448954970000000e-03
1.276672520022839e+01	7.482376420000000e-03
1.279074520012364e+01	7.514453030000000e-03
1.281401789980009e+01	7.549410690000000e-03
1.285203680023551e+01	7.602615280000000e-03
1.289002249995247e+01	7.624896240000000e-03
1.291356289992109e+01	7.654091340000000e-03
1.294099699985236e+01	7.683094590000000e-03
1.297536629997194e+01	7.725351490000000e-03
1.299875190015882e+01	7.783549840000000e-03
1.305125979986042e+01	7.827150640000001e-03
1.307512160018086e+01	7.855001840000000e-03
1.309912900021300e+01	7.901484150000001e-03
1.314007969992235e+01	7.926837540000000e-03
1.317815810022876e+01	7.962372150000001e-03
1.320205989992246e+01	7.994640620000000e-03
1.325707350019366e+01	8.029021319999999e-03
1.329117529978976e+01	8.046500380000000e-03
1.331499700015411e+01	8.065900770000000e-03
1.334098970005289e+01	8.080690170000000e-03
1.336398319993168e+01	8.094904010000001e-03
1.339895940013230e+01	8.127556180000000e-03
1.344291200023144e+01	8.139465000000000e-03
1.348892770009115e+01	8.160401140000001e-03
1.352487049996853e+01	8.178072050000000e-03
1.354885429982096e+01	8.199200029999999e-03
1.359082770021632e+01	8.213222030000000e-03
1.361487980000675e+01	8.226474750000001e-03
1.364279989991337e+01	8.235118350000001e-03
1.366691449983045e+01	8.243953809999999e-03
1.369080880004913e+01	8.253557610000000e-03
1.372776049980894e+01	8.269308130000000e-03
1.375073029985651e+01	8.287746460000000e-03
1.378973999992013e+01	8.301000110000000e-03
1.381270010024309e+01	8.312524300000000e-03
1.385569120012224e+01	8.330003359999999e-03
1.389169909991324e+01	8.337878619999999e-03
1.395073059992865e+01	8.357086220000001e-03
1.398083220003173e+01	8.365153340000001e-03
1.401332930009812e+01	8.372260260000000e-03
1.404385400004685e+01	8.377445860000001e-03
1.410450660018250e+01	8.386089470000000e-03
1.414054379984736e+01	8.390506730000000e-03
1.416379939997569e+01	8.389162830000000e-03
1.419113209983334e+01	8.393388240000001e-03
1.421583249978721e+01	8.392044340000000e-03
1.424328840011731e+01	8.390890430000001e-03
1.426747239986435e+01	8.385897610000000e-03
1.429264710005373e+01	8.381094780000001e-03
1.433884519990534e+01	8.373412300000001e-03
1.436291619995609e+01	8.368418549999999e-03
1.440161149995402e+01	8.354396560000000e-03
1.444249710021541e+01	8.347290570000001e-03
1.449004379985854e+01	8.330772630000000e-03
1.451406840002164e+01	8.322704580000000e-03
1.454053959995508e+01	8.316749710000000e-03
1.456388230016455e+01	8.308107029999999e-03
1.458901679981500e+01	8.299463430000001e-03
1.461236920021474e+01	8.286978120000000e-03
1.464505789987743e+01	8.268155160000000e-03
1.469041239982471e+01	8.258167650000000e-03
1.472753999987617e+01	8.236270400000001e-03
1.475098530016840e+01	8.214758710000001e-03
1.479136419994757e+01	8.199776520000000e-03
1.484054380003363e+01	8.173077370000000e-03
1.486446020007133e+01	8.162898010000001e-03
1.488820549985394e+01	8.147147480000000e-03
1.491135030006990e+01	8.128709160000001e-03
1.494656139984727e+01	8.103162980000000e-03
1.499048760021105e+01	8.089910259999999e-03
1.501469659991562e+01	8.075887340000001e-03
1.504287930019200e+01	8.063403889999999e-03
1.508922789990902e+01	8.043044250000001e-03
1.511284950003028e+01	8.034591560000000e-03
1.514727280009538e+01	8.028637619999999e-03
1.517851899983361e+01	8.027869280000001e-03
1.520232030004263e+01	8.034207860000000e-03
1.525582349998876e+01	8.084340020000001e-03
1.529006610019132e+01	8.125252090000000e-03
1.531428189994767e+01	8.175191470000001e-03
1.533981630019844e+01	8.223209529999999e-03
1.536337879998609e+01	8.267963309999999e-03
1.539170789998025e+01	8.294854310000000e-03
1.544112379988655e+01	8.325009610000000e-03
1.546540259988979e+01	8.334805260000000e-03
1.548974190000445e+01	8.342488670000000e-03
1.551362020010129e+01	8.351707829999999e-03
1.554057609988376e+01	8.359199390000000e-03
1.556428200006485e+01	8.365537040000001e-03
1.559039800008759e+01	8.372068410000001e-03
1.561375680007041e+01	8.379942740000000e-03
1.564322979981080e+01	8.384744640000000e-03
1.568971920013428e+01	8.389354680000001e-03
1.572168859979138e+01	8.389738390000000e-03
1.575237919995561e+01	8.387626150000001e-03
1.577580450009555e+01	8.386857810000000e-03
1.579964129999280e+01	8.385129270000000e-03
1.584245230024680e+01	8.378790690000000e-03
1.588822619989514e+01	8.371875620000000e-03
1.591160900006071e+01	8.365921679999999e-03
1.593980970000848e+01	8.361503480000001e-03
1.596964969998226e+01	8.357469920000001e-03
1.600129880011082e+01	8.341912179999999e-03
1.604581360006705e+01	8.333460430000000e-03
1.607684230012819e+01	8.322319950000000e-03
1.610798970004544e+01	8.309835570000000e-03
1.614111460000277e+01	8.303305130000001e-03
1.616915589990094e+01	8.292932990000000e-03
1.619336970010772e+01	8.277567099999999e-03
1.624531579995528e+01	8.248755710000000e-03
1.629187470022589e+01	8.237038740000001e-03
1.635292739979923e+01	8.199009110000001e-03
1.638408759981394e+01	8.174422200000000e-03
1.640733409998938e+01	8.148492310000000e-03
1.644530169991776e+01	8.103738540000001e-03
1.649205600004643e+01	8.069549690000000e-03
1.653878819989040e+01	7.999826220000001e-03
1.656880139978603e+01	7.947006260000000e-03
1.659979340014979e+01	7.857306860000000e-03
1.664270480023697e+01	7.816202939999999e-03
1.667972610006109e+01	7.749936540000000e-03
1.670368969999254e+01	7.686936300000000e-03
1.674336000019684e+01	7.647176270000000e-03
1.678943860018626e+01	7.560358850000000e-03
1.682090809987858e+01	7.485641170000000e-03
1.684486950002611e+01	7.379616150000000e-03
1.689073370024562e+01	7.329100740000000e-03
1.691577479988337e+01	7.272630460000000e-03
1.693970069987699e+01	7.222499230000000e-03
1.696269789990038e+01	7.174095600000000e-03
1.698665959993377e+01	7.117433470000000e-03
1.701079550012946e+01	7.035417950000000e-03
1.705693359998986e+01	6.910953670000000e-03
1.709011280024424e+01	6.847952030000000e-03
1.711338250013068e+01	6.781302860000000e-03
1.714054800011218e+01	6.720990410000000e-03
1.716547970008105e+01	6.659526380000000e-03
1.719084150018170e+01	6.611507850000000e-03
1.721486270008609e+01	6.567906590000000e-03
1.724221609998494e+01	6.529107690000000e-03
1.726653649983928e+01	6.496070880000000e-03
1.730560720013455e+01	6.423082200000000e-03
1.734021010017022e+01	6.373142820000000e-03
1.736369290016592e+01	6.312638990000000e-03
1.738982920022681e+01	6.256361030000000e-03
1.741380260000005e+01	6.193360780000000e-03
1.744212260004133e+01	6.135930310000000e-03
1.748851379984990e+01	6.028175820000000e-03
1.752255599992350e+01	5.953459070000000e-03
1.754600210022181e+01	5.900061690000000e-03
1.756938049988821e+01	5.850506950000000e-03
1.759256820008159e+01	5.806905220000000e-03
1.764117200020701e+01	5.719511300000000e-03
1.768015309982002e+01	5.629620050000000e-03
1.770425199996680e+01	5.519753320000000e-03
1.775758239999413e+01	5.362828260000000e-03
1.780378950014710e+01	5.200332960000000e-03
1.785087329987437e+01	5.106407680000000e-03
1.787557779997587e+01	5.028809420000000e-03
1.791265559988096e+01	4.895125520000000e-03
1.794071689993143e+01	4.823097490000000e-03
1.796485210023820e+01	4.757407590000000e-03
1.799025670019910e+01	4.698440430000000e-03
1.801352229993790e+01	4.613159220000000e-03
1.805105570005253e+01	4.468910400000000e-03
1.809659409988672e+01	4.356546790000000e-03
1.813995929993689e+01	4.308144100000000e-03
1.817384230019525e+01	4.232082520000000e-03
1.820435719983652e+01	4.120486320000000e-03
1.825198080018163e+01	3.971051890000000e-03
1.829008019994944e+01	3.889612620000000e-03
1.831477880012244e+01	3.811822270000000e-03
1.833984219981357e+01	3.746132370000000e-03
1.836327139986679e+01	3.662195760000000e-03
1.839069769997150e+01	3.594008970000000e-03
1.842206020001322e+01	3.507959190000000e-03
1.845266039995477e+01	3.434778890000000e-03
1.847592619992793e+01	3.388104490000000e-03
1.849912910023704e+01	3.305704100000000e-03
1.854636130016297e+01	3.201599700000000e-03
1.859002819983289e+01	3.153964880000000e-03
1.861367570003495e+01	3.101912790000000e-03
1.864186220010743e+01	3.057735510000000e-03
1.868942000018433e+01	2.979368900000000e-03
1.871608870010823e+01	2.934230960000000e-03
1.874256310006604e+01	2.893895380000000e-03
1.876718260021880e+01	2.859129800000000e-03
1.879392259987071e+01	2.819370010000000e-03
1.884258530009538e+01	2.753104080000000e-03
1.888913379982114e+01	2.681268150000000e-03
1.892002200009301e+01	2.616346810000000e-03
1.895147879980505e+01	2.513970710000000e-03
1.899098089989275e+01	2.464031570000000e-03
1.901762019982561e+01	2.403335410000000e-03
1.904456340009347e+01	2.358005850000000e-03
1.906778299994767e+01	2.317670030000000e-03
1.909128150017932e+01	2.282904460000000e-03
1.911470350017771e+01	2.251980130000000e-03
1.914153790008277e+01	2.221440660000000e-03
1.918784879986197e+01	2.165354560000000e-03
1.921387029998004e+01	2.126939590000000e-03
1.924304330023006e+01	2.093134450000000e-03
1.929116739984602e+01	2.021874530000000e-03
1.931559929996729e+01	1.972895350000000e-03
1.934112299978733e+01	1.932943590000000e-03
1.936457150010392e+01	1.899138560000000e-03
1.938773160008714e+01	1.859379120000000e-03
1.941170810023323e+01	1.796378400000000e-03
1.944235790008679e+01	1.742405230000000e-03
1.949450149992481e+01	1.597772820000000e-03
1.953990820003673e+01	1.564543690000000e-03
1.956394879985601e+01	1.524016030000000e-03
1.959095689980313e+01	1.485600830000000e-03
1.961469219997525e+01	1.432396010000000e-03
1.964345690002665e+01	1.378999320000000e-03
1.966770579991862e+01	1.330980450000000e-03
1.969116829987615e+01	1.291989230000000e-03
1.972620330005884e+01	1.244162560000000e-03
1.975077409995720e+01	1.199793190000000e-03
1.979048460023478e+01	1.170213680000000e-03
1.981441790005192e+01	1.138521240000000e-03
1.984985589981079e+01	1.078785980000000e-03
1.989100559987128e+01	1.047093540000000e-03
1.992661800002679e+01	9.992668640000000e-04
1.995773220015690e+01	9.587389650000000e-04
1.998979709995911e+01	9.214764580000000e-04
2.001367260003462e+01	8.911286710000000e-04
2.005360460001975e+01	8.313931760000000e-04
2.009787299996242e+01	7.649352770000000e-04
2.014516060007736e+01	7.075048630000000e-04
2.019092210009694e+01	6.825350570000001e-04
2.021491430001333e+01	6.531475810000000e-04
2.024288129992783e+01	6.329796740000000e-04
2.026701589999720e+01	6.139643370000000e-04
2.030212510004640e+01	5.907232410000000e-04
2.034886439982802e+01	5.720920160000000e-04
2.039013510011137e+01	5.626802450000000e-04
2.042683489993215e+01	4.671801000000000e-04
2.053703599981964e+01	4.408517850000000e-04
2.056168140005320e+01	4.267281620000000e-04
2.059942980017513e+01	4.033358130000000e-04
2.064074430009350e+01	3.910735830000000e-04
2.066474650008604e+01	3.793870270000000e-04
2.068904280010611e+01	3.685447740000000e-04
2.072426219983026e+01	3.558603640000000e-04
2.074751849984750e+01	3.473209510000000e-04
2.077158410008997e+01	3.370160410000000e-04
2.079479700000957e+01	3.184403470000000e-04
2.084660769999027e+01	2.994425010000000e-04
2.089141779998317e+01	2.905768340000000e-04
2.093809940014035e+01	2.709073310000000e-04
2.096909310016781e+01	2.588177740000000e-04
2.100045169983059e+01	2.388796570000000e-04
2.104344800021499e+01	2.265214430000000e-04
2.106774749979377e+01	2.145662150000000e-04
2.109213809994981e+01	2.044340510000000e-04
2.114172660000622e+01	1.847261740000000e-04
2.118875520024449e+01	1.654980300000000e-04
2.122009359998628e+01	1.537538920000000e-04
2.125035919994116e+01	1.364639470000000e-04
2.129005330009386e+01	1.266195900000000e-04
2.131405699998140e+01	1.173125640000000e-04
2.134332600003108e+01	1.090225850000000e-04
2.137380249984562e+01	1.020375280000000e-04
2.139794579986483e+01	9.240426150000000e-05
2.144215059978887e+01	8.733817230000000e-05
2.148883539997041e+01	7.609298340000000e-05
2.151411940017715e+01	6.924224000000000e-05
2.154693919979036e+01	5.657699880000000e-05
2.158982629980892e+01	5.055142170000000e-05
2.161318549979478e+01	4.475611060000000e-05
2.164130529994145e+01	4.022732900000000e-05
2.166887019993737e+01	3.533394560000000e-05
2.169182940013707e+01	3.172627480000000e-05
2.173878630017862e+01	2.560473690000000e-05
2.176289020013064e+01	2.266870800000000e-05
2.179402730008587e+01	1.175679340000000e-05
2.190373540017754e+01	9.912463610000000e-06
2.192712040012702e+01	8.275623259999999e-06
2.195029080007225e+01	6.143117390000000e-06
2.198961019981652e+01	5.267062080000000e-06
2.201277260016650e+01	4.558147790000000e-06
2.204293440002948e+01	3.757018480000000e-06
2.209003179986030e+01	2.656183600000000e-06
2.211416340013966e+01	2.197024290000000e-06
2.214013649988919e+01	1.878109060000000e-06
2.216735590016469e+01	1.568799800000000e-06
2.219064640020952e+01	1.374759450000000e-06
2.221476380014792e+01	1.219145700000000e-06
2.224327349988744e+01	1.394359170000000e-06
2.235805890010670e+01	1.547700320000000e-06
2.238475540000945e+01	1.805837200000000e-06
2.240812750020996e+01	2.031803430000000e-06
2.243285760004073e+01	2.261237340000000e-06
2.246245450014248e+01	2.641314950000000e-06
2.249197150021791e+01	3.036225960000000e-06
2.255375850014389e+01	5.218254050000000e-06
2.259084310010076e+01	6.240784390000000e-06
2.261464990023524e+01	7.432259740000000e-06
2.264542700024322e+01	1.139561210000000e-05
2.279008689988405e+01	1.233506740000000e-05
2.281410130020231e+01	1.339171380000000e-05
2.284696289990097e+01	1.564140800000000e-05
2.289230749988928e+01	1.691706890000000e-05
2.293939960002899e+01	1.863844410000000e-05
2.296328550018370e+01	1.874410740000000e-05
2.298728040000424e+01	1.879213600000000e-05
2.301858869986609e+01	1.906878790000000e-05
2.304295059992000e+01	1.970853550000000e-05
2.308822039980441e+01	2.150291770000000e-05
2.311170080024749e+01	2.266330560000000e-05
2.314088070020080e+01	2.345290890000000e-05
2.316421840013936e+01	2.422714170000000e-05
2.319066430022940e+01	2.516659700000000e-05
2.321809739992023e+01	2.661708640000000e-05
2.324962490005419e+01	2.773905000000000e-05
2.327286860020831e+01	2.812136520000000e-05
2.329627710022032e+01	2.821550520000000e-05
2.334111159993336e+01	2.828082320000000e-05
2.339057239983231e+01	2.835382840000000e-05
2.342048329999670e+01	2.837304050000000e-05
2.345192349981517e+01	2.837880310000000e-05
2.348997290013358e+01	2.837304050000000e-05
2.351438010018319e+01	2.833845790000000e-05
2.354482109984383e+01	2.774481620000000e-05
2.356793170003220e+01	2.748161390000000e-05
2.359133299998939e+01	2.745279560000000e-05
2.365404559997842e+01	2.741821300000000e-05
2.369035409996286e+01	2.721649250000000e-05
2.371421319991350e+01	2.612334170000000e-05
2.374695040006191e+01	2.088813930000000e-05
2.379424360021949e+01	1.457707910000000e-05
2.384350229986012e+01	1.220442750000000e-05
2.387243829993531e+01	1.006423740000000e-05
2.390325450012460e+01	7.876018570000000e-06
2.393983480008319e+01	6.982671950000000e-06
2.396520979981869e+01	6.248782480000000e-06
2.399723110022023e+01	4.790609640000000e-06
2.404445010004565e+01	3.376625270000000e-06
2.409057109989226e+01	2.625446090000000e-06
2.411388120008633e+01	1.997221720000000e-06
2.414010090008378e+01	1.582247480000000e-06
2.417003960022703e+01	1.263332480000000e-06
2.419370649987832e+01	1.188406600000000e-06
2.424684889987111e+01	3.099218930000000e-06
2.434098690003157e+01	3.947796360000000e-06
2.436519750021398e+01	5.148518540000000e-06
2.438823110004887e+01	6.735097490000000e-06
2.441134560015053e+01	2.000823950000000e-05
2.453568500000983e+01	2.280355150000000e-05
2.455921689979732e+01	2.520694220000000e-05
2.458251600014046e+01	2.754885460000000e-05
2.460604949994013e+01	3.131819900000000e-05
2.464235270023346e+01	3.339115210000000e-05
2.468844710011035e+01	3.655340700000000e-05
2.471196850016713e+01	3.841502620000000e-05
2.474396979995072e+01	4.063974480000000e-05
2.476772690005600e+01	4.301239820000000e-05
2.479117649979889e+01	4.578849260000000e-05
2.483961849985644e+01	5.421669270000000e-05
2.486374399997294e+01	5.895623330000000e-05
2.489112489996478e+01	6.335956280000000e-05
2.491447710013017e+01	6.793004289999999e-05
2.494267430016771e+01	7.236988310000000e-05
2.498850039998069e+01	7.855029980000000e-05
2.501194379990920e+01	8.254058780000000e-05
2.505269980011508e+01	9.979232710000000e-05
2.516092769987881e+01	1.023253790000000e-04
2.518476419989020e+01	1.055300600000000e-04
2.520824810024351e+01	1.095407210000000e-04
2.523220490012318e+01	1.142997720000000e-04
2.526916280016303e+01	1.237603140000000e-04
2.529307969985530e+01	1.304767210000000e-04
2.534038239996880e+01	1.408008250000000e-04
2.536384929995984e+01	1.451185240000000e-04
2.538903609989211e+01	1.501654330000000e-04
2.542279030010104e+01	1.614106150000000e-04
2.544667560001835e+01	1.842464260000000e-04
2.549048499995843e+01	1.988114380000000e-04
2.551459750020877e+01	2.150267830000000e-04
2.554673530021682e+01	2.383615210000000e-04
2.559005439979956e+01	2.417389190000000e-04
2.561350920004770e+01	2.427559670000000e-04
2.564274400006980e+01	2.430630120000000e-04
2.568905560020357e+01	2.460374380000000e-04
2.571695150015876e+01	2.483018030000000e-04
2.574222380015999e+01	2.502783610000000e-04
2.579532139981166e+01	2.565342290000000e-04
2.582099149981514e+01	2.602762250000000e-04
2.584518710011616e+01	2.714446450000000e-04
2.589007179997861e+01	2.768369740000000e-04
2.591443300014362e+01	2.809627910000000e-04
2.593993549980223e+01	2.843401450000000e-04
2.596665169997141e+01	2.871418550000000e-04
2.599771609995514e+01	2.919009420000000e-04
2.604435640014708e+01	2.969286580000000e-04
2.609080700017512e+01	2.994808890000000e-04
2.611390369990841e+01	3.018795980000000e-04
2.613729539979249e+01	3.062932230000000e-04
2.616071250010282e+01	3.139691540000000e-04
2.619002029998228e+01	3.198028430000000e-04
2.621526029985398e+01	3.260395020000000e-04
2.624625129997730e+01	3.350778720000000e-04
2.628994000004604e+01	3.410074860000000e-04
2.631320689991117e+01	3.480117880000000e-04
2.634044920001179e+01	3.549776740000000e-04
2.636382050020620e+01	3.636514300000000e-04
2.639117360021919e+01	3.724787090000000e-04
2.643172040022910e+01	3.870245130000000e-04
2.645573520008475e+01	3.963507770000000e-04
2.649505149992183e+01	4.106279230000000e-04
2.654173510009423e+01	4.221225680000000e-04
2.660283409990370e+01	4.644168080000000e-04
2.664192959992215e+01	4.756235870000000e-04
2.668857729993761e+01	4.971928430000000e-04
2.671212449995801e+01	5.053292839999999e-04
2.673547310009599e+01	5.123911540000000e-04
2.675868159998208e+01	5.186662310000000e-04
2.679072980023921e+01	5.226577050000000e-04
2.681431300006807e+01	5.272056440000000e-04
2.684320120001212e+01	5.323677320000000e-04
2.688873990019783e+01	5.443804550000000e-04
2.691255560005084e+01	5.584465690000000e-04
2.694064520020038e+01	5.762930380000000e-04
2.697542149992660e+01	6.054614790000000e-04
2.699857390020043e+01	6.248431160000000e-04
2.702262989990413e+01	6.429773640000000e-04
2.705465289996937e+01	6.707450370000000e-04
2.709015549998730e+01	6.821437860000000e-04
2.711318770004436e+01	6.914315160000001e-04
2.714038639981300e+01	7.008154060000000e-04
2.717841520020738e+01	7.186809670000000e-04
2.720236299978569e+01	7.452780260000000e-04
2.724186079995707e+01	7.647939490000001e-04
2.730026189982891e+01	8.111756760000000e-04
2.732376400008798e+01	8.299431650000000e-04
2.734722049999982e+01	9.558578020000000e-04
2.747145889978856e+01	9.656538600000001e-04
2.750193980010226e+01	9.875502439999999e-04
2.752676529996097e+01	1.007333980000000e-03
2.756512029981241e+01	1.042099550000000e-03
2.759002459980547e+01	1.058041930000000e-03
2.761408740002662e+01	1.075136480000000e-03
2.764440350001678e+01	1.095688550000000e-03
2.768991139996797e+01	1.109710080000000e-03
2.772083269990981e+01	1.129877870000000e-03
2.775108049996197e+01	1.155616020000000e-03
2.777512820018455e+01	1.179625510000000e-03
2.781164020020515e+01	1.227067780000000e-03
2.784353839978576e+01	1.255110840000000e-03
2.788909179996699e+01	1.301593030000000e-03
2.791910490021110e+01	1.328483570000000e-03
2.794369729980826e+01	1.349227620000000e-03
2.798904359992594e+01	1.400127420000000e-03
2.801296020019799e+01	1.431243610000000e-03
2.804506789986044e+01	1.458326240000000e-03
2.806869200011715e+01	1.483104080000000e-03
2.810641880007461e+01	1.532851490000000e-03
2.814114850014448e+01	1.566080380000000e-03
2.816463930020109e+01	1.594315400000000e-03
2.818963660020381e+01	1.621590110000000e-03
2.821431470010430e+01	1.651937840000000e-03
2.824550040019676e+01	1.698420030000000e-03
2.829202570021152e+01	1.720124510000000e-03
2.833820859994739e+01	1.754121740000000e-03
2.836216579983011e+01	1.769872150000000e-03
2.839999230019748e+01	1.810399820000000e-03
2.844432519981638e+01	1.832872510000000e-03
2.849009530013427e+01	1.844012990000000e-03
2.852550400001928e+01	1.863604640000000e-03
2.855492920009419e+01	1.910471010000000e-03
2.858945150021464e+01	1.947541490000000e-03
2.861299119982868e+01	1.992102950000000e-03
2.864213259983808e+01	2.021298280000000e-03
2.866628370014951e+01	2.039737300000000e-03
2.868988629989326e+01	2.053951150000000e-03
2.872467079991475e+01	2.089676910000000e-03
2.874875199981034e+01	2.148835920000000e-03
2.880218680016696e+01	2.201464490000000e-03
2.884208450000733e+01	2.215678340000000e-03
2.889433629997075e+01	2.245641780000000e-03
2.893968279985711e+01	2.252748700000000e-03
2.897249720012769e+01	2.270227530000000e-03
2.900381459994242e+01	2.313060450000000e-03
2.905038340017200e+01	2.350322900000000e-03
2.909039779985324e+01	2.370298610000000e-03
2.911416159989312e+01	2.394116250000000e-03
2.914001129986718e+01	2.414860060000000e-03
2.917377249989659e+01	2.445592080000000e-03
2.919882200006396e+01	2.499565250000000e-03
2.925244039995596e+01	2.540093150000000e-03
2.927557509997860e+01	2.565255160000000e-03
2.929891469981521e+01	2.601749030000000e-03
2.934154660021886e+01	2.619420180000000e-03
2.938794140005484e+01	2.652457220000000e-03
2.942330349981785e+01	2.686646300000000e-03
2.944696879992262e+01	2.735049230000000e-03
2.950081489980221e+01	2.777305900000000e-03
2.954802600014955e+01	2.794400790000000e-03
2.957288429979235e+01	2.803619950000000e-03
2.959668899979442e+01	2.819946500000000e-03
2.964362449990585e+01	2.827053190000000e-03
2.970356409996748e+01	2.857017100000000e-03
2.974957410013303e+01	2.873727350000000e-03
2.979685650020838e+01	2.888133280000000e-03
2.984253680007532e+01	2.894471630000000e-03
2.986661589983851e+01	2.900041870000000e-03
2.990440530003980e+01	2.915023830000000e-03
2.995186919998378e+01	2.925779670000000e-03
2.999031300004572e+01	2.932310100000000e-03
3.001370949996635e+01	2.941529970000000e-03
3.004549260018393e+01	2.952862300000000e-03
3.009134239982814e+01	2.959392730000000e-03
3.013789919996634e+01	2.972646150000000e-03
3.016106529999524e+01	2.984938680000000e-03
3.018447009986266e+01	2.995503140000000e-03
3.020800630003214e+01	3.003570250000000e-03
3.024546970007941e+01	3.011253200000000e-03
3.029102439992130e+01	3.017015520000000e-03
3.031526480009779e+01	3.024890550000000e-03
3.034063389990479e+01	3.031420990000000e-03
3.036948170000687e+01	3.040448530000000e-03
3.039347899984568e+01	3.049091670000000e-03
3.044160770019516e+01	3.070604520000000e-03
3.046574650006369e+01	3.085394160000000e-03
3.049020190024748e+01	3.097879230000000e-03
3.051334720011801e+01	3.110363850000000e-03
3.054129339987412e+01	3.120927840000000e-03
3.058909780019894e+01	3.149547150000000e-03
3.061286580003798e+01	3.162800330000000e-03
3.064346709987149e+01	3.173172240000000e-03
3.069623530004174e+01	3.207361790000000e-03
3.074278500024229e+01	3.219654550000000e-03
3.076748770009726e+01	3.234060480000000e-03
3.079137160023674e+01	3.245008410000000e-03
3.084016520017758e+01	3.266520800000000e-03
3.086320059979334e+01	3.275548570000000e-03
3.088983110012487e+01	3.283039430000000e-03
3.091636979999021e+01	3.291874660000000e-03
3.094829030008987e+01	3.314923730000000e-03
3.098939809994772e+01	3.327600890000000e-03
3.101281470013782e+01	3.344311150000000e-03
3.105713929980993e+01	3.373698560000000e-03
3.108911480009556e+01	3.394250990000000e-03
3.111292849993333e+01	3.409232940000000e-03
3.114151100022718e+01	3.417684000000000e-03
3.118833300005645e+01	3.427287800000000e-03
3.121452660020441e+01	3.431129270000000e-03
3.124634819990024e+01	3.431897380000000e-03
3.129407119983807e+01	3.433242210000000e-03
3.134091020002961e+01	3.437659700000000e-03
3.137058279989287e+01	3.444766630000000e-03
3.139378899987787e+01	3.453409760000000e-03
3.144321200018749e+01	3.467431760000000e-03
3.148857120005414e+01	3.474346130000000e-03
3.152957670018077e+01	3.477803660000000e-03
3.155758710019290e+01	3.482221160000000e-03
3.160407639993355e+01	3.496434540000000e-03
3.164224180020392e+01	3.502581270000000e-03
3.166679670009762e+01	3.507767110000000e-03
3.169089500000700e+01	3.513721280000000e-03
3.172770070005208e+01	3.522173040000000e-03
3.175173459993675e+01	3.531008260000000e-03
3.179137169988826e+01	3.540227890000000e-03
3.183937360020354e+01	3.555401930000000e-03
3.186235969979316e+01	3.565197810000000e-03
3.189024259988219e+01	3.575569720000000e-03
3.191762410011142e+01	3.589207070000000e-03
3.194139329995960e+01	3.603996940000000e-03
3.196536980010569e+01	3.616481550000000e-03
3.199560850020498e+01	3.646637550000000e-03
3.204457149980590e+01	3.668918040000000e-03
3.208976450003684e+01	3.674296430000000e-03
3.211360750021413e+01	3.681403350000000e-03
3.214028730010614e+01	3.687549620000000e-03
3.216795569984242e+01	3.694848160000000e-03
3.219127810001373e+01	3.698497540000000e-03
3.223927870020270e+01	3.713095560000000e-03
3.226252540014684e+01	3.719625990000000e-03
3.228703879984096e+01	3.729229790000000e-03
3.232157099992037e+01	3.745940280000000e-03
3.234486259985715e+01	3.766108070000000e-03
3.238972820015624e+01	3.774943760000000e-03
3.241467789979652e+01	3.783778990000000e-03
3.244162649987265e+01	3.792038190000000e-03
3.248688209988177e+01	3.804139090000000e-03
3.251073809992522e+01	3.812014130000000e-03
3.255478410003707e+01	3.821617920000000e-03
3.257849889993668e+01	3.823538780000000e-03
3.260194500023499e+01	3.830261300000000e-03
3.264349779998884e+01	3.833910680000000e-03
3.268909220024943e+01	3.837752160000000e-03
3.272557000024244e+01	3.845435100000000e-03
3.275570520013571e+01	3.858496430000000e-03
3.278952230000868e+01	3.867139570000000e-03
3.281648309994489e+01	3.875398780000000e-03
3.284737099986523e+01	3.883658210000000e-03
3.287141430005431e+01	3.889420540000000e-03
3.289479670021683e+01	3.900176610000000e-03
3.294103039987385e+01	3.905938710000000e-03
3.297152329981327e+01	3.914582080000000e-03
3.300209960015491e+01	3.931484650000000e-03
3.304293789993972e+01	3.940512430000000e-03
3.309406650019810e+01	3.978351130000000e-03
3.314001750014722e+01	4.002744800000000e-03
3.316321170004085e+01	4.025217150000000e-03
3.320202590012923e+01	4.066513850000000e-03
3.324343510018662e+01	4.083608280000000e-03
3.329412000020966e+01	4.145072310000000e-03
3.334029710013419e+01	4.164855930000000e-03
3.336347169987857e+01	4.182526840000000e-03
3.339072050014511e+01	4.198085050000000e-03
3.341446539992467e+01	4.214795770000000e-03
3.344259160012007e+01	4.229392860000000e-03
3.346631789999083e+01	4.245527550000000e-03
3.348947740020230e+01	4.260701130000000e-03
3.353069869987667e+01	4.287591670000000e-03
3.355578520009294e+01	4.306223240000000e-03
3.358941280003637e+01	4.318515770000000e-03
3.361263020010665e+01	4.331192930000000e-03
3.364344799984246e+01	4.337915690000000e-03
3.368840730004013e+01	4.353281580000000e-03
3.371253499994054e+01	4.367110790000000e-03
3.374385209986940e+01	4.380172120000000e-03
3.376776630012318e+01	4.392656960000000e-03
3.379187700012699e+01	4.406678020000000e-03
3.384050570009276e+01	4.434337370000000e-03
3.386794220004231e+01	4.448358900000000e-03
3.389137049997225e+01	4.463724790000000e-03
3.394630020018667e+01	4.507902080000000e-03
3.398949320008978e+01	4.524804650000000e-03
3.401323249982670e+01	4.542859270000000e-03
3.405530899995938e+01	4.564372360000000e-03
3.408733939984813e+01	4.582043270000000e-03
3.411079599987715e+01	4.600097890000000e-03
3.414780669985339e+01	4.632366820000000e-03
3.419035479985178e+01	4.649461250000000e-03
3.422661519981921e+01	4.668284670000000e-03
3.425083209993318e+01	4.689797290000000e-03
3.429014569986612e+01	4.706123380000000e-03
3.431392379989848e+01	4.721297420000000e-03
3.433955619996414e+01	4.731093070000000e-03
3.436324799992144e+01	4.742425400000000e-03
3.438710010005161e+01	4.757407590000000e-03
3.441016029985622e+01	4.781993110000000e-03
3.444369240012020e+01	4.797167140000000e-03
3.448968000011519e+01	4.820407830000000e-03
3.451999949989840e+01	4.840191920000000e-03
3.455125560006127e+01	4.881103520000000e-03
3.459004419995472e+01	4.899159070000000e-03
3.461352339992300e+01	4.917597860000000e-03
3.464290260011330e+01	4.933924880000000e-03
3.466709369979799e+01	4.950442820000000e-03
3.469131790008396e+01	4.967153540000000e-03
3.475526410015300e+01	5.010562480000000e-03
3.480134399980307e+01	5.045711990000000e-03
3.484192610019818e+01	5.062615030000000e-03
3.488886850001290e+01	5.100069570000000e-03
3.491377970017493e+01	5.123118400000000e-03
3.494015190005302e+01	5.142902020000000e-03
3.497121790004894e+01	5.164798810000000e-03
3.499443540023640e+01	5.203405860000000e-03
3.504877569992095e+01	5.243933760000000e-03
3.509091399982572e+01	5.263333210000000e-03
3.511432209983468e+01	5.287726410000000e-03
3.514022260019556e+01	5.309431350000000e-03
3.517325779981911e+01	5.339202940000000e-03
3.519646849995479e+01	5.374544770000000e-03
3.525184560008347e+01	5.398938430000000e-03
3.528321770019829e+01	5.422947460000000e-03
3.530676629999653e+01	5.446764640000000e-03
3.534055159986019e+01	5.462131000000000e-03
3.536430970020592e+01	5.474808160000000e-03
3.538938090018928e+01	5.490365900000000e-03
3.541289249993861e+01	5.510533690000000e-03
3.544148450018838e+01	5.529165270000000e-03
3.548778670001775e+01	5.561241410000000e-03
3.551172909978777e+01	5.577952140000000e-03
3.554874490015209e+01	5.599464760000000e-03
3.558047980023548e+01	5.616943350000000e-03
3.560415389994159e+01	5.645947070000000e-03
3.565871739992872e+01	5.679368040000000e-03
3.569039120012894e+01	5.697038960000000e-03
3.571929829986766e+01	5.720856130000000e-03
3.575106899999082e+01	5.759463180000000e-03
3.579044800018892e+01	5.777517800000000e-03
3.581454499997199e+01	5.798070230000000e-03
3.584286460001022e+01	5.816701330000000e-03
3.587465459993109e+01	5.845320410000000e-03
3.589888270013034e+01	5.883735600000000e-03
3.594096329994500e+01	5.906784910000000e-03
3.596759579982609e+01	5.932330620000000e-03
3.599168640002608e+01	5.951538220000000e-03
3.604046729998663e+01	5.989761090000000e-03
3.606437919987366e+01	6.012233910000000e-03
3.609365849988535e+01	6.035666910000000e-03
3.613956429995596e+01	6.075618790000000e-03
3.616381249995902e+01	6.097515110000000e-03
3.618783390009776e+01	6.119412370000000e-03
3.621877139993012e+01	6.151488050000000e-03
3.624364760005847e+01	6.173000670000000e-03
3.629528750013560e+01	6.236001380000000e-03
3.634023580001667e+01	6.259626710000000e-03
3.636346899997443e+01	6.285748440000000e-03
3.638985900022089e+01	6.314367990000000e-03
3.641920759994537e+01	6.348941480000000e-03
3.644309240020812e+01	6.372374480000000e-03
3.646755040017888e+01	6.393118300000000e-03
3.649684550007805e+01	6.434799170000000e-03
3.654351879982278e+01	6.461881570000000e-03
3.658965069986880e+01	6.518351850000000e-03
3.661322129983455e+01	6.559648090000000e-03
3.665092940023169e+01	6.628218570000000e-03
3.668975349981338e+01	6.667785810000000e-03
3.671277109999210e+01	6.708697880000000e-03
3.674199949996546e+01	6.740774960000000e-03
3.676667100004852e+01	6.766320670000000e-03
3.680390600021929e+01	6.817989050000000e-03
3.684340390004218e+01	6.839693520000000e-03
3.688923669978976e+01	6.879837250000000e-03
3.691321210004389e+01	6.901541720000000e-03
3.693943009991199e+01	6.923821750000000e-03
3.697506979992613e+01	6.957627370000000e-03
3.699888420011848e+01	6.997962480000000e-03
3.705141860013828e+01	7.028694730000000e-03
3.707461040001363e+01	7.048094650000000e-03
3.709820719994605e+01	7.089006710000000e-03
3.714131100010127e+01	7.108021990000000e-03
3.718776969984174e+01	7.149701940000000e-03
3.722208620002493e+01	7.182546890000000e-03
3.725289590004832e+01	7.228453640000000e-03
3.729031730024144e+01	7.252846380000000e-03
3.731374960020185e+01	7.279352750000000e-03
3.734064530022442e+01	7.302017880000000e-03
3.736431269999593e+01	7.321993350000000e-03
3.739246310014278e+01	7.345619150000000e-03
3.744141500024125e+01	7.385762870000000e-03
3.748762860009447e+01	7.425521970000000e-03
3.751679420005530e+01	7.453949660000000e-03
3.754928839998320e+01	7.495821450000000e-03
3.758954450022429e+01	7.516757590000000e-03
3.761329710017890e+01	7.536349350000000e-03
3.764198340009898e+01	7.552675900000000e-03
3.766611440014094e+01	7.566696960000000e-03
3.768979310011491e+01	7.581486830000000e-03
3.771953690005466e+01	7.598197550000000e-03
3.775090999994427e+01	7.625664580000000e-03
3.779753410024568e+01	7.667152210000000e-03
3.784240709990263e+01	7.687896960000000e-03
3.788815029989928e+01	7.727848370000000e-03
3.792078079981729e+01	7.766454950000000e-03
3.794418670004234e+01	7.793154100000000e-03
3.796775759989396e+01	7.816778500000000e-03
3.799165750015527e+01	7.842324669999999e-03
3.804517870023847e+01	7.913009259999999e-03
3.808950089989230e+01	7.937978020000000e-03
3.811358590004966e+01	7.964100690000000e-03
3.813975880015641e+01	7.982731800000000e-03
3.817028680024669e+01	8.007316850000000e-03
3.820124199986458e+01	8.047460580000000e-03
3.824793480010703e+01	8.066477250000001e-03
3.827887589996681e+01	8.086068560000000e-03
3.830991679988801e+01	8.107580240000000e-03
3.834081380022690e+01	8.121985940000000e-03
3.836525230016559e+01	8.135239589999999e-03
3.839038620004430e+01	8.145995440000000e-03
3.841363799991086e+01	8.158097039999999e-03
3.844163809996098e+01	8.170389570000000e-03
3.848775110021234e+01	8.192284960000001e-03
3.851321370014921e+01	8.208035490000000e-03
3.854897290002555e+01	8.223786020000000e-03
3.858895500004292e+01	8.238191719999999e-03
3.861197220021859e+01	8.253557610000000e-03
3.864316290011629e+01	8.270076479999999e-03
3.868935299990699e+01	8.291204460000000e-03
3.871298540011048e+01	8.302728650000001e-03
3.874532040022314e+01	8.323089220000000e-03
3.878940990008414e+01	8.333460430000000e-03
3.881333620008081e+01	8.341720330000000e-03
3.884231040021405e+01	8.347674269999999e-03
3.887068950012326e+01	8.353052660000001e-03
3.889398270007223e+01	8.361503480000001e-03
3.894095440022647e+01	8.359199390000000e-03
3.898740549990907e+01	8.349403740000001e-03
3.902708730008453e+01	8.334421550000000e-03
3.905417290003970e+01	8.312524300000000e-03
3.909018049994484e+01	8.297158410000000e-03
3.911341620003805e+01	8.280063980000000e-03
3.913987240009010e+01	8.267579600000000e-03
3.916342889983207e+01	8.258359510000000e-03
3.919382790010422e+01	8.237615230000000e-03
3.924309480004013e+01	8.227243089999999e-03
3.930171100003645e+01	8.180377070000000e-03
3.933984349993989e+01	8.165203030000000e-03
3.936307429987937e+01	8.150989189999999e-03
3.938991069979966e+01	8.141193539999999e-03
3.942572830012068e+01	8.120257410000000e-03
3.944925080006942e+01	8.100857959999999e-03
3.947331110015512e+01	8.080498320000001e-03
3.950307120010257e+01	8.038816969999999e-03
3.954929880006239e+01	7.996752859999999e-03
3.959581620013341e+01	7.937210610000000e-03
3.964391899993643e+01	7.885158060000000e-03
3.968922259984538e+01	7.860188370000000e-03
3.971315700002015e+01	7.826383229999999e-03
3.975141570018604e+01	7.784510500000000e-03
3.978321589995176e+01	7.748016160000000e-03
3.980736109986901e+01	7.706720380000000e-03
3.984326619980857e+01	7.679829840000000e-03
3.989267109986395e+01	7.631042510000000e-03
3.993836040003225e+01	7.576877250000000e-03
3.997029339987785e+01	7.522135970000000e-03
4.000181999988854e+01	7.434165570000000e-03
4.004907219996676e+01	7.385186390000000e-03
4.008026230009273e+01	7.338127590000000e-03
4.010331600019708e+01	7.277240050000000e-03
4.014095479995012e+01	7.232294880000000e-03
4.017181139998138e+01	7.174672090000000e-03
4.019603660004213e+01	7.075944920000000e-03
4.024989050021395e+01	6.971071940000000e-03
4.029757210006937e+01	6.859860850000000e-03
4.033970540016890e+01	6.807424130000000e-03
4.036342529999092e+01	6.740390790000000e-03
4.038748160004616e+01	6.659718700000000e-03
4.041072570020333e+01	6.571364120000000e-03
4.044213399989530e+01	6.522384940000000e-03
4.048729690024629e+01	6.422121540000000e-03
4.051626770012081e+01	6.337225440000000e-03
4.054815649986267e+01	6.149951830000000e-03
4.058948389999568e+01	6.048536390000000e-03
4.061285649985075e+01	5.939052910000000e-03
4.064176560007036e+01	5.849930460000000e-03
4.066624459996819e+01	5.775597410000000e-03
4.068953910004348e+01	5.718551110000000e-03
4.071910540014505e+01	5.660928320000000e-03
4.074319289997220e+01	5.626547150000000e-03
4.078963189991191e+01	5.584866740000000e-03
4.081296249991283e+01	5.571421240000000e-03
4.084195220004767e+01	5.562202070000000e-03
4.089018350001425e+01	5.548564720000000e-03
4.092171239992604e+01	5.546259690000000e-03
4.094521170016378e+01	5.544723480000000e-03
4.096859920024872e+01	5.543954670000000e-03
4.099892139993608e+01	5.544915330000000e-03
4.104445450007915e+01	5.540113430000000e-03
4.108902879990637e+01	5.528780630000000e-03
4.111311929998919e+01	5.503426770000000e-03
4.113965070014820e+01	5.468853750000000e-03
4.116326770000160e+01	5.414496640000000e-03
4.118896420020610e+01	5.356489680000000e-03
4.121928559988737e+01	5.278699100000000e-03
4.124232379999012e+01	5.217811560000000e-03
4.126674469979480e+01	5.138676610000000e-03
4.129631689982489e+01	4.924897100000000e-03
4.134027429996058e+01	4.819255790000000e-03
4.136325540021062e+01	4.712846130000000e-03
4.138963760016486e+01	4.608549180000000e-03
4.141975250001997e+01	4.468718540000000e-03
4.144968139985576e+01	4.267040170000000e-03
4.148983559990302e+01	4.145840180000000e-03
4.151392350019887e+01	4.015037320000000e-03
4.154199460009113e+01	3.884042380000000e-03
4.157301079994068e+01	3.744787770000000e-03
4.159701030002907e+01	3.542148740000000e-03
4.165195049997419e+01	3.364863340000000e-03
4.169815189996734e+01	3.225992900000000e-03
4.174164329981431e+01	3.191611730000000e-03
4.178946670005098e+01	3.149931320000000e-03
4.182133900001645e+01	3.123233090000000e-03
4.184514319989830e+01	3.097110660000000e-03
4.186886769998819e+01	3.072140740000000e-03
4.189287410024554e+01	3.048131710000000e-03
4.194786270009354e+01	2.978216160000000e-03
4.199035189999267e+01	2.965347140000000e-03
4.201349209994078e+01	2.950941680000000e-03
4.204415279999375e+01	2.908300840000000e-03
4.208998960023746e+01	2.882563040000000e-03
4.211395809985697e+01	2.856825010000000e-03
4.215309680020437e+01	2.810534790000000e-03
4.218317979993299e+01	2.775769220000000e-03
4.220654779998586e+01	2.740043450000000e-03
4.224497599992901e+01	2.709695370000000e-03
4.229251549998298e+01	2.696634040000000e-03
4.233994700014591e+01	2.684149430000000e-03
4.236291710007936e+01	2.679155210000000e-03
4.239003940019757e+01	2.674161690000000e-03
4.241690400009975e+01	2.666286660000000e-03
4.244771960005164e+01	2.659563670000000e-03
4.247196100000292e+01	2.652072580000000e-03
4.251018959982321e+01	2.635746500000000e-03
4.262335490016267e+01	2.569096630000000e-03
4.265010980004445e+01	2.546047560000000e-03
4.268936200020835e+01	2.537788360000000e-03
4.271272520022467e+01	2.529336840000000e-03
4.274310050019994e+01	2.521077640000000e-03
4.276761480001733e+01	2.513010520000000e-03
4.280436069983989e+01	2.487272720000000e-03
4.284399540023878e+01	2.419470110000000e-03
4.288983340002596e+01	2.382015110000000e-03
4.291309439996257e+01	2.357429820000000e-03
4.293973750015721e+01	2.339758910000000e-03
4.297292090021074e+01	2.324200930000000e-03
4.299633389990777e+01	2.319782740000000e-03
4.304258019989356e+01	2.317477950000000e-03
4.306880560005084e+01	2.305761450000000e-03
4.309311060002074e+01	2.287129870000000e-03
4.314021260011941e+01	2.258895200000000e-03
4.316377290012315e+01	2.243336990000000e-03
4.318929350003600e+01	2.220672090000000e-03
4.321229400020093e+01	2.199159700000000e-03
4.325413860008121e+01	2.173613760000000e-03
4.328974090004340e+01	2.166891240000000e-03
4.331316690007225e+01	2.164393900000000e-03
4.334675160003826e+01	2.163817870000000e-03
4.337839719979092e+01	2.163241850000000e-03
4.340174299990758e+01	2.163049760000000e-03
4.344388089980930e+01	2.163625790000000e-03
4.348973419982940e+01	2.164778530000000e-03
4.351366990013048e+01	2.164585980000000e-03
4.355167140020058e+01	2.164009960000000e-03
4.359917790023610e+01	2.164970620000000e-03
4.364237949997187e+01	2.164970620000000e-03
4.366713149985299e+01	2.165738730000000e-03
4.369098159996793e+01	2.165738730000000e-03
4.371433439990506e+01	2.165162470000000e-03
4.374484940012917e+01	2.163625790000000e-03
4.380101619986817e+01	2.153445970000000e-03
4.384133240021765e+01	2.147683640000000e-03
4.388686949992552e+01	2.135198560000000e-03
4.391122520016506e+01	2.122137930000000e-03
4.393963869987056e+01	2.108500570000000e-03
4.396296209981665e+01	2.091405680000000e-03
4.398702509980649e+01	2.071237660000000e-03
4.401902840007097e+01	2.040697960000000e-03
4.405049580009654e+01	1.989413520000000e-03
4.408976989984512e+01	1.962715530000000e-03
4.411373430024832e+01	1.938897880000000e-03
4.413967100018635e+01	1.922187630000000e-03
4.417772160004824e+01	1.906245480000000e-03
4.420180330006406e+01	1.895296970000000e-03
4.424157790001482e+01	1.887998080000000e-03
4.426695219986141e+01	1.876857950000000e-03
4.430002279998735e+01	1.847854580000000e-03
4.434676280012354e+01	1.816930370000000e-03
4.438935790024698e+01	1.798875280000000e-03
4.442312149982899e+01	1.768143380000000e-03
4.444743440020829e+01	1.733954060000000e-03
4.448990220017731e+01	1.713401870000000e-03
4.451338999997824e+01	1.687279790000000e-03
4.453945059981197e+01	1.664614770000000e-03
4.457851730007678e+01	1.635611410000000e-03
4.460974150011316e+01	1.619285210000000e-03
4.464306280016899e+01	1.609489440000000e-03
4.468908399995416e+01	1.585479940000000e-03
4.471294299978763e+01	1.569921850000000e-03
4.474874969990924e+01	1.542647250000000e-03
4.478992559993640e+01	1.525552480000000e-03
4.482675709994510e+01	1.490018680000000e-03
4.485728520015255e+01	1.450451210000000e-03
4.488034560019150e+01	1.423560550000000e-03
4.490456900000572e+01	1.367090500000000e-03
4.494006829988211e+01	1.314654020000000e-03
4.496339819999412e+01	1.247812060000000e-03
4.498907779995352e+01	1.176744350000000e-03
4.501474669994786e+01	1.084164020000000e-03
4.504593930020928e+01	9.458699500000000e-04
4.509194299997762e+01	8.805645050000000e-04
4.513783159991726e+01	7.783806070000000e-04
4.516186610003933e+01	7.242153520000000e-04
4.518607100006193e+01	6.761966510000000e-04
4.521642669988796e+01	6.229918220000000e-04
4.524795950017869e+01	5.776622570000000e-04
4.529415090009570e+01	5.515399970000000e-04
4.534131029993296e+01	5.390550940000000e-04
4.538889690022916e+01	5.273385320000000e-04
4.541995020024478e+01	5.273385320000000e-04
4.544349749991670e+01	5.315425219999999e-04
4.557542280014604e+01	5.321758220000000e-04
4.559886799985543e+01	5.322525980000000e-04
4.562308639986441e+01	5.300841880000000e-04
4.565358729986474e+01	5.225617210000000e-04
4.569990549981594e+01	5.026235590000000e-04
4.573918410018086e+01	4.869839760000000e-04
4.576284690015018e+01	4.698858540000000e-04
4.578720059990883e+01	4.511950830000000e-04
4.581128309993073e+01	4.308347120000000e-04
4.584129010001197e+01	4.162697300000000e-04
4.588815020024776e+01	3.985575460000000e-04
4.591185580007732e+01	3.906705820000000e-04
4.593534209998325e+01	3.827835900000000e-04
4.595909699983895e+01	3.720181410000000e-04
4.599009450012818e+01	3.615789460000000e-04
4.601345800003037e+01	3.456322590000000e-04
4.605712400004268e+01	3.186898250000000e-04
4.609143059980124e+01	3.036834530000000e-04
4.613672559987754e+01	2.729798140000000e-04
4.616075609996915e+01	2.538476550000000e-04
4.619768860004842e+01	2.368455460000000e-04
4.622110950015485e+01	2.251781550000000e-04
4.625940740015358e+01	2.030523610000000e-04
4.630487360013649e+01	1.791035610000000e-04
4.634015779988840e+01	1.680886490000000e-04
4.636403870023787e+01	1.564596610000000e-04
4.639046100014821e+01	1.463850200000000e-04
4.641510290000588e+01	1.351206590000000e-04
4.644194060005248e+01	1.261398430000000e-04
4.648804200021550e+01	1.108648070000000e-04
4.651167810009792e+01	1.028818810000000e-04
4.654089540010318e+01	9.253859030000000e-05
4.657312650000677e+01	8.388401330000000e-05
4.659735370008275e+01	7.497997290000000e-05
4.664949489990249e+01	6.607592510000000e-05
4.668909400003031e+01	6.133605350000000e-05
4.672644509980455e+01	5.588617200000000e-05
4.675026750005782e+01	5.045547370000000e-05
4.680384900001809e+01	4.454502410000000e-05
4.682729199994355e+01	4.013138100000000e-05
4.686575340013951e+01	3.230195940000000e-05
4.689007329987362e+01	2.721667620000000e-05
4.691360309999436e+01	9.157442950000000e-06
4.703817149996758e+01	6.166172620000000e-06
4.706504110014066e+01	4.669576810000000e-06
4.708921370003372e+01	3.728201140000000e-06
4.711300799995661e+01	3.009681450000000e-06
4.713765549985692e+01	2.442933460000000e-06
4.716099439980462e+01	2.054856400000000e-06
4.719259320013225e+01	1.734019410000000e-06
4.723908009985462e+01	1.286385900000000e-06
4.726308389985934e+01	1.188406600000000e-06
4.728813590016216e+01	1.174958810000000e-06
4.731218370003626e+01	1.247962930000000e-06
4.733626340003684e+01	1.531711290000000e-06
4.743992929998785e+01	1.627645820000000e-06
4.747078720014542e+01	1.749586540000000e-06
4.750192400021479e+01	1.900808570000000e-06
4.755035539995879e+01	2.076495780000000e-06
4.759840000001714e+01	2.145846110000000e-06
4.763017070014030e+01	2.188612140000000e-06
4.766102810017765e+01	2.040664870000000e-06
4.768960630008951e+01	1.694684220000000e-06
4.772307260008529e+01	1.225414280000000e-06
4.775333400024101e+01	2.898873840000000e-06
4.779042060021311e+01	6.087443580000000e-06
4.781389559991658e+01	3.084751370000000e-05
4.793187119998038e+01	3.627099430000000e-05
4.795612929994240e+01	4.285870090000000e-05
4.798562130006030e+01	5.305438030000000e-05
4.800969230011106e+01	6.601078350000000e-05
4.804812290007249e+01	1.379991150000000e-04
4.818495280016214e+01	1.503381210000000e-04
4.820788360014558e+01	1.623701100000000e-04
4.823486990015954e+01	1.777602740000000e-04
4.826583660021424e+01	1.937837370000000e-04
4.829083850001916e+01	2.052592030000000e-04
4.831458219978958e+01	2.174446850000000e-04
4.833991360012442e+01	2.294958390000000e-04
4.836326880007982e+01	2.416621570000000e-04
4.838887949986383e+01	2.534062950000000e-04
4.841192430024967e+01	2.658220470000000e-04
4.843614090001211e+01	2.801184310000000e-04
4.846619280008599e+01	2.973316300000000e-04
4.848987880023196e+01	3.116088050000000e-04
4.851345570012927e+01	3.287836440000000e-04
4.854528680024669e+01	3.655319740000000e-04
4.859273510007188e+01	3.861034350000000e-04
4.865365700004622e+01	4.463783990000000e-04
4.869029159983620e+01	4.672760840000000e-04
4.871394640021026e+01	4.850458060000000e-04
4.873724739998579e+01	5.020862450000000e-04
4.876137680001557e+01	5.220436140000000e-04
4.879402679996565e+01	5.659498270000000e-04
4.884296069992706e+01	5.951182680000000e-04
4.888894159998745e+01	6.536085860000000e-04
4.891240580007434e+01	6.879389980000000e-04
4.893964659981430e+01	7.178750820000000e-04
4.897823549993336e+01	7.648515170000000e-04
4.900968539994210e+01	8.011202440000000e-04
4.903512409981340e+01	8.272950070000000e-04
4.907350719999522e+01	9.723762630000000e-04
4.918245580000803e+01	9.915838019999999e-04
4.921245360001922e+01	1.022699990000000e-03
4.923575039999560e+01	1.047477820000000e-03
4.927392499987036e+01	1.080898800000000e-03
4.930522199999541e+01	1.125075970000000e-03
4.935242319991812e+01	1.203634660000000e-03
4.939169029984623e+01	1.239168690000000e-03
4.942960639996454e+01	1.286803280000000e-03
4.945383469993249e+01	1.323873760000000e-03
4.949014250002801e+01	1.353261180000000e-03
4.951361279981211e+01	1.387258530000000e-03
4.955449600005522e+01	1.452179860000000e-03
4.958920100005344e+01	1.481567390000000e-03
4.961250849999487e+01	1.521711000000000e-03
4.964252319978550e+01	1.568769450000000e-03
4.968825080012903e+01	1.672682120000000e-03
4.972424420015886e+01	1.744902230000000e-03
4.974740710016340e+01	1.830567720000000e-03
4.980127099994570e+01	1.930446710000000e-03
4.984308899985626e+01	1.968861790000000e-03
4.989513830002397e+01	2.030325590000000e-03
4.993967230012640e+01	2.045115460000000e-03
4.996385349985212e+01	2.067012010000000e-03
5.000311380019411e+01	2.103698440000000e-03
5.003629430010915e+01	2.133085860000000e-03
5.006624880013987e+01	2.157287440000000e-03
5.009664840018377e+01	2.207803310000000e-03
5.014054610021412e+01	2.236230070000000e-03
5.016344489995390e+01	2.273492520000000e-03
5.018979780003428e+01	2.315173160000000e-03
5.022132560005412e+01	2.380286810000000e-03
5.024443869991228e+01	2.465760340000000e-03
5.029821539996192e+01	2.513778630000000e-03
5.032158630015329e+01	2.544510880000000e-03
5.034473280003294e+01	2.608279700000000e-03
5.038998149987310e+01	2.636899010000000e-03
5.042149440012872e+01	2.663213060000000e-03
5.045289559988305e+01	2.690871940000000e-03
5.049066529981792e+01	2.713344760000000e-03
5.051503669982776e+01	2.743692370000000e-03
5.054645710019395e+01	2.806309380000000e-03
5.059390630014241e+01	2.833775940000000e-03
5.061998090008274e+01	2.853367480000000e-03
5.064362689992413e+01	2.909068950000000e-03
5.069046080019325e+01	2.949405000000000e-03
5.071872519981116e+01	2.997231900000000e-03
5.074348920024931e+01	3.029308050000000e-03
5.079687860002741e+01	3.103256920000000e-03
5.084130180021748e+01	3.122464520000000e-03
5.088720849994570e+01	3.157230090000000e-03
5.091043009981513e+01	3.175669580000000e-03
5.093352119997144e+01	3.200639040000000e-03
5.095693629980087e+01	3.236557360000000e-03
5.098911380022764e+01	3.261142640000000e-03
5.101233740011230e+01	3.291298640000000e-03
5.106013299990445e+01	3.338356970000000e-03
5.109032250009477e+01	3.361021870000000e-03
5.112266309978440e+01	3.390601370000000e-03
5.114670500019565e+01	3.435354910000000e-03
5.119055719999596e+01	3.461861520000000e-03
5.121443289984018e+01	3.487983490000000e-03
5.123785689985380e+01	3.514298010000000e-03
5.126134190009907e+01	3.550984430000000e-03
5.129066210007295e+01	3.583636830000000e-03
5.132326330011711e+01	3.629542890000000e-03
5.134721799986437e+01	3.674680370000000e-03
5.138979149982333e+01	3.690814600000000e-03
5.141516669979319e+01	3.711558880000000e-03
5.144252579985186e+01	3.731150410000000e-03
5.148809689981863e+01	3.776672530000000e-03
5.152307880017906e+01	3.815855830000000e-03
5.155529179982841e+01	3.871173130000000e-03
5.159017320023850e+01	3.903057890000000e-03
5.161315419990569e+01	3.945122010000000e-03
5.164336579991505e+01	3.973549230000000e-03
5.168994210008532e+01	4.011772110000000e-03
5.172694560000673e+01	4.035205110000000e-03
5.175017829984426e+01	4.063056320000000e-03
5.180363819980994e+01	4.092059560000000e-03
5.182719699991867e+01	4.110306500000000e-03
5.185029600001872e+01	4.138541870000000e-03
5.189022349985316e+01	4.155443980000000e-03
5.192884889990091e+01	4.182718690000000e-03
5.195256529981270e+01	4.209417380000000e-03
5.198885690001771e+01	4.228432660000000e-03
5.201234050001949e+01	4.257244060000000e-03
5.204340319987386e+01	4.278180190000000e-03
5.209865349996835e+01	4.321589130000000e-03
5.212357420008630e+01	4.340220240000000e-03
5.216114309988916e+01	4.386510700000000e-03
5.218989099981263e+01	4.420315380000000e-03
5.222343599982560e+01	4.470255230000000e-03
5.224740369990468e+01	4.540746570000000e-03
5.230155509989709e+01	4.622186530000000e-03
5.234724210016429e+01	4.682113880000000e-03
5.239131540013477e+01	4.705355040000000e-03
5.241784649994224e+01	4.726867660000000e-03
5.245616810023785e+01	4.768163430000000e-03
5.248956739995629e+01	4.793325440000000e-03
5.251328509999439e+01	4.821560810000000e-03
5.254922549985349e+01	4.868234970000000e-03
5.259712490020320e+01	4.914909140000000e-03
5.264220449980348e+01	4.933540240000000e-03
5.268871210003272e+01	4.966385200000000e-03
5.272227780008689e+01	4.987513180000000e-03
5.274616950005293e+01	5.012483340000000e-03
5.279071319987997e+01	5.025160030000000e-03
5.284008690016344e+01	5.053971430000000e-03
5.286324869981036e+01	5.070297980000000e-03
5.289180860016495e+01	5.083935340000000e-03
5.293887579999864e+01	5.111977920000000e-03
5.296310180006549e+01	5.130609500000000e-03
5.299010250018910e+01	5.149048290000000e-03
5.301413450017571e+01	5.164414640000000e-03
5.304044219991192e+01	5.183046220000000e-03
5.307899970002472e+01	5.208400080000000e-03
5.310981070017442e+01	5.231448910000000e-03
5.314100159984082e+01	5.245086270000000e-03
5.318757050018758e+01	5.261412360000000e-03
5.321842710021883e+01	5.274857860000000e-03
5.324923449987546e+01	5.306742150000000e-03
5.329622060013935e+01	5.324989560000000e-03
5.332783799991012e+01	5.345349200000000e-03
5.335174079984426e+01	5.374544770000000e-03
5.339097200008109e+01	5.392984020000000e-03
5.345387690002099e+01	5.436200650000000e-03
5.348965260013938e+01	5.450414490000000e-03
5.351439779996872e+01	5.466740580000000e-03
5.354772000014782e+01	5.500353870000000e-03
5.359473650017753e+01	5.524363370000000e-03
5.362073600012809e+01	5.539729260000000e-03
5.364500789996237e+01	5.567388140000000e-03
5.368974329996854e+01	5.580257160000000e-03
5.371323690004647e+01	5.597735760000000e-03
5.375103159993887e+01	5.626931320000000e-03
5.379789859987795e+01	5.664770030000000e-03
5.384224219992757e+01	5.683209280000000e-03
5.388843110017478e+01	5.715862380000000e-03
5.391996649978682e+01	5.740831610000000e-03
5.395107760000974e+01	5.780591160000000e-03
5.399851199984550e+01	5.818429870000000e-03
5.404539270000532e+01	5.855692550000000e-03
5.409110919991508e+01	5.877781190000000e-03
5.413717160001397e+01	5.918117240000000e-03
5.416937030013651e+01	5.943662950000000e-03
5.419357859995216e+01	5.964983720000000e-03
5.422025799984112e+01	5.982846490000000e-03
5.424552220012993e+01	6.018956190000000e-03
5.429165229992941e+01	6.040276490000000e-03
5.435298309987411e+01	6.100588480000000e-03
5.438986260024831e+01	6.114801390000000e-03
5.441609859978780e+01	6.130360070000000e-03
5.444215850019827e+01	6.144381590000000e-03
5.448882570024580e+01	6.173000670000000e-03
5.452502339985222e+01	6.196434140000000e-03
5.455102369980887e+01	6.225245070000000e-03
5.460308620007709e+01	6.256553340000000e-03
5.464329280005768e+01	6.267310120000000e-03
5.468940509995446e+01	6.286324930000000e-03
5.471263520000502e+01	6.295544100000000e-03
5.474336900003254e+01	6.303995380000000e-03
5.479004319990054e+01	6.323011590000000e-03
5.482219169987366e+01	6.344139110000000e-03
5.485644630016759e+01	6.379480940000000e-03
5.489004730014130e+01	6.398304370000000e-03
5.491605769982561e+01	6.417896130000000e-03
5.494107219995931e+01	6.432686470000000e-03
5.498779699997976e+01	6.462649440000000e-03
5.501099009998143e+01	6.481089160000000e-03
5.505820690002292e+01	6.506634880000000e-03
5.510426220018417e+01	6.531989200000000e-03
5.512749589979649e+01	6.548698990000000e-03
5.515136130014434e+01	6.573669610000000e-03
5.519076680019498e+01	6.589996160000000e-03
5.522703409986570e+01	6.618230600000000e-03
5.525040270015597e+01	6.651267870000000e-03
5.528918260009959e+01	6.674700880000000e-03
5.531334820017219e+01	6.701399110000000e-03
5.535147160012275e+01	6.752874700000000e-03
5.539147000014782e+01	6.776884660000000e-03
5.541947080008686e+01	6.806848570000000e-03
5.544253259990364e+01	6.831626410000000e-03
5.548824789980426e+01	6.888864100000000e-03
5.551181010017172e+01	6.925358900000000e-03
5.554205679986626e+01	6.959355900000000e-03
5.558879479998723e+01	7.025813680000000e-03
5.561969710001722e+01	7.069606800000000e-03
5.564340319996700e+01	7.101299240000000e-03
5.569014019984752e+01	7.166989150000000e-03
5.571422749990597e+01	7.197912780000000e-03
5.573846440017223e+01	7.228645030000000e-03
5.576211840007454e+01	7.265331220000000e-03
5.579099219990894e+01	7.297599690000000e-03
5.584060940006748e+01	7.364250250000000e-03
5.586456240015104e+01	7.399784400000000e-03
5.589872010005638e+01	7.464320860000000e-03
5.594555119983852e+01	7.527706210000000e-03
5.598964839987457e+01	7.555172780000000e-03
5.602246779995039e+01	7.587440780000000e-03
5.612023360002786e+01	7.670802060000000e-03
5.614597300020978e+01	7.709601430000000e-03
5.618945580022410e+01	7.730921730000000e-03
5.622643119981512e+01	7.762037680000000e-03
5.624977419991046e+01	7.794306150000000e-03
5.628912620013580e+01	7.810824550000000e-03
5.631217559985816e+01	7.826766930000000e-03
5.633644710015506e+01	7.845781740000000e-03
5.635990530019626e+01	7.867486220000001e-03
5.639032780006528e+01	7.886886600000000e-03
5.641490599978715e+01	7.902252489999999e-03
5.644278739998117e+01	7.915889840000001e-03
5.648877640021965e+01	7.942971770000000e-03
5.651192970015109e+01	7.958337660000000e-03
5.654312120005488e+01	7.973127999999999e-03
5.660161009989679e+01	8.001746610000001e-03
5.662583849998191e+01	8.014424700000000e-03
5.664896349981427e+01	8.033632299999999e-03
5.668936640024185e+01	8.046116680000000e-03
5.671306560002267e+01	8.059562180000000e-03
5.674226719979197e+01	8.070894520000000e-03
5.678912020009011e+01	8.091254160000000e-03
5.681292460020632e+01	8.105276150000000e-03
5.684224619995803e+01	8.116800340000001e-03
5.689962420007214e+01	8.142730220000000e-03
5.692343890015036e+01	8.154062550000001e-03
5.694662629999220e+01	8.173462930000000e-03
5.699187309993431e+01	8.183258590000001e-03
5.705657779984176e+01	8.215527049999999e-03
5.710059250006452e+01	8.233966310000000e-03
5.713977929996327e+01	8.240880440000001e-03
5.717875239998102e+01	8.254133160000000e-03
5.720927210012451e+01	8.263929749999999e-03
5.723252469999716e+01	8.272381500000000e-03
5.725673029990867e+01	8.280832320000001e-03
5.730316400015727e+01	8.293893190000000e-03
5.734129970008507e+01	8.298886940000000e-03
5.739374449988827e+01	8.314829320000000e-03
5.744163809996098e+01	8.318287319999999e-03
5.748773080017418e+01	8.327890189999999e-03
5.751170080015436e+01	8.331156340000000e-03
5.754074880015105e+01	8.333653210000000e-03
5.758112420001999e+01	8.342488670000000e-03
5.760545070003718e+01	8.349403740000001e-03
5.764289679983631e+01	8.351132270000000e-03
5.768840399989858e+01	8.356126029999999e-03
5.772074409993365e+01	8.361888119999999e-03
5.774446249986067e+01	8.366305379999999e-03
5.778935710014775e+01	8.368033920000000e-03
5.781300120009109e+01	8.369378750000000e-03
5.784442979982123e+01	8.370915430000000e-03
5.788948820019141e+01	8.373027670000000e-03
5.792170930001885e+01	8.371875620000000e-03
5.795282759983093e+01	8.372643960000000e-03
5.798966450011358e+01	8.371491920000000e-03
5.801351859979331e+01	8.370915430000000e-03
5.804538899986073e+01	8.365345190000000e-03
5.809043559990823e+01	8.363616650000001e-03
5.811411690013483e+01	8.360735140000001e-03
5.813732929993421e+01	8.358431050000000e-03
5.816081999987364e+01	8.354205639999999e-03
5.819057630002499e+01	8.350747640000000e-03
5.824733870010823e+01	8.332884870000000e-03
5.829334829980507e+01	8.326930930000000e-03
5.834013679996133e+01	8.316942490000000e-03
5.836357610020787e+01	8.311179470000001e-03
5.839140469999984e+01	8.310027419999999e-03
5.842030690005049e+01	8.312717080000000e-03
5.844434730010107e+01	8.330579850000000e-03
5.849583340017125e+01	8.358814750000000e-03
5.854333399981260e+01	8.367842990000001e-03
5.860436009988189e+01	8.368995040000000e-03
5.865097690001130e+01	8.363040160000000e-03
5.869094110000879e+01	8.362079970000000e-03
5.872807179996744e+01	8.354012850000000e-03
5.875133050000295e+01	8.337110280000001e-03
5.879092579986900e+01	8.329427800000001e-03
5.884110879991204e+01	8.302536790000000e-03
5.888774150004610e+01	8.270652959999999e-03
5.891178830014542e+01	8.247027170000001e-03
5.893977549998090e+01	8.228203280000001e-03
5.896365500008687e+01	8.203618229999999e-03
5.899361700005829e+01	8.173077370000000e-03
5.901979340007529e+01	8.148300460000001e-03
5.905583970015869e+01	8.091254160000000e-03
5.910226120008156e+01	8.019225670000000e-03
5.914126760000363e+01	7.980426770000000e-03
5.918718149978667e+01	7.905133070000001e-03
5.921268999995664e+01	7.853848860000000e-03
5.924341489979997e+01	7.812936790000001e-03
5.928895170008764e+01	7.742830090000000e-03
5.931251619989052e+01	7.704607680000000e-03
5.935069999983534e+01	7.624703930000000e-03
5.939030400011688e+01	7.588210050000000e-03
5.942885129991919e+01	7.524632850000000e-03
5.945216340012848e+01	7.460287770000000e-03
5.948915929999202e+01	7.410155610000000e-03
5.952263869997114e+01	7.342545780000000e-03
5.955319429980591e+01	7.258608940000000e-03
5.959897449985147e+01	7.198105570000000e-03
5.962980169989169e+01	7.145092360000000e-03
5.965300450008363e+01	7.066341580000000e-03
5.968987540015951e+01	7.009295750000000e-03
5.972321309987456e+01	6.929776170000000e-03
5.975501149985939e+01	6.826247550000000e-03
5.980150930024683e+01	6.699862890000000e-03
5.984265690017492e+01	6.640127390000000e-03
5.988852640008554e+01	6.525458300000000e-03
5.991267530014738e+01	6.473982710000000e-03
5.993703019991517e+01	6.428460120000000e-03
5.997180589986965e+01	6.347789430000000e-03
5.999532839981839e+01	6.222364030000000e-03
6.005178509978577e+01	6.078499830000000e-03
