# [General]
# timestamp=2025-04-09T14:58:15.789067
# comments='# '
# delimiter='\t'
# column_dtypes=float;;float
# column_headers='Time (s);;Power (W)'
# 
# [Metadata]
# scanner_x=-5.0978161682
# scanner_y=3.5706164072
# start recoding time='09.04.2025, 14:57:15.753305'
# sample rate (hz)=50.0
# sample timing='TIMESTAMP'
# 
# ---- END HEADER ----
2.066400367766619e-03	3.511416490000000e-03
3.973940014839172e-02	3.335091980000000e-03
7.157140038907528e-02	3.263639980000000e-03
1.041743000969291e-01	3.269018140000000e-03
1.344011002220213e-01	3.125537890000000e-03
1.809464003890753e-01	3.096726720000000e-03
2.263763002119958e-01	2.914831280000000e-03
2.715710001066327e-01	2.849718090000000e-03
3.033413002267480e-01	2.873535270000000e-03
3.344901003874838e-01	2.708350770000000e-03
3.810197003185749e-01	2.697786780000000e-03
4.288833001628518e-01	2.519733040000000e-03
4.736339002847672e-01	2.474787410000000e-03
5.372853004373610e-01	2.327081750000000e-03
5.840035001747310e-01	2.328426340000000e-03
6.139343003742397e-01	2.220672090000000e-03
6.455167001113296e-01	2.144034250000000e-03
6.766213001683354e-01	2.137311500000000e-03
7.248458000831306e-01	2.060481580000000e-03
7.718984000384808e-01	1.921226970000000e-03
8.032607003115118e-01	1.950230330000000e-03
8.334261002019048e-01	1.803101040000000e-03
8.808093001134694e-01	1.837290360000000e-03
9.101398000493646e-01	1.681901630000000e-03
9.414109000936151e-01	1.634074960000000e-03
9.727100003510714e-01	1.595852080000000e-03
1.006357500329614e+00	1.572611040000000e-03
1.035870700143278e+00	1.463320110000000e-03
1.082136800047010e+00	1.490018680000000e-03
1.127514500170946e+00	1.333093270000000e-03
1.174489300232381e+00	1.317727380000000e-03
1.206714900210500e+00	1.262409730000000e-03
1.237669900059700e+00	1.187308230000000e-03
1.284586700145155e+00	1.210741580000000e-03
1.331578700337559e+00	1.053624090000000e-03
1.377900100313127e+00	1.076673160000000e-03
1.439439600333571e+00	9.111043180000000e-04
1.485487700439990e+00	9.178269540000000e-04
1.516952100209892e+00	9.061103920000000e-04
1.547665600199252e+00	8.048868620000000e-04
1.577913300134242e+00	8.381158110000000e-04
1.625547400210053e+00	7.564839320000000e-04
1.671511200256646e+00	6.575654260000000e-04
1.702393100131303e+00	7.169166350000000e-04
1.734944800380617e+00	5.847689460000000e-04
1.780473400373012e+00	6.454645770000000e-04
1.811685200314969e+00	5.163903120000000e-04
1.842824900057167e+00	4.893076840000000e-04
1.874740800354630e+00	4.987192220000000e-04
1.920690800063312e+00	5.165823390000000e-04
1.952050800435245e+00	4.044296510000000e-04
2.076927300076932e+00	3.565511720000000e-04
2.107921299990267e+00	2.873145860000000e-04
2.138911200221628e+00	2.654382550000000e-04
2.185535300057381e+00	2.857602080000000e-04
2.231637500226498e+00	2.297069300000000e-04
2.278475700411946e+00	2.380928640000000e-04
2.308766800444573e+00	1.574191410000000e-04
2.340591700281948e+00	1.709863140000000e-04
2.386425500269979e+00	1.787197540000000e-04
2.432746800128371e+00	1.065854960000000e-04
2.479698800016195e+00	1.227624450000000e-04
2.529656800441444e+00	7.148744040000000e-05
2.572122000157833e+00	4.698212800000000e-05
2.603117200080305e+00	7.879873010000000e-05
2.633396300021559e+00	4.335525950000000e-05
2.679643300361931e+00	3.579450280000000e-05
2.726340300403535e+00	2.199706430000000e-05
2.772147900424898e+00	1.332330610000000e-05
2.803650900255889e+00	1.668150980000000e-05
2.834473800379783e+00	7.201767400000000e-06
2.880683200433850e+00	5.244415210000000e-06
2.911885400302708e+00	9.002305890000000e-07
3.037863900419325e+00	6.850586940000000e-07
3.066404000390321e+00	7.081121110000000e-07
3.097904100082815e+00	6.408718600000000e-07
3.129114000126719e+00	9.424955460000000e-07
3.175181700382382e+00	1.232593380000000e-06
3.205341400112957e+00	1.425624210000000e-05
3.235470200423151e+00	2.766796570000000e-05
3.280702800024301e+00	3.933718840000000e-05
3.326826200354844e+00	3.881270820000000e-05
3.373188600409776e+00	2.944313200000000e-05
3.435258800163865e+00	5.166152550000000e-05
3.480671700090170e+00	6.806452440000000e-05
3.513797800056636e+00	5.369221250000000e-05
3.543097699992359e+00	6.327887240000000e-05
3.574164600111544e+00	6.570724510000000e-05
3.636413100175560e+00	2.177517310000000e-04
3.743586400058120e+00	2.602570460000000e-04
3.774275500327349e+00	2.525235470000000e-04
3.835767600219697e+00	3.170587010000000e-04
3.867251900024712e+00	2.966600000000000e-04
3.897766800131649e+00	3.899030270000000e-04
3.928096800111234e+00	3.482420290000000e-04
3.975225100293756e+00	4.183230340000000e-04
4.037636700086296e+00	4.251929640000000e-04
4.083461600355804e+00	5.674081620000000e-04
4.128859500400722e+00	4.948517310000000e-04
4.159710100386292e+00	6.254188480000000e-04
4.190359700005502e+00	6.623783270000000e-04
4.236488400027156e+00	6.134060100000000e-04
4.283535500057042e+00	7.552375320000000e-04
4.330721000209451e+00	7.182587870000000e-04
4.379105200059712e+00	1.016361640000000e-03
4.536572000011802e+00	1.039410480000000e-03
4.565748600289226e+00	1.013480480000000e-03
4.597243400290608e+00	1.131414550000000e-03
4.628284899983555e+00	1.092999360000000e-03
4.675684000365436e+00	1.211509690000000e-03
4.706803900189698e+00	1.182890610000000e-03
4.738220200408250e+00	1.234750850000000e-03
4.785219300072640e+00	1.405121410000000e-03
4.831713700201362e+00	1.371124060000000e-03
4.878185400273651e+00	1.552251050000000e-03
4.924213200341910e+00	1.536692960000000e-03
4.970417700242251e+00	1.564927980000000e-03
5.001603400334716e+00	1.698612120000000e-03
5.031836100388318e+00	1.684014450000000e-03
5.077574700117111e+00	1.869366970000000e-03
5.125551900360733e+00	1.835945760000000e-03
5.171626000199467e+00	1.905092850000000e-03
5.203342700377107e+00	1.998825460000000e-03
5.234486800152808e+00	2.021682450000000e-03
5.280599000398070e+00	2.172653560000000e-03
5.312092500273138e+00	2.160168490000000e-03
5.343003200367093e+00	2.195702170000000e-03
5.373621500097215e+00	2.295581620000000e-03
5.435440400149673e+00	2.382975770000000e-03
5.481674400158226e+00	2.584462520000000e-03
5.527781100012362e+00	2.572169530000000e-03
5.575787800364196e+00	2.712960820000000e-03
5.606546100229025e+00	2.693369290000000e-03
5.638621800113469e+00	2.767702100000000e-03
5.686450500041246e+00	2.974566770000000e-03
5.731660000048578e+00	2.972069890000000e-03
5.779609000310302e+00	3.170867450000000e-03
5.824806200340390e+00	3.159150950000000e-03
5.871698700357229e+00	3.254612210000000e-03
5.903346600010991e+00	3.344503230000000e-03
5.936015600338578e+00	3.389256770000000e-03
5.982195400167257e+00	3.595545420000000e-03
6.029110300354660e+00	3.613600740000000e-03
6.075826700311154e+00	3.760537830000000e-03
6.121745400130749e+00	3.846971780000000e-03
6.152240300085396e+00	3.873670010000000e-03
6.183758100029081e+00	3.951268270000000e-03
6.214782500173897e+00	4.058062100000000e-03
6.246539400424808e+00	4.056141250000000e-03
6.276967000216246e+00	4.274531270000000e-03
6.338666300289333e+00	4.293737930000000e-03
6.385727800428867e+00	4.495800940000000e-03
6.432546800002456e+00	4.524420480000000e-03
6.478510300163180e+00	4.703434180000000e-03
6.509346200153232e+00	4.675775770000000e-03
6.539753700140864e+00	4.762401340000000e-03
6.586426400113851e+00	4.978293550000000e-03
6.632529900409281e+00	5.007873750000000e-03
6.679591100197285e+00	5.236250810000000e-03
6.726003400050104e+00	5.247775000000000e-03
6.788528100121766e+00	5.350727590000000e-03
6.819062100257725e+00	5.532046310000000e-03
6.850615800358355e+00	5.524939390000000e-03
6.881318100262433e+00	5.734301170000000e-03
6.929058799985796e+00	5.757542330000000e-03
6.976283600088209e+00	5.973626860000000e-03
7.040351100265980e+00	6.009160540000000e-03
7.086234400048852e+00	6.109039760000000e-03
7.115888200234622e+00	6.281523030000000e-03
7.147333000320941e+00	6.264428140000000e-03
7.179153900127858e+00	6.487427280000000e-03
7.224934100173414e+00	6.484162530000000e-03
7.287755300290883e+00	6.753835360000000e-03
7.332519000396132e+00	6.789561360000000e-03
7.379515300039202e+00	6.970880550000000e-03
7.411656400188804e+00	6.994890050000000e-03
7.443353600334376e+00	7.051744030000000e-03
7.473815200384706e+00	7.195224520000000e-03
7.521291900426149e+00	7.322954010000000e-03
7.552246100269258e+00	7.374045900000000e-03
7.584251000080258e+00	7.538462060000000e-03
7.634711000137031e+00	7.578414400000000e-03
7.674577100202441e+00	7.736875680000000e-03
7.705691200215369e+00	7.738412360000000e-03
7.736636500339955e+00	7.848087700000001e-03
7.783635900355875e+00	8.070702660000000e-03
7.829657100141048e+00	8.121026680000001e-03
7.876553400419652e+00	8.355549540000000e-03
7.922218200284988e+00	8.370530790000000e-03
7.953167800325900e+00	8.464840240000000e-03
7.984704700298607e+00	8.920235560000000e-03
8.079797200392932e+00	8.912617340000000e-03
8.111071700230241e+00	8.901189080000000e-03
8.141477400436997e+00	8.952616710000000e-03
8.172996900044382e+00	9.074522180000001e-03
8.204081700183451e+00	9.125949810000001e-03
8.235189600382000e+00	9.200236759999999e-03
8.281323800329119e+00	9.434523060000000e-03
8.330918400082737e+00	9.457379580000000e-03
8.373646700289100e+00	9.621190840000000e-03
8.435279100202024e+00	9.724047970000000e-03
8.481309500057250e+00	9.884049180000000e-03
8.512424000073224e+00	9.952620600000000e-03
8.546472300309688e+00	9.986905379999999e-03
8.575489800423384e+00	1.015643030000000e-02
8.623349500354379e+00	1.022119170000000e-02
8.670258400030434e+00	1.032976340000000e-02
8.701468400191516e+00	1.044595520000000e-02
8.732414200436324e+00	1.051452660000000e-02
8.779167500324547e+00	1.068214700000000e-02
8.810660100076348e+00	1.069738530000000e-02
8.841704600024968e+00	1.076786130000000e-02
8.873053000308573e+00	1.089928950000000e-02
8.904785600025207e+00	1.092786160000000e-02
8.935894900001585e+00	1.102500410000000e-02
8.982780200429261e+00	1.122500560000000e-02
9.029485300183296e+00	1.127452960000000e-02
9.076747400220484e+00	1.146119740000000e-02
9.107946200296283e+00	1.142119520000000e-02
9.139158300124109e+00	1.152024420000000e-02
9.185730700381100e+00	1.174500680000000e-02
9.231937400065362e+00	1.176786330000000e-02
9.277330300305039e+00	1.199453140000000e-02
9.323678000364453e+00	1.198119860000000e-02
9.370637500192970e+00	1.210310310000000e-02
9.402873100247234e+00	1.219072290000000e-02
9.434511300176382e+00	1.225548420000000e-02
9.480656900443137e+00	1.249358150000000e-02
9.526880200020969e+00	1.249548610000000e-02
9.573623900301754e+00	1.264024710000000e-02
9.636472200043499e+00	1.273739060000000e-02
9.681814800016582e+00	1.286691520000000e-02
9.713220600038767e+00	1.295453590000000e-02
9.745361800305545e+00	1.295453590000000e-02
9.775437100324780e+00	1.312215530000000e-02
9.836779900360852e+00	1.320025050000000e-02
9.884031900204718e+00	1.338691640000000e-02
9.930666700005531e+00	1.339644190000000e-02
9.978985300287604e+00	1.355834680000000e-02
1.000944020040333e+01	1.354691850000000e-02
1.004049960011616e+01	1.362691820000000e-02
1.008700940012932e+01	1.381929960000000e-02
1.013402870018035e+01	1.382882240000000e-02
1.018053320003673e+01	1.400596740000000e-02
1.022696580039337e+01	1.403834760000000e-02
1.027425350015983e+01	1.418882420000000e-02
1.030564680043608e+01	1.414691940000000e-02
1.033644250035286e+01	1.424215920000000e-02
1.038334100041538e+01	1.439073030000000e-02
1.042954560043290e+01	1.442882510000000e-02
1.047633630037308e+01	1.462120660000000e-02
1.052285310020670e+01	1.460025550000000e-02
1.055443390039727e+01	1.472406460000000e-02
1.058465120010078e+01	1.468215980000000e-02
1.061477410001680e+01	1.483835000000000e-02
1.064571920037270e+01	1.479834970000000e-02
1.067777140019462e+01	1.499835120000000e-02
1.072467210004106e+01	1.493739800000000e-02
1.077165630040690e+01	1.508025640000000e-02
1.080259640002623e+01	1.508977920000000e-02
1.083553430018947e+01	1.514121050000000e-02
1.088048330042511e+01	1.526502050000000e-02
1.091247790027410e+01	1.532787640000000e-02
1.094445670023561e+01	1.529739980000000e-02
1.097427570028231e+01	1.544216370000000e-02
1.104183280002326e+01	1.548977940000000e-02
1.108417140040547e+01	1.562692220000000e-02
1.113213360030204e+01	1.560406670000000e-02
1.117956080008298e+01	1.574121040000000e-02
1.120976990042254e+01	1.573359030000000e-02
1.124287510011345e+01	1.576406690000000e-02
1.127236410044134e+01	1.586120950000000e-02
1.130377370025963e+01	1.584216210000000e-02
1.133510790020227e+01	1.588787510000000e-02
1.138265250017866e+01	1.601168510000000e-02
1.142827380029485e+01	1.602120880000000e-02
1.147512930026278e+01	1.616407000000000e-02
1.150714980019256e+01	1.608978210000000e-02
1.153823200007901e+01	1.613549520000000e-02
1.158490380039439e+01	1.623835600000000e-02
1.163172570010647e+01	1.624787970000000e-02
1.167906390037388e+01	1.639835540000000e-02
1.172421420039609e+01	1.632406940000000e-02
1.178460520040244e+01	1.639835540000000e-02
1.181477360008284e+01	1.652216540000000e-02
1.184678010037169e+01	1.645930860000000e-02
1.187804060010239e+01	1.659835500000000e-02
1.192468770034611e+01	1.652787810000000e-02
1.197090870002285e+01	1.661930790000000e-02
1.200145610002801e+01	1.663454440000000e-02
1.203281210036948e+01	1.662692800000000e-02
1.207981810020283e+01	1.670311760000000e-02
1.211063230037689e+01	1.671835590000000e-02
1.214145820029080e+01	1.670502130000000e-02
1.217264660028741e+01	1.679454930000000e-02
1.220393570000306e+01	1.674121250000000e-02
1.223450750019401e+01	1.679645110000000e-02
1.228066300041974e+01	1.685930790000000e-02
1.232652330026031e+01	1.682502220000000e-02
1.237338540004566e+01	1.692978480000000e-02
1.240432900004089e+01	1.683835500000000e-02
1.243581800023094e+01	1.687264070000000e-02
1.248163910023868e+01	1.698692890000000e-02
1.252868360001594e+01	1.690883190000000e-02
1.257679120032117e+01	1.697740520000000e-02
1.263745330041274e+01	1.695264130000000e-02
1.268345330003649e+01	1.695835780000000e-02
1.271451140008867e+01	1.706311850000000e-02
1.274824550002813e+01	1.698121430000000e-02
1.277735610026866e+01	1.699835810000000e-02
1.284067160030827e+01	1.699264160000000e-02
1.288653830019757e+01	1.706692760000000e-02
1.293316200003028e+01	1.699454900000000e-02
1.297877870034426e+01	1.705359480000000e-02
1.300928990030661e+01	1.702311820000000e-02
1.303964070044458e+01	1.699454900000000e-02
1.308716300036758e+01	1.707264040000000e-02
1.313412870001048e+01	1.698883060000000e-02
1.318023400008678e+01	1.701169090000000e-02
1.322914160043001e+01	1.696216500000000e-02
1.327372140018269e+01	1.705359480000000e-02
1.330491060018539e+01	1.694121400000000e-02
1.333582500042394e+01	1.693549750000000e-02
1.338263740018010e+01	1.697359420000000e-02
1.342962090019137e+01	1.690311730000000e-02
1.347580390004441e+01	1.698502530000000e-02
1.353730850014836e+01	1.687073890000000e-02
1.358358800038695e+01	1.682883130000000e-02
1.361380270030349e+01	1.691835750000000e-02
1.364566410006955e+01	1.680597480000000e-02
1.367665090039372e+01	1.685549880000000e-02
1.372309850016609e+01	1.675264160000000e-02
1.375449650036171e+01	1.683645140000000e-02
1.378643420012668e+01	1.670311760000000e-02
1.383380530029535e+01	1.668026110000000e-02
1.388015240011737e+01	1.669168840000000e-02
1.391138130007312e+01	1.669549760000000e-02
1.394103320036083e+01	1.660597510000000e-02
1.397298020031303e+01	1.666311920000000e-02
1.400348940026015e+01	1.655264200000000e-02
1.403440530039370e+01	1.652216540000000e-02
1.408058260008693e+01	1.653930920000000e-02
1.412842970015481e+01	1.642883200000000e-02
1.417355210008100e+01	1.649549790000000e-02
1.420460540009663e+01	1.636025870000000e-02
1.423593560000882e+01	1.637549880000000e-02
1.428273650025949e+01	1.631454560000000e-02
1.432906240038574e+01	1.623073590000000e-02
1.437523680040613e+01	1.628597270000000e-02
1.443695420026779e+01	1.610692590000000e-02
1.448295370023698e+01	1.606311650000000e-02
1.451361520029604e+01	1.612216230000000e-02
1.454570150002837e+01	1.598882860000000e-02
1.457764120027423e+01	1.595454290000000e-02
1.462429150007665e+01	1.586882960000000e-02
1.467176320031285e+01	1.589549520000000e-02
1.470351720042527e+01	1.576406690000000e-02
1.473346810042858e+01	1.572216300000000e-02
1.478050090000033e+01	1.569359380000000e-02
1.481207810016349e+01	1.570311370000000e-02
1.484227580018342e+01	1.557359010000000e-02
1.487264570035040e+01	1.561739950000000e-02
1.490429110033438e+01	1.547264030000000e-02
1.493457530019805e+01	1.542311350000000e-02
1.498052290035412e+01	1.534883030000000e-02
1.502762440033257e+01	1.527263690000000e-02
1.507484000036493e+01	1.531454360000000e-02
1.510555110033602e+01	1.515263690000000e-02
1.513759050006047e+01	1.513168400000000e-02
1.518352850014344e+01	1.504025610000000e-02
1.523053050041199e+01	1.493549350000000e-02
1.527720110025257e+01	1.485549290000000e-02
1.532479410013184e+01	1.476977860000000e-02
1.537158210016787e+01	1.477739870000000e-02
1.540348320035264e+01	1.462501660000000e-02
1.543446760019287e+01	1.457358900000000e-02
1.548064950015396e+01	1.452787410000000e-02
1.552693260041997e+01	1.438120750000000e-02
1.557461140025407e+01	1.441549230000000e-02
1.563617380009964e+01	1.419263430000000e-02
1.568227820005268e+01	1.409930080000000e-02
1.571261500008404e+01	1.413739570000000e-02
1.574500840017572e+01	1.398310900000000e-02
1.577491730032489e+01	1.400787100000000e-02
1.583725680038333e+01	1.378310940000000e-02
1.588364670006558e+01	1.372025160000000e-02
1.592962240008637e+01	1.357929780000000e-02
1.597651370009407e+01	1.353168020000000e-02
1.600748070003465e+01	1.343834680000000e-02
1.603874160023406e+01	1.337739360000000e-02
1.608581650024280e+01	1.330120300000000e-02
1.613284670002759e+01	1.312786900000000e-02
1.617958390014246e+01	1.300596350000000e-02
1.622590430034325e+01	1.290501100000000e-02
1.627268980024382e+01	1.292786930000000e-02
1.630351980030537e+01	1.274120060000000e-02
1.633472859999165e+01	1.268405750000000e-02
1.638054610043764e+01	1.256215290000000e-02
1.642657000012696e+01	1.243643740000000e-02
1.647276460006833e+01	1.245548580000000e-02
1.650487410044298e+01	1.227453260000000e-02
1.653549080016091e+01	1.223072320000000e-02
1.658286800002679e+01	1.207834110000000e-02
1.661275369999930e+01	1.211453140000000e-02
1.664476740034297e+01	1.196596030000000e-02
1.667547680018470e+01	1.196596030000000e-02
1.672195740044117e+01	1.174500680000000e-02
1.675360590033233e+01	1.177548340000000e-02
1.678622980043292e+01	1.156405360000000e-02
1.683050260040909e+01	1.146691010000000e-02
1.687641989998519e+01	1.144405360000000e-02
1.690714590018615e+01	1.130881630000000e-02
1.693866970017552e+01	1.121929100000000e-02
1.698575520003214e+01	1.107071900000000e-02
1.703066640021279e+01	1.099643300000000e-02
1.707700350042433e+01	1.085928920000000e-02
1.713819670025259e+01	1.069928990000000e-02
1.718586280010641e+01	1.057738350000000e-02
1.721722400002182e+01	1.055833700000000e-02
1.724826850043610e+01	1.045928800000000e-02
1.727921230020002e+01	1.031071690000000e-02
1.732585940044373e+01	1.017547860000000e-02
1.737275270000100e+01	1.019452510000000e-02
1.740323410043493e+01	1.000595370000000e-02
1.743447090033442e+01	9.920239450000000e-03
1.748069410026073e+01	9.813572280000000e-03
1.751227420009673e+01	9.815477770000001e-03
1.754358100006357e+01	9.682143109999999e-03
1.757471920037642e+01	9.651666510000000e-03
1.762265100004151e+01	9.423094800000000e-03
1.765368390036747e+01	9.444046770000001e-03
1.768552350020036e+01	9.278331880000001e-03
1.773255900014192e+01	9.127855299999999e-03
1.777866820013151e+01	9.051664730000001e-03
1.780961730005220e+01	9.000235240000000e-03
1.784140840033069e+01	8.863092400000000e-03
1.787194510037079e+01	8.864996950000001e-03
1.790367900021374e+01	8.668805470000001e-03
1.793452860042453e+01	8.598330430000000e-03
1.798156360024586e+01	8.426900950000000e-03
1.802798930043355e+01	8.333567530000001e-03
1.807592100044712e+01	8.253565990000000e-03
1.810814620042220e+01	8.175470870000000e-03
1.813684280030429e+01	8.070710120000000e-03
1.818345300015062e+01	7.895469670000000e-03
1.822943170042709e+01	7.798326670000000e-03
1.827638400020078e+01	7.638326850000000e-03
1.833779240027070e+01	7.529755120000000e-03
1.838458760036156e+01	7.392612290000000e-03
1.841508050030097e+01	7.405945570000000e-03
1.844612480001524e+01	7.261182180000000e-03
1.847738810023293e+01	7.135467600000000e-03
1.852380030043423e+01	7.019277660000000e-03
1.856894590007141e+01	6.729825870000000e-03
1.869391000038013e+01	6.664328740000000e-03
1.872465500002727e+01	6.487235890000000e-03
1.877090910030529e+01	6.467067640000000e-03
1.880262430012226e+01	6.277873650000000e-03
1.883352290000767e+01	6.224860900000000e-03
1.887957080034539e+01	6.083109420000000e-03
1.892645630007610e+01	5.969017280000000e-03
1.897288970043883e+01	5.951730070000000e-03
1.903524940041825e+01	5.722200500000000e-03
1.908232080005109e+01	5.567580000000000e-03
1.911572630004957e+01	5.571613550000000e-03
1.914498000033200e+01	5.473271480000000e-03
1.917639390006661e+01	5.279851610000000e-03
1.923866969998926e+01	5.225686820000000e-03
1.928461420023814e+01	5.035148000000000e-03
1.933137010037899e+01	4.977141510000000e-03
1.937662680028006e+01	4.871307870000000e-03
1.940658300044015e+01	4.812724890000000e-03
1.943829960003495e+01	4.736279140000000e-03
1.948449110006914e+01	4.596064330000000e-03
1.953061420004815e+01	4.500219130000000e-03
1.957732190005481e+01	4.310064950000000e-03
1.964016040042043e+01	4.267040170000000e-03
1.968621080042794e+01	4.151602740000000e-03
1.971786050032824e+01	4.080151210000000e-03
1.974888790026307e+01	4.051531670000000e-03
1.978059580037370e+01	3.855423070000000e-03
1.982845440041274e+01	3.813742890000000e-03
1.987346710031852e+01	3.791846100000000e-03
1.993552590021864e+01	3.591896270000000e-03
1.998287840001285e+01	3.453409760000000e-03
2.001351530011743e+01	3.485486610000000e-03
2.003724440000951e+01	3.374467140000000e-03
2.007645610021427e+01	3.247313200000000e-03
2.012197040021420e+01	3.154349280000000e-03
2.015406269999221e+01	3.185465470000000e-03
2.018423740006983e+01	2.988204130000000e-03
2.022955260006711e+01	2.965539460000000e-03
2.027525490010157e+01	2.919249470000000e-03
2.030630850000307e+01	2.821675270000000e-03
2.033787950035185e+01	2.765205220000000e-03
2.038314749998972e+01	2.591377120000000e-03
2.042878470011055e+01	2.573898290000000e-03
2.047566260024905e+01	2.523190340000000e-03
2.052290170034394e+01	2.365112770000000e-03
2.057001250004396e+01	2.372411780000000e-03
2.060178690031171e+01	2.214717680000000e-03
2.063202600041404e+01	2.208187240000000e-03
2.067817590013146e+01	2.072774340000000e-03
2.072439720015973e+01	2.018801170000000e-03
2.078735620016232e+01	1.865141090000000e-03
2.083540820004418e+01	1.862067960000000e-03
2.088030770001933e+01	1.736450940000000e-03
2.091121430043131e+01	1.789271480000000e-03
2.094326340034604e+01	1.702837880000000e-03
2.097422320023179e+01	1.671145440000000e-03
2.103670970024541e+01	1.567232770000000e-03
2.108389120036736e+01	1.417414290000000e-03
2.113060490041971e+01	1.385145700000000e-03
2.117665130039677e+01	1.294870400000000e-03
2.120808510016650e+01	1.311772850000000e-03
2.123858130024746e+01	1.242433910000000e-03
2.128392020007595e+01	1.122579090000000e-03
2.132919250009581e+01	1.107981430000000e-03
2.137668960029259e+01	9.729525770000000e-04
2.143797010043636e+01	1.012520170000000e-03
2.148503630002961e+01	8.955462840000001e-04
2.151441340008751e+01	9.147538220000000e-04
2.154607620043680e+01	8.698083110000000e-04
2.157715130038559e+01	7.359319130000000e-04
2.164357500011101e+01	7.532187160000000e-04
2.168702050019056e+01	6.377815730000000e-04
2.173252680012956e+01	6.550683760000000e-04
2.178075500018895e+01	5.432806790000000e-04
2.181167130032554e+01	6.166534729999999e-04
2.184279180038720e+01	5.609515360000000e-04
2.187468340015039e+01	5.321404310000000e-04
2.193664680002257e+01	4.702921430000000e-04
2.198509800015017e+01	4.043336960000000e-04
2.207618000032380e+01	3.438667630000000e-04
2.210721270041540e+01	3.256173220000000e-04
2.213808220019564e+01	2.968518820000000e-04
2.218511020019650e+01	2.431589670000000e-04
2.223112470004708e+01	2.769904970000000e-04
2.226264209998772e+01	1.654980300000000e-04
2.228573870006949e+01	1.897155160000000e-04
2.232462309999391e+01	1.434489970000000e-04
2.237192550022155e+01	1.951461890000000e-04
2.240279980003834e+01	9.722090910000000e-05
2.243350970000029e+01	1.232421930000000e-04
2.248021360021085e+01	7.924010419999999e-05
2.252727970015258e+01	7.436590390000000e-05
2.255830820044503e+01	7.210150220000000e-05
2.258174040028825e+01	4.999492010000000e-05
2.263663100032136e+01	3.957488300000000e-05
2.268326040031388e+01	3.268575530000000e-05
2.272894980013371e+01	1.407169750000000e-05
2.277624880010262e+01	1.230624910000000e-05
2.283775340020657e+01	8.756142050000000e-06
2.286150020034984e+01	5.033327850000000e-06
2.289936210028827e+01	3.325443910000000e-06
2.292337130010128e+01	7.273235950000000e-07
2.304009410040453e+01	6.351080510000001e-07
2.307085860008374e+01	6.293442990000000e-07
2.309424560004845e+01	6.312661180000000e-07
2.312140430044383e+01	6.216586140000000e-07
2.314749120036140e+01	6.370281650000000e-07
2.318000130029395e+01	6.788633530000000e-06
2.322617260040715e+01	1.279807020000000e-05
2.327210450032726e+01	4.413436180000000e-05
2.329549340019003e+01	3.281287720000000e-05
2.333461950020865e+01	4.229580010000000e-05
2.338159110024571e+01	4.039575650000000e-05
2.342876010015607e+01	5.437039000000000e-05
2.345978680020198e+01	4.680095660000000e-05
2.349173280037940e+01	5.962864090000000e-05
2.352345770038664e+01	5.274698920000000e-05
2.358485530037433e+01	6.481389570000000e-05
2.363240840006620e+01	2.330843270000000e-04
2.373984280042350e+01	1.945321270000000e-04
2.377154760016128e+01	3.037218120000000e-04
2.380266120005399e+01	2.384382820000000e-04
2.383350840024650e+01	3.380522540000000e-04
2.388064820040017e+01	3.254446200000000e-04
2.392686130013317e+01	4.172867630000000e-04
2.397419230034575e+01	4.265746390000000e-04
2.403702570032328e+01	5.227344810000000e-04
2.408389920042828e+01	4.872334540000000e-04
2.411504370020702e+01	5.356683400000000e-04
2.414624820044264e+01	6.085126080000000e-04
2.417755570029840e+01	5.634551050000000e-04
2.423836480034515e+01	7.113313190000000e-04
2.428554810024798e+01	6.646234540000000e-04
2.433174610044807e+01	8.210391390000000e-04
2.437979740044102e+01	7.494614110000000e-04
2.440964110009372e+01	1.002916370000000e-03
2.451948700007051e+01	9.281990929999999e-04
2.455145920021459e+01	1.064764340000000e-03
2.458083430025727e+01	1.027693970000000e-03
2.462835590029135e+01	1.190381710000000e-03
2.467147160042077e+01	1.218232440000000e-03
2.470570390019566e+01	1.239937030000000e-03
2.472898750007153e+01	1.306010880000000e-03
2.476695230044425e+01	1.345578120000000e-03
2.479704290023074e+01	1.301977080000000e-03
2.482817660039291e+01	1.476381440000000e-03
2.487544950004667e+01	1.446033600000000e-03
2.492157160025090e+01	1.495396720000000e-03
2.494566820003092e+01	1.621590110000000e-03
2.498494470026344e+01	1.605839930000000e-03
2.503164350008592e+01	1.748167440000000e-03
2.505498250015080e+01	1.733761860000000e-03
2.507893180008978e+01	1.766414610000000e-03
2.512680850038305e+01	1.955416520000000e-03
2.517293210001662e+01	1.960794670000000e-03
2.520383950043470e+01	1.994599820000000e-03
2.523597150016576e+01	2.120601010000000e-03
2.528316940041259e+01	2.109268680000000e-03
2.532960370043293e+01	2.266962310000000e-03
2.536067140009254e+01	2.225666070000000e-03
2.539164190040901e+01	2.301727890000000e-03
2.543842310039327e+01	2.489000790000000e-03
2.548557070037350e+01	2.475555990000000e-03
2.553076039999723e+01	2.674929800000000e-03
2.557574240025133e+01	2.678003160000000e-03
2.563864450016990e+01	2.745421140000000e-03
2.566959460033104e+01	2.913871080000000e-03
2.570153150008991e+01	2.893703520000000e-03
2.573259190004319e+01	3.076174300000000e-03
2.577883770037442e+01	3.083665390000000e-03
2.582622280018404e+01	3.281118810000000e-03
2.587280790042132e+01	3.291682570000000e-03
2.590469510015100e+01	3.365247510000000e-03
2.593560390034690e+01	3.382726340000000e-03
2.596680400008336e+01	3.530240150000000e-03
2.599882640037686e+01	3.511416490000000e-03
2.603065140033141e+01	3.712903480000000e-03
2.607793750008568e+01	3.713095560000000e-03
2.612370380014181e+01	3.834102770000000e-03
2.617304500006139e+01	3.943777180000000e-03
2.620194100029767e+01	3.978542980000000e-03
2.623347190022469e+01	4.070547410000000e-03
2.626428490038961e+01	4.161206540000000e-03
2.629563210019842e+01	4.176764280000000e-03
2.632689770031720e+01	4.389584060000000e-03
2.637384630041197e+01	4.385165870000000e-03
2.643558240029961e+01	4.628332800000000e-03
2.648261820012704e+01	4.638705400000000e-03
2.652923620026559e+01	4.817334940000000e-03
2.656073770020157e+01	4.807539280000000e-03
2.659128750022501e+01	4.898006560000000e-03
2.663829770032316e+01	5.108712710000000e-03
2.668474550032988e+01	5.123310720000000e-03
2.673066010000184e+01	5.358410530000000e-03
2.677796850027516e+01	5.388950460000000e-03
2.683871510019526e+01	5.475768350000000e-03
2.687183240009472e+01	5.625778810000000e-03
2.690315580042079e+01	5.697998680000000e-03
2.693272980023175e+01	5.856460890000000e-03
2.697783660003915e+01	5.898525010000000e-03
2.702517140004784e+01	6.038356110000000e-03
2.707166940020397e+01	6.138234860000000e-03
2.710548030026257e+01	6.251367270000000e-03
2.713485740032047e+01	6.248486230000000e-03
2.716454360028729e+01	6.391005590000000e-03
2.719643480004743e+01	6.417511960000000e-03
2.722812720015645e+01	6.628218570000000e-03
2.727369430009276e+01	6.621687670000000e-03
2.733665930014104e+01	6.891553290000000e-03
2.738285739999264e+01	6.942645180000000e-03
2.742902470007539e+01	7.100531370000000e-03
2.746082970034331e+01	7.107446440000000e-03
2.749151400011033e+01	7.178705190000000e-03
2.752349490020424e+01	7.318728600000000e-03
2.757271040044725e+01	7.422640920000000e-03
2.769776020012796e+01	7.709408640000000e-03
2.772585789998993e+01	7.898218929999999e-03
2.775124860042706e+01	7.925109010000000e-03
2.778758350014687e+01	8.000018080000001e-03
2.783358430024236e+01	8.214758710000001e-03
2.788022380042821e+01	8.244530300000000e-03
2.792700760019943e+01	8.486544710000000e-03
2.797397290030494e+01	8.918330069999999e-03
2.810123310005292e+01	8.893569000000000e-03
2.813152609998360e+01	8.969760500000000e-03
2.816352250007913e+01	9.066903960000001e-03
2.819365560030565e+01	9.095475080000000e-03
2.822499860031530e+01	9.240236129999999e-03
2.827158470032737e+01	9.324046779999999e-03
2.830333960009739e+01	9.421189320000000e-03
2.833458350040019e+01	9.564047680000000e-03
2.838155680010095e+01	9.619286280000000e-03
2.842918040044606e+01	9.765952830000001e-03
2.846065990021452e+01	9.785001170000000e-03
2.848442600015551e+01	9.849762539999999e-03
2.852329070027918e+01	1.000023910000000e-02
2.857041390007362e+01	1.012404910000000e-02
2.860206970013678e+01	1.019262060000000e-02
2.863162810029462e+01	1.034500170000000e-02
2.867717880010605e+01	1.037738380000000e-02
2.872465450037271e+01	1.054500320000000e-02
2.875630430039018e+01	1.051643210000000e-02
2.878657610015944e+01	1.065928950000000e-02
2.883336020028219e+01	1.086881290000000e-02
2.888020970020443e+01	1.088595670000000e-02
2.892721250001341e+01	1.112405300000000e-02
2.897300400026143e+01	1.111643480000000e-02
2.903590710042045e+01	1.123452930000000e-02
2.906681070011109e+01	1.143262540000000e-02
2.909839510032907e+01	1.141167250000000e-02
2.912780710030347e+01	1.162500680000000e-02
2.917380140023306e+01	1.160405390000000e-02
2.923646050039679e+01	1.187072140000000e-02
2.928292390005663e+01	1.192405540000000e-02
2.933056410029531e+01	1.202691350000000e-02
2.936100490018725e+01	1.210119850000000e-02
2.939276539999992e+01	1.216024630000000e-02
2.942364150006324e+01	1.228215170000000e-02
2.946931600011885e+01	1.239262800000000e-02
2.950058830017224e+01	1.241738910000000e-02
2.953063300019130e+01	1.259834230000000e-02
2.957629130035639e+01	1.267072370000000e-02
2.963925490016118e+01	1.272596230000000e-02
2.966960920020938e+01	1.284977230000000e-02
2.970161480037495e+01	1.291072550000000e-02
2.973166480008513e+01	1.305929660000000e-02
2.977930940035731e+01	1.311453520000000e-02
2.982633660035208e+01	1.326501180000000e-02
2.987346340017393e+01	1.325929820000000e-02
2.991986210038885e+01	1.338120360000000e-02
2.995056900009513e+01	1.346501340000000e-02
2.998167050024495e+01	1.355834680000000e-02
3.002905770018697e+01	1.371644250000000e-02
3.007608110038564e+01	1.372596620000000e-02
3.012372210016474e+01	1.387644280000000e-02
3.018419060017914e+01	1.399263460000000e-02
3.023064930038527e+01	1.404596770000000e-02
3.025552660040557e+01	1.404215770000000e-02
3.029343110043555e+01	1.417168230000000e-02
3.033964900020510e+01	1.432787250000000e-02
3.038643760001287e+01	1.439834850000000e-02
3.043313030013815e+01	1.452215850000000e-02
3.048056350043043e+01	1.451835040000000e-02
3.052677120035514e+01	1.467644520000000e-02
3.055805550003424e+01	1.465168320000000e-02
3.058853110019118e+01	1.474692210000000e-02
3.063734190026298e+01	1.490120780000000e-02
3.068328280001879e+01	1.488787490000000e-02
3.072962810005993e+01	1.506882810000000e-02
3.077612390043214e+01	1.511454020000000e-02
3.083764909999445e+01	1.513359040000000e-02
3.086902740038931e+01	1.524025670000000e-02
3.089935110043734e+01	1.526121050000000e-02
3.093277890002355e+01	1.540406700000000e-02
3.097700540022925e+01	1.543454360000000e-02
3.103784340014681e+01	1.555645000000000e-02
3.108443100005388e+01	1.556216370000000e-02
3.113177550025284e+01	1.561168670000000e-02
3.116324890032411e+01	1.572597210000000e-02
3.119389940006658e+01	1.573739950000000e-02
3.122592900041491e+01	1.583835300000000e-02
3.127192350011319e+01	1.580597270000000e-02
3.130245790025219e+01	1.591835360000000e-02
3.133390500023961e+01	1.598311590000000e-02
3.137916800007224e+01	1.601740350000000e-02
3.142614890029654e+01	1.608787850000000e-02
3.145649910019711e+01	1.601930520000000e-02
3.148759890021756e+01	1.608597300000000e-02
3.153557110019028e+01	1.618502290000000e-02
3.158266690000892e+01	1.624597240000000e-02
3.163077130028978e+01	1.633930580000000e-02
3.167770820017904e+01	1.632406940000000e-02
3.172411500010639e+01	1.643835570000000e-02
3.175491170026362e+01	1.635454600000000e-02
3.178658940037712e+01	1.644978110000000e-02
3.183399620000273e+01	1.653740180000000e-02
3.188011969998479e+01	1.651073620000000e-02
3.192624050006270e+01	1.662502250000000e-02
3.197262510005385e+01	1.656025830000000e-02
3.200305460020900e+01	1.668978480000000e-02
3.203499020030722e+01	1.660597510000000e-02
3.206547350017354e+01	1.674121250000000e-02
3.209658200014383e+01	1.667835560000000e-02
3.213187760021538e+01	1.677740550000000e-02
3.217594690015540e+01	1.679073830000000e-02
3.223824520036578e+01	1.684407140000000e-02
3.228487380035222e+01	1.685549880000000e-02
3.233182620024309e+01	1.682502220000000e-02
3.235497400024906e+01	1.681359480000000e-02
3.237862200010568e+01	1.690883190000000e-02
3.242363630002365e+01	1.696597410000000e-02
3.247059640008956e+01	1.690692830000000e-02
3.250162160024047e+01	1.697930880000000e-02
3.253248870000243e+01	1.695264130000000e-02
3.257958630006760e+01	1.700407080000000e-02
3.262605850026011e+01	1.703264190000000e-02
3.265884420042858e+01	1.698692890000000e-02
3.268881070008501e+01	1.697930880000000e-02
3.273560170037672e+01	1.703454740000000e-02
3.277205060003325e+01	1.697359420000000e-02
3.279776360001415e+01	1.703835840000000e-02
3.282919870037585e+01	1.703645100000000e-02
3.287571820011362e+01	1.701930720000000e-02
3.293663920043036e+01	1.700026170000000e-02
3.296746750036255e+01	1.706121490000000e-02
3.299776050029323e+01	1.704978380000000e-02
3.302958680037409e+01	1.704407110000000e-02
3.307683740044013e+01	1.704216750000000e-02
3.313988150004297e+01	1.704407110000000e-02
3.318597039999440e+01	1.704978380000000e-02
3.323195300018415e+01	1.696216500000000e-02
3.326265570009127e+01	1.706121490000000e-02
3.329351850040257e+01	1.700407080000000e-02
3.332370690023527e+01	1.704216750000000e-02
3.336960430024192e+01	1.695645230000000e-02
3.340009320015088e+01	1.698311790000000e-02
3.343065380025655e+01	1.696216500000000e-02
3.347694070031866e+01	1.692026110000000e-02
3.352371630026028e+01	1.696788150000000e-02
3.355448460020125e+01	1.684788240000000e-02
3.358589670015499e+01	1.690311730000000e-02
3.363262300007045e+01	1.685930790000000e-02
3.367769450042397e+01	1.681168750000000e-02
3.372375920042396e+01	1.685740430000000e-02
3.377215350000188e+01	1.671645230000000e-02
3.380220130039379e+01	1.680597480000000e-02
3.383522320026532e+01	1.668026110000000e-02
3.386418380029500e+01	1.676407270000000e-02
3.389514250028878e+01	1.667835560000000e-02
3.392575900023803e+01	1.661549880000000e-02
3.398813350033015e+01	1.662883160000000e-02
3.403468320006505e+01	1.656978580000000e-02
3.408019320014864e+01	1.652216540000000e-02
3.412662180000916e+01	1.651645270000000e-02
3.415882500028238e+01	1.647454500000000e-02
3.418779720040038e+01	1.644787940000000e-02
3.423455490032211e+01	1.637359150000000e-02
3.428174470039085e+01	1.633549850000000e-02
3.432794720027596e+01	1.627073620000000e-02
3.437343340041116e+01	1.618121190000000e-02
3.443464310001582e+01	1.612406970000000e-02
3.446582270041108e+01	1.615835540000000e-02
3.449631680035964e+01	1.608216200000000e-02
3.452701880037785e+01	1.603073630000000e-02
3.457315200008452e+01	1.593740280000000e-02
3.463727890001610e+01	1.589739880000000e-02
3.468067190004513e+01	1.584026030000000e-02
3.472677940037102e+01	1.580216360000000e-02
3.475726260012016e+01	1.573930680000000e-02
3.478817080007866e+01	1.571835200000000e-02
3.483566590026021e+01	1.557930650000000e-02
3.488354980014265e+01	1.553930620000000e-02
3.492916750023142e+01	1.546121020000000e-02
3.497699460014701e+01	1.543073360000000e-02
3.503774700034410e+01	1.532406640000000e-02
3.506812470033765e+01	1.525168680000000e-02
3.509887070022523e+01	1.523644660000000e-02
3.513002290017903e+01	1.512787680000000e-02
3.517740480042994e+01	1.508787460000000e-02
3.522468720003963e+01	1.505358980000000e-02
3.527167770033702e+01	1.486120840000000e-02
3.530344090005383e+01	1.491644610000000e-02
3.533434260031208e+01	1.476406490000000e-02
3.536537830019370e+01	1.479073150000000e-02
3.539561470039189e+01	1.473549380000000e-02
3.542632030043751e+01	1.459454000000000e-02
3.547338690003380e+01	1.449549200000000e-02
3.551998100010678e+01	1.450501660000000e-02
3.555155670037493e+01	1.434882540000000e-02
3.558259560028091e+01	1.436406370000000e-02
3.562912600021809e+01	1.420977710000000e-02
3.566106520034373e+01	1.423834920000000e-02
3.569337870040908e+01	1.412787290000000e-02
3.572352500027046e+01	1.410691910000000e-02
3.576961610000581e+01	1.391834770000000e-02
3.580024260003120e+01	1.395834800000000e-02
3.583168170042336e+01	1.379644310000000e-02
3.587882370036095e+01	1.372787170000000e-02
3.592506050039083e+01	1.367263310000000e-02
3.595607770001516e+01	1.356596500000000e-02
3.598703550035134e+01	1.352596470000000e-02
3.603355970000848e+01	1.336786990000000e-02
3.607915420038626e+01	1.328025010000000e-02
3.612603450007737e+01	1.315263010000000e-02
3.617399660032243e+01	1.305358200000000e-02
3.623584150010720e+01	1.294120210000000e-02
3.626572980033234e+01	1.290882100000000e-02
3.629642000002787e+01	1.285739240000000e-02
3.632803670037538e+01	1.269167750000000e-02
3.637493260018528e+01	1.260977240000000e-02
3.643796040024608e+01	1.244786570000000e-02
3.648436920018867e+01	1.236977150000000e-02
3.653050850005820e+01	1.221548490000000e-02
3.656227760016918e+01	1.223643780000000e-02
3.659280139999464e+01	1.214119790000000e-02
3.662377120042220e+01	1.208786480000000e-02
3.668544470006600e+01	1.188405510000000e-02
3.673259670007974e+01	1.168595910000000e-02
3.677900330023840e+01	1.166310160000000e-02
3.682550990022719e+01	1.154500710000000e-02
3.685683710034937e+01	1.146691010000000e-02
3.688699920009822e+01	1.138691050000000e-02
3.693330490030348e+01	1.120214720000000e-02
3.697957840003073e+01	1.115262420000000e-02
3.702562250010669e+01	1.096214820000000e-02
3.707167810015380e+01	1.086309920000000e-02
3.710262060025707e+01	1.088405120000000e-02
3.713304530037567e+01	1.071452820000000e-02
3.716638560034335e+01	1.066690780000000e-02
3.719652310013771e+01	1.063452660000000e-02
3.722857680032030e+01	1.040405040000000e-02
3.727435400011018e+01	1.037166830000000e-02
3.733463599998504e+01	1.018500230000000e-02
3.738171740015969e+01	1.012024100000000e-02
3.742776300013065e+01	9.964048860000000e-03
3.745961040025577e+01	9.954526090000001e-03
3.749064300023019e+01	9.821190500000000e-03
3.753627420030534e+01	9.647857399999999e-03
3.758170119998977e+01	9.583094160000000e-03
3.762890370003879e+01	9.381189940000000e-03
3.768040890013799e+01	9.304998440000000e-03
3.772643950022757e+01	9.158331900000000e-03
3.775540340039879e+01	9.120237079999999e-03
3.778602430038154e+01	9.051664730000001e-03
3.783165950002149e+01	8.849758649999999e-03
3.787721240008250e+01	8.773569020000000e-03
3.792398370010778e+01	8.691663850000000e-03
3.796945070009679e+01	8.497377860000000e-03
3.800063290027902e+01	8.518328889999999e-03
3.803168210014701e+01	8.339281190000001e-03
3.806277980003506e+01	8.344995790000000e-03
3.809473800007254e+01	8.240233180000001e-03
3.812528730044141e+01	8.137376050000001e-03
3.817546840012074e+01	7.998327720000000e-03
3.823580510029569e+01	7.777375170000000e-03
3.828322940040380e+01	7.714516480000000e-03
3.832941520027816e+01	7.535468790000000e-03
3.836022040015087e+01	7.565945390000000e-03
3.839073940040544e+01	7.457373660000000e-03
3.843743790034205e+01	7.263087200000000e-03
3.848338080011308e+01	7.165944200000000e-03
3.852964880038053e+01	6.992611100000000e-03
3.857627170020714e+01	6.741158660000000e-03
3.870056530041620e+01	6.651652050000000e-03
3.873159230034798e+01	6.437871610000000e-03
3.878203490003943e+01	6.437680220000000e-03
3.880923880031332e+01	6.265581120000000e-03
3.884168740035966e+01	6.182220300000000e-03
3.888662080001086e+01	6.132089070000000e-03
3.893363100010902e+01	5.922919140000000e-03
3.897997880028561e+01	5.884119780000000e-03
3.902616040036082e+01	5.671108610000000e-03
3.907266660034657e+01	5.611949130000000e-03
3.910414960002527e+01	5.585635550000000e-03
3.913586690044031e+01	5.419298080000000e-03
3.918432850018144e+01	5.387605630000000e-03
3.922939200000837e+01	5.172481760000000e-03
3.927590620005503e+01	5.138292440000000e-03
3.933850020030513e+01	4.926049620000000e-03
3.938564290013164e+01	4.862472880000000e-03
3.941562320012599e+01	4.819255790000000e-03
3.944960630033165e+01	4.669053010000000e-03
3.947807560022920e+01	4.652150440000000e-03
3.952381560020149e+01	4.559378140000000e-03
3.957022700039670e+01	4.383629650000000e-03
3.960137190017849e+01	4.410904370000000e-03
3.963233290007338e+01	4.215563650000000e-03
3.967911050003022e+01	4.237652760000000e-03
3.970891420030966e+01	4.060174800000000e-03
3.974060570029542e+01	3.986610100000000e-03
3.977197640016675e+01	3.929756120000000e-03
3.980336130037904e+01	3.923225680000000e-03
3.983479330036789e+01	3.760922000000000e-03
3.988043680042028e+01	3.739025440000000e-03
3.992749610031024e+01	3.539651870000000e-03
3.997341900039464e+01	3.503925630000000e-03
4.000442990008742e+01	3.460324600000000e-03
4.003564310027286e+01	3.325872120000000e-03
4.008147240011021e+01	3.303207220000000e-03
4.012601210037246e+01	3.115742230000000e-03
4.017306360043585e+01	3.080016000000000e-03
4.023565670009702e+01	2.909453590000000e-03
4.028236740035936e+01	2.915407760000000e-03
4.031295390008017e+01	2.795744920000000e-03
4.034411510033533e+01	2.708734710000000e-03
4.037474430026487e+01	2.701436170000000e-03
4.043766060005873e+01	2.515507400000000e-03
4.048340810043737e+01	2.512434500000000e-03
4.053064990043640e+01	2.321511510000000e-03
4.057765480037779e+01	2.364728830000000e-03
4.060936660040170e+01	2.201272410000000e-03
4.064009210001677e+01	2.139040040000000e-03
4.069567620009184e+01	2.145955110000000e-03
4.073304990027100e+01	1.962139040000000e-03
4.077937530027702e+01	1.967517190000000e-03
4.082572240009904e+01	1.796954540000000e-03
4.087268130015582e+01	1.773713390000000e-03
4.090302900038660e+01	1.768143380000000e-03
4.093415610026568e+01	1.632538270000000e-03
4.098065080028027e+01	1.649248760000000e-03
4.102873750030994e+01	1.466201270000000e-03
4.107517580036074e+01	1.493475980000000e-03
4.113668640004471e+01	1.327330950000000e-03
4.118292040005326e+01	1.338471430000000e-03
4.121406470006332e+01	1.273549980000000e-03
4.124518610024825e+01	1.180777910000000e-03
4.127635260019451e+01	1.211893980000000e-03
4.133739320002496e+01	1.045941140000000e-03
4.138284350000322e+01	1.074368130000000e-03
4.142887400044128e+01	9.111043180000000e-04
4.148013190040365e+01	9.760257670000000e-04
4.150757860019803e+01	8.467592420000000e-04
4.153753169998527e+01	7.998929360000000e-04
4.158468730002642e+01	8.394604670000000e-04
4.163048120029271e+01	6.869528440000000e-04
4.167856959998608e+01	7.317063280000000e-04
4.172534240037203e+01	6.337480150000000e-04
4.178580550011247e+01	5.628722720000000e-04
4.181651050038636e+01	5.966775350000000e-04
4.184720590012148e+01	4.848898390000000e-04
4.187986130034551e+01	5.361739310000000e-04
4.192607789998874e+01	3.970607650000000e-04
4.208152950042859e+01	3.716535280000000e-04
4.210580900032073e+01	2.970054050000000e-04
4.214345160033554e+01	2.574553360000000e-04
4.217455810029060e+01	2.730182020000000e-04
4.222087900014594e+01	2.777964690000000e-04
4.225158200040460e+01	1.780673340000000e-04
4.228305880026892e+01	2.230289250000000e-04
4.231477660033852e+01	1.834980070000000e-04
4.234579850034788e+01	1.570353630000000e-04
4.237670800043270e+01	1.777602740000000e-04
4.243942100042477e+01	8.868145960000000e-05
4.248545100027695e+01	1.143957340000000e-04
4.253250740002841e+01	7.018253380000000e-05
4.257886300003156e+01	8.983284349999999e-05
4.261180270044133e+01	3.694588670000000e-05
4.264085040008649e+01	4.316337070000000e-05
4.267181410035118e+01	2.792670060000000e-05
4.270380210038275e+01	3.909514270000000e-05
4.273457720037550e+01	2.149812830000000e-05
4.278071349998936e+01	1.704610620000000e-05
4.282730260025710e+01	7.969356370000000e-06
4.287392770033330e+01	3.901128370000000e-06
4.290383290033787e+01	9.156001400000001e-07
4.302767540002242e+01	7.330874040000000e-07
4.305824770033360e+01	7.004282450000000e-07
4.308932550018653e+01	6.427919740000000e-07
4.312052790028974e+01	9.156001400000001e-07
4.315113150002435e+01	9.962881220000000e-07
4.318390790000558e+01	7.956708029999999e-06
4.321312550036237e+01	7.797250870000001e-06
4.324343650043011e+01	2.421561660000000e-05
4.326884110039100e+01	2.181606580000000e-05
4.330638170009479e+01	3.601547360000000e-05
4.333763920003548e+01	3.625754470000000e-05
4.337384470039979e+01	3.532769190000000e-05
4.343080120021477e+01	4.796326540000000e-05
4.347806780040264e+01	6.394744560000000e-05
4.350922550028190e+01	4.763089960000000e-05
4.353970720013604e+01	5.890051760000000e-05
4.358574370015413e+01	8.094601070000000e-05
4.363219000026584e+01	2.529265180000000e-04
4.375694570038468e+01	2.904424910000000e-04
4.378878580033779e+01	2.215704740000000e-04
4.382008460024372e+01	3.351162600000000e-04
4.385114140016958e+01	2.818263020000000e-04
4.388246350036934e+01	3.954680290000000e-04
4.392865850031376e+01	3.428113120000000e-04
4.397502140002325e+01	4.357472940000000e-04
4.403683280013502e+01	4.227174800000000e-04
4.408386180037633e+01	4.928559650000000e-04
4.411531560029835e+01	5.644913760000000e-04
4.414704290032387e+01	5.096086530000000e-04
4.417154040001333e+01	5.635126730000000e-04
4.419566540000960e+01	6.537429290000000e-04
4.422509130043909e+01	6.098367160000000e-04
4.427285360032693e+01	6.931778040000000e-04
4.433380730031058e+01	7.213866920000000e-04
4.438076309999451e+01	8.323035440000001e-04
4.441276050033048e+01	1.011943790000000e-03
4.452436480019242e+01	9.618123290000000e-04
4.455509990034625e+01	1.059002360000000e-03
4.458619730034843e+01	1.120274300000000e-03
4.463268900010735e+01	1.089158120000000e-03
4.467915200022981e+01	1.231101570000000e-03
4.471059890044853e+01	1.195567540000000e-03
4.474060600018129e+01	1.242049850000000e-03
4.478786070039496e+01	1.390907910000000e-03
4.483336150040850e+01	1.370163980000000e-03
4.488051320007071e+01	1.551866760000000e-03
4.492698060022667e+01	1.519982470000000e-03
4.497285270038992e+01	1.624663240000000e-03
4.500363670010120e+01	1.640989680000000e-03
4.503575929999352e+01	1.677484020000000e-03
4.508209400018677e+01	1.866677780000000e-03
4.512801300035790e+01	1.847470300000000e-03
4.517578180041164e+01	2.027828710000000e-03
4.523791180038825e+01	2.016112210000000e-03
4.528524660039693e+01	2.089485060000000e-03
4.531573620019481e+01	2.239687600000000e-03
4.534642200032249e+01	2.192053250000000e-03
4.537728310003877e+01	2.367225480000000e-03
4.543933730013669e+01	2.383167620000000e-03
4.548606460029259e+01	2.576779570000000e-03
4.553269160026684e+01	2.571401420000000e-03
4.557832860015333e+01	2.728710880000000e-03
4.560924270004034e+01	2.698746980000000e-03
4.564009280037135e+01	2.764820820000000e-03
4.567191440006718e+01	2.867581090000000e-03
4.570388620020822e+01	2.900041870000000e-03
4.573562350030988e+01	2.973990750000000e-03
4.578170680021867e+01	3.157806350000000e-03
4.582788650039583e+01	3.172980390000000e-03
4.587371610011905e+01	3.307624720000000e-03
4.590530059998855e+01	3.297636980000000e-03
4.593704610038549e+01	3.385991790000000e-03
4.598312130011618e+01	3.576145740000000e-03
4.602872660011053e+01	3.611295950000000e-03
4.607452430017292e+01	3.756504270000000e-03
4.612118020001799e+01	3.823154140000000e-03
4.615229760017246e+01	3.897679740000000e-03
4.618332489999011e+01	3.931484650000000e-03
4.621377200027928e+01	4.064016510000000e-03
4.624488220037892e+01	4.056910050000000e-03
4.627513620024547e+01	4.220942040000000e-03
4.633786850003526e+01	4.289512520000000e-03
4.638366920035332e+01	4.484276750000000e-03
4.643056620005518e+01	4.519618580000000e-03
4.647740050032735e+01	4.692101850000000e-03
4.650823820009828e+01	4.669244870000000e-03
4.653957780031487e+01	4.758367780000000e-03
4.658705950016156e+01	4.956781400000000e-03
4.663534390041605e+01	5.009601820000000e-03
4.667986820032820e+01	5.228567400000000e-03
4.672546370001510e+01	5.246622490000000e-03
4.677158760000020e+01	5.361291580000000e-03
4.680311179999262e+01	5.405084700000000e-03
4.683477260032669e+01	5.494207610000000e-03
4.688148370012641e+01	5.724697370000000e-03
4.692798310006037e+01	5.760999860000000e-03
4.697588330041617e+01	5.949233190000000e-03
4.703808110021055e+01	6.006279490000000e-03
4.708462320035324e+01	6.099819670000000e-03
4.711565630044788e+01	6.285172890000000e-03
4.715030850004405e+01	6.305148360000000e-03
4.717672000033781e+01	6.457655690000000e-03
4.723918170016259e+01	6.530067880000000e-03
4.728579840017483e+01	6.741158660000000e-03
4.733165660034865e+01	6.784951780000000e-03
4.737817030027509e+01	6.957434580000000e-03
4.740895860036835e+01	6.958395240000000e-03
4.744016010034829e+01	7.047518160000000e-03
4.748723349999636e+01	7.276855870000000e-03
4.753452320024371e+01	7.330636960000000e-03
4.758067180030048e+01	7.507729810000000e-03
4.762772540003061e+01	7.582255640000000e-03
4.767665700009093e+01	7.759732660000000e-03
4.770547000039369e+01	7.724967320000000e-03
4.773604600038379e+01	7.879587820000001e-03
4.778213370032609e+01	8.038241420000000e-03
4.782840040000156e+01	8.127556180000000e-03
4.787546880031005e+01	8.343448860000000e-03
4.792153450008482e+01	8.344217200000000e-03
4.795255500031635e+01	8.475787940000000e-03
4.798361110035330e+01	8.914521900000000e-03
4.809329380001873e+01	8.924045600000000e-03
4.812301059998572e+01	8.906901809999999e-03
4.817052390007302e+01	9.057378400000000e-03
4.820129060000181e+01	9.118331600000000e-03
4.823134590033442e+01	9.198331270000000e-03
4.827872430020943e+01	9.413571100000000e-03
4.832391840033233e+01	9.400238280000001e-03
4.837064480036497e+01	9.573571380000000e-03
4.840155090019107e+01	9.628809060000000e-03
4.843169160000980e+01	9.722142479999999e-03
4.848108769999817e+01	9.847857060000000e-03
4.851065720012411e+01	9.937382300000000e-03
4.854268010007218e+01	9.986905379999999e-03
4.857379570044577e+01	1.015643030000000e-02
4.863519520033151e+01	1.024595370000000e-02
4.868245310010388e+01	1.046309810000000e-02
4.872868090029806e+01	1.050881200000000e-02
4.877606810024008e+01	1.065928950000000e-02
4.880769520020112e+01	1.065928950000000e-02
4.883799350028858e+01	1.077166940000000e-02
4.888482500007376e+01	1.096214820000000e-02
4.893047880008817e+01	1.101929140000000e-02
4.897749880002812e+01	1.119643450000000e-02
4.903807570040226e+01	1.127643420000000e-02
4.908570400020108e+01	1.135643390000000e-02
4.911693480005488e+01	1.153929250000000e-02
4.915561880031601e+01	1.164405330000000e-02
4.917995610041544e+01	1.170691200000000e-02
4.922812620038167e+01	1.177167330000000e-02
4.927400050032884e+01	1.193167550000000e-02
4.933506090007722e+01	1.202881800000000e-02
4.938168350001797e+01	1.211453140000000e-02
4.941294320020825e+01	1.227643810000000e-02
4.944410770013928e+01	1.225548420000000e-02
4.947600300004706e+01	1.246500950000000e-02
4.952253820002079e+01	1.244786570000000e-02
4.955459750024602e+01	1.261929610000000e-02
4.958616690011695e+01	1.265739090000000e-02
4.963672890001908e+01	1.272977240000000e-02
4.976182400016114e+01	1.300786900000000e-02
4.979416829999536e+01	1.309358330000000e-02
4.983916510036215e+01	1.319644040000000e-02
4.988587530003861e+01	1.337358360000000e-02
4.993129740003496e+01	1.339834650000000e-02
4.997813380043954e+01	1.354310850000000e-02
5.000866660010070e+01	1.355644130000000e-02
5.003961610002443e+01	1.362882280000000e-02
5.008566330000758e+01	1.380787140000000e-02
5.013261510012671e+01	1.383834800000000e-02
5.018306710012257e+01	1.397549080000000e-02
5.022680200031027e+01	1.404787230000000e-02
5.027347450004891e+01	1.419072880000000e-02
5.030543190008029e+01	1.414311120000000e-02
5.033660380030051e+01	1.424406190000000e-02
5.038256620010361e+01	1.433930270000000e-02
5.042960760043934e+01	1.443644520000000e-02
5.047624430013821e+01	1.459835000000000e-02
5.052239030040801e+01	1.457739710000000e-02
5.055320720002055e+01	1.472216010000000e-02
5.058454080019146e+01	1.468215980000000e-02
5.061607020022348e+01	1.483835000000000e-02
5.064870880031958e+01	1.483454180000000e-02
5.067798939999193e+01	1.497168470000000e-02
5.072467990033329e+01	1.492977980000000e-02
5.077165750041604e+01	1.509359010000000e-02
5.080310180038214e+01	1.506311260000000e-02
5.083490830007941e+01	1.514882690000000e-02
5.088171330001205e+01	1.520597000000000e-02
5.091387080028653e+01	1.535644660000000e-02
5.094453100021929e+01	1.531073360000000e-02
5.097550900001079e+01	1.543835360000000e-02
5.103811830002815e+01	1.546502020000000e-02
5.108465590002015e+01	1.556787640000000e-02
5.113166180020198e+01	1.562692220000000e-02
5.118124710023403e+01	1.567263900000000e-02
5.121056980034336e+01	1.577549610000000e-02
5.124169910000637e+01	1.577739980000000e-02
5.127264330023900e+01	1.588025880000000e-02
5.130450960015878e+01	1.582502010000000e-02
5.133458820031956e+01	1.590501890000000e-02
5.138158700009808e+01	1.598692690000000e-02
5.142796430038288e+01	1.603073630000000e-02
5.147570390021428e+01	1.615454630000000e-02
5.150657970039174e+01	1.609359310000000e-02
5.153959170030430e+01	1.614692620000000e-02
5.158456890005618e+01	1.625168880000000e-02
5.163164410041645e+01	1.625740160000000e-02
5.168001630017534e+01	1.633740220000000e-02
5.173926699999720e+01	1.636978240000000e-02
5.178589230030775e+01	1.639454630000000e-02
5.181694680033252e+01	1.651264170000000e-02
5.184781380044296e+01	1.648216510000000e-02
5.187904360005632e+01	1.657359490000000e-02
5.192610390018672e+01	1.656025830000000e-02
5.197264160029590e+01	1.666121180000000e-02
5.203705959999934e+01	1.663645170000000e-02
5.208333620009944e+01	1.664787900000000e-02
5.211167970020324e+01	1.676597450000000e-02
5.214349680021405e+01	1.671264130000000e-02
5.217360380012542e+01	1.681549850000000e-02
5.223462450038642e+01	1.678692920000000e-02
5.228165580006316e+01	1.680407110000000e-02
5.232867320021614e+01	1.683073860000000e-02
5.237447890033945e+01	1.694121400000000e-02
5.240420190012082e+01	1.683835500000000e-02
5.243565680040047e+01	1.688978450000000e-02
5.248169880034402e+01	1.696788150000000e-02
5.252931600017473e+01	1.692026110000000e-02
5.257672950020060e+01	1.694692860000000e-02
5.263782320031896e+01	1.697169240000000e-02
5.268537660036236e+01	1.694692860000000e-02
5.271479130024090e+01	1.706121490000000e-02
5.274633830040693e+01	1.699073800000000e-02
5.277772820042446e+01	1.697740520000000e-02
5.284072950016707e+01	1.701169090000000e-02
5.287178530031815e+01	1.708597500000000e-02
5.290355310030282e+01	1.698311790000000e-02
5.293469260027632e+01	1.700407080000000e-02
5.298057720018551e+01	1.700597440000000e-02
5.301070170011371e+01	1.707264040000000e-02
5.304191330028698e+01	1.700978540000000e-02
5.307258620020002e+01	1.708407140000000e-02
5.310461870022118e+01	1.697359420000000e-02
5.313553630001843e+01	1.700407080000000e-02
5.318202090030536e+01	1.698311790000000e-02
5.322936340002343e+01	1.698502530000000e-02
5.327519630035385e+01	1.704407110000000e-02
5.330631220014766e+01	1.696216500000000e-02
5.333679460035637e+01	1.695645230000000e-02
5.338412000006065e+01	1.694311760000000e-02
5.342960040038452e+01	1.692216470000000e-02
5.347618250036612e+01	1.691835750000000e-02
5.352376510016620e+01	1.685740430000000e-02
5.358355570025742e+01	1.683073860000000e-02
5.361378270015121e+01	1.692597570000000e-02
5.364731780020520e+01	1.682692770000000e-02
5.367854600027204e+01	1.683645140000000e-02
5.372463460033759e+01	1.675645260000000e-02
5.378567630006000e+01	1.672978510000000e-02
5.383219270035625e+01	1.670121220000000e-02
5.387803860008717e+01	1.670121220000000e-02
5.390953540010378e+01	1.669359580000000e-02
5.394053500005975e+01	1.663264260000000e-02
5.398698420030996e+01	1.657930950000000e-02
5.403242840012535e+01	1.653549820000000e-02
5.407914120005444e+01	1.651073620000000e-02
5.412874120008200e+01	1.644978110000000e-02
5.418872340023518e+01	1.643454470000000e-02
5.421977890003473e+01	1.636597510000000e-02
5.425057630008087e+01	1.639835540000000e-02
5.428165610041469e+01	1.629930550000000e-02
5.432725560013205e+01	1.624978150000000e-02
5.438909150008112e+01	1.617169010000000e-02
5.443975880043581e+01	1.612216230000000e-02
5.448270920012146e+01	1.604026000000000e-02
5.451349050039425e+01	1.611835320000000e-02
5.454570100037381e+01	1.599644870000000e-02
5.457628660043702e+01	1.593740280000000e-02
5.463775490038097e+01	1.590311530000000e-02
5.469178900029510e+01	1.582311650000000e-02
5.473257850017399e+01	1.574121040000000e-02
5.477981710014865e+01	1.568025910000000e-02
5.481065930007026e+01	1.569549550000000e-02
5.484278469998389e+01	1.559835300000000e-02
5.487672170018777e+01	1.554501990000000e-02
5.493582380004227e+01	1.543644630000000e-02
5.498289800016209e+01	1.533549650000000e-02
5.502951140003279e+01	1.532406640000000e-02
5.507594390027225e+01	1.528406700000000e-02
5.510745940031484e+01	1.519073360000000e-02
5.514033120032400e+01	1.511644670000000e-02
5.518648350005969e+01	1.501739960000000e-02
5.523218390019611e+01	1.494311360000000e-02
5.527877890039235e+01	1.484216000000000e-02
5.532604340044782e+01	1.477930320000000e-02
5.537283070012927e+01	1.479263700000000e-02
5.540360950026661e+01	1.462692210000000e-02
5.543472440028563e+01	1.459263540000000e-02
5.548165670037270e+01	1.448787380000000e-02
5.552786390017718e+01	1.438882570000000e-02
5.557447600038722e+01	1.440787410000000e-02
5.564346670033410e+01	1.420215700000000e-02
5.568376160040498e+01	1.409168080000000e-02
5.571367110032588e+01	1.412787290000000e-02
5.574468300025910e+01	1.400596740000000e-02
5.577580710034817e+01	1.386501450000000e-02
5.582376030040905e+01	1.380025320000000e-02
5.587001830013469e+01	1.378882300000000e-02
5.589977850019932e+01	1.365358480000000e-02
5.593065820029005e+01	1.360215620000000e-02
5.597678410029039e+01	1.352215650000000e-02
5.600874020019546e+01	1.348025170000000e-02
5.603937060013413e+01	1.335453710000000e-02
5.607079720031470e+01	1.337167810000000e-02
5.610167120024562e+01	1.320786870000000e-02
5.613287160033360e+01	1.314120180000000e-02
5.617870080005378e+01	1.299834340000000e-02
5.622627450013533e+01	1.291453560000000e-02
5.627375180041417e+01	1.292596380000000e-02
5.630456650024280e+01	1.274882070000000e-02
5.633589650038630e+01	1.268786750000000e-02
5.638262670021504e+01	1.251834260000000e-02
5.642913380032405e+01	1.244786570000000e-02
5.647637760033831e+01	1.234310490000000e-02
5.652288720011711e+01	1.222500760000000e-02
5.657004020037130e+01	1.220215110000000e-02
5.660159410024062e+01	1.203643620000000e-02
5.663346200017259e+01	1.197358030000000e-02
5.667827080003917e+01	1.186119860000000e-02
5.672378950007260e+01	1.174119670000000e-02
5.677014070004225e+01	1.171834020000000e-02
5.680150750000030e+01	1.154500710000000e-02
5.683198000025004e+01	1.147453020000000e-02
5.687779150018468e+01	1.140024420000000e-02
5.690902600018308e+01	1.136214940000000e-02
5.693902850011364e+01	1.123262380000000e-02
5.698473400017247e+01	1.106119620000000e-02
5.702941450010985e+01	1.096595640000000e-02
5.707578670000657e+01	1.084405090000000e-02
5.712327810004354e+01	1.071833630000000e-02
5.717087150039151e+01	1.070119530000000e-02
5.720115210022777e+01	1.052976490000000e-02
5.723165640002117e+01	1.043833700000000e-02
5.727958150021732e+01	1.031262240000000e-02
5.732643680041656e+01	1.019071510000000e-02
5.737219390040264e+01	1.019262060000000e-02
5.740493310010061e+01	1.000595370000000e-02
5.743614760041237e+01	9.937382300000000e-03
5.748249040031806e+01	9.783095679999999e-03
5.751349750021473e+01	9.809762240000000e-03
5.754479100042954e+01	9.664999319999999e-03
5.757536050025374e+01	9.503094480000000e-03
5.763812920032069e+01	9.405951020000001e-03
5.768727490026504e+01	9.263093579999999e-03
5.773060970008373e+01	9.141188110000000e-03
5.777714560041204e+01	9.049760180000000e-03
5.780822430038825e+01	9.002139790000000e-03
5.783919840026647e+01	8.874522520000001e-03
5.788582030031830e+01	8.708807640000000e-03
5.793172990018502e+01	8.600234050000001e-03
5.797875230014324e+01	8.419280870000000e-03
5.802504740003496e+01	8.364042270000000e-03
5.807253270037472e+01	8.325947449999999e-03
5.810356110008433e+01	8.137376050000001e-03
5.813560950011015e+01	8.074518290000001e-03
5.818165380042046e+01	7.904995230000000e-03
5.822776700044051e+01	7.794518490000000e-03
5.827480080025271e+01	7.783088370000000e-03
5.833731020009145e+01	7.554517130000000e-03
5.838417199999094e+01	7.390707270000000e-03
5.841455060010776e+01	7.404040550000000e-03
5.844543750025332e+01	7.268802260000000e-03
5.847578670037910e+01	7.156420960000000e-03
5.852280980022624e+01	7.026895880000000e-03
5.857059580041096e+01	6.735204720000000e-03
5.869319860031828e+01	6.672011690000000e-03
5.872437490010634e+01	6.492036860000000e-03
5.878504030033946e+01	6.346060430000000e-03
5.881524490006268e+01	6.334343460000000e-03
5.884589480003342e+01	6.228510760000000e-03
5.888024000031874e+01	6.075618790000000e-03
5.892420200025663e+01	5.978621080000000e-03
5.897080630017444e+01	5.957492630000000e-03
5.900158000038937e+01	5.775213240000000e-03
5.903236890025437e+01	5.720279650000000e-03
5.907903010025620e+01	5.602922290000000e-03
5.910954500036314e+01	5.590628830000000e-03
5.914071639999747e+01	5.470389970000000e-03
5.918746190005913e+01	5.280812270000000e-03
5.923456720029935e+01	5.224726160000000e-03
5.928067100001499e+01	5.046672650000000e-03
5.932668990036473e+01	4.974068140000000e-03
5.937357050040737e+01	4.954284520000000e-03
5.940461980039254e+01	4.791596900000000e-03
5.943591200001538e+01	4.733590410000000e-03
5.948293950036168e+01	4.604899790000000e-03
5.952916680043563e+01	4.495417230000000e-03
5.957603450026363e+01	4.318899940000000e-03
5.963948560040444e+01	4.258396570000000e-03
5.968804919999093e+01	4.180414140000000e-03
5.971830640034750e+01	4.075156990000000e-03
5.974883140018210e+01	4.053836690000000e-03
5.977916270028800e+01	3.870212940000000e-03
5.982602320006117e+01	3.802026390000000e-03
5.988751600030810e+01	3.680826630000000e-03
5.993371420027688e+01	3.583444750000000e-03
5.998061270033941e+01	3.459748580000000e-03
6.001253370009363e+01	3.496242450000000e-03
