# [General]
# timestamp=2025-04-10T18:16:50.457291
# comments='# '
# delimiter='\t'
# column_dtypes=float;;float
# column_headers='Time (s);;Power (W)'
# 
# [Metadata]
# scanner_y=3.8962539132
# scanner_x=-4.4132600044
# start recoding time='10.04.2025, 18:15:50.367770'
# sample rate (hz)=50.0
# sample timing='TIMESTAMP'
# 
# ---- END HEADER ----
2.880400003050454e-03	6.667935670000000e-05
3.231389999564271e-02	6.668896820000000e-05
9.427060000598431e-02	6.665054390000000e-05
1.405526000016835e-01	6.642576769999999e-05
1.864123999985168e-01	6.554971330000000e-05
2.171460999961710e-01	6.510783710000001e-05
2.490606000064872e-01	6.503483020000000e-05
2.954491999989841e-01	6.501946339999999e-05
3.425019999995129e-01	6.506557110000000e-05
3.891948999953456e-01	6.546709480000001e-05
4.365282000071602e-01	6.632201980000000e-05
4.828811000043061e-01	6.685034170000000e-05
5.138137000030838e-01	6.719231170000000e-05
5.457498000032501e-01	6.734024650000001e-05
5.908739000005880e-01	6.769758330000000e-05
6.381853000057163e-01	6.785703590000000e-05
6.869066999934148e-01	6.788201430000000e-05
7.464483999938238e-01	6.856594700000000e-05
7.929259999946225e-01	6.983969070000000e-05
8.243056000064826e-01	7.106156410000000e-05
8.558743000030518e-01	7.240446580000000e-05
8.873031999974046e-01	7.418923630000000e-05
9.346758000028785e-01	7.819296300000000e-05
9.943652999936603e-01	9.967717050000000e-05
1.136070599997765e+00	1.011931740000000e-04
1.167461100005312e+00	1.027667240000000e-04
1.198204900007113e+00	1.042059670000000e-04
1.229166499993880e+00	1.054724930000000e-04
1.260084299996379e+00	1.080439110000000e-04
1.291867399995681e+00	1.111718590000000e-04
1.322819499997422e+00	1.141270550000000e-04
1.353539500007173e+00	1.171398470000000e-04
1.384199199994328e+00	1.223978620000000e-04
1.431440800006385e+00	1.247581970000000e-04
1.493365500005893e+00	1.305726910000000e-04
1.539855600000010e+00	1.319351720000000e-04
1.587031699993531e+00	1.319543370000000e-04
1.618193699992844e+00	1.319543370000000e-04
1.649501399995643e+00	1.319927400000000e-04
1.697086300002411e+00	1.319351720000000e-04
1.741716000004089e+00	1.318008140000000e-04
1.788211599996430e+00	1.312443200000000e-04
1.835008299996844e+00	1.293445240000000e-04
1.881832300001406e+00	1.280012660000000e-04
1.914849499997217e+00	1.253146910000000e-04
1.944167099994957e+00	1.211505080000000e-04
1.991135200005374e+00	1.150289970000000e-04
2.039097999993828e+00	1.089074580000000e-04
2.086637800006429e+00	1.036110700000000e-04
2.134255700002541e+00	9.710575250000000e-05
2.180161800002679e+00	9.367078750000000e-05
2.211053000006359e+00	8.989041090000000e-05
2.242515000005369e+00	8.434456690000000e-05
2.289108199998736e+00	7.780086890000000e-05
2.335396499998751e+00	7.079661010000000e-05
2.383255599997938e+00	6.459830910000000e-05
2.429159099992830e+00	6.170066630000001e-05
2.459253900000476e+00	5.809299180000000e-05
2.490147799995611e+00	5.446612340000000e-05
2.521660300000804e+00	5.106953900000000e-05
2.552748600006453e+00	4.794160850000000e-05
2.583537900005467e+00	3.643428860000000e-05
2.740062700002454e+00	3.384647060000000e-05
2.771400800003903e+00	3.142963030000000e-05
2.803507400007220e+00	2.892057460000000e-05
2.834171800001059e+00	2.512432910000000e-05
2.880160899992916e+00	2.322236650000000e-05
2.911109499997110e+00	2.123779270000000e-05
2.942682699998841e+00	1.887282450000000e-05
2.989234499997110e+00	1.606406840000000e-05
3.036342499995953e+00	1.269624770000000e-05
3.083110099993064e+00	9.991233130000000e-06
3.129159699994489e+00	8.759760020000001e-06
3.159430700005032e+00	7.326562350000000e-06
3.191216699997312e+00	6.006715010000000e-06
3.222454000002472e+00	4.951989010000000e-06
3.253897100003087e+00	4.041352440000000e-06
3.285211199996411e+00	3.144163660000000e-06
3.333359500000370e+00	2.489042120000000e-06
3.383145200001309e+00	1.960718920000000e-06
3.443409400002565e+00	1.257777970000000e-06
3.583735399995930e+00	1.211736960000000e-06
3.614806900004623e+00	1.187657060000000e-06
3.646933399999398e+00	1.165888650000000e-06
3.693345499996212e+00	1.149707150000000e-06
3.740336500006379e+00	1.137378040000000e-06
3.789161499997135e+00	1.140653010000000e-06
3.819857700000284e+00	1.155293490000000e-06
3.852235900005326e+00	1.184382090000000e-06
3.896365099994000e+00	1.262593740000000e-06
3.942943999994895e+00	1.405532430000000e-06
3.988251999995555e+00	1.560607070000000e-06
4.040193299995735e+00	1.701811930000000e-06
4.082743199993274e+00	1.770006290000000e-06
4.112907899994752e+00	1.840512480000000e-06
4.144300900006783e+00	1.925273860000000e-06
4.189877700002398e+00	1.991156520000000e-06
4.236848600005032e+00	2.040472280000000e-06
4.283058800006984e+00	2.074569240000000e-06
4.329876100004185e+00	2.095181800000000e-06
4.375686100000166e+00	2.152781240000000e-06
4.405602800004999e+00	2.206334780000000e-06
4.435951999999816e+00	2.358905250000000e-06
4.483065299995360e+00	2.546151110000000e-06
4.530314999996335e+00	2.655570140000000e-06
4.593231699996977e+00	3.126766610000000e-06
4.640230300006806e+00	3.460610740000000e-06
4.687228900002083e+00	3.708152690000000e-06
4.718178900002385e+00	3.958776690000000e-06
4.750181800001883e+00	4.198997890000000e-06
4.781151000002865e+00	4.381620330000000e-06
4.828157900003134e+00	4.671157970000000e-06
4.859029400002328e+00	4.846267070000000e-06
4.891016299996409e+00	5.110953680000000e-06
4.937029399996391e+00	5.315922410000000e-06
4.983531000005314e+00	5.391244490000000e-06
5.015004200002295e+00	5.441908340000000e-06
5.045966100005899e+00	5.473693820000000e-06
5.092263800004730e+00	5.472731120000000e-06
5.139494200004265e+00	5.459053230000000e-06
5.186358799997834e+00	5.428808440000000e-06
5.233214099993347e+00	5.069151030000000e-06
5.295429899997544e+00	4.447503670000000e-06
5.326672700000927e+00	3.824121450000000e-06
5.357127499999478e+00	3.236378460000000e-06
5.388168699995731e+00	2.462737940000000e-06
5.435135799998534e+00	1.942418750000000e-06
5.482240299999830e+00	1.791389310000000e-06
5.528680799994618e+00	1.573899340000000e-06
5.560652400003164e+00	1.400523730000000e-06
5.591402000005473e+00	1.269914040000000e-06
5.622003399999812e+00	1.191124620000000e-06
5.653590500005521e+00	1.145661600000000e-06
5.685162299996591e+00	1.173401760000000e-06
5.731159699993441e+00	1.215396990000000e-06
5.793837499993970e+00	1.376443720000000e-06
5.840259999997215e+00	1.435006200000000e-06
5.887203799997224e+00	1.440207370000000e-06
5.918215199999395e+00	1.444830900000000e-06
5.949273000005633e+00	1.486248270000000e-06
5.980617299996084e+00	1.566386350000000e-06
6.027449300003354e+00	1.775978260000000e-06
6.057967300002929e+00	1.948005320000000e-06
6.087830799995572e+00	2.354860040000000e-06
6.135826800003997e+00	2.871326610000000e-06
6.181341100003920e+00	3.105961240000000e-06
6.213033599997289e+00	3.373152370000000e-06
6.243635599996196e+00	3.850320350000000e-06
6.290084099993692e+00	4.430165520000000e-06
6.335720300005050e+00	5.192440310000000e-06
6.383795500005363e+00	5.787117970000000e-06
6.432009099997231e+00	6.052768640000000e-06
6.493357800005469e+00	6.610074250000000e-06
6.525122599996394e+00	6.858002050000000e-06
6.556430299999192e+00	7.038312560000000e-06
6.587128300001496e+00	7.282579190000000e-06
6.635118499994860e+00	7.507581810000000e-06
6.682361600003787e+00	7.653795360000000e-06
6.729421299998648e+00	8.115167470000000e-06
6.760191599998507e+00	8.459413950000000e-06
6.791847700005746e+00	1.042733950000000e-05
6.901299399993150e+00	1.102674650000000e-05
6.935687799996231e+00	1.172989690000000e-05
6.979264599998714e+00	1.211029030000000e-05
7.009727399999974e+00	1.258289830000000e-05
7.041041699994821e+00	1.287107440000000e-05
7.087749400001485e+00	1.287876060000000e-05
7.134050399996340e+00	1.296137000000000e-05
7.180060600003344e+00	1.309777420000000e-05
7.226335700004711e+00	1.320151750000000e-05
7.257360500007053e+00	1.325338780000000e-05
7.288118099997519e+00	1.336481640000000e-05
7.320096499999636e+00	1.360880560000000e-05
7.351188400003593e+00	1.379131850000000e-05
7.382029000000330e+00	1.388737660000000e-05
7.430246300005820e+00	1.402377980000000e-05
7.492473299993435e+00	1.464047730000000e-05
7.539469800001825e+00	1.531673120000000e-05
7.586669800002710e+00	1.570865240000000e-05
7.617095599998720e+00	1.615820290000000e-05
7.648604799993336e+00	1.669037010000000e-05
7.695118899995578e+00	1.727824930000000e-05
7.742032299996936e+00	1.789302770000000e-05
7.789169600000605e+00	1.840982440000000e-05
7.836201800004346e+00	1.856928250000000e-05
7.881114500007243e+00	1.863460060000000e-05
7.912276400005794e+00	1.870760570000000e-05
7.943475299995043e+00	1.898809750000000e-05
7.990594699993380e+00	1.979499210000000e-05
8.037960899993777e+00	2.093232800000000e-05
8.084837899994454e+00	2.246926850000000e-05
8.131174099995405e+00	2.357778610000000e-05
8.178068299996085e+00	2.567378580000000e-05
8.209052699996391e+00	2.699747890000000e-05
8.240279499994358e+00	2.878417220000000e-05
8.286394299997482e+00	3.009633470000000e-05
8.332290999998804e+00	3.081869730000000e-05
8.379153400004725e+00	3.219617790000000e-05
8.410237200005213e+00	3.318750530000000e-05
8.440227800005232e+00	3.486084820000000e-05
8.486267200001748e+00	3.586370440000000e-05
8.517408200001228e+00	3.677818310000000e-05
8.549177499997313e+00	3.773300700000000e-05
8.595432400004938e+00	3.870127690000000e-05
8.642111599998316e+00	4.020940100000000e-05
8.689355099995737e+00	4.090102810000000e-05
8.737307799994596e+00	4.139284650000000e-05
8.784318899997743e+00	4.162338520000000e-05
8.816122000003816e+00	4.207102030000000e-05
8.847876100000576e+00	4.244949010000000e-05
8.894351900002221e+00	4.279146010000000e-05
8.940802299999632e+00	4.365791030000000e-05
8.987955300006433e+00	4.478756450000000e-05
9.035057999994024e+00	4.544845070000000e-05
9.082498100004159e+00	4.566361890000000e-05
9.112094700001762e+00	4.582307880000000e-05
9.143455600002198e+00	4.618618190000000e-05
9.190300899994327e+00	4.735617770000000e-05
9.238132600003155e+00	4.940414870000000e-05
9.284665300001507e+00	5.245113060000000e-05
9.332811200001743e+00	5.603988760000000e-05
9.379335299992817e+00	5.789190620000000e-05
9.410211099995649e+00	5.989761120000000e-05
9.442188300003181e+00	6.238937929999999e-05
9.490000100006000e+00	6.410689820000000e-05
9.537558600000921e+00	6.511552060000000e-05
9.584608799996204e+00	6.582059720000000e-05
9.631622400003835e+00	6.636620670000001e-05
9.695320800004993e+00	6.784166910000000e-05
9.725775600003544e+00	6.857171680000000e-05
9.756300399996690e+00	6.957073490000000e-05
9.788269700002274e+00	7.173781340000000e-05
9.836110100004589e+00	7.422573980000000e-05
9.884401200004504e+00	7.601434480000000e-05
9.931644399999641e+00	7.659262340000000e-05
9.979357300006086e+00	7.777990690000000e-05
1.001125369999500e+01	7.910167910000000e-05
1.004307759999938e+01	8.177210840000000e-05
1.008980960000190e+01	8.427732970000000e-05
1.013623570000345e+01	9.155991570000001e-05
1.024496919999365e+01	9.225073880000000e-05
1.027574219999951e+01	9.340213729999999e-05
1.030705580000358e+01	9.501407480000000e-05
1.033811379999679e+01	9.689466240000000e-05
1.036977530000149e+01	9.823794970000000e-05
1.040027810000174e+01	9.996502190000000e-05
1.043231509999896e+01	1.019799670000000e-04
1.049351060000481e+01	1.101931780000000e-04
1.054275750000670e+01	1.166601070000000e-04
1.058827589999419e+01	1.218989270000000e-04
1.063451099999656e+01	1.259863200000000e-04
1.066597279999405e+01	1.296323750000000e-04
1.069709709999734e+01	1.332592660000000e-04
1.072820880000654e+01	1.347944340000000e-04
1.075910460000159e+01	1.372890980000000e-04
1.078919830000086e+01	1.422016650000000e-04
1.083583359999466e+01	1.492059240000000e-04
1.088198979999288e+01	1.522187090000000e-04
1.092797900000005e+01	1.576110370000000e-04
1.095901069999672e+01	1.604319260000000e-04
1.099027599999681e+01	1.640587870000000e-04
1.103642330000002e+01	1.674745870000000e-04
1.108386899999459e+01	1.702570880000000e-04
1.113039249999565e+01	1.719841530000000e-04
1.117793239999446e+01	1.760907760000000e-04
1.120950359999551e+01	1.801782050000000e-04
1.124018480000086e+01	1.850331900000000e-04
1.127046010000049e+01	1.898114420000000e-04
1.130123800000001e+01	1.952613530000000e-04
1.133269080000173e+01	2.028029120000000e-04
1.138049809999939e+01	2.076579260000000e-04
1.142628630000399e+01	2.194020340000000e-04
1.145786229999794e+01	2.288434040000000e-04
1.148905000000377e+01	2.405875280000000e-04
1.153750669999863e+01	2.477836970000000e-04
1.156864300000598e+01	2.549030760000000e-04
1.159917620000488e+01	2.636344290000000e-04
1.163058739999542e+01	2.691994300000000e-04
1.167813850000675e+01	2.791781150000000e-04
1.170919809999759e+01	2.849734160000000e-04
1.174024030000146e+01	2.924957950000000e-04
1.178555169999890e+01	3.018604180000000e-04
1.183425020000141e+01	3.081546460000000e-04
1.186358580000524e+01	3.146407830000000e-04
1.189423049999459e+01	3.247345740000000e-04
1.194121150000137e+01	3.351546180000000e-04
1.198872660000052e+01	3.450181680000000e-04
1.203656520000368e+01	3.565704100000000e-04
1.208343369999784e+01	3.672782620000000e-04
1.213073269999586e+01	3.731311300000000e-04
1.216212500000256e+01	3.804424780000000e-04
1.219337579999410e+01	3.912078680000000e-04
1.224023720000696e+01	4.042185610000000e-04
1.228767510000034e+01	4.145618000000000e-04
1.233510900000692e+01	4.225255690000000e-04
1.238161199999740e+01	4.258069970000000e-04
1.242897700000321e+01	4.302398590000000e-04
1.246021449999535e+01	4.339050790000000e-04
1.249215079999703e+01	4.417537130000000e-04
1.253821119999338e+01	4.502739470000000e-04
1.258487550000427e+01	4.571822650000000e-04
1.263118080000277e+01	4.603485870000000e-04
1.269312789999822e+01	4.681012650000000e-04
1.273983540000336e+01	4.698475240000000e-04
1.277131330000702e+01	4.717664560000000e-04
1.280229320000217e+01	4.730522050000000e-04
1.283346890000394e+01	4.752398530000000e-04
1.289705869999307e+01	4.778495930000000e-04
1.294218680000631e+01	4.811118710000000e-04
1.298923170000489e+01	4.863890940000000e-04
1.303832439999678e+01	4.914359890000000e-04
1.306896299999789e+01	4.952355520000000e-04
1.310071240000252e+01	4.972888860000000e-04
1.313163150000037e+01	4.974807960000000e-04
1.317813909999677e+01	4.976342320000000e-04
1.320940779999364e+01	4.981139790000000e-04
1.324233809999714e+01	4.989391310000000e-04
1.328643670000019e+01	5.003592230000000e-04
1.333317880000686e+01	5.013954940000001e-04
1.336469099999522e+01	5.031033070000000e-04
1.339541700000700e+01	5.077281380000000e-04
1.344249109999510e+01	5.172077800000000e-04
1.348905439999362e+01	5.256320580000000e-04
1.353749580000294e+01	5.365894760000000e-04
1.358286900000530e+01	5.463378620000000e-04
1.362921369999822e+01	5.509242180000000e-04
1.366028149999329e+01	5.553954400000000e-04
1.369086899999820e+01	5.600201550000000e-04
1.373807659999875e+01	5.659113520000000e-04
1.378461400000378e+01	5.727621030000000e-04
1.383218250000209e+01	5.762738290000000e-04
1.389540680000209e+01	5.867322910000000e-04
1.394062120000308e+01	5.928154570000000e-04
1.397118180000689e+01	5.970179920000000e-04
1.400196579999465e+01	6.011438090000000e-04
1.403354410000611e+01	6.092994010000000e-04
1.409542719999445e+01	6.170712290000000e-04
1.414212520000001e+01	6.269156000000000e-04
1.418894530000398e+01	6.392930520000000e-04
1.423610310000367e+01	6.483697800000000e-04
1.426736310000706e+01	6.585211960000000e-04
1.429842019999342e+01	6.718579680000000e-04
1.432874609999999e+01	6.803590800000000e-04
1.436003369999526e+01	6.908175420000000e-04
1.438918630000262e+01	7.058239430000000e-04
1.443553479999537e+01	7.247449830000000e-04
1.448275589999685e+01	7.417279410000000e-04
1.452933320000011e+01	7.509582210000000e-04
1.456019370000286e+01	7.626447480000000e-04
1.459117149999656e+01	7.805679340000000e-04
1.463716889999341e+01	8.017534270000000e-04
1.468347370000265e+01	8.201947780000000e-04
1.473121060000267e+01	8.299048060000000e-04
1.479218839999521e+01	8.905523569999999e-04
1.493266730000323e+01	8.886315630000000e-04
1.496319730000687e+01	8.936254890000000e-04
1.499376709999342e+01	9.053422840000000e-04
1.504209230000561e+01	9.187873800000000e-04
1.508977910000249e+01	9.283911200000000e-04
1.513537449999421e+01	9.343454150000000e-04
1.516700590000255e+01	9.412601360000000e-04
1.519817839999450e+01	9.491353990000000e-04
1.522977940000419e+01	9.552817210000000e-04
1.526037309999811e+01	9.625804380000000e-04
1.529141530000197e+01	9.764100540000000e-04
1.533656650000194e+01	9.931204839999999e-04
1.538393609999912e+01	1.013672560000000e-03
1.543053640000289e+01	1.021739680000000e-03
1.546214439999312e+01	1.030190960000000e-03
1.549321149999741e+01	1.038450170000000e-03
1.554307949999929e+01	1.054584510000000e-03
1.558778960000200e+01	1.066493100000000e-03
1.563461320000351e+01	1.077825550000000e-03
1.569937519999803e+01	1.084932360000000e-03
1.574463909999758e+01	1.092807390000000e-03
1.577441480000562e+01	1.096840950000000e-03
1.580463440000312e+01	1.104331920000000e-03
1.583666650000669e+01	1.117777200000000e-03
1.588341330000549e+01	1.129877870000000e-03
1.593057729999418e+01	1.138329160000000e-03
1.597991389999515e+01	1.159073200000000e-03
1.604074529999343e+01	1.183658950000000e-03
1.607104830000026e+01	1.197296310000000e-03
1.610224340000423e+01	1.212278030000000e-03
1.613289100000111e+01	1.235135130000000e-03
1.618015899999591e+01	1.243970590000000e-03
1.622820660000434e+01	1.251461330000000e-03
1.625834169999871e+01	1.254918750000000e-03
1.629148600000190e+01	1.264906600000000e-03
1.633720840000024e+01	1.273358010000000e-03
1.636816129999352e+01	1.283730150000000e-03
1.639918569999281e+01	1.298519900000000e-03
1.643142480000097e+01	1.312541190000000e-03
1.649462179999682e+01	1.342697070000000e-03
1.654658179999387e+01	1.361904550000000e-03
1.659067469999718e+01	1.381112150000000e-03
1.663812479999615e+01	1.394173130000000e-03
1.666918070000247e+01	1.402240250000000e-03
1.670118980000552e+01	1.409155200000000e-03
1.673287809999601e+01	1.410307600000000e-03
1.678308540000580e+01	1.409731220000000e-03
1.684162859999924e+01	1.404353300000000e-03
1.688949729999877e+01	1.373237120000000e-03
1.693536620000668e+01	1.369779700000000e-03
1.696741690000636e+01	1.365938110000000e-03
1.699818320000486e+01	1.365169770000000e-03
1.702913720000652e+01	1.365746140000000e-03
1.706147099999362e+01	1.365746140000000e-03
1.709213990000717e+01	1.366130190000000e-03
1.713926169999468e+01	1.365938110000000e-03
1.718445159999828e+01	1.366706450000000e-03
1.723120920000656e+01	1.373237120000000e-03
1.726221289999376e+01	1.389371230000000e-03
1.729358559999673e+01	1.431243610000000e-03
1.734078250000312e+01	1.484256470000000e-03
1.738864249999460e+01	1.535156280000000e-03
1.743514499999583e+01	1.597196560000000e-03
1.748247499999707e+01	1.661541640000000e-03
1.753112390000024e+01	1.701301200000000e-03
1.756528749999416e+01	1.754314060000000e-03
1.759214019999490e+01	1.823076750000000e-03
1.763813649999793e+01	1.912007690000000e-03
1.768464300000051e+01	1.984803940000000e-03
1.773118380000233e+01	2.018224910000000e-03
1.777882160000445e+01	2.082762080000000e-03
1.781042019999586e+01	2.125594760000000e-03
1.784097590000601e+01	2.166506830000000e-03
1.787153380000382e+01	2.207611220000000e-03
1.790243079999345e+01	2.250059510000000e-03
1.793388389999745e+01	2.316325670000000e-03
1.798152079999272e+01	2.353588350000000e-03
1.804234830000496e+01	2.473058640000000e-03
1.808950630000618e+01	2.544702730000000e-03
1.813660699999309e+01	2.593105890000000e-03
1.817040909999923e+01	2.641508820000000e-03
1.820023339999898e+01	2.689527580000000e-03
1.823220040000160e+01	2.723140640000000e-03
1.829476449999493e+01	2.799010370000000e-03
1.834221740000066e+01	2.852598900000000e-03
1.838919669999450e+01	2.905420030000000e-03
1.843486700000358e+01	2.939417030000000e-03
1.846995189999870e+01	2.984170570000000e-03
1.849812069999462e+01	3.025658660000000e-03
1.854302470000403e+01	3.082128710000000e-03
1.859097560000373e+01	3.132836890000000e-03
1.863814439999987e+01	3.187578170000000e-03
1.868581779999658e+01	3.242319680000000e-03
1.873082890000660e+01	3.276700620000000e-03
1.876217830000678e+01	3.318381260000000e-03
1.879356700000062e+01	3.377540270000000e-03
1.884011129999999e+01	3.451873550000000e-03
1.888674990000436e+01	3.519099670000000e-03
1.893354509999335e+01	3.594008970000000e-03
1.897931270000117e+01	3.630118910000000e-03
1.901055079999787e+01	3.678329750000000e-03
1.904194900000584e+01	3.719625990000000e-03
1.907583149999846e+01	3.759001150000000e-03
1.910412600000564e+01	3.790693820000000e-03
1.913581769999291e+01	3.846971780000000e-03
1.918356540000241e+01	3.896143050000000e-03
1.923040970000147e+01	3.924570050000000e-03
1.929221070000494e+01	4.013500640000000e-03
1.933810239999730e+01	4.049610810000000e-03
1.937032940000063e+01	4.083800130000000e-03
1.940122189999965e+01	4.117221570000000e-03
1.943222339999920e+01	4.138733730000000e-03
1.949469819999649e+01	4.198085050000000e-03
1.954123729999992e+01	4.237459970000000e-03
1.958680259999528e+01	4.269344730000000e-03
1.963400750000437e+01	4.291625230000000e-03
1.966680219999398e+01	4.322357480000000e-03
1.969742080000287e+01	4.365766420000000e-03
1.974422589999449e+01	4.424925890000000e-03
1.979021839999768e+01	4.489462820000000e-03
1.983715449999727e+01	4.549774340000000e-03
1.988347369999974e+01	4.597601020000000e-03
1.993107160000363e+01	4.626796580000000e-03
1.996205929999996e+01	4.662138410000000e-03
1.999351030000253e+01	4.710733420000000e-03
2.004017680000106e+01	4.771429110000000e-03
2.008778849999362e+01	4.828091250000000e-03
2.013389230000030e+01	4.887442570000000e-03
2.018115849999595e+01	4.911067430000000e-03
2.022812529999646e+01	4.947177600000000e-03
2.025978999999643e+01	4.970610610000000e-03
2.029064770000696e+01	5.000958680000000e-03
2.033623400000215e+01	5.032266960000000e-03
2.038400550000370e+01	5.062038540000000e-03
2.043009069999971e+01	5.078365090000000e-03
2.049375039999723e+01	5.126960110000000e-03
2.054016429999319e+01	5.158844400000000e-03
2.057042709999951e+01	5.185158920000000e-03
2.060306480000145e+01	5.219347770000000e-03
2.063261509999575e+01	5.284461660000000e-03
2.069583529999363e+01	5.351303610000000e-03
2.074268250000023e+01	5.415264520000000e-03
2.078819490000024e+01	5.475960210000000e-03
2.083522860000085e+01	5.509381180000000e-03
2.086637829999381e+01	5.540113430000000e-03
2.089703870000085e+01	5.567771850000000e-03
2.092900610000652e+01	5.586595270000000e-03
2.096083799999906e+01	5.606187040000000e-03
2.099142510000092e+01	5.630580710000000e-03
2.103811870000209e+01	5.664194000000000e-03
2.108534190000501e+01	5.693965130000000e-03
2.113237950000621e+01	5.714709400000000e-03
2.116436799999792e+01	5.732956340000000e-03
2.119439730000158e+01	5.762920710000000e-03
2.124104110000189e+01	5.806905220000000e-03
2.128981240000576e+01	5.847817290000000e-03
2.133453389999340e+01	5.886616650000000e-03
2.138118110000505e+01	5.904287570000000e-03
2.142704850000155e+01	5.944815460000000e-03
2.145816310000373e+01	5.975931420000000e-03
2.148855979999644e+01	6.025102920000000e-03
2.153598529999726e+01	6.076194810000000e-03
2.158297210000455e+01	6.128822920000000e-03
2.163015840000298e+01	6.155137900000000e-03
2.169157029999769e+01	6.218138620000000e-03
2.173711610000464e+01	6.242148110000000e-03
2.176807789999293e+01	6.267117340000000e-03
2.179919340000197e+01	6.300153680000000e-03
2.183056180000131e+01	6.328965540000000e-03
2.189403389999643e+01	6.407908630000000e-03
2.194226199999684e+01	6.439792920000000e-03
2.198823279999488e+01	6.464954930000000e-03
2.203656439999759e+01	6.487043570000000e-03
2.206697810000333e+01	6.508556190000000e-03
2.209895590000087e+01	6.536790640000000e-03
2.214441079999960e+01	6.578662900000000e-03
2.219082000000344e+01	6.615733730000000e-03
2.223683690000325e+01	6.659718700000000e-03
2.228396739999880e+01	6.699094550000000e-03
2.233341870000004e+01	6.726944820000000e-03
2.236219139999594e+01	6.754219530000000e-03
2.239332309999736e+01	6.793211210000000e-03
2.244300569999905e+01	6.822790480000000e-03
2.248913630000607e+01	6.854867100000000e-03
2.253443080000579e+01	6.908071690000000e-03
2.258266250000452e+01	6.970496380000000e-03
2.262951889999385e+01	7.001804190000000e-03
2.266018320000148e+01	7.031576710000000e-03
2.269060600000375e+01	7.060771340000000e-03
2.273733649999485e+01	7.085933350000000e-03
2.278469159999804e+01	7.111479530000000e-03
2.283084799999779e+01	7.126077080000000e-03
2.289169990000664e+01	7.161610760000000e-03
2.293798149999930e+01	7.178129630000000e-03
2.296985290000157e+01	7.195800080000000e-03
2.300136670000211e+01	7.216928990000000e-03
2.303311669999675e+01	7.253999360000000e-03
2.309600439999485e+01	7.287035700000000e-03
2.314239789999556e+01	7.332749660000000e-03
2.318925039999885e+01	7.372125520000000e-03
2.323688979999861e+01	7.408042900000000e-03
2.327123980000033e+01	7.442809180000000e-03
2.329892630000541e+01	7.464129480000000e-03
2.333058510000410e+01	7.475461350000000e-03
2.339210029999958e+01	7.508882790000000e-03
2.343917889999284e+01	7.532891820000000e-03
2.348657170000661e+01	7.560551170000000e-03
2.353278219999629e+01	7.582063320000000e-03
2.356473230000120e+01	7.607224860000000e-03
2.359545629999775e+01	7.649673150000000e-03
2.364124680000532e+01	7.712098300000000e-03
2.368813110000337e+01	7.781820840000000e-03
2.373599460000696e+01	7.850776429999999e-03
2.378153999999631e+01	7.884006020000001e-03
2.382750739999756e+01	7.926646620000000e-03
2.385921579999558e+01	7.958722300000000e-03
2.389142250000441e+01	7.992335600000001e-03
2.393679019999399e+01	8.025948890000001e-03
2.398753779999970e+01	8.051110429999999e-03
2.403155450000486e+01	8.058024570000001e-03
2.409450560000550e+01	8.079729040000001e-03
2.414105999999447e+01	8.086068560000000e-03
2.417145769999479e+01	8.095094929999999e-03
2.420219650000217e+01	8.103547620000000e-03
2.423648940000567e+01	8.115647360000000e-03
2.429539270000532e+01	8.128324520000001e-03
2.434207610000158e+01	8.139656860000000e-03
2.439018000000215e+01	8.163474500000000e-03
2.443683780000720e+01	8.185178970000000e-03
2.446865510000498e+01	8.202081550000000e-03
2.450016999999934e+01	8.223977869999999e-03
2.453115090000210e+01	8.244722150000000e-03
2.459345380000013e+01	8.307146840000000e-03
2.464016710000578e+01	8.351323189999999e-03
2.468693229999917e+01	8.391467850000001e-03
2.473358319999534e+01	8.418550710000000e-03
2.476477219999651e+01	8.446209130000000e-03
2.479543189999822e+01	8.482126519999999e-03
2.484628559999692e+01	8.783091789999999e-03
2.495123439999588e+01	8.712615820000000e-03
2.498247839999385e+01	8.712615820000000e-03
2.502911909999966e+01	8.731664159999999e-03
2.506056110000645e+01	8.752615190000000e-03
2.509128500000224e+01	8.771663529999999e-03
2.513883470000292e+01	8.804045619999999e-03
2.518601560000388e+01	8.844044989999999e-03
2.523255070000596e+01	8.872617039999999e-03
2.529643909999868e+01	8.906901809999999e-03
2.534090340000694e+01	8.925950150000000e-03
2.537091800000053e+01	8.950712160000001e-03
2.540271350000694e+01	8.960234930000000e-03
2.543367359999684e+01	8.988806980000000e-03
2.548009549999551e+01	9.009759870000000e-03
2.554052140000567e+01	9.055473840000000e-03
2.558913249999750e+01	9.078332220000001e-03
2.563496660000237e+01	9.103093300000000e-03
2.566511420000461e+01	9.131665339999999e-03
2.569548989999748e+01	9.148808200000001e-03
2.574226769999950e+01	9.169760160000000e-03
2.578921069999342e+01	9.194521230000001e-03
2.583561629999895e+01	9.209759530000000e-03
2.588231040000392e+01	9.223093280000001e-03
2.593116189999273e+01	9.223093280000001e-03
2.596113419999892e+01	9.236426089999999e-03
2.599289249999856e+01	9.240236129999999e-03
2.604023329999472e+01	9.251665320000000e-03
2.608721319999313e+01	9.261189959999999e-03
2.613505820000137e+01	9.284046480000000e-03
2.618103619999602e+01	9.304998440000000e-03
2.622813920000044e+01	9.310713040000000e-03
2.625915830000304e+01	9.333569559999999e-03
2.628993470000569e+01	9.364046160000000e-03
2.633713309999439e+01	9.413571100000000e-03
2.638475620000099e+01	9.461189619999999e-03
2.643289919999370e+01	9.499284440000000e-03
2.649551379999320e+01	9.522142819999999e-03
2.654214920000231e+01	9.537381120000001e-03
2.657906970000477e+01	9.548809380000000e-03
2.662156359999790e+01	9.541189300000001e-03
2.665210849999858e+01	9.550714869999999e-03
2.668380810000235e+01	9.548809380000000e-03
2.673080710000067e+01	9.552619420000000e-03
2.677709449999384e+01	9.546904820000000e-03
2.680774920000113e+01	9.546904820000000e-03
2.683918009999616e+01	9.556427600000000e-03
2.687024220000603e+01	9.552619420000000e-03
2.690124019999348e+01	9.562143120000000e-03
2.693185979999544e+01	9.567855860000000e-03
2.697782620000362e+01	9.592619720000001e-03
2.700994699999865e+01	9.607858020000000e-03
2.704001070000231e+01	9.642142800000000e-03
2.708612130000256e+01	9.674524889999999e-03
2.713279319999856e+01	9.712619710000000e-03
2.716375639999751e+01	9.743096309999999e-03
2.719423779999488e+01	9.779285640000000e-03
2.724022740000510e+01	9.823095980000000e-03
2.728924070000357e+01	9.838334280000000e-03
2.733477079999284e+01	9.857382630000000e-03
2.738346949999686e+01	9.863096290000000e-03
2.742897290000110e+01	9.874524550000000e-03
2.746068519999972e+01	9.876429100000000e-03
2.749143710000499e+01	9.895477440000000e-03
2.753864199999953e+01	9.925954040000001e-03
2.758908239999437e+01	9.941190480000001e-03
2.763492120000592e+01	9.971667080000000e-03
2.768197259999579e+01	9.973572570000000e-03
2.772820630000206e+01	1.000023910000000e-02
2.775911549999728e+01	1.001738200000000e-02
2.779120000000694e+01	1.004214400000000e-02
2.783821570000146e+01	1.008595430000000e-02
2.790137520000280e+01	1.011833550000000e-02
2.793224670000200e+01	1.017738230000000e-02
2.799429020000389e+01	1.021547890000000e-02
2.804100280000421e+01	1.023643000000000e-02
2.807323500000348e+01	1.025357380000000e-02
2.810654569999315e+01	1.027452570000000e-02
2.813502669999434e+01	1.029166860000000e-02
2.818275340000400e+01	1.032595520000000e-02
2.822913310000149e+01	1.032976340000000e-02
2.826037910000014e+01	1.035262180000000e-02
2.829193419999501e+01	1.037357380000000e-02
2.833872580000025e+01	1.038881210000000e-02
2.837022870000510e+01	1.040024030000000e-02
2.839975320000667e+01	1.042119320000000e-02
2.843020149999938e+01	1.043262150000000e-02
2.849291420000372e+01	1.047071720000000e-02
2.854031149999355e+01	1.048405000000000e-02
2.858770010000444e+01	1.048595550000000e-02
2.863493519999611e+01	1.048976560000000e-02
2.866663479999988e+01	1.049357560000000e-02
2.869711520000419e+01	1.048976560000000e-02
2.873001559999830e+01	1.049547830000000e-02
2.877578850000282e+01	1.048024190000000e-02
2.880708210000012e+01	1.048024190000000e-02
2.884089380000660e+01	1.047833730000000e-02
2.888578949999646e+01	1.047262180000000e-02
2.893328349999501e+01	1.047833730000000e-02
2.896456619999663e+01	1.047833730000000e-02
2.899547439999878e+01	1.047452730000000e-02
2.904281369999808e+01	1.047833730000000e-02
2.909559670000453e+01	1.047452730000000e-02
2.913682349999726e+01	1.047071720000000e-02
2.918363440000394e+01	1.048024190000000e-02
2.923031329999503e+01	1.047452730000000e-02
2.926209879999806e+01	1.048024190000000e-02
2.929297219999717e+01	1.049547830000000e-02
2.933920820000640e+01	1.049167010000000e-02
2.938626240000303e+01	1.052214480000000e-02
2.943317780000507e+01	1.055833700000000e-02
2.949491059999855e+01	1.058881360000000e-02
2.954255169999669e+01	1.061357460000000e-02
2.957308780000312e+01	1.063071840000000e-02
2.960635040000489e+01	1.066500320000000e-02
2.963636479999695e+01	1.069928990000000e-02
2.968290929999785e+01	1.071643180000000e-02
2.972991549999279e+01	1.072595640000000e-02
2.977643749999697e+01	1.074690840000000e-02
2.980718240000715e+01	1.075643300000000e-02
2.983769499999471e+01	1.075452850000000e-02
2.986917190000531e+01	1.076405120000000e-02
2.990029639999557e+01	1.076024120000000e-02
2.993147399999725e+01	1.075833660000000e-02
2.997837969999819e+01	1.075643300000000e-02
3.000983219999762e+01	1.075643300000000e-02
3.003890590000083e+01	1.074500290000000e-02
3.008606529999815e+01	1.073357460000000e-02
3.013478900000337e+01	1.072595640000000e-02
3.016593780000403e+01	1.071833630000000e-02
3.019636950000131e+01	1.071452820000000e-02
3.024219109999831e+01	1.068595700000000e-02
3.028951349999988e+01	1.066500320000000e-02
3.033761610000511e+01	1.064785940000000e-02
3.038295100000687e+01	1.061928830000000e-02
3.043019850000564e+01	1.060976460000000e-02
3.046227079999517e+01	1.059643180000000e-02
3.049405439999828e+01	1.057166980000000e-02
3.054184639999585e+01	1.054690870000000e-02
3.058807929999602e+01	1.050690840000000e-02
3.063541099999566e+01	1.047262180000000e-02
3.068197410000721e+01	1.045738350000000e-02
3.073095450000255e+01	1.042119320000000e-02
3.076118070000666e+01	1.039833480000000e-02
3.079212670000561e+01	1.034690720000000e-02
3.083823209999537e+01	1.030881240000000e-02
3.088515329999791e+01	1.027452570000000e-02
3.093266590000712e+01	1.024785820000000e-02
3.098056019999785e+01	1.022690720000000e-02
3.104320949999965e+01	1.017738230000000e-02
3.107398830000602e+01	1.015262030000000e-02
3.110946700000204e+01	1.011833550000000e-02
3.113592529999733e+01	1.007643060000000e-02
3.118281480000587e+01	1.002309750000000e-02
3.123019729999942e+01	9.996429090000000e-03
3.129242120000708e+01	9.908811190000000e-03
3.133917829999700e+01	9.859286250000000e-03
3.137117600000056e+01	9.828810580000000e-03
3.140350119999493e+01	9.783095679999999e-03
3.143348360000527e+01	9.720237930000000e-03
3.148075129999779e+01	9.676429440000000e-03
3.152803349999886e+01	9.619286280000000e-03
3.155918589999783e+01	9.565953170000000e-03
3.159016520000296e+01	9.491666220000000e-03
3.163652260000526e+01	9.457379580000000e-03
3.166816770000150e+01	9.415474720000001e-03
3.169916689999809e+01	9.369761680000000e-03
3.173009700000694e+01	9.335475039999999e-03
3.177701479999814e+01	9.282141920000000e-03
3.180811610000092e+01	9.255475359999999e-03
3.184029839999857e+01	9.204046800000001e-03
3.188898469999549e+01	9.137379940000001e-03
3.193553420000535e+01	9.087855000000001e-03
3.196667520000483e+01	9.032616390000000e-03
3.199681039999996e+01	8.964044970000000e-03
3.202815119999286e+01	8.920235560000000e-03
3.205962240000372e+01	8.863092400000000e-03
3.209190430000308e+01	8.779281749999999e-03
3.213816839999345e+01	8.687853810000000e-03
3.218415650000679e+01	8.619282390000000e-03
3.223329170000216e+01	8.562139240000001e-03
3.226122529999702e+01	8.525948970000001e-03
3.229402489999484e+01	8.461185729999999e-03
3.234015160000126e+01	8.384996089999999e-03
3.238684890000150e+01	8.306900969999999e-03
3.243368499999633e+01	8.215471170000000e-03
3.248094559999299e+01	8.183090949999999e-03
3.252761239999381e+01	8.116423150000000e-03
3.255970939999679e+01	8.070710120000000e-03
3.259220919999643e+01	8.026899770000000e-03
3.263821920000191e+01	7.977374830000000e-03
3.268508680000377e+01	7.937374520000000e-03
3.273590800000238e+01	7.880231370000001e-03
3.278385839999828e+01	7.823090070000000e-03
3.283041989999765e+01	7.779280190000000e-03
3.285919299999659e+01	7.750708610000000e-03
3.289026780000131e+01	7.682136730000000e-03
3.293726789999346e+01	7.632611790000000e-03
3.298510309999983e+01	7.586898750000000e-03
3.303145559999393e+01	7.567850410000000e-03
3.309468730000663e+01	7.503088560000000e-03
3.314205619999848e+01	7.381152360000000e-03
3.323621689999709e+01	7.356951010000000e-03
3.326712509999925e+01	7.328140080000000e-03
3.329808029999549e+01	7.298752670000000e-03
3.332983800000511e+01	7.282810290000000e-03
3.337664529999893e+01	7.258032450000000e-03
3.340796680000494e+01	7.239209020000000e-03
3.343924259999767e+01	7.203098850000000e-03
3.348573339999712e+01	7.156232840000000e-03
3.353366770000139e+01	7.108021990000000e-03
3.359531099999731e+01	7.067877800000000e-03
3.364126590000524e+01	7.018707230000000e-03
3.368776070000604e+01	6.982596590000000e-03
3.371904199999699e+01	6.944950670000000e-03
3.375028930000553e+01	6.890592630000000e-03
3.378194600000279e+01	6.848721300000000e-03
3.382812609999382e+01	6.778420880000000e-03
3.385908290000225e+01	6.733667570000000e-03
3.389080290000129e+01	6.680271120000000e-03
3.393804249999812e+01	6.622071840000000e-03
3.398310440000205e+01	6.592108870000000e-03
3.401404009999533e+01	6.560992450000000e-03
3.404532190000464e+01	6.513934120000000e-03
3.409332189999986e+01	6.462649440000000e-03
3.414024249999784e+01	6.430573760000000e-03
3.418710700000520e+01	6.415975750000000e-03
3.423329940000258e+01	6.413670720000000e-03
3.429523760000302e+01	6.412902380000000e-03
3.432571039999311e+01	6.414631380000000e-03
3.435712689999491e+01	6.420393010000000e-03
3.438914830000431e+01	6.442097480000000e-03
3.443712190000224e+01	6.505867000000000e-03
3.448417710000649e+01	6.596526130000000e-03
3.453197929999442e+01	6.672588180000000e-03
3.458012009999948e+01	6.837388030000000e-03
3.461637089999567e+01	6.989511660000000e-03
3.464216550000128e+01	7.162955120000000e-03
3.468934890000673e+01	7.365210910000000e-03
3.473673540000163e+01	7.570730990000000e-03
3.478345800000534e+01	7.762998340000000e-03
3.483038359999773e+01	7.864989340000000e-03
3.489333190000616e+01	8.095864210000000e-03
3.492578299999877e+01	8.210340510000001e-03
3.495925569999963e+01	8.321552540000001e-03
3.498818339999707e+01	8.473291060000001e-03
3.503542379999999e+01	9.019283580000001e-03
3.514450910000596e+01	9.019283580000001e-03
3.517514219999430e+01	9.082142260000000e-03
3.520662670000456e+01	9.171664709999999e-03
3.523804620000010e+01	9.247856210000001e-03
3.526921709999442e+01	9.318331260000000e-03
3.530037090000405e+01	9.409761060000001e-03
3.533076929999515e+01	9.466905150000000e-03
3.539364920000662e+01	9.655476550000000e-03
3.543922119999479e+01	9.775475600000000e-03
3.548641090000456e+01	9.903095660000000e-03
3.553338419999636e+01	9.956428780000000e-03
3.556542319999426e+01	1.000214370000000e-02
3.560033650000696e+01	1.007262060000000e-02
3.562933250000060e+01	1.011452540000000e-02
3.565990559999773e+01	1.016785860000000e-02
3.569077139999717e+01	1.023643000000000e-02
3.573712869999872e+01	1.029357410000000e-02
3.578379800000403e+01	1.035452730000000e-02
3.583018710000033e+01	1.038119380000000e-02
3.586362519999966e+01	1.041547860000000e-02
3.589239750000706e+01	1.044595520000000e-02
3.594012620000285e+01	1.048405000000000e-02
3.598617810000724e+01	1.051833670000000e-02
3.603332620000583e+01	1.055452690000000e-02
3.609653619999881e+01	1.057357530000000e-02
3.614223500000662e+01	1.059262180000000e-02
3.617394370000693e+01	1.060595460000000e-02
3.620529709999391e+01	1.061928830000000e-02
3.623621380000259e+01	1.063262110000000e-02
3.628254590000142e+01	1.065166950000000e-02
3.633062259999861e+01	1.066881330000000e-02
3.637718959999620e+01	1.068405160000000e-02
3.640805389999878e+01	1.068976520000000e-02
3.643819309999526e+01	1.069928990000000e-02
3.646926209999947e+01	1.070690810000000e-02
3.650115929999447e+01	1.071833630000000e-02
3.653503179999825e+01	1.072405190000000e-02
3.660122640000191e+01	1.073357460000000e-02
3.664027220000571e+01	1.074690840000000e-02
3.668708839999454e+01	1.074310020000000e-02
3.673358830000507e+01	1.075643300000000e-02
3.676382310000190e+01	1.075452850000000e-02
3.679432420000376e+01	1.075262300000000e-02
3.684180680000281e+01	1.073929020000000e-02
3.688897040000302e+01	1.073738470000000e-02
3.693500759999733e+01	1.072024180000000e-02
3.698247329999867e+01	1.071071810000000e-02
3.702891029999591e+01	1.068976520000000e-02
3.706023639999330e+01	1.067833700000000e-02
3.709282770000573e+01	1.065738500000000e-02
3.713818100000208e+01	1.062500290000000e-02
3.718520550000540e+01	1.060405190000000e-02
3.723217820000718e+01	1.057357530000000e-02
3.729459350000252e+01	1.054309870000000e-02
3.734331939999538e+01	1.051833670000000e-02
3.737174060000689e+01	1.048976560000000e-02
3.740219180000713e+01	1.047071720000000e-02
3.743420069999411e+01	1.042500140000000e-02
3.748070299999381e+01	1.039262210000000e-02
3.754232710000360e+01	1.032214520000000e-02
3.759022430000186e+01	1.028024030000000e-02
3.763963940000394e+01	1.023833550000000e-02
3.766918120000628e+01	1.020214520000000e-02
3.770121250000375e+01	1.016024030000000e-02
3.773173709999537e+01	1.013928740000000e-02
3.777811080000538e+01	1.007452610000000e-02
3.780907540000044e+01	1.004214400000000e-02
3.784008490000269e+01	9.985000830000000e-03
3.788680880000175e+01	9.925954040000001e-03
3.793401579999772e+01	9.891667400000000e-03
3.796532190000289e+01	9.853572580000001e-03
3.799642789999780e+01	9.815477770000001e-03
3.804244600000675e+01	9.745000860000000e-03
3.809005100000650e+01	9.695475920000000e-03
3.813566630000423e+01	9.638332760000000e-03
3.818234319999465e+01	9.573571380000000e-03
3.822919670000556e+01	9.552619420000000e-03
3.826011059999291e+01	9.525951000000000e-03
3.829080240000621e+01	9.480237960000000e-03
3.833730769999966e+01	9.428809400000000e-03
3.838327580000623e+01	9.369761680000000e-03
3.843118119999417e+01	9.337379599999999e-03
3.849419789999956e+01	9.240236129999999e-03
3.854123780000373e+01	9.184998460000000e-03
3.857313109999814e+01	9.131665339999999e-03
3.860845679999329e+01	9.080236780000001e-03
3.863516390000586e+01	9.011665360000001e-03
3.869710869999835e+01	8.948806670000000e-03
3.872770020000462e+01	8.903093640000000e-03
3.875920040000346e+01	8.857378740000000e-03
3.879031579999719e+01	8.790711870000001e-03
3.883708080000360e+01	8.724044080000000e-03
3.886814489999961e+01	8.666902779999999e-03
3.889930780000577e+01	8.604044090000000e-03
3.893081720000191e+01	8.548805490000000e-03
3.897849470000074e+01	8.474519480000000e-03
3.900880510000570e+01	8.404044430000000e-03
3.904027490000590e+01	8.316424680000000e-03
3.908761760000198e+01	8.226899430000000e-03
3.913559309999982e+01	8.177376350000000e-03
3.916673899999296e+01	8.116423150000000e-03
3.919818059999670e+01	8.063090029999999e-03
3.922912069999438e+01	8.011661470000001e-03
3.926092260000587e+01	7.954518310000000e-03
3.929143860000477e+01	7.884041410000001e-03
3.933817160000035e+01	7.792613470000000e-03
3.938536939999904e+01	7.703088220000000e-03
3.943286929999886e+01	7.642136890000000e-03
3.946440969999821e+01	7.590706930000000e-03
3.949707880000642e+01	7.512611800000000e-03
3.954279160000442e+01	7.405945570000000e-03
3.958928289999312e+01	7.314515300000000e-03
3.963682109999354e+01	6.975490130000000e-03
3.977814900000521e+01	6.902501450000000e-03
3.981178000000364e+01	6.827976550000000e-03
3.984051809999801e+01	6.722911730000000e-03
3.988666089999606e+01	6.615541880000000e-03
3.993284009999479e+01	6.502793640000000e-03
3.997851109999465e+01	6.450549230000000e-03
4.000908639999398e+01	6.392734130000000e-03
4.003914700000314e+01	6.309950720000000e-03
4.008534010000585e+01	6.225437390000000e-03
4.013213549999637e+01	6.148030520000000e-03
4.018020600000455e+01	6.105582230000000e-03
4.022672409999359e+01	6.031249180000000e-03
4.025738830000046e+01	5.979004780000000e-03
4.028802320000250e+01	5.928873080000000e-03
4.031918469999800e+01	5.880662240000000e-03
4.035024889999477e+01	5.820158870000000e-03
4.038127979999990e+01	5.777325950000000e-03
4.042809940000006e+01	5.701840390000000e-03
4.045934600000328e+01	5.649211820000000e-03
4.049085410000407e+01	5.568348340000000e-03
4.053668229999312e+01	5.464243700000000e-03
4.058330260000366e+01	5.408926400000000e-03
4.061444760000450e+01	5.343236490000000e-03
4.064484769999399e+01	5.251232530000000e-03
4.069226409999828e+01	5.143286190000000e-03
4.073817890000646e+01	5.042062610000000e-03
4.078422169999976e+01	4.941607830000000e-03
4.083150000000023e+01	4.884561060000000e-03
4.089313149999361e+01	4.767203240000000e-03
4.092457000000286e+01	4.717071540000000e-03
4.095420069999818e+01	4.667900500000000e-03
4.098611329999403e+01	4.583771810000000e-03
4.103219179999724e+01	4.481203850000000e-03
4.109452840000449e+01	4.381901120000000e-03
4.114139299999806e+01	4.282213750000000e-03
4.118719359999523e+01	4.221518060000000e-03
4.122060149999743e+01	4.165240100000000e-03
4.124943969999731e+01	4.101278730000000e-03
4.129557750000095e+01	4.028098660000000e-03
4.134325320000062e+01	3.958183340000000e-03
4.138906469999347e+01	3.890188640000000e-03
4.143515229999321e+01	3.812014130000000e-03
4.148312049999367e+01	3.769373520000000e-03
4.151418389999890e+01	3.727308940000000e-03
4.154601780000667e+01	3.668918040000000e-03
4.159782120000455e+01	3.600923580000000e-03
4.164132920000702e+01	3.517370900000000e-03
4.168745120000676e+01	3.453601850000000e-03
4.173519439999654e+01	3.437083680000000e-03
4.178343009999662e+01	3.436699510000000e-03
4.181241040000168e+01	3.436891590000000e-03
4.184326720000536e+01	3.435547000000000e-03
4.188907619999372e+01	3.435738850000000e-03
4.193501070000639e+01	3.436123020000000e-03
4.198210330000438e+01	3.435738850000000e-03
4.202914319999400e+01	3.436123020000000e-03
4.206045689999883e+01	3.436123020000000e-03
4.209237790000043e+01	3.435547000000000e-03
4.212457010000071e+01	3.436315570000000e-03
4.215524340000411e+01	3.436315570000000e-03
4.218702779999876e+01	3.435162830000000e-03
4.223350400000345e+01	3.413842530000000e-03
4.229558570000518e+01	3.344695320000000e-03
4.234480239999539e+01	3.236173190000000e-03
4.238862169999629e+01	3.147818380000000e-03
4.242035099999339e+01	3.056774850000000e-03
4.245340850000503e+01	2.949212910000000e-03
4.248230869999679e+01	2.820714610000000e-03
4.252960059999896e+01	2.766357500000000e-03
4.259978780000529e+01	2.610584720000000e-03
4.263842430000659e+01	2.507440280000000e-03
4.268483159999596e+01	2.456540470000000e-03
4.271577460000117e+01	2.399878340000000e-03
4.274661079999350e+01	2.331115310000000e-03
4.279353979999723e+01	2.239303430000000e-03
4.283923650000361e+01	2.150564690000000e-03
4.288580049999291e+01	2.066627840000000e-03
4.293202480000036e+01	2.018224910000000e-03
4.297906539999531e+01	1.936977150000000e-03
4.300988409999991e+01	1.882427950000000e-03
4.304119139999966e+01	1.798683200000000e-03
4.308736659999704e+01	1.719356400000000e-03
4.313423090000288e+01	1.632346190000000e-03
4.318120740000450e+01	1.586632340000000e-03
4.322814530000323e+01	1.517677450000000e-03
4.325918449999881e+01	1.482143650000000e-03
4.328978399999323e+01	1.449490780000000e-03
4.332079670000530e+01	1.420679500000000e-03
4.335240279999562e+01	1.386874470000000e-03
4.338219160000153e+01	1.327715230000000e-03
4.343012809999345e+01	1.296407080000000e-03
4.349248450000596e+01	1.207476250000000e-03
4.353973479999695e+01	1.137753130000000e-03
4.358655680000084e+01	1.095304500000000e-03
4.362151070000255e+01	1.048630220000000e-03
4.366445310000563e+01	9.981144689999999e-04
4.369553029999952e+01	9.502877950000000e-04
4.374273450000328e+01	8.913206979999999e-04
4.378855450000265e+01	8.315854360000000e-04
4.383518179999373e+01	7.664719600000000e-04
4.388172619999386e+01	7.380446770000000e-04
4.391285110000172e+01	7.040476190000000e-04
4.394426119999844e+01	6.621750650000000e-04
4.399137380000320e+01	6.116595469999999e-04
4.403921940000146e+01	5.628722720000000e-04
4.408592270000372e+01	5.200395830000000e-04
4.413329410000006e+01	4.006492380000000e-04
4.427142410000670e+01	3.782931890000000e-04
4.430315720000362e+01	3.535384020000000e-04
4.433413059999293e+01	3.179605990000000e-04
4.438081329999841e+01	3.006706540000000e-04
4.442840879999858e+01	2.739584890000000e-04
4.445970320000197e+01	2.593742970000000e-04
4.449195239999972e+01	2.440033130000000e-04
4.452132899999560e+01	2.307815590000000e-04
4.455222929999582e+01	2.161013980000000e-04
4.458364529999380e+01	1.961248640000000e-04
4.463014130000374e+01	1.863189100000000e-04
4.469304500000726e+01	1.547901630000000e-04
4.473824200000672e+01	1.347752400000000e-04
4.478529030000209e+01	1.226281170000000e-04
4.481549170000653e+01	1.111910240000000e-04
4.484729639999568e+01	9.601195050000000e-05
4.489431089999562e+01	8.058337700000000e-05
4.494127799999842e+01	6.638295600000000e-05
4.498688549999497e+01	5.375611360000000e-05
4.503303429999505e+01	4.258767150000000e-05
4.507979420000629e+01	3.773265780000000e-05
4.511076320000575e+01	3.201412620000000e-05
4.514260819999618e+01	2.454929930000000e-05
4.518900389999908e+01	1.583715860000000e-05
4.523583550000330e+01	3.803125310000000e-06
4.534524189999502e+01	2.498647750000000e-06
4.537723250000272e+01	1.741704980000000e-06
4.540787450000062e+01	1.347864100000000e-06
4.543896030000178e+01	1.174958810000000e-06
4.547010150000278e+01	1.199934100000000e-06
4.550129090000701e+01	1.440079590000000e-06
4.553358129999833e+01	2.158599500000000e-06
4.558128509999369e+01	2.646577740000000e-06
4.563222010000027e+01	7.254838690000000e-06
4.573646139999619e+01	8.082418390000000e-06
4.576741739999852e+01	1.001044530000000e-05
4.587748110000393e+01	9.985469660000000e-06
4.590918299999612e+01	9.956652320000001e-06
4.594011779999710e+01	9.948967090000001e-06
4.598767420000513e+01	9.931676689999999e-06
4.603454940000665e+01	9.922069689999999e-06
4.606599639999331e+01	9.918227989999999e-06
4.610117449999962e+01	9.918227989999999e-06
4.614501279999968e+01	9.914385370000000e-06
4.619124590000138e+01	9.902858440000001e-06
4.623699439999473e+01	9.862513250000000e-06
4.628287680000358e+01	9.560889339999999e-06
4.632939739999711e+01	9.370693079999999e-06
4.636026430000493e+01	9.038330060000001e-06
4.639241630000470e+01	8.511927260000000e-06
4.643704030000663e+01	7.386118800000000e-06
4.648507120000431e+01	5.924103790000000e-06
4.653114589999313e+01	5.242086900000000e-06
4.657916829999886e+01	4.210415680000000e-06
4.661489719999372e+01	3.578349380000000e-06
4.665866479999386e+01	2.794509560000000e-06
4.668871539999964e+01	2.133624090000000e-06
4.673553980000725e+01	1.141808870000000e-06
4.687472399999388e+01	1.147202620000000e-06
4.690501580000273e+01	1.191702380000000e-06
4.693748659999983e+01	1.394551760000000e-06
4.698337170000013e+01	1.746311570000000e-06
4.703019889999996e+01	1.963994240000000e-06
4.707739249999577e+01	2.390305780000000e-06
4.710861720000685e+01	2.739946470000000e-06
4.713881530000072e+01	3.310159400000000e-06
4.718502689999877e+01	4.351375990000000e-06
4.723395429999800e+01	5.685212730000000e-06
4.728016959999513e+01	6.334984850000000e-06
4.732613760000095e+01	7.801935680000000e-06
4.735824610000418e+01	1.207955120000000e-05
4.748328099999344e+01	1.320343740000000e-05
4.751425279999967e+01	1.406796670000000e-05
4.754543800000101e+01	1.568943660000000e-05
4.759982970000419e+01	1.770859310000000e-05
4.763852710000356e+01	1.981035890000000e-05
4.768614669999806e+01	2.094769480000000e-05
4.771704000000318e+01	2.213882540000000e-05
4.774825289999717e+01	2.366423910000000e-05
4.777944300000672e+01	2.476891310000000e-05
4.782642990000022e+01	2.713195860000000e-05
4.785733220000111e+01	2.865160970000000e-05
4.788781539999763e+01	3.075913630000000e-05
4.793513220000023e+01	3.341420230000000e-05
4.798157750000246e+01	3.512981130000000e-05
4.801282709999941e+01	3.737566660000000e-05
4.804348110000137e+01	4.144856210000000e-05
4.809077589999652e+01	4.712371450000000e-05
4.813696879999770e+01	5.281423730000000e-05
4.818413310000324e+01	5.892741320000000e-05
4.823048509999353e+01	6.217612830000000e-05
4.829299630000605e+01	7.006639500000000e-05
4.832343819999369e+01	7.363017360000000e-05
4.835474110000359e+01	7.726888000000000e-05
4.838564560000668e+01	8.310348490000000e-05
4.843279510000139e+01	1.018264370000000e-04
4.855626830000256e+01	1.071227960000000e-04
4.858821190000162e+01	1.134554260000000e-04
4.862041689999751e+01	1.197112870000000e-04
4.872886129999824e+01	1.370780080000000e-04
4.876213279999502e+01	1.410886620000000e-04
4.879223770000681e+01	1.455215100000000e-04
4.883880729999510e+01	1.508946300000000e-04
4.888595529999293e+01	1.542144600000000e-04
4.891718629999377e+01	1.578413210000000e-04
4.894864679999591e+01	1.626771410000000e-04
4.898004530000617e+01	1.665726740000000e-04
4.902679350000108e+01	1.731547530000000e-04
4.905810979999660e+01	1.770118830000000e-04
4.909219830000075e+01	1.830566620000000e-04
4.913710570000694e+01	1.899841590000000e-04
4.918452080000134e+01	1.954340410000000e-04
4.921593799999391e+01	2.041077970000000e-04
4.924656230000255e+01	2.173871180000000e-04
4.929338089999510e+01	2.308199620000000e-04
4.934009929999593e+01	2.413551120000000e-04
4.938628799999424e+01	2.501056590000000e-04
4.943294899999455e+01	2.561696160000000e-04
4.949448959999427e+01	2.598540450000000e-04
4.952571230000467e+01	2.629627710000000e-04
4.955616659999941e+01	2.668583180000000e-04
4.958764690000680e+01	2.741120120000000e-04
4.963539490000403e+01	2.820757800000000e-04
4.968298529999447e+01	2.879286480000000e-04
4.972970029999851e+01	2.914595530000000e-04
4.977628120000008e+01	3.017261040000000e-04
4.980717620000360e+01	3.089606180000000e-04
4.983800269999483e+01	3.190352580000000e-04
4.988554200000362e+01	3.290523020000000e-04
4.993246599999839e+01	3.444808540000000e-04
4.999333159999514e+01	3.584701920000000e-04
5.004075260000536e+01	3.697729550000000e-04
5.008769159999792e+01	3.760287950000000e-04
5.011915440000303e+01	3.818624540000000e-04
5.015015089999360e+01	3.878113060000000e-04
5.018068540000240e+01	3.926471400000000e-04
5.024205679999432e+01	4.228901820000000e-04
5.028999030000705e+01	4.498517660000000e-04
5.033694999999716e+01	4.724381140000000e-04
5.038411790000100e+01	4.831076080000000e-04
5.041504229999555e+01	4.960799120000000e-04
5.044605769999907e+01	5.181672750000000e-04
5.049326810000639e+01	5.406000999999999e-04
5.053916699999536e+01	5.661991890000000e-04
5.058520040000440e+01	5.886512810000000e-04
5.064015799999470e+01	6.100861940000000e-04
5.069550430000527e+01	6.244017860000000e-04
5.072650550000253e+01	6.362610150000000e-04
5.075819759999285e+01	6.485232150000000e-04
5.078882410000369e+01	6.666384290000000e-04
5.083550960000139e+01	6.918345460000000e-04
5.088306680000096e+01	7.179709500000000e-04
5.092912559999968e+01	7.346277130000000e-04
5.099478320000344e+01	7.816426220000000e-04
5.102410609999788e+01	8.036340590000000e-04
5.105487789999461e+01	8.283121280000000e-04
5.108676219999325e+01	9.201320350000000e-04
5.122620889999962e+01	9.258943030000000e-04
5.125826180000149e+01	9.397236280000000e-04
5.128903519999585e+01	9.623884110000000e-04
5.133548910000536e+01	9.839008560000001e-04
5.138280550000491e+01	1.005989500000000e-03
5.144575620000251e+01	1.018474460000000e-03
5.147655019999365e+01	1.025773120000000e-03
5.150765970000066e+01	1.037297650000000e-03
5.153918300000078e+01	1.057657650000000e-03
5.158514809999906e+01	1.082051200000000e-03
5.163013600000704e+01	1.097993580000000e-03
5.169385450000118e+01	1.142939090000000e-03
5.174018649999925e+01	1.167140550000000e-03
5.177224789999309e+01	1.183851040000000e-03
5.180325050000101e+01	1.194799200000000e-03
5.183524939999916e+01	1.206707910000000e-03
5.188110929999675e+01	1.211702010000000e-03
5.192812650000269e+01	1.215543480000000e-03
5.196081099999719e+01	1.216119620000000e-03
5.199094099999638e+01	1.216119620000000e-03
5.203854520000459e+01	1.212854400000000e-03
5.206801040000573e+01	1.203826750000000e-03
5.211056050000479e+01	1.186347920000000e-03
5.214608700000099e+01	1.165795840000000e-03
5.219317810000211e+01	1.141018350000000e-03
5.224019880000560e+01	1.101450760000000e-03
5.228808410000056e+01	1.059386410000000e-03
5.233485199999996e+01	1.029422620000000e-03
5.236647910000465e+01	1.000803550000000e-03
5.239818239999295e+01	9.693031320000000e-04
5.242966579999484e+01	9.458699500000000e-04
5.249192260000564e+01	8.819089270000000e-04
5.253821270000481e+01	8.390761799999999e-04
5.258528569999908e+01	7.998929360000000e-04
5.263221579999663e+01	7.714658860000000e-04
5.266228600000613e+01	7.486088430000000e-04
5.269383350000135e+01	7.159562080000001e-04
5.274028889999317e+01	6.744679410000000e-04
5.278821379999863e+01	6.366291199999999e-04
5.283436079999956e+01	5.987903570000000e-04
5.289503119999426e+01	5.646009810000000e-04
5.294165629999770e+01	4.865042280000000e-04
5.305031740000413e+01	4.718049020000000e-04
5.308190330000070e+01	4.550713930000000e-04
5.311381979999715e+01	4.387217340000000e-04
5.314441439999791e+01	4.164232520000000e-04
5.319162159999541e+01	3.881950980000000e-04
5.323816520000400e+01	3.587580290000000e-04
5.328539039999305e+01	3.328518650000000e-04
5.333246449999569e+01	3.121653280000000e-04
5.337949940000544e+01	3.027623460000000e-04
5.341121120000025e+01	2.892335760000000e-04
5.344445290000294e+01	2.707346280000000e-04
5.349045209999895e+01	2.540011770000000e-04
5.353755360000650e+01	2.354638560000000e-04
5.358425359999819e+01	2.171568340000000e-04
5.363209169999755e+01	1.981398090000000e-04
5.369360589999997e+01	1.862613430000000e-04
5.372438860000693e+01	1.758412980000000e-04
5.375571260000288e+01	1.635214870000000e-04
5.378590859999531e+01	1.448690450000000e-04
5.383291280000412e+01	1.327219220000000e-04
5.389479239999491e+01	1.256409160000000e-04
5.394186999999511e+01	1.178115050000000e-04
5.398801820000517e+01	1.122464670000000e-04
5.401926430000458e+01	1.079863430000000e-04
5.404974159999983e+01	1.037645920000000e-04
5.409801689999586e+01	9.758549279999999e-05
5.412957609999285e+01	9.345969740000000e-05
5.417523290000099e+01	8.465160499999999e-05
5.420661480000126e+01	7.601622200000001e-05
5.423821039999893e+01	6.233392920000000e-05
5.428796980000334e+01	5.492668060000000e-05
5.431939790000615e+01	4.861325210000000e-05
5.434685519999766e+01	4.241496570000000e-05
5.439341340000101e+01	3.502691470000000e-05
5.444041189999552e+01	2.848320040000000e-05
5.448707089999516e+01	1.548002910000000e-05
5.463474290000158e+01	1.359151610000000e-05
5.466017689999717e+01	1.256176530000000e-05
5.469106480000482e+01	1.139753390000000e-05
5.473708469999838e+01	1.049265940000000e-05
5.478359750000527e+01	9.626209250000000e-06
5.483040880000044e+01	9.003749259999999e-06
5.486118170000555e+01	8.335179700000000e-06
5.489191000000574e+01	7.313114570000000e-06
5.493986410000070e+01	5.626322040000000e-06
5.498575190000702e+01	4.508197430000000e-06
5.503172539999650e+01	3.968346850000000e-06
5.509433940000599e+01	2.973178430000000e-06
5.514386070000182e+01	2.567809820000000e-06
5.517334910000500e+01	2.337268370000000e-06
5.520424449999700e+01	1.760952270000000e-06
5.531577289999404e+01	1.660587150000000e-06
5.534587039999315e+01	1.594704370000000e-06
5.537686220000614e+01	1.527280570000000e-06
5.540820730000269e+01	1.463324110000000e-06
5.543895219999831e+01	1.410348200000000e-06
5.548551050000242e+01	1.393396130000000e-06
5.553167650000250e+01	1.392047580000000e-06
5.557808900000236e+01	1.390121160000000e-06
5.560857949999627e+01	1.388772600000000e-06
5.564071629999671e+01	1.388194850000000e-06
5.568594919999305e+01	1.389543170000000e-06
5.573214300000109e+01	1.390699030000000e-06
5.577913579999586e+01	1.390313970000000e-06
5.581045089999679e+01	1.390121160000000e-06
5.584089320000203e+01	1.389735980000000e-06
5.588763640000252e+01	1.389350590000000e-06
5.591826890000084e+01	1.387809450000000e-06
5.594897779999883e+01	1.387038990000000e-06
5.599534670000139e+01	1.388194850000000e-06
5.604214839999622e+01	1.386075840000000e-06
5.608961559999443e+01	1.388002030000000e-06
5.613621480000438e+01	1.388194850000000e-06
5.618244940000295e+01	1.389350590000000e-06
5.621339849999640e+01	1.389543170000000e-06
5.624446849999367e+01	1.389543170000000e-06
5.629150380000647e+01	1.392047580000000e-06
5.633912439999403e+01	1.393588720000000e-06
5.638603090000106e+01	1.394551760000000e-06
5.643309869999939e+01	1.392625560000000e-06
5.648019709999789e+01	1.392625560000000e-06
5.651124599999457e+01	1.392047580000000e-06
5.654187709999678e+01	1.393974000000000e-06
5.658770239999285e+01	1.394744570000000e-06
5.663612660000217e+01	1.395322330000000e-06
5.668216979999852e+01	1.393974000000000e-06
5.672962329999427e+01	1.395515140000000e-06
5.677611859999888e+01	1.399367870000000e-06
5.680683509999653e+01	1.400138330000000e-06
5.683781050000107e+01	1.397248750000000e-06
5.688454630000342e+01	1.394937160000000e-06
5.693123129999731e+01	1.391662180000000e-06
5.697809570000391e+01	1.388772600000000e-06
5.700921829999425e+01	1.389735980000000e-06
5.704053749999730e+01	1.392047580000000e-06
5.708730040000228e+01	1.398019320000000e-06
5.712090300000273e+01	1.401679470000000e-06
5.715092129999539e+01	1.401679470000000e-06
5.718160999999964e+01	1.401679470000000e-06
5.722803610000119e+01	1.404183880000000e-06
5.725819500000216e+01	1.403413310000000e-06
5.728980749999755e+01	1.401294300000000e-06
5.733573190000607e+01	1.395322330000000e-06
5.738232360000256e+01	1.393396130000000e-06
5.741382879999583e+01	1.394359170000000e-06
5.744551669999782e+01	1.395900310000000e-06
5.749225910000678e+01	1.396478300000000e-06
5.753923359999317e+01	1.398019320000000e-06
5.758702459999768e+01	1.401294300000000e-06
5.763499839999713e+01	1.400138330000000e-06
5.768069470000046e+01	1.400908900000000e-06
5.771082809999643e+01	1.402257450000000e-06
5.774226280000585e+01	1.399367870000000e-06
5.778855090000434e+01	1.399367870000000e-06
5.783601489999273e+01	1.405917600000000e-06
5.788314829999581e+01	1.409963030000000e-06
5.793066919999546e+01	1.411119000000000e-06
5.799291739999899e+01	1.414393750000000e-06
5.802510699999402e+01	1.419209750000000e-06
5.805546940000204e+01	1.419209750000000e-06
5.808710370000335e+01	1.418246480000000e-06
5.813501559999713e+01	1.416898160000000e-06
5.818018880000454e+01	1.414971730000000e-06
5.822631579999870e+01	1.409963030000000e-06
5.825923769999645e+01	1.405339620000000e-06
5.828823020000709e+01	1.403220720000000e-06
5.831916349999665e+01	1.404376460000000e-06
5.835034210000595e+01	1.402835440000000e-06
5.838184919999912e+01	1.402064870000000e-06
5.842902530000720e+01	1.401101710000000e-06
5.846025970000483e+01	1.400908900000000e-06
5.849222509999527e+01	1.403413310000000e-06
5.853834820000338e+01	1.402642850000000e-06
5.858470900000248e+01	1.403027910000000e-06
5.861682660000224e+01	1.402835440000000e-06
5.864858320000349e+01	1.403413310000000e-06
5.869455280000693e+01	1.402642850000000e-06
5.874075369999628e+01	1.404954450000000e-06
5.878703140000289e+01	1.409192460000000e-06
5.883379889999924e+01	1.414393750000000e-06
5.887986559999990e+01	1.411889570000000e-06
5.891157569999632e+01	1.407458630000000e-06
5.894300590000057e+01	1.406495470000000e-06
5.899043010000605e+01	1.405339620000000e-06
5.903957120000268e+01	1.401294300000000e-06
5.908305729999847e+01	1.404376460000000e-06
5.913015840000298e+01	1.405725020000000e-06
5.917661019999650e+01	1.404183880000000e-06
5.920715630000632e+01	1.403991290000000e-06
5.923859989999619e+01	1.405725020000000e-06
5.928733069999726e+01	1.406880870000000e-06
5.933230569999432e+01	1.408036610000000e-06
5.937923750000482e+01	1.409577640000000e-06
5.942552000000433e+01	1.410348200000000e-06
5.945737170000211e+01	1.409385050000000e-06
5.948831089999294e+01	1.410155620000000e-06
5.951958100000047e+01	1.407458630000000e-06
5.954933639999945e+01	1.401872280000000e-06
5.959575619999669e+01	1.396670880000000e-06
5.970607020000170e+01	1.399367870000000e-06
5.973655200000212e+01	1.401294300000000e-06
5.978324160000193e+01	1.401679470000000e-06
5.981475970000611e+01	1.399560460000000e-06
5.984497020000708e+01	1.398789890000000e-06
5.989205769999535e+01	1.399560460000000e-06
5.993817229999695e+01	1.402835440000000e-06
5.998884160000307e+01	1.403605890000000e-06
6.003193420000025e+01	1.399560460000000e-06
