# [General]
# timestamp=2025-04-10T16:45:47.072303
# comments='# '
# delimiter='\t'
# column_dtypes=float;;float
# column_headers='Time (s);;Power (W)'
# 
# [Metadata]
# scanner_x=-4.413260004413918
# scanner_y=3.896253913237601
# start recoding time='10.04.2025, 16:44:46.997444'
# sample rate (hz)=50.0
# sample timing='TIMESTAMP'
# 
# ---- END HEADER ----
1.186399997095577e-03	6.584556830000000e-05
2.425370000128169e-02	6.584556830000000e-05
4.725639999378473e-02	6.586669770000000e-05
7.630289999360684e-02	6.586669770000000e-05
1.244927999941865e-01	6.584748920000000e-05
1.484793999989051e-01	6.584748920000000e-05
1.764949000062188e-01	6.585133090000000e-05
2.226484999991953e-01	6.585325170000000e-05
2.475281999941217e-01	6.591089190000001e-05
2.745814999943832e-01	6.603576910000000e-05
2.977960999996867e-01	6.613566800000000e-05
3.216068000037922e-01	6.624902019999999e-05
3.485018999926979e-01	6.632971050000000e-05
3.795339000062086e-01	6.637773910000000e-05
4.236840999947162e-01	6.641999789999999e-05
4.570492000057129e-01	6.646419210000000e-05
4.813159000041196e-01	6.649300490000000e-05
5.265147000027355e-01	6.649108400000000e-05
5.744609999965178e-01	6.651222070000000e-05
5.984429999953136e-01	6.652950109999999e-05
6.216700999939349e-01	6.653911990000000e-05
6.447442000062438e-01	6.655448670000000e-05
6.738893000001553e-01	6.657561610000000e-05
6.971193000063067e-01	6.658137860000000e-05
7.374057999986690e-01	6.686955749999999e-05
7.740030999993905e-01	6.750738250000001e-05
7.979501999943750e-01	6.824127190000001e-05
8.310615999944275e-01	6.929600200000000e-05
8.752248999953736e-01	6.995688450000000e-05
9.014800000004470e-01	7.080219800000000e-05
9.249038999987533e-01	7.154185730000000e-05
9.548131000046851e-01	7.218544490000001e-05
9.788314000034006e-01	7.289820500000000e-05
1.026451400000951e+00	7.325939080000000e-05
1.073209099995438e+00	7.426416410000001e-05
1.096375199995236e+00	7.522090890000000e-05
1.126380999994581e+00	7.585873389999999e-05
1.173571399995126e+00	7.692114740000001e-05
1.197534799997811e+00	7.739183640000000e-05
1.220730999993975e+00	7.785483470000000e-05
1.244863900006749e+00	7.848306270000000e-05
1.280889899993781e+00	7.956276390000000e-05
1.326088700006949e+00	8.001039530000000e-05
1.371502299996791e+00	8.078847170000000e-05
1.403644399993937e+00	8.128413900000000e-05
1.426661399993463e+00	8.157038970000001e-05
1.474876899999799e+00	8.193157559999999e-05
1.512507599996752e+00	8.198536670000000e-05
1.544569200006663e+00	8.197960410000000e-05
1.576635299992631e+00	8.197191350000000e-05
1.622577999994974e+00	8.195654660000000e-05
1.645565700004227e+00	8.192581300000000e-05
1.673582799994620e+00	8.191043890000000e-05
1.697300200001337e+00	8.189315120000000e-05
1.731393699999899e+00	8.187201460000001e-05
1.774806500005070e+00	8.186048940000000e-05
1.798808599996846e+00	8.183551840000000e-05
1.825219000005745e+00	8.184512260000000e-05
1.870394500001566e+00	8.182013699999999e-05
1.893559000003734e+00	8.181438170000000e-05
1.925590800005011e+00	8.178940330000000e-05
1.973115600005258e+00	8.179132420000001e-05
1.997061300004134e+00	8.179516589999999e-05
2.025496400005068e+00	8.180669830000000e-05
2.056574200003524e+00	8.178940330000000e-05
2.088470200003940e+00	8.180669830000000e-05
2.112467900005868e+00	8.179132420000001e-05
2.135768499996630e+00	8.178748980000001e-05
2.174270799994702e+00	8.176827400000000e-05
2.197456499998225e+00	8.175674160000000e-05
2.223719999994501e+00	8.176059050000000e-05
2.247838800001773e+00	8.175482800000000e-05
2.277944700006628e+00	8.170679940000001e-05
2.326532399994903e+00	8.165108010000001e-05
2.372766100001172e+00	8.153196540000000e-05
2.395926700002747e+00	8.138019620000000e-05
2.419059199994081e+00	8.118808180000000e-05
2.442332299993723e+00	8.087684550000000e-05
2.474354399993899e+00	8.052719200000000e-05
2.498384899998200e+00	8.003345279999999e-05
2.527712900002371e+00	7.843887580000000e-05
2.573269600005005e+00	7.736877889999999e-05
2.607229100001859e+00	7.578956870000000e-05
2.630540800004383e+00	7.395100690000000e-05
2.673978499995428e+00	7.312298110000000e-05
2.697990200002096e+00	7.233145879999999e-05
2.732699899992440e+00	7.052363070000000e-05
2.773203300006571e+00	6.981279150000000e-05
2.797141100003500e+00	6.905969350000000e-05
2.823578399998951e+00	6.822782600000000e-05
2.847562700000708e+00	6.722113180000000e-05
2.873708400002215e+00	6.615679740000000e-05
2.897678799999994e+00	6.498296720000000e-05
2.925881200004369e+00	6.406848120000000e-05
2.950243300001603e+00	6.308867890000000e-05
2.976334199993289e+00	6.212040900000000e-05
3.013752099999692e+00	6.069682060000000e-05
3.039603900004295e+00	5.927707390000000e-05
3.073927100005676e+00	5.828958460000000e-05
3.098090500003309e+00	5.713688010000000e-05
3.138029900001129e+00	5.503703870000000e-05
3.174009599999408e+00	5.403418250000000e-05
3.198094799998216e+00	5.299290210000000e-05
3.223496899998281e+00	5.197083740000000e-05
3.247726600005990e+00	5.095645610000000e-05
3.274120899994159e+00	5.021104520000000e-05
3.310032099994714e+00	4.930232900000000e-05
3.333317900003749e+00	4.844740400000000e-05
3.375738500006264e+00	4.786144560000000e-05
3.421576399996411e+00	4.692775470000000e-05
3.445551199998590e+00	4.636292580000000e-05
3.473641999997199e+00	4.588839510000000e-05
3.511910200002603e+00	4.505268950000000e-05
3.536263600006350e+00	4.395377620000000e-05
3.574243700000807e+00	4.309308860000000e-05
3.597309999997378e+00	4.199801700000000e-05
3.620548999999301e+00	4.069545680000000e-05
3.643916200002423e+00	3.916428250000000e-05
3.673969399998896e+00	3.818832560000000e-05
3.697188999998616e+00	3.741217010000000e-05
3.725892699992983e+00	3.695300620000000e-05
3.771206200006418e+00	3.639970960000000e-05
3.795220800006064e+00	3.620182910000000e-05
3.823447899994790e+00	3.609808480000000e-05
3.847454100003233e+00	3.604045200000000e-05
3.874655999999959e+00	3.598857800000000e-05
3.898706599997240e+00	3.593478690000000e-05
3.932528299992555e+00	3.583488800000000e-05
3.978881799994269e+00	3.574651050000000e-05
4.028137600005721e+00	3.567158640000000e-05
4.074147399995127e+00	3.562355780000000e-05
4.098112699997728e+00	3.556015510000000e-05
4.127129000000423e+00	3.551405100000000e-05
4.174369200001820e+00	3.535267020000000e-05
4.198142699999153e+00	3.525084680000000e-05
4.221563600003719e+00	3.513750200000000e-05
4.245620000001509e+00	3.501070020000000e-05
4.274184599998989e+00	3.489351000000000e-05
4.310110999998869e+00	3.465336340000000e-05
4.333492000005208e+00	3.425567770000000e-05
4.373689900006866e+00	3.407316760000000e-05
4.397738700004993e+00	3.387912880000000e-05
4.434585900002276e+00	3.349297190000000e-05
4.474134899995988e+00	3.328740790000000e-05
4.498230500001227e+00	3.302804910000000e-05
4.521425900005852e+00	3.280903550000000e-05
4.544597400003113e+00	3.253430620000000e-05
4.572921600003610e+00	3.231145090000000e-05
4.605155500001274e+00	3.208090860000000e-05
4.630363799995393e+00	3.188879050000000e-05
4.682066299996222e+00	3.170819760000000e-05
4.725166499993065e+00	3.164864390000000e-05
4.750269299998763e+00	3.157371980000000e-05
4.774891699998989e+00	3.153145010000000e-05
4.807172300003003e+00	3.145268420000000e-05
4.830610399993020e+00	3.125095830000000e-05
4.885701999999583e+00	3.092820410000000e-05
4.931181299994932e+00	3.059199660000000e-05
4.972704400002840e+00	3.042101160000000e-05
4.996846599999117e+00	3.024234140000000e-05
5.025288399992860e+00	3.013475730000000e-05
5.054286200000206e+00	2.997914270000000e-05
5.078268400000525e+00	2.984465940000000e-05
5.103610999998637e+00	2.972170660000000e-05
5.126839300006395e+00	2.957761720000000e-05
5.177957799998694e+00	2.907234920000000e-05
5.223620499993558e+00	2.886678160000000e-05
5.247013500003959e+00	2.857860450000000e-05
5.273249599995324e+00	2.829811270000000e-05
5.302602099996875e+00	2.805796610000000e-05
5.325687699994887e+00	2.790427420000000e-05
5.350025699997786e+00	2.776786820000000e-05
5.375283200002741e+00	2.766988840000000e-05
5.398940200000652e+00	2.760264760000000e-05
5.423150600006920e+00	2.747393050000000e-05
5.446415099999285e+00	2.732983920000000e-05
5.473831199997221e+00	2.720880550000000e-05
5.497279300005175e+00	2.705511360000000e-05
5.536349799993332e+00	2.678422790000000e-05
5.573357899993425e+00	2.660748030000000e-05
5.597364300003392e+00	2.637117360000000e-05
5.623403100005817e+00	2.617905740000000e-05
5.648370199996862e+00	2.605802360000000e-05
5.676495099993190e+00	2.599078290000000e-05
5.702989900004468e+00	2.592930470000000e-05
5.727317500000936e+00	2.587167000000000e-05
5.772677000000840e+00	2.576984660000000e-05
5.797306599997682e+00	2.569876410000000e-05
5.825558500000625e+00	2.562191730000000e-05
5.871303599997191e+00	2.534718810000000e-05
5.895224499996402e+00	2.508782930000000e-05
5.924985399993602e+00	2.482654780000000e-05
5.948972800004412e+00	2.451916040000000e-05
5.975201199995354e+00	2.420408960000000e-05
6.002468899998348e+00	2.372955710000000e-05
6.025607899995521e+00	2.328192390000000e-05
6.081643099998473e+00	2.219069760000000e-05
6.127161099997465e+00	2.185641100000000e-05
6.174147500001709e+00	2.125316500000000e-05
6.204358500006492e+00	2.088045400000000e-05
6.228632500002277e+00	2.037518610000000e-05
6.273963700004970e+00	2.007164040000000e-05
6.312062299999525e+00	1.962785060000000e-05
6.335270199997467e+00	1.934543620000000e-05
6.374266500002705e+00	1.918021370000000e-05
6.398304400005145e+00	1.903228260000000e-05
6.424829399998998e+00	1.887859070000000e-05
6.470330700001796e+00	1.849627550000000e-05
6.494421199997305e+00	1.816391160000000e-05
6.525790900006541e+00	1.797371440000000e-05
6.564883800005191e+00	1.774701740000000e-05
6.589177600006224e+00	1.760869240000000e-05
6.612830300000496e+00	1.748381870000000e-05
6.637257599999430e+00	1.733012320000000e-05
6.673298299996532e+00	1.724751020000000e-05
6.697541600005934e+00	1.716105910000000e-05
6.725719299996854e+00	1.708805390000000e-05
6.783562399999937e+00	1.692283330000000e-05
6.822753600004944e+00	1.687096120000000e-05
6.861227899993537e+00	1.676145440000000e-05
6.884290000001783e+00	1.667692050000000e-05
6.909264600006281e+00	1.657317990000000e-05
6.938511800006381e+00	1.631958370000000e-05
6.972550999998930e+00	1.607367450000000e-05
6.995655699996860e+00	1.571633580000000e-05
7.024170499993488e+00	1.542623800000000e-05
7.048309799996787e+00	1.518224690000000e-05
7.073343500000192e+00	1.496323330000000e-05
7.111247699998785e+00	1.461165990000000e-05
7.135052300000098e+00	1.423318830000000e-05
7.190134999997099e+00	1.400648850000000e-05
7.222184099999140e+00	1.388161220000000e-05
7.245155900003738e+00	1.377210540000000e-05
7.273184100005892e+00	1.366836200000000e-05
7.296474899994791e+00	1.353387960000000e-05
7.331387400001404e+00	1.335905290000000e-05
7.374431200005347e+00	1.322265050000000e-05
7.397584000005736e+00	1.304782380000000e-05
7.423783899997943e+00	1.289220840000000e-05
7.455931300006341e+00	1.271738070000000e-05
7.480244799997308e+00	1.257521310000000e-05
7.503987599993707e+00	1.245610020000000e-05
7.528238200000487e+00	1.226206130000000e-05
7.581288999994285e+00	1.203151990000000e-05
7.624340800000937e+00	1.188743230000000e-05
7.648112599999877e+00	1.176831940000000e-05
7.674278699996648e+00	1.165112920000000e-05
7.704770099997404e+00	1.146669640000000e-05
7.728790900000604e+00	1.117659850000000e-05
7.773511499995948e+00	1.101329870000000e-05
7.797518899998977e+00	1.085768330000000e-05
7.820963799997116e+00	1.072896430000000e-05
7.859470700001111e+00	1.055029410000000e-05
7.882590699999128e+00	1.035049350000000e-05
7.924946700004512e+00	1.022561720000000e-05
7.984798000004957e+00	9.779902940000000e-06
8.031601599999703e+00	9.537836380000001e-06
8.073947700002464e+00	9.418721669999999e-06
8.098014999995939e+00	9.259264520000000e-06
8.121131899999455e+00	9.109412530000000e-06
8.145222499995725e+00	8.938429350000001e-06
8.173190700006671e+00	8.842369430000000e-06
8.196628799996688e+00	8.750152120000000e-06
8.222686599998269e+00	8.686753969999999e-06
8.251669799996307e+00	8.623355820000001e-06
8.274771900003543e+00	8.561877620000000e-06
8.299128099999507e+00	8.523454200000000e-06
8.325631700005033e+00	8.494637770000000e-06
8.360593399993377e+00	8.461976900000000e-06
8.384708300000057e+00	8.433159560000001e-06
8.408985699992627e+00	8.417790010000000e-06
8.433080100003281e+00	8.385130060000000e-06
8.473485199996503e+00	8.360155330000000e-06
8.496627600005013e+00	8.333257940000000e-06
8.524943600001279e+00	8.304440600000000e-06
8.569911400001729e+00	8.260253710000000e-06
8.593981900005019e+00	8.223751139999999e-06
8.622956799998065e+00	8.198775500000000e-06
8.657991700005368e+00	8.154588610000000e-06
8.681181399995694e+00	8.133455589999999e-06
8.704369900005986e+00	8.108479960000000e-06
8.728282800002489e+00	8.060451360000000e-06
8.774064299999736e+00	7.966314120000000e-06
8.797142399998847e+00	7.849122080000000e-06
8.823778899997706e+00	7.753062160000000e-06
8.847517400005017e+00	7.666611050000000e-06
8.872677199993632e+00	7.614738020000000e-06
8.895982100002584e+00	7.543654190000000e-06
8.937859199999366e+00	7.338089740000000e-06
8.974047900002915e+00	7.226661180000000e-06
8.998026200002641e+00	7.145971270000000e-06
9.031439099999261e+00	6.994199340000000e-06
9.077878299998702e+00	6.898140330000000e-06
9.127439999996568e+00	6.781138380000000e-06
9.230681300003198e+00	6.771699190000000e-06
9.253970200006734e+00	6.760717950000000e-06
9.277172400004929e+00	6.748774920000000e-06
9.325630099992850e+00	6.721805220000000e-06
9.356663600003230e+00	6.700229730000000e-06
9.387740199992550e+00	6.665747150000000e-06
9.423911399993813e+00	6.645520440000000e-06
9.448051600003964e+00	6.622018190000000e-06
9.482149899995420e+00	6.574243340000000e-06
9.525930799994967e+00	6.549392770000000e-06
9.572911499999464e+00	6.501618370000000e-06
9.596915000001900e+00	6.482162010000000e-06
9.623005600005854e+00	6.463283170000000e-06
9.647080499998992e+00	6.434772790000000e-06
9.671321600006195e+00	6.405683960000000e-06
9.702012099995045e+00	6.370237770000000e-06
9.726060500004678e+00	6.344038870000000e-06
9.771675800002413e+00	6.259662770000000e-06
9.795666699996218e+00	6.181836400000000e-06
9.823082599992631e+00	6.081086210000000e-06
9.846166500006802e+00	5.949320440000000e-06
9.874327900004573e+00	5.847799460000000e-06
9.898322299995925e+00	5.710640830000000e-06
9.925777900003595e+00	5.599680210000000e-06
9.950369900005171e+00	5.508946740000000e-06
9.974291999998968e+00	5.432083980000000e-06
9.998418699993636e+00	5.349056210000000e-06
1.002551199999289e+01	5.260635130000000e-06
1.007451079999737e+01	5.022917320000000e-06
1.009781099999964e+01	4.872273170000000e-06
1.013766890000261e+01	4.605852610000000e-06
1.017488979999325e+01	4.455016100000000e-06
1.022047030000249e+01	4.225582420000000e-06
1.024347149999812e+01	4.125987740000000e-06
1.026656099999673e+01	4.030438960000000e-06
1.028998499999580e+01	3.861300680000000e-06
1.032609149999917e+01	3.708345050000000e-06
1.037149160000263e+01	3.431136970000000e-06
1.039459310000530e+01	3.286271980000000e-06
1.042477539999527e+01	3.126766610000000e-06
1.047145919999457e+01	2.827404610000000e-06
1.049461259999953e+01	2.685236720000000e-06
1.052537119999761e+01	2.607988110000000e-06
1.054982020000170e+01	2.552315440000000e-06
1.057334410000476e+01	2.507237920000000e-06
1.060531739999715e+01	2.457536770000000e-06
1.062940279999748e+01	2.403405230000000e-06
1.067352769999707e+01	2.378747470000000e-06
1.069648529999540e+01	2.359676050000000e-06
1.072572879999643e+01	2.348117730000000e-06
1.077239689999260e+01	2.319799480000000e-06
1.079601049999474e+01	2.301113680000000e-06
1.082298569999693e+01	2.288784570000000e-06
1.085333620000165e+01	2.270869120000000e-06
1.087644690000161e+01	2.254880200000000e-06
1.093305459999829e+01	2.200555630000000e-06
1.097394330000679e+01	2.182447590000000e-06
1.099805310000374e+01	2.157211840000000e-06
1.102509729999292e+01	2.125811530000000e-06
1.107205410000461e+01	2.039894300000000e-06
1.109604790000594e+01	1.994238570000000e-06
1.112547949999862e+01	1.968232480000000e-06
1.114972190000117e+01	1.948775890000000e-06
1.118376669999270e+01	1.927007590000000e-06
1.122381470000255e+01	1.919109540000000e-06
1.124718839999696e+01	1.910825860000000e-06
1.127749540000514e+01	1.901964540000000e-06
1.132512680000218e+01	1.881737150000000e-06
1.137160949999816e+01	1.865555650000000e-06
1.139578059999621e+01	1.853611820000000e-06
1.143279180000536e+01	1.833769940000000e-06
1.145674140000483e+01	1.815661900000000e-06
1.148073260000092e+01	1.777711870000000e-06
1.152674869999464e+01	1.759796420000000e-06
1.157267730000603e+01	1.727047560000000e-06
1.160466759999690e+01	1.706435340000000e-06
1.162870669999393e+01	1.676768760000000e-06
1.167461400000320e+01	1.657119580000000e-06
1.173059930000454e+01	1.617628530000000e-06
1.175456030000350e+01	1.601061510000000e-06
1.177855249999266e+01	1.553094310000000e-06
1.182355810000445e+01	1.524776170000000e-06
1.184751079999842e+01	1.501274140000000e-06
1.187373199999274e+01	1.477194250000000e-06
1.189748010000039e+01	1.448876220000000e-06
1.192652880000242e+01	1.421906750000000e-06
1.197268200000690e+01	1.384342000000000e-06
1.199696340000082e+01	1.368160380000000e-06
1.202519289999327e+01	1.356601840000000e-06
1.204983180000272e+01	1.348896380000000e-06
1.207381889999670e+01	1.343694980000000e-06
1.210834360000445e+01	1.338686270000000e-06
1.213273599999957e+01	1.330210350000000e-06
1.217514099999971e+01	1.324238380000000e-06
1.219850539999607e+01	1.317110670000000e-06
1.222375999999349e+01	1.311138930000000e-06
1.224761750000471e+01	1.302084800000000e-06
1.228133040000102e+01	1.286866340000000e-06
1.232533849999891e+01	1.280124020000000e-06
1.235035910000443e+01	1.274730040000000e-06
1.237503429999924e+01	1.270299440000000e-06
1.242086600000039e+01	1.265483320000000e-06
1.244480889999249e+01	1.262208570000000e-06
1.247294579999289e+01	1.258933590000000e-06
1.249646939999366e+01	1.257392570000000e-06
1.252588699999615e+01	1.255658840000000e-06
1.257192250000662e+01	1.250457440000000e-06
1.259598220000044e+01	1.247760680000000e-06
1.262314539999352e+01	1.244485700000000e-06
1.264738260000013e+01	1.241210730000000e-06
1.267044030000397e+01	1.237357990000000e-06
1.269360519999464e+01	1.229652410000000e-06
1.272569950000616e+01	1.223295270000000e-06
1.278161910000199e+01	1.194399370000000e-06
1.282278810000571e+01	1.186116040000000e-06
1.284676020000188e+01	1.180914640000000e-06
1.287573070000508e+01	1.177254490000000e-06
1.292268990000593e+01	1.172438370000000e-06
1.294569389999378e+01	1.170512180000000e-06
1.296970430000511e+01	1.169741610000000e-06
1.300064800000109e+01	1.168971040000000e-06
1.302465720000328e+01	1.170897350000000e-06
1.304888659999415e+01	1.170126780000000e-06
1.308060810000461e+01	1.169934190000000e-06
1.312557649999508e+01	1.168007770000000e-06
1.317063219999545e+01	1.166466630000000e-06
1.319479880000290e+01	1.164540210000000e-06
1.322260959999403e+01	1.161650630000000e-06
1.324659009999596e+01	1.160109490000000e-06
1.327057379999314e+01	1.158568470000000e-06
1.329457080000429e+01	1.158953860000000e-06
1.332654959999491e+01	1.158568470000000e-06
1.337151500000618e+01	1.162036030000000e-06
1.339550080000481e+01	1.165118190000000e-06
1.343148850000580e+01	1.169163620000000e-06
1.347354110000015e+01	1.170512180000000e-06
1.349694019999879e+01	1.171282750000000e-06
1.352499200000602e+01	1.172631190000000e-06
1.355406569999468e+01	1.177639890000000e-06
1.357802460000676e+01	1.188234820000000e-06
1.362339969999448e+01	1.193628800000000e-06
1.364735329999530e+01	1.201334500000000e-06
1.367950729999575e+01	1.230230400000000e-06
1.374011489999248e+01	1.257777970000000e-06
1.378504250000697e+01	1.284939910000000e-06
1.382265509999706e+01	1.298424650000000e-06
1.384673459999613e+01	1.312294900000000e-06
1.387079630000517e+01	1.332907120000000e-06
1.389467910000531e+01	1.374902690000000e-06
1.392580549999548e+01	1.414008580000000e-06
1.397180790000129e+01	1.491834840000000e-06
1.400277950000600e+01	1.556754460000000e-06
1.403118900000118e+01	1.674264580000000e-06
1.407501460000640e+01	1.727625540000000e-06
1.412845319999906e+01	1.837622900000000e-06
1.415569630000391e+01	1.897341010000000e-06
1.417966890000389e+01	1.992697660000000e-06
1.422375010000542e+01	2.035656280000000e-06
1.424962679999589e+01	2.072450570000000e-06
1.427360400000180e+01	2.107318100000000e-06
1.429759580000245e+01	2.154129560000000e-06
1.432559300000139e+01	2.190345870000000e-06
1.437357539999357e+01	2.237157100000000e-06
1.439755860000150e+01	2.253916590000000e-06
1.442353909999656e+01	2.273566000000000e-06
1.444753160000255e+01	2.291866620000000e-06
1.447154929999670e+01	2.305544060000000e-06
1.449555049999617e+01	2.323652320000000e-06
1.452550180000253e+01	2.335210640000000e-06
1.457948739999847e+01	2.368152310000000e-06
1.462359819999256e+01	2.374123820000000e-06
1.464764769999601e+01	2.380673780000000e-06
1.467472539999289e+01	2.381058950000000e-06
1.469878659999813e+01	2.380095790000000e-06
1.472594570000365e+01	2.377591500000000e-06
1.475028520000342e+01	2.375279790000000e-06
1.477389640000183e+01	2.372197510000000e-06
1.479785990000528e+01	2.369115460000000e-06
1.482418680000410e+01	2.366996340000000e-06
1.484825359999377e+01	2.362758320000000e-06
1.487347109999973e+01	2.356594000000000e-06
1.489709139999468e+01	2.345035230000000e-06
1.493833229999291e+01	2.319221490000000e-06
1.497455400000035e+01	2.314983700000000e-06
1.499853609999991e+01	2.317873170000000e-06
1.502479250000033e+01	2.318258340000000e-06
1.506422499999462e+01	2.316910010000000e-06
1.508777090000513e+01	2.316332030000000e-06
1.512629919999745e+01	2.315946860000000e-06
1.517196469999908e+01	2.316139220000000e-06
1.519500449999759e+01	2.316332030000000e-06
1.522327489999589e+01	2.315368870000000e-06
1.524720250000246e+01	2.312479180000000e-06
1.527365069999360e+01	2.309974890000000e-06
1.529670979999355e+01	2.311323210000000e-06
1.532577660000243e+01	2.314983700000000e-06
1.534996289999981e+01	2.319221490000000e-06
1.537592880000011e+01	2.319414310000000e-06
1.542320469999686e+01	2.320955220000000e-06
1.544650360000378e+01	2.322111190000000e-06
1.547346890000335e+01	2.324037500000000e-06
1.549694509999244e+01	2.326542240000000e-06
1.552542570000514e+01	2.327312360000000e-06
1.557243080000626e+01	2.326734600000000e-06
1.559541660000104e+01	2.327312360000000e-06
1.562346139999863e+01	2.328083160000000e-06
1.564756270000362e+01	2.327505170000000e-06
1.567065010000078e+01	2.326349430000000e-06
1.569387669999560e+01	2.325001110000000e-06
1.573369880000246e+01	2.326927190000000e-06
1.578090589999920e+01	2.330394640000000e-06
1.582555989999673e+01	2.328083160000000e-06
1.587205989999347e+01	2.326349430000000e-06
1.589515929999470e+01	2.326349430000000e-06
1.592514880000090e+01	2.327119550000000e-06
1.595030029999907e+01	2.327312360000000e-06
1.597378210000170e+01	2.327697530000000e-06
1.599789400000009e+01	2.329238670000000e-06
1.602504069999850e+01	2.327119550000000e-06
1.607509680000658e+01	2.327890340000000e-06
1.612297189999663e+01	2.323652320000000e-06
1.614622890000464e+01	2.321340390000000e-06
1.617439430000377e+01	2.320762860000000e-06
1.619756719999714e+01	2.318836320000000e-06
1.622282260000065e+01	2.316717200000000e-06
1.624674899999809e+01	2.316332030000000e-06
1.628081019999809e+01	2.315946860000000e-06
1.632615619999706e+01	2.316139220000000e-06
1.637321550000343e+01	2.314790890000000e-06
1.640391759999329e+01	2.315176060000000e-06
1.642711790000612e+01	2.317295180000000e-06
1.647550760000013e+01	2.318836320000000e-06
1.652318950000335e+01	2.318258340000000e-06
1.654881199999363e+01	2.317102370000000e-06
1.657245540000440e+01	2.317102370000000e-06
1.659659879999526e+01	2.318451150000000e-06
1.662380810000468e+01	2.319221490000000e-06
1.664776380000694e+01	2.321148030000000e-06
1.668623639999714e+01	2.321918370000000e-06
1.673343469999963e+01	2.320762860000000e-06
1.677392839999811e+01	2.320762860000000e-06
1.679698899999494e+01	2.320185100000000e-06
1.682307870000659e+01	2.320185100000000e-06
1.684674009999435e+01	2.321533200000000e-06
1.687081809999654e+01	2.322111190000000e-06
1.690539879999415e+01	2.321918370000000e-06
1.692950070000370e+01	2.319992290000000e-06
1.697271919999912e+01	2.318258340000000e-06
1.699573320000491e+01	2.316910010000000e-06
1.702319870000065e+01	2.317488000000000e-06
1.704753320000600e+01	2.317873170000000e-06
1.708008309999423e+01	2.314020320000000e-06
1.712665989999368e+01	2.312672000000000e-06
1.715069559999392e+01	2.311901200000000e-06
1.717368360000546e+01	2.313442340000000e-06
1.719766439999512e+01	2.313057170000000e-06
1.722419870000158e+01	2.311901200000000e-06
1.724798289999308e+01	2.310167700000000e-06
1.727510790000088e+01	2.310167700000000e-06
1.732360449999396e+01	2.311130860000000e-06
1.734898219999741e+01	2.305736870000000e-06
1.737380800000392e+01	2.290711110000000e-06
1.739781219999713e+01	2.262200500000000e-06
1.742677979999280e+01	2.222901680000000e-06
1.745100610000372e+01	2.191308790000000e-06
1.747493169999507e+01	2.149891540000000e-06
1.752272239999729e+01	2.014080560000000e-06
1.754599840000446e+01	1.927392760000000e-06
1.757321849999425e+01	1.870564230000000e-06
1.759738009999273e+01	1.819899920000000e-06
1.762241320000612e+01	1.763456570000000e-06
1.764562179999484e+01	1.696610640000000e-06
1.767774719999579e+01	1.608189220000000e-06
1.772559980000369e+01	1.580834240000000e-06
1.775467989999743e+01	1.557910080000000e-06
1.777801520000503e+01	1.536141890000000e-06
1.782332349999342e+01	1.528243730000000e-06
1.784636149999278e+01	1.522849740000000e-06
1.787455510000291e+01	1.513410440000000e-06
1.789833789999830e+01	1.501466950000000e-06
1.792661280000175e+01	1.490871680000000e-06
1.797308300000441e+01	1.441941320000000e-06
1.800318169999809e+01	1.406688060000000e-06
1.802665549999801e+01	1.381644890000000e-06
1.805128600000171e+01	1.356987130000000e-06
1.808081519999541e+01	1.327705950000000e-06
1.812605099999928e+01	1.320578240000000e-06
1.817164630000480e+01	1.311138930000000e-06
1.819468270000652e+01	1.309597910000000e-06
1.822294579999289e+01	1.307671370000000e-06
1.824712450000516e+01	1.307093500000000e-06
1.827553139999509e+01	1.305359770000000e-06
1.833096819999628e+01	1.302662780000000e-06
1.835804079999798e+01	1.299965790000000e-06
1.838206990000617e+01	1.295342490000000e-06
1.842609700000321e+01	1.288792760000000e-06
1.847145830000227e+01	1.268758300000000e-06
1.849565159999474e+01	1.252576450000000e-06
1.852502590000222e+01	1.241596120000000e-06
1.857070680000470e+01	1.215396990000000e-06
1.859978419999243e+01	1.201527080000000e-06
1.862474299999303e+01	1.193628800000000e-06
1.864889650000259e+01	1.187271660000000e-06
1.867997339999420e+01	1.174750200000000e-06
1.872577089999686e+01	1.168393170000000e-06
1.877319490000082e+01	1.163769640000000e-06
1.880341809999663e+01	1.169356210000000e-06
1.882740799999738e+01	1.193436220000000e-06
1.887361280000187e+01	1.210388400000000e-06
1.891202059999341e+01	1.249301700000000e-06
1.893557420000434e+01	1.283013600000000e-06
1.895920959999785e+01	1.319807670000000e-06
1.898409990000073e+01	1.398597310000000e-06
1.902442020000308e+01	1.451573210000000e-06
1.904941469999903e+01	1.504163720000000e-06
1.908443339999940e+01	1.618591680000000e-06
1.913070619999780e+01	1.699114930000000e-06
1.917319169999973e+01	1.735138650000000e-06
1.919737739999255e+01	1.767116600000000e-06
1.922271139999793e+01	1.789463000000000e-06
1.925353319999704e+01	1.817780910000000e-06
1.927688429999398e+01	1.837237510000000e-06
1.932440759999736e+01	1.869793660000000e-06
1.934848430000420e+01	1.890791280000000e-06
1.937649249999959e+01	1.918531550000000e-06
1.942301460000454e+01	1.991349110000000e-06
1.944632639999327e+01	2.041242850000000e-06
1.947378279999248e+01	2.084394050000000e-06
1.949791649999679e+01	2.134672970000000e-06
1.952536210000108e+01	2.179943290000000e-06
1.956428299999970e+01	2.281657090000000e-06
1.959462679999706e+01	2.381829740000000e-06
1.962589680000383e+01	2.456573610000000e-06
1.967197680000390e+01	2.583523160000000e-06
1.969521809999424e+01	2.696024470000000e-06
1.973609489999944e+01	2.928733240000000e-06
1.977470890000404e+01	3.035841020000000e-06
1.979869110000436e+01	3.143140930000000e-06
1.982388140000694e+01	3.254293920000000e-06
1.984753149999597e+01	3.386829800000000e-06
1.987125700000615e+01	3.540941630000000e-06
1.989537949999794e+01	3.753615600000000e-06
1.992666599999939e+01	3.933156220000000e-06
1.997317430000112e+01	4.238874680000000e-06
1.999752160000207e+01	4.390674350000000e-06
2.002555510000093e+01	4.500671820000000e-06
2.008052249999309e+01	4.813711260000000e-06
2.012562170000456e+01	4.904636630000000e-06
2.014995380000619e+01	4.986700790000000e-06
2.017336909999722e+01	5.064142440000000e-06
2.019749779999256e+01	5.140042500000000e-06
2.022426719999930e+01	5.210548350000000e-06
2.024796540000534e+01	5.278164740000000e-06
2.027414880000288e+01	5.336535200000000e-06
2.030085319999489e+01	5.394519120000000e-06
2.032609050000610e+01	5.453466660000000e-06
2.037219799999730e+01	5.576755940000000e-06
2.039627620000101e+01	5.657279870000000e-06
2.042528009999660e+01	5.758030510000000e-06
2.044953129999340e+01	5.859165410000000e-06
2.047355409999727e+01	5.946045800000000e-06
2.049667300000146e+01	6.057391150000000e-06
2.053582960000494e+01	6.270836370000000e-06
2.058193600000232e+01	6.429763290000000e-06
2.062302790000103e+01	6.468869740000000e-06
2.064706489999662e+01	6.501232750000000e-06
2.067443349999667e+01	6.523001500000000e-06
2.069790749999811e+01	6.544384180000000e-06
2.072589250000601e+01	6.566344840000000e-06
2.075414859999728e+01	6.597167610000000e-06
2.077723609999521e+01	6.623366520000000e-06
2.082274679999682e+01	6.659775410000000e-06
2.084671860000526e+01	6.686551840000000e-06
2.088181289999920e+01	6.794623000000000e-06
2.092664560000412e+01	6.868789110000000e-06
2.097705329999735e+01	7.015966280000000e-06
2.102494259999366e+01	7.194157210000000e-06
2.105396740000288e+01	7.331894720000000e-06
2.107841020000342e+01	7.629908400000000e-06
2.113106939999852e+01	8.046009500000000e-06
2.117785019999428e+01	9.411037350000000e-06
2.133395359999849e+01	9.532072000000000e-06
2.135742230000324e+01	9.637735270000000e-06
2.138243860000512e+01	9.783745549999999e-06
2.142767750000348e+01	9.923991459999999e-06
2.147333399999479e+01	9.964336640000000e-06
2.149731380000594e+01	9.998917450000001e-06
2.152555429999484e+01	1.002965660000000e-05
2.155272239999613e+01	1.006039570000000e-05
2.158450310000626e+01	1.013724160000000e-05
2.162350319999678e+01	1.016798070000000e-05
2.164768720000575e+01	1.019871980000000e-05
2.167981089999375e+01	1.029669870000000e-05
2.172505059999821e+01	1.034472920000000e-05
2.177068390000204e+01	1.047344810000000e-05
2.179376709999633e+01	1.055221580000000e-05
2.182326049999392e+01	1.062137740000000e-05
2.184685400000308e+01	1.069822520000000e-05
2.187089079999714e+01	1.079620510000000e-05
2.189396119999583e+01	1.098063790000000e-05
2.192551410000306e+01	1.115738630000000e-05
2.197086590000254e+01	1.154546410000000e-05
2.199520219999249e+01	1.178753150000000e-05
2.202432130000670e+01	1.196812170000000e-05
2.205308919999516e+01	1.213526500000000e-05
2.208397449999757e+01	1.248491940000000e-05
2.213204880000558e+01	1.268087820000000e-05
2.215610239999660e+01	1.282112410000000e-05
2.218008649999683e+01	1.307856110000000e-05
2.222239929999341e+01	1.322072880000000e-05
2.224639489999390e+01	1.340131980000000e-05
2.227459719999752e+01	1.358575260000000e-05
2.232302290000371e+01	1.395077650000000e-05
2.234714569999778e+01	1.413905100000000e-05
2.237319499999285e+01	1.434461680000000e-05
2.239725449999969e+01	1.463279300000000e-05
2.243120730000373e+01	1.493441600000000e-05
2.245471239999461e+01	1.511885060000000e-05
2.247870859999966e+01	1.534747030000000e-05
2.252528519999760e+01	1.543584400000000e-05
2.257026969999424e+01	1.556840650000000e-05
2.259332499999437e+01	1.564525160000000e-05
2.262235930000315e+01	1.570480890000000e-05
2.264870459999656e+01	1.576820800000000e-05
2.267987429999630e+01	1.580470960000000e-05
2.272464309999486e+01	1.580278690000000e-05
2.274789850000525e+01	1.580470960000000e-05
2.277238110000326e+01	1.580855310000000e-05
2.279635610000696e+01	1.581239300000000e-05
2.282264260000375e+01	1.581815920000000e-05
2.284578239999246e+01	1.581815920000000e-05
2.287436750000052e+01	1.582007640000000e-05
2.292969479999738e+01	1.584121130000000e-05
2.297317820000171e+01	1.587579390000000e-05
2.299702330000582e+01	1.591229370000000e-05
2.302551779999339e+01	1.596801120000000e-05
2.304950639999879e+01	1.602564590000000e-05
2.308551649999572e+01	1.620047080000000e-05
2.313227139999799e+01	1.636569320000000e-05
2.317364490000182e+01	1.642909050000000e-05
2.319659469999897e+01	1.645598970000000e-05
2.322571359999711e+01	1.648480610000000e-05
2.327195690000372e+01	1.657125720000000e-05
2.329621099999349e+01	1.664426420000000e-05
2.332623310000054e+01	1.670381970000000e-05
2.335055960000318e+01	1.677298130000000e-05
2.337412160000531e+01	1.683253870000000e-05
2.339826400000311e+01	1.689209420000000e-05
2.342349509999622e+01	1.695741230000000e-05
2.344751680000627e+01	1.711495320000000e-05
2.347379980000551e+01	1.738775790000000e-05
2.349797599999874e+01	1.772204270000000e-05
2.352513460000046e+01	1.810243700000000e-05
2.357011020000209e+01	1.884977430000000e-05
2.359480370000529e+01	1.934735700000000e-05
2.362287900000229e+01	1.984302070000000e-05
2.364682579999499e+01	2.035981560000000e-05
2.367132239999773e+01	2.081321510000000e-05
2.369500229999539e+01	2.125892570000000e-05
2.372604259999935e+01	2.159321230000000e-05
2.377242179999303e+01	2.231172950000000e-05
2.379644439999538e+01	2.278241850000000e-05
2.382352609999361e+01	2.321083960000000e-05
2.384757119999267e+01	2.368921200000000e-05
2.387276040000143e+01	2.421177310000000e-05
2.389689819999330e+01	2.481118100000000e-05
2.392617979999341e+01	2.533181940000000e-05
2.395118699999875e+01	2.587935520000000e-05
2.397486380000191e+01	2.627511460000000e-05
2.402003909999621e+01	2.677077830000000e-05
2.404919869999867e+01	2.700324150000000e-05
2.407485809999343e+01	2.718575340000000e-05
2.412337719999778e+01	2.761801620000000e-05
2.414663410000503e+01	2.808870520000000e-05
2.417268020000483e+01	2.858628800000000e-05
2.419573389999277e+01	2.912037780000000e-05
2.422318279999308e+01	2.950845370000000e-05
2.424717050000618e+01	2.989461060000000e-05
2.427115549999871e+01	3.034416480000000e-05
2.429518040000403e+01	3.085519710000000e-05
2.432548980000138e+01	3.116834700000000e-05
2.437456939999538e+01	3.154489970000000e-05
2.441069560000324e+01	3.173701770000000e-05
2.443476790000568e+01	3.220001960000000e-05
2.447376389999408e+01	3.276292770000000e-05
2.449786590000440e+01	3.366395690000000e-05
2.453690399999323e+01	3.497612120000000e-05
2.456148790000589e+01	3.591365380000000e-05
2.458539429999655e+01	3.723158080000000e-05
2.463085940000019e+01	3.861674850000000e-05
2.467456179999863e+01	3.906245910000000e-05
2.469845100000384e+01	3.940442910000000e-05
2.472555980000470e+01	3.963305060000000e-05
2.477093299999251e+01	3.992506750000000e-05
2.479512280000199e+01	4.008260660000000e-05
2.482426999999734e+01	4.025359160000000e-05
2.484778539999388e+01	4.041881040000000e-05
2.487821159999294e+01	4.086452100000000e-05
2.492578140000114e+01	4.101437300000000e-05
2.497195839999767e+01	4.140053350000000e-05
2.499612539999362e+01	4.180974430000000e-05
2.502554400000372e+01	4.239377810000000e-05
2.508213910000632e+01	4.438987890000000e-05
2.512766549999651e+01	4.500849540000000e-05
2.515178790000209e+01	4.560790330000000e-05
2.517620410000382e+01	4.623612770000000e-05
2.523729220000678e+01	4.906602040000000e-05
2.527349930000491e+01	5.018222870000000e-05
2.529711820000375e+01	5.137527110000000e-05
2.532517919999373e+01	5.229935780000000e-05
2.537080210000568e+01	5.399575820000000e-05
2.539494919999561e+01	5.489678730000000e-05
2.542326310000499e+01	5.564028110000000e-05
2.545444709999720e+01	5.634151600000000e-05
2.547853510000277e+01	5.709653120000000e-05
2.552532410000276e+01	5.738471370000000e-05
2.557231069999398e+01	5.793993480000000e-05
2.560941609999281e+01	5.871416220000000e-05
2.563344029999280e+01	6.004938400000000e-05
2.567457129999821e+01	6.086587750000000e-05
2.569873479999660e+01	6.189947450000000e-05
2.572613070000079e+01	6.298493830000000e-05
2.576451940000698e+01	6.472552200000000e-05
2.578841439999815e+01	6.588591350000001e-05
2.582302690000506e+01	6.648147250000000e-05
2.584725429999526e+01	6.703669349999999e-05
2.588766819999728e+01	6.807221509999999e-05
2.592720029999327e+01	6.842955190000000e-05
2.597290239999711e+01	6.894826950000000e-05
2.599596770000062e+01	6.921147000000000e-05
2.602599409999675e+01	6.940935420000000e-05
2.605918820000079e+01	6.967446830000000e-05
2.608305849999306e+01	7.004910000000000e-05
2.613662790000672e+01	7.065427049999999e-05
2.617472929999349e+01	7.097511120000000e-05
2.622093219999806e+01	7.167825240000000e-05
2.624398280000605e+01	7.214894140000000e-05
2.627380490000360e+01	7.269647899999999e-05
2.629718110000249e+01	7.343805190000000e-05
2.632658229999652e+01	7.399519380000000e-05
2.635066820000065e+01	7.447164530000000e-05
2.637419750000117e+01	7.480785280000000e-05
2.639831859999686e+01	7.504416130000000e-05
2.642439430000377e+01	7.519977230000000e-05
2.644835340000282e+01	7.539573560000000e-05
2.647453099999984e+01	7.557440400000000e-05
2.649848049999855e+01	7.579533120000000e-05
2.652605570000014e+01	7.597976950000000e-05
2.657299620000413e+01	7.626025760000000e-05
2.659696369999438e+01	7.638897659999999e-05
2.662321219999285e+01	7.649272450000000e-05
2.664633059999323e+01	7.658301910000001e-05
2.667047700000694e+01	7.666178860000000e-05
2.669365190000099e+01	7.676169480000000e-05
2.672566939999524e+01	7.685582390000000e-05
2.677253580000252e+01	7.711518260000000e-05
2.679659929999616e+01	7.742064920000001e-05
2.682300839999516e+01	7.779528100000000e-05
2.685426809999626e+01	7.820449540000001e-05
2.687741149999783e+01	7.847153760000000e-05
2.692581620000419e+01	7.902483050000000e-05
2.694992729999649e+01	7.921503130000001e-05
2.697939130000304e+01	7.952626039999999e-05
2.702576220000628e+01	7.963192910000000e-05
2.708844289999979e+01	8.069817700000000e-05
2.712543759999971e+01	8.130911010000000e-05
2.717155020000064e+01	8.226201320000000e-05
2.719450789999973e+01	8.285757210000001e-05
2.722882930000196e+01	8.384121609999999e-05
2.725920919999771e+01	8.495549990000001e-05
2.728322250000201e+01	8.927634190000000e-05
2.738809680000122e+01	8.933390929999999e-05
2.741207089999807e+01	8.985203020000000e-05
2.743522169999778e+01	9.108017550000001e-05
2.747621849999996e+01	9.225073880000000e-05
2.750334419999854e+01	9.347889859999999e-05
2.752730000000156e+01	9.553221030000000e-05
2.757327769999392e+01	9.720171510000000e-05
2.759625329999835e+01	9.912066890000000e-05
2.762284270000237e+01	1.008093680000000e-04
2.764749620000657e+01	1.022869840000000e-04
2.767184660000203e+01	1.034191810000000e-04
2.769680370000424e+01	1.046473410000000e-04
2.772588650000398e+01	1.055108590000000e-04
2.777086400000553e+01	1.071036310000000e-04
2.779432689999521e+01	1.080631050000000e-04
2.781801360000100e+01	1.088882640000000e-04
2.784271939999599e+01	1.098093710000000e-04
2.787234170000011e+01	1.106729180000000e-04
2.789637940000102e+01	1.118626820000000e-04
2.793357530000503e+01	1.147411460000000e-04
2.797220459999517e+01	1.161036050000000e-04
2.799638660000346e+01	1.176771770000000e-04
2.802558000000136e+01	1.195961300000000e-04
2.807317629999307e+01	1.237603140000000e-04
2.810435949999373e+01	1.260439170000000e-04
2.812891769999987e+01	1.284234460000000e-04
2.818350440000359e+01	1.308221400000000e-04
2.822249099999317e+01	1.322421890000000e-04
2.824643169999763e+01	1.339692830000000e-04
2.827348810000694e+01	1.353893020000000e-04
2.829684359999374e+01	1.371739640000000e-04
2.832607280000229e+01	1.387091470000000e-04
2.837134270000388e+01	1.429884580000000e-04
2.839539400000649e+01	1.456750320000000e-04
2.841953450000437e+01	1.483615780000000e-04
2.844263730000239e+01	1.512976010000000e-04
2.847314190000179e+01	1.534468760000000e-04
2.849693520000437e+01	1.555193590000000e-04
2.852540309999313e+01	1.570737220000000e-04
2.857678059999307e+01	1.604127320000000e-04
2.862337879999541e+01	1.613914360000000e-04
2.864733069999784e+01	1.623892890000000e-04
2.867291300000215e+01	1.633103970000000e-04
2.869638459999987e+01	1.641547420000000e-04
2.872049219999462e+01	1.652101780000000e-04
2.874395940000250e+01	1.665918390000000e-04
2.877280140000221e+01	1.680310820000000e-04
2.879686889999721e+01	1.701419530000000e-04
2.882285139999294e+01	1.724063330000000e-04
2.886003870000422e+01	1.761291500000000e-04
2.888427260000026e+01	1.802357730000000e-04
2.893774910000502e+01	1.835939770000000e-04
2.897300080000423e+01	1.849372640000000e-04
2.899699519999558e+01	1.861078200000000e-04
2.902036619999853e+01	1.872208230000000e-04
2.904676840000320e+01	1.886600660000000e-04
2.907999399999972e+01	1.910012070000000e-04
2.912655149999773e+01	1.920374780000000e-04
2.917448430000513e+01	1.950118600000000e-04
2.920660540000245e+01	1.977176430000000e-04
2.923020219999307e+01	2.022272090000000e-04
2.927318129999912e+01	2.047602610000000e-04
2.929631249999511e+01	2.071397900000000e-04
2.932035470000119e+01	2.096152750000000e-04
2.934372619999340e+01	2.123594170000000e-04
2.937385299999733e+01	2.144702880000000e-04
2.939690849999897e+01	2.162549210000000e-04
2.942302639999252e+01	2.178668660000000e-04
2.944717660000606e+01	2.194787960000000e-04
2.948542589999852e+01	2.232783740000000e-04
2.952603890000319e+01	2.253316780000000e-04
2.957905329999630e+01	2.305704840000000e-04
2.960424260000582e+01	2.335448950000000e-04
2.962930800000322e+01	2.385342380000000e-04
2.967371339999954e+01	2.410096930000000e-04
2.969768080000358e+01	2.443487460000000e-04
2.972611859999597e+01	2.471120390000000e-04
2.977140949999739e+01	2.508540640000000e-04
2.979457209999964e+01	2.530416820000000e-04
2.982473340000433e+01	2.545768800000000e-04
2.987420970000676e+01	2.566493350000000e-04
2.989818089999608e+01	2.574936950000000e-04
2.992122839999502e+01	2.582229210000000e-04
2.994483209999453e+01	2.591440280000000e-04
2.998200590000488e+01	2.608327200000000e-04
3.002534439999727e+01	2.617730060000000e-04
3.007599979999941e+01	2.655150310000000e-04
3.013845399999991e+01	2.744382650000000e-04
3.017280600000231e+01	2.774510650000000e-04
3.019586649999837e+01	2.805022230000000e-04
3.021964939999452e+01	2.834574260000000e-04
3.024362379999366e+01	2.868540470000000e-04
3.027283230000467e+01	2.891375920000000e-04
3.029618849999679e+01	2.915938970000000e-04
3.032547049999994e+01	2.934169320000000e-04
3.037104149999504e+01	2.969286580000000e-04
3.039461390000361e+01	2.989819620000000e-04
3.042407209999510e+01	3.006322660000000e-04
3.044730800000252e+01	3.019755530000000e-04
3.047352949999913e+01	3.038369470000000e-04
3.049760760000208e+01	3.058135040000000e-04
3.052165399999649e+01	3.080586900000000e-04
3.054607899999246e+01	3.104382190000000e-04
3.057472079999570e+01	3.124339560000000e-04
3.062013399999705e+01	3.160224590000000e-04
3.064422050000576e+01	3.182484650000000e-04
3.068265079999401e+01	3.214915340000000e-04
3.072677930000646e+01	3.228348210000000e-04
3.077261729999736e+01	3.258668000000000e-04
3.079664869999397e+01	3.271909080000000e-04
3.082377220000490e+01	3.286685100000000e-04
3.084815920000256e+01	3.303379930000000e-04
3.087322480000148e+01	3.323529090000000e-04
3.089741160000267e+01	3.351546180000000e-04
3.093261410000559e+01	3.403934530000000e-04
3.097264469999936e+01	3.429265050000000e-04
3.099588170000061e+01	3.457282150000000e-04
3.102612510000472e+01	3.482228490000000e-04
3.107314009999391e+01	3.536343570000000e-04
3.109713490000286e+01	3.566663650000000e-04
3.112013480000314e+01	3.597367320000000e-04
3.115212169999722e+01	3.632868170000000e-04
3.117524050000065e+01	3.656471670000000e-04
3.122077289999288e+01	3.705789280000000e-04
3.124397009999666e+01	3.746279690000000e-04
3.127599650000047e+01	3.784851290000000e-04
3.132540869999502e+01	3.851822980000000e-04
3.138453989999834e+01	3.923208860000000e-04
3.140866699999606e+01	3.956215510000000e-04
3.143277689999377e+01	4.009754630000000e-04
3.147745130000112e+01	4.070202700000000e-04
3.152562190000026e+01	4.096684570000000e-04
3.157255480000458e+01	4.152142790000000e-04
3.159587659999670e+01	4.186492590000000e-04
3.162355030000617e+01	4.217963430000000e-04
3.164652189999470e+01	4.258069970000000e-04
3.167260229999374e+01	4.295298420000000e-04
3.169672279999941e+01	4.335212870000000e-04
3.171982339999522e+01	4.373400300000000e-04
3.174298720000661e+01	4.420990880000000e-04
3.177307260000089e+01	4.461481590000000e-04
3.179706149999402e+01	4.504658570000000e-04
3.182250759999442e+01	4.542270330000000e-04
3.184659210000245e+01	4.596769290000000e-04
3.187302800000180e+01	4.656641100000000e-04
3.189710259999265e+01	4.733975800000000e-04
3.192814020000515e+01	4.851417030000000e-04
3.197262990000308e+01	4.909754500000000e-04
3.199668039999960e+01	4.963677490000000e-04
3.202078560000518e+01	5.017601070000000e-04
3.204618469999696e+01	5.079967090000000e-04
3.207777249999344e+01	5.163634200000000e-04
3.214007769999444e+01	5.213335970000000e-04
3.218781479999598e+01	5.247686060000000e-04
3.222382840000500e+01	5.262461490000000e-04
3.224782990000676e+01	5.278197350000000e-04
3.227302019999479e+01	5.296427990000000e-04
3.229826039999898e+01	5.311203420000000e-04
3.232248590000381e+01	5.327323450000000e-04
3.235954069999570e+01	5.357259070000000e-04
3.238290909999341e+01	5.395638290000000e-04
3.242317320000438e+01	5.423271210000000e-04
3.244729830000142e+01	5.444189300000000e-04
3.247334709999268e+01	5.460883840000000e-04
3.249655510000593e+01	5.488708850000000e-04
3.252672169999278e+01	5.520371490000000e-04
3.257706850000250e+01	5.592525700000000e-04
3.260105709999334e+01	5.620734880000000e-04
3.262431729999662e+01	5.639732120000000e-04
3.264837809999881e+01	5.662183980000000e-04
3.267384149999998e+01	5.679263270000000e-04
3.269702750000579e+01	5.695958390000000e-04
3.273434729999281e+01	5.710542900000000e-04
3.277341419999721e+01	5.710158150000000e-04
3.279657360000419e+01	5.712845010000000e-04
3.282367969999905e+01	5.711118570000000e-04
3.285936069999298e+01	5.712077250000000e-04
3.288324049999937e+01	5.712462010000000e-04
3.290734079999675e+01	5.710733819999999e-04
3.293140519999724e+01	5.719561600000000e-04
3.298497269999643e+01	5.769262790000000e-04
3.302559609999298e+01	5.796320040000000e-04
3.308028549999290e+01	5.832013560000000e-04
3.312600069999462e+01	5.834124750000000e-04
3.317236589999811e+01	5.836235360000000e-04
3.320250149999629e+01	5.836427439999999e-04
3.322591680000187e+01	5.837003120000000e-04
3.327213319999282e+01	5.835851770000000e-04
3.329522830000496e+01	5.837003120000000e-04
3.332581979999668e+01	5.837003120000000e-04
3.337196030000632e+01	5.836619530000000e-04
3.339594879999640e+01	5.836043860000000e-04
3.342410289999680e+01	5.836619530000000e-04
3.344817059999332e+01	5.836810450000000e-04
3.347346459999972e+01	5.836810450000000e-04
3.349671019999369e+01	5.837770880000000e-04
3.352082679999876e+01	5.837770880000000e-04
3.354496739999740e+01	5.835851770000000e-04
3.357583950000117e+01	5.836235360000000e-04
3.362183259999438e+01	5.837386120000000e-04
3.364487980000558e+01	5.836619530000000e-04
3.368688160000602e+01	5.813207240000000e-04
3.372596579999663e+01	5.802270030000000e-04
3.378099379999912e+01	5.801309599999999e-04
3.380602319999889e+01	5.808218850000000e-04
3.382930179999676e+01	5.830862210000000e-04
3.387505050000618e+01	5.836235360000000e-04
3.392334029999620e+01	5.850243610000000e-04
3.394705459999386e+01	5.879988310000000e-04
3.398477530000673e+01	5.999348940000000e-04
3.402629110000271e+01	6.049049550000001e-04
3.407817740000610e+01	6.151139390000000e-04
3.410537970000587e+01	6.257642530000000e-04
3.412918259999424e+01	6.539156310000000e-04
3.418743370000448e+01	6.831415810000000e-04
3.422335949999979e+01	6.963058260000000e-04
3.424734780000290e+01	7.137299980000000e-04
3.428150919999462e+01	7.565231640000000e-04
3.432695780000358e+01	7.722396400000000e-04
3.437273380000261e+01	7.948835260000000e-04
3.439712169999257e+01	8.055914660000000e-04
3.442016340000555e+01	8.146106270000000e-04
3.444335109999520e+01	8.241670440000000e-04
3.447334630000114e+01	8.312289140000000e-04
3.449685120000504e+01	8.389431750000000e-04
3.453111919999355e+01	9.038056010000000e-04
3.467238499999803e+01	9.003481250000000e-04
3.469548460000078e+01	9.016928380000000e-04
3.471857919999456e+01	9.039976280000000e-04
3.474284330000228e+01	9.070708180000000e-04
3.478299249999691e+01	9.132173730000000e-04
3.482302250000066e+01	9.172508730000000e-04
3.486138449999271e+01	9.251259620000000e-04
3.488508710000315e+01	9.295435740000000e-04
3.490836230000423e+01	9.330009930000000e-04
3.493149299999641e+01	9.362662090000000e-04
3.497275369999988e+01	9.372265780000000e-04
3.499674020000384e+01	9.389552870000000e-04
3.502544349999516e+01	9.401076820000000e-04
3.508010120000108e+01	9.458699500000000e-04
3.512579750000441e+01	9.472146630000000e-04
3.517119839999941e+01	9.497114810000000e-04
3.520439440000337e+01	9.531689570000000e-04
3.522860829999263e+01	9.573945430000000e-04
3.527318990000640e+01	9.596993330000000e-04
3.529720800000359e+01	9.641171780000000e-04
3.532631069999479e+01	9.664219690000000e-04
3.537199369999871e+01	9.731446040000000e-04
3.540468229999533e+01	9.781385310000000e-04
3.543583740000031e+01	9.887027550000000e-04
3.547251039999537e+01	9.960016470000001e-04
3.549584170000162e+01	1.004837100000000e-03
3.551918669999577e+01	1.012712130000000e-03
3.554408269999840e+01	1.020587170000000e-03
3.557527869999467e+01	1.028078260000000e-03
3.562226150000060e+01	1.041907580000000e-03
3.565531909999845e+01	1.052855750000000e-03
3.568652920000022e+01	1.064572370000000e-03
3.572607220000646e+01	1.071871260000000e-03
3.578027309999743e+01	1.088389780000000e-03
3.580359339999268e+01	1.095304500000000e-03
3.582766450000054e+01	1.111630820000000e-03
3.587428760000330e+01	1.120658360000000e-03
3.589831570000388e+01	1.130646210000000e-03
3.592711590000545e+01	1.138521240000000e-03
3.597358920000261e+01	1.154655590000000e-03
3.599750389999826e+01	1.163491050000000e-03
3.602519440000469e+01	1.173094850000000e-03
3.607320889999392e+01	1.191149810000000e-03
3.611132700000599e+01	1.206131770000000e-03
3.613514460000442e+01	1.220153180000000e-03
3.618564769999648e+01	1.241281510000000e-03
3.622391970000172e+01	1.252998020000000e-03
3.624799990000611e+01	1.264138260000000e-03
3.627217450000171e+01	1.276047090000000e-03
3.629553810000652e+01	1.288916100000000e-03
3.632473740000569e+01	1.300632600000000e-03
3.636980220000260e+01	1.320992600000000e-03
3.639397869999812e+01	1.330980450000000e-03
3.641816600000311e+01	1.338279460000000e-03
3.644230500000413e+01	1.345386150000000e-03
3.647243549999257e+01	1.350956390000000e-03
3.649595609999960e+01	1.357486700000000e-03
3.652648270000645e+01	1.361904550000000e-03
3.657621579999977e+01	1.369203560000000e-03
3.662123540000175e+01	1.375541910000000e-03
3.665526119999413e+01	1.379767430000000e-03
3.668614350000280e+01	1.384761650000000e-03
3.671030160000373e+01	1.386490180000000e-03
3.673391049999918e+01	1.391868340000000e-03
3.677549020000151e+01	1.394941470000000e-03
3.682199480000418e+01	1.400319740000000e-03
3.685731910000322e+01	1.403008590000000e-03
3.688181560000521e+01	1.407618400000000e-03
3.693562519999978e+01	1.413188640000000e-03
3.697364290000405e+01	1.415109490000000e-03
3.699815610000223e+01	1.418374600000000e-03
3.703124660000321e+01	1.429515080000000e-03
3.707788539999456e+01	1.440271270000000e-03
3.714008450000256e+01	1.448146420000000e-03
3.717202889999317e+01	1.452563910000000e-03
3.719507849999354e+01	1.458326240000000e-03
3.722241139999824e+01	1.463320110000000e-03
3.724639050000405e+01	1.468506290000000e-03
3.727259530000447e+01	1.473308190000000e-03
3.729659929999616e+01	1.476765490000000e-03
3.732008570000471e+01	1.481567390000000e-03
3.734318169999460e+01	1.484256470000000e-03
3.737251810000453e+01	1.487713660000000e-03
3.739653090000502e+01	1.490787020000000e-03
3.742424269999901e+01	1.493860270000000e-03
3.748363200000313e+01	1.505768860000000e-03
3.752504959999351e+01	1.509802420000000e-03
3.757703319999564e+01	1.522095290000000e-03
3.760107649999554e+01	1.530354380000000e-03
3.762409880000632e+01	1.538805780000000e-03
3.766916259999562e+01	1.556092520000000e-03
3.769326379999984e+01	1.568001110000000e-03
3.773518340000010e+01	1.581830440000000e-03
3.777244780000183e+01	1.588169020000000e-03
3.779540069999348e+01	1.593931350000000e-03
3.782278800000495e+01	1.600653980000000e-03
3.786039560000063e+01	1.611602260000000e-03
3.788437889999477e+01	1.618132580000000e-03
3.792283250000037e+01	1.627160240000000e-03
3.794604199999594e+01	1.632346190000000e-03
3.797313020000001e+01	1.639068940000000e-03
3.799624409999524e+01	1.646751890000000e-03
3.802535480000370e+01	1.655395380000000e-03
3.817001479999453e+01	1.694578560000000e-03
3.820612560000154e+01	1.704182360000000e-03
3.823023669999384e+01	1.715514810000000e-03
3.827312460000394e+01	1.720316710000000e-03
3.829627669999900e+01	1.726078800000000e-03
3.833271099999547e+01	1.739332100000000e-03
3.837278530000185e+01	1.745286400000000e-03
3.839683630000218e+01	1.754698110000000e-03
3.842332750000060e+01	1.763917620000000e-03
3.845533139999316e+01	1.777170810000000e-03
3.847934039999382e+01	1.788695340000000e-03
3.851814620000368e+01	1.804445520000000e-03
3.854241629999888e+01	1.818466930000000e-03
3.857635839999421e+01	1.829607410000000e-03
3.862265560000378e+01	1.846317900000000e-03
3.864654839999275e+01	1.854000850000000e-03
3.867181070000515e+01	1.861107540000000e-03
3.869585869999719e+01	1.867446120000000e-03
3.872511959999974e+01	1.873784580000000e-03
3.877080410000053e+01	1.886461400000000e-03
3.880120329999772e+01	1.893376230000000e-03
3.882517450000159e+01	1.901059300000000e-03
3.887060320000455e+01	1.912583830000000e-03
3.889666230000148e+01	1.919882840000000e-03
3.892591520000133e+01	1.926605240000000e-03
3.897126669999852e+01	1.938513830000000e-03
3.900270019999880e+01	1.946580950000000e-03
3.903489999999874e+01	1.956569260000000e-03
3.907265149999876e+01	1.960986760000000e-03
3.909663179999916e+01	1.967709280000000e-03
3.912071920000017e+01	1.975200140000000e-03
3.914412609999999e+01	1.985764600000000e-03
3.918408140000247e+01	2.002090680000000e-03
3.922338700000546e+01	2.009965950000000e-03
3.924645459999738e+01	2.018224910000000e-03
3.927608100000361e+01	2.027252690000000e-03
3.932417480000004e+01	2.042234640000000e-03
3.937015499999688e+01	2.056640110000000e-03
3.939413869999407e+01	2.063554940000000e-03
3.941932190000080e+01	2.071622060000000e-03
3.944238340000447e+01	2.081225860000000e-03
3.948117830000410e+01	2.096783840000000e-03
3.952696590000414e+01	2.103314270000000e-03
3.957397209999908e+01	2.115031010000000e-03
3.960693880000326e+01	2.123289970000000e-03
3.963048340000387e+01	2.133854430000000e-03
3.967350319999969e+01	2.143842170000000e-03
3.970171290000144e+01	2.154790330000000e-03
3.972525299999688e+01	2.162089110000000e-03
3.977104700000200e+01	2.178031250000000e-03
3.979458139999770e+01	2.188403630000000e-03
3.982287570000335e+01	2.195702170000000e-03
3.985790469999483e+01	2.201848900000000e-03
3.988108920000377e+01	2.207995390000000e-03
3.992473780000000e+01	2.210684120000000e-03
3.996976120000181e+01	2.216062510000000e-03
3.999299759999849e+01	2.217791040000000e-03
4.003026810000301e+01	2.222592710000000e-03
4.007823579999967e+01	2.228355040000000e-03
4.012648619999527e+01	2.231620480000000e-03
4.017282199999318e+01	2.236998640000000e-03
4.019628699999885e+01	2.243144900000000e-03
4.022365139999602e+01	2.250059510000000e-03
4.024734479999461e+01	2.257550370000000e-03
4.028170009999303e+01	2.265233550000000e-03
4.030595609999727e+01	2.270611700000000e-03
4.033006300000125e+01	2.278870900000000e-03
4.037374490000366e+01	2.283096310000000e-03
4.039702879999822e+01	2.288282620000000e-03
4.042346029999317e+01	2.293084750000000e-03
4.044650999999430e+01	2.297502240000000e-03
4.048364609999408e+01	2.312676280000000e-03
4.052508819999639e+01	2.320167380000000e-03
4.057765170000494e+01	2.342639720000000e-03
4.060830530000385e+01	2.352819780000000e-03
4.063140549999662e+01	2.364728830000000e-03
4.067351219999546e+01	2.371259030000000e-03
4.069672659999924e+01	2.377405530000000e-03
4.072587569999450e+01	2.380862830000000e-03
4.077143520000391e+01	2.389122030000000e-03
4.079518010000174e+01	2.392771420000000e-03
4.082207779999590e+01	2.396421040000000e-03
4.084604279999621e+01	2.400262510000000e-03
4.087242289999267e+01	2.403335410000000e-03
4.090574620000552e+01	2.396613130000000e-03
4.093770510000468e+01	2.415244470000000e-03
4.097266650000529e+01	2.422543010000000e-03
4.099607740000647e+01	2.431186610000000e-03
4.102620049999678e+01	2.438869560000000e-03
4.107953950000228e+01	2.464223650000000e-03
4.112571629999729e+01	2.471138020000000e-03
4.117286249999597e+01	2.485543960000000e-03
4.119685170000594e+01	2.491882300000000e-03
4.122022339999967e+01	2.498797140000000e-03
4.124577059999865e+01	2.507248190000000e-03
4.127436929999385e+01	2.515699480000000e-03
4.131232700000692e+01	2.530681440000000e-03
4.133584050000354e+01	2.544126710000000e-03
4.137359439999273e+01	2.553730500000000e-03
4.140517559999716e+01	2.565639090000000e-03
4.142914039999596e+01	2.581389160000000e-03
4.147234579999349e+01	2.588880250000000e-03
4.149538720000419e+01	2.597523390000000e-03
4.151867669999774e+01	2.606166990000000e-03
4.154513980000047e+01	2.618843690000000e-03
4.157770540000638e+01	2.638243370000000e-03
4.162387009999657e+01	2.645350290000000e-03
4.164790520000679e+01	2.654569920000000e-03
4.167297289999260e+01	2.663789320000000e-03
4.170493279999937e+01	2.676466480000000e-03
4.172813509999833e+01	2.695097360000000e-03
4.177338009999949e+01	2.705085790000000e-03
4.179653819999658e+01	2.712384330000000e-03
4.182977830000164e+01	2.727558370000000e-03
4.187333329999819e+01	2.735049230000000e-03
4.189648490000400e+01	2.744077010000000e-03
4.193901699999697e+01	2.757329730000000e-03
4.198648059999687e+01	2.773848360000000e-03
4.202505440000095e+01	2.781147370000000e-03
4.208179830000154e+01	2.795937010000000e-03
4.210594559999299e+01	2.803043930000000e-03
4.213023779999639e+01	2.816105030000000e-03
4.217432019999251e+01	2.824748170000000e-03
4.219793110000319e+01	2.832239260000000e-03
4.222431380000489e+01	2.838961780000000e-03
4.226946979999775e+01	2.852983540000000e-03
4.229348900000332e+01	2.864123550000000e-03
4.232566370000131e+01	2.873151330000000e-03
4.237966390000656e+01	2.896968510000000e-03
4.240365360000578e+01	2.907724820000000e-03
4.242662040000141e+01	2.918480900000000e-03
4.247385379999469e+01	2.934423510000000e-03
4.249784369999543e+01	2.942105990000000e-03
4.252691889999551e+01	2.948828740000000e-03
4.258543069999723e+01	2.966691740000000e-03
4.262288369999442e+01	2.972838000000000e-03
4.264691890000540e+01	2.982249720000000e-03
4.267960360000143e+01	2.993390200000000e-03
4.271065340000496e+01	3.005106930000000e-03
4.273377249999612e+01	3.018744290000000e-03
4.277291359999799e+01	3.028924110000000e-03
4.279614520000177e+01	3.038527910000000e-03
4.282434150000336e+01	3.046978960000000e-03
4.284828049999487e+01	3.053509860000000e-03
4.287352700000338e+01	3.058311530000000e-03
4.289660300000105e+01	3.063113660000000e-03
4.292561459999706e+01	3.068107410000000e-03
4.297165059999679e+01	3.075022250000000e-03
4.299481960000412e+01	3.078479550000000e-03
4.301928530000441e+01	3.082321260000000e-03
4.304475270000694e+01	3.087122920000000e-03
4.308832320000511e+01	3.094613780000000e-03
4.312629379999998e+01	3.097110660000000e-03
4.318432359999861e+01	3.107290480000000e-03
4.322361590000219e+01	3.116702200000000e-03
4.324787190000643e+01	3.122464520000000e-03
4.327609579999989e+01	3.125922060000000e-03
4.330213100000401e+01	3.127650820000000e-03
4.332631790000596e+01	3.126305990000000e-03
4.337270859999990e+01	3.127266650000000e-03
4.340181060000032e+01	3.125922060000000e-03
4.342577050000546e+01	3.126498080000000e-03
4.347230510000372e+01	3.127650820000000e-03
4.349627319999854e+01	3.130147700000000e-03
4.352555409999331e+01	3.136293960000000e-03
4.357516759999271e+01	3.155309470000000e-03
4.360701969999354e+01	3.169138920000000e-03
4.363855069999408e+01	3.195453200000000e-03
4.368505020000157e+01	3.233291910000000e-03
4.372645410000405e+01	3.250578650000000e-03
4.377915010000288e+01	3.297829070000000e-03
4.382269270000688e+01	3.310314150000000e-03
4.384662769999704e+01	3.320686050000000e-03
4.387278269999661e+01	3.328177150000000e-03
4.389685140000074e+01	3.336052180000000e-03
4.392029540000658e+01	3.343927210000000e-03
4.395118560000265e+01	3.351994320000000e-03
4.397447169999941e+01	3.358524990000000e-03
4.402276690000144e+01	3.373122540000000e-03
4.406102779999492e+01	3.385031130000000e-03
4.409269649999624e+01	3.396555780000000e-03
4.412648880000052e+01	3.402509960000000e-03
4.417268790000526e+01	3.414226460000000e-03
4.420315830000618e+01	3.422485660000000e-03
4.422721329999331e+01	3.435354910000000e-03
4.427361329999985e+01	3.444190600000000e-03
4.429766949999612e+01	3.454562510000000e-03
4.432689419999951e+01	3.464358160000000e-03
4.437313150000409e+01	3.488367420000000e-03
4.440457420000166e+01	3.505462310000000e-03
4.443592910000007e+01	3.529855980000000e-03
4.447289489999821e+01	3.543877280000000e-03
4.449630990000151e+01	3.558474830000000e-03
4.452944179999758e+01	3.587478310000000e-03
4.457700570000452e+01	3.604765050000000e-03
4.462408340000547e+01	3.632423700000000e-03
4.465512440000020e+01	3.649518590000000e-03
4.468628540000645e+01	3.675064540000000e-03
4.472470439999597e+01	3.688125640000000e-03
4.478069319999486e+01	3.723659550000000e-03
4.480394300000626e+01	3.734991890000000e-03
4.484116719999292e+01	3.753815540000000e-03
4.487337289999414e+01	3.764187450000000e-03
4.489657969999826e+01	3.774943760000000e-03
4.492691500000365e+01	3.781090020000000e-03
4.498094350000611e+01	3.795879660000000e-03
4.502498469999409e+01	3.800105540000000e-03
4.507478290000290e+01	3.808940760000000e-03
4.510676159999275e+01	3.813934980000000e-03
4.513801349999267e+01	3.822386030000000e-03
4.517450999999710e+01	3.830645230000000e-03
4.522154759999830e+01	3.844090500000000e-03
4.524502040000516e+01	3.849852830000000e-03
4.527283390000230e+01	3.855423070000000e-03
4.529686879999645e+01	3.862529990000000e-03
4.532599759999721e+01	3.869252510000000e-03
4.537208529999771e+01	3.880776930000000e-03
4.539607889999752e+01	3.886347170000000e-03
4.542032859999745e+01	3.894030120000000e-03
4.544359799999802e+01	3.901713290000000e-03
4.548402509999869e+01	3.928603600000000e-03
4.552722809999250e+01	3.949347420000000e-03
4.557919990000664e+01	3.968939190000000e-03
4.562339700000302e+01	3.976622130000000e-03
4.565824210000574e+01	3.988146780000000e-03
4.568165440000303e+01	3.996406220000000e-03
4.570573149999836e+01	4.004473330000000e-03
4.572901549999369e+01	4.021567760000000e-03
4.577403240000422e+01	4.031171560000000e-03
4.579947129999346e+01	4.041736010000000e-03
4.582454830000643e+01	4.054220860000000e-03
4.587058050000633e+01	4.078230350000000e-03
4.589366240000527e+01	4.098398150000000e-03
4.592497059999732e+01	4.114340060000000e-03
4.597134410000581e+01	4.147569180000000e-03
4.600343880000582e+01	4.172731190000000e-03
4.602741910000623e+01	4.207688850000000e-03
4.608259629999520e+01	4.242070020000000e-03
4.612647760000254e+01	4.253210500000000e-03
4.617481050000060e+01	4.272417630000000e-03
4.622069329999795e+01	4.289320670000000e-03
4.624397339999268e+01	4.300844860000000e-03
4.627343450000626e+01	4.311025140000000e-03
4.629665839999507e+01	4.320244770000000e-03
4.631985400000121e+01	4.331769420000000e-03
4.634299550000287e+01	4.347327170000000e-03
4.637476269999752e+01	4.361924720000000e-03
4.642167539999355e+01	4.380364440000000e-03
4.644567450000613e+01	4.389199430000000e-03
4.648488730000099e+01	4.410327880000000e-03
4.652559020000626e+01	4.423965230000000e-03
4.657975989999250e+01	4.451239480000000e-03
4.660423420000006e+01	4.460651430000000e-03
4.662750940000114e+01	4.471983760000000e-03
4.668683900000178e+01	4.482932390000000e-03
4.672490030000336e+01	4.489846990000000e-03
4.677950309999869e+01	4.520002750000000e-03
4.682591820000380e+01	4.531142770000000e-03
4.687098900000274e+01	4.547469320000000e-03
4.689419659999839e+01	4.556881260000000e-03
4.691824420000194e+01	4.566869230000000e-03
4.694134819999454e+01	4.575704220000000e-03
4.697234089999984e+01	4.584540150000000e-03
4.699581150000449e+01	4.592223090000000e-03
4.702497450000374e+01	4.600674380000000e-03
4.707810199999949e+01	4.626028240000000e-03
4.712538810000115e+01	4.634095360000000e-03
4.717125980000128e+01	4.644851670000000e-03
4.720454239999526e+01	4.654263150000000e-03
4.722869800000626e+01	4.674239080000000e-03
4.728302370000165e+01	4.711693620000000e-03
4.732613240000501e+01	4.732822070000000e-03
4.737131539999973e+01	4.769892430000000e-03
4.739531439999701e+01	4.790444390000000e-03
4.742360789999657e+01	4.813301380000000e-03
4.744775540000410e+01	4.831356460000000e-03
4.747390029999951e+01	4.848066720000000e-03
4.749717630000669e+01	4.860743880000000e-03
4.752093060000334e+01	4.872652700000000e-03
4.754475359999924e+01	4.886290060000000e-03
4.758210080000572e+01	4.915100990000000e-03
4.762418980000075e+01	4.926817960000000e-03
4.767511199999717e+01	4.954668690000000e-03
4.772336269999505e+01	4.973683970000000e-03
4.774818650000088e+01	4.981942940000000e-03
4.778563060000306e+01	4.990202370000000e-03
4.780884670000523e+01	4.995964470000000e-03
4.783235310000600e+01	5.004416220000000e-03
4.787355010000465e+01	5.008641630000000e-03
4.789656049999758e+01	5.014980210000000e-03
4.792584650000208e+01	5.018245430000000e-03
4.797132209999836e+01	5.025736520000000e-03
4.799556239999947e+01	5.031114910000000e-03
4.802464109999710e+01	5.037068860000000e-03
4.806962389999535e+01	5.057236650000000e-03
4.809260230000655e+01	5.067224610000000e-03
4.811659109999891e+01	5.077980920000000e-03
4.814063029999670e+01	5.091041790000000e-03
4.817275719999452e+01	5.099493540000000e-03
4.820788869999524e+01	5.113898780000000e-03
4.823108509999292e+01	5.125231110000000e-03
4.827427239999815e+01	5.130993670000000e-03
4.832240079999610e+01	5.139828660000000e-03
4.834823170000163e+01	5.144055000000000e-03
4.838044389999413e+01	5.151161460000000e-03
4.840367070000502e+01	5.158268380000000e-03
4.842777169999317e+01	5.176515320000000e-03
4.847398470000189e+01	5.186502820000000e-03
4.849693470000057e+01	5.196298940000000e-03
4.853623579999839e+01	5.217811560000000e-03
4.858174989999679e+01	5.233945790000000e-03
4.862284280000313e+01	5.242204760000000e-03
4.864697790000355e+01	5.249504000000000e-03
4.867308229999617e+01	5.256802770000000e-03
4.869688020000467e+01	5.262180700000000e-03
4.872008070000447e+01	5.271976350000000e-03
4.875312880000274e+01	5.279083270000000e-03
4.877691580000101e+01	5.288495220000000e-03
4.882331540000450e+01	5.299251060000000e-03
4.884727129999374e+01	5.307702810000000e-03
4.887839739999617e+01	5.326718090000000e-03
4.892547390000254e+01	5.333824550000000e-03
4.897245869999460e+01	5.348037930000000e-03
4.900385890000325e+01	5.360331390000000e-03
4.902699840000423e+01	5.380691030000000e-03
4.907991400000174e+01	5.403163840000000e-03
4.912791510000534e+01	5.427173340000000e-03
4.917346920000273e+01	5.437545010000000e-03
4.919720409999718e+01	5.451758860000000e-03
4.922333280000021e+01	5.467701240000000e-03
4.924736419999681e+01	5.483835470000000e-03
4.927323180000531e+01	5.500545730000000e-03
4.929720469999302e+01	5.518408960000000e-03
4.933251690000179e+01	5.558936860000000e-03
4.937339969999448e+01	5.575647110000000e-03
4.941044289999991e+01	5.604650360000000e-03
4.943463350000093e+01	5.631540900000000e-03
4.948691049999616e+01	5.660160440000000e-03
4.952535729999363e+01	5.671300930000000e-03
4.957650399999693e+01	5.700688340000000e-03
4.961240260000341e+01	5.722200500000000e-03
4.963568659999873e+01	5.740447440000000e-03
4.967472609999822e+01	5.753508770000000e-03
4.972331489999488e+01	5.780783480000000e-03
4.974628459999803e+01	5.793268330000000e-03
4.977323489999981e+01	5.806137340000000e-03
4.979667630000040e+01	5.819582380000000e-03
4.982203809999919e+01	5.831107030000000e-03
4.984656960000575e+01	5.845512730000000e-03
4.987244469999860e+01	5.857997570000000e-03
4.989556829999492e+01	5.870098250000000e-03
4.991968150000321e+01	5.881046880000000e-03
4.994379400000616e+01	5.895836280000000e-03
4.997298750000482e+01	5.902559030000000e-03
4.999717339999916e+01	5.910049660000000e-03
5.002542400000675e+01	5.917732600000000e-03
5.007892289999290e+01	5.947504660000000e-03
5.012493540000287e+01	5.956531970000000e-03
5.017078630000469e+01	5.979964980000000e-03
5.019393660000060e+01	5.992257970000000e-03
5.021695030000410e+01	6.005511620000000e-03
5.024113219999708e+01	6.020301020000000e-03
5.027353979999316e+01	6.034706720000000e-03
5.029683160000423e+01	6.052185780000000e-03
5.032626810000511e+01	6.064094140000000e-03
5.037262270000065e+01	6.098667630000000e-03
5.039581479999470e+01	6.118835420000000e-03
5.042193349999434e+01	6.137659310000000e-03
5.044586829999753e+01	6.154177240000000e-03
5.047296139999526e+01	6.173576690000000e-03
5.049596220000240e+01	6.191824560000000e-03
5.051958920000470e+01	6.208726670000000e-03
5.054319820000092e+01	6.234272380000000e-03
5.058119769999757e+01	6.274993070000000e-03
5.062323270000343e+01	6.292471660000000e-03
5.065822149999440e+01	6.318209230000000e-03
5.068140990000393e+01	6.349709350000000e-03
5.072514070000034e+01	6.368532780000000e-03
5.078298760000325e+01	6.413670720000000e-03
5.080741979999584e+01	6.430573760000000e-03
5.083245929999975e+01	6.459384690000000e-03
5.087670609999623e+01	6.478208120000000e-03
5.092650729999878e+01	6.517007480000000e-03
5.097341859999869e+01	6.554269230000000e-03
5.099794099999417e+01	6.576550190000000e-03
5.102459909999743e+01	6.595565470000000e-03
5.107963860000018e+01	6.634749470000000e-03
5.111162049999984e+01	6.660487040000000e-03
5.113561889999255e+01	6.689683070000000e-03
5.117286609999428e+01	6.707930010000000e-03
5.119683010000153e+01	6.726176940000000e-03
5.122384120000061e+01	6.743271370000000e-03
5.124777079999330e+01	6.758637730000000e-03
5.127301390000503e+01	6.774579170000000e-03
5.129998219999834e+01	6.794170940000000e-03
5.133110650000162e+01	6.821061480000000e-03
5.137316360000113e+01	6.836043670000000e-03
5.139646340000036e+01	6.848528520000000e-03
5.142046219999611e+01	6.861013830000000e-03
5.144369519999600e+01	6.876571570000000e-03
5.148782449999999e+01	6.903270260000000e-03
5.152624029999424e+01	6.916907620000000e-03
5.158218230000057e+01	6.948024030000000e-03
5.162309360000654e+01	6.962621120000000e-03
5.164704470000288e+01	6.977411450000000e-03
5.167588690000412e+01	6.993737070000000e-03
5.170286619999388e+01	7.006798870000000e-03
5.172641740000108e+01	7.018707230000000e-03
5.178756379999686e+01	7.053664890000000e-03
5.182459309999831e+01	7.066534370000000e-03
5.187091349999537e+01	7.081707940000000e-03
5.189440469999681e+01	7.091311270000000e-03
5.192570859999978e+01	7.104564460000000e-03
5.197214830000303e+01	7.119930350000000e-03
5.199638579999737e+01	7.131263610000000e-03
5.203275410000060e+01	7.150662600000000e-03
5.207858499999566e+01	7.165837100000000e-03
5.214069060000475e+01	7.169678340000000e-03
5.217264889999933e+01	7.175824600000000e-03
5.219661040000210e+01	7.178897970000000e-03
5.222296139999526e+01	7.181587160000000e-03
5.224717709999823e+01	7.186196740000000e-03
5.227341310000338e+01	7.192726710000000e-03
5.229739409999456e+01	7.197528610000000e-03
5.232055869999749e+01	7.202522360000000e-03
5.234587760000431e+01	7.210974580000000e-03
5.237285129999509e+01	7.219425870000000e-03
5.239614870000514e+01	7.230373570000000e-03
5.242424940000637e+01	7.237288640000000e-03
5.247046399999817e+01	7.255535570000000e-03
5.249349480000092e+01	7.262066470000000e-03
5.252480980000109e+01	7.268212270000000e-03
5.258283040000242e+01	7.280121090000000e-03
5.260703600000124e+01	7.288188210000000e-03
5.263100749999285e+01	7.307588120000000e-03
5.267738120000286e+01	7.347539530000000e-03
5.272646429999440e+01	7.374045900000000e-03
5.278444210000453e+01	7.430131550000000e-03
5.282279140000173e+01	7.443000560000000e-03
5.286110120000376e+01	7.459134790000000e-03
5.289229340000020e+01	7.469315550000000e-03
5.292255719999957e+01	7.480070930000000e-03
5.294646419999481e+01	7.489291490000000e-03
5.297342959999514e+01	7.497165820000000e-03
5.299657449999359e+01	7.502544670000000e-03
5.303462120000040e+01	7.516565730000000e-03
5.307263300000341e+01	7.519830950000000e-03
5.309689339999750e+01	7.526553240000000e-03
5.312479050000547e+01	7.536157500000000e-03
5.317007619999640e+01	7.548257710000000e-03
5.319383560000279e+01	7.556709930000000e-03
5.321694670000579e+01	7.564200550000000e-03
5.325523199999589e+01	7.577453740000000e-03
5.327857209999638e+01	7.598581260000000e-03
5.332667059999949e+01	7.612795100000000e-03
5.337205669999821e+01	7.638725450000000e-03
5.339619860000676e+01	7.651786320000000e-03
5.342441849999886e+01	7.667921020000000e-03
5.346949469999527e+01	7.699997160000000e-03
5.349328039999818e+01	7.716900200000000e-03
5.352036300000327e+01	7.741292940000000e-03
5.354547779999848e+01	7.766454950000000e-03
5.358437070000218e+01	7.801221220000000e-03
5.362335789999634e+01	7.819083520000001e-03
5.364731879999454e+01	7.849816230000001e-03
5.367237840000598e+01	7.868831050000000e-03
5.369640040000377e+01	7.890343669999999e-03
5.372565009999380e+01	7.908206430000000e-03
5.377289009999367e+01	7.942012510000001e-03
5.379729919999954e+01	7.956993770000000e-03
5.383354039999540e+01	7.994255980000000e-03
5.387295170000289e+01	8.010774849999999e-03
5.389692050000303e+01	8.032863030000000e-03
5.392728370000259e+01	8.065900770000000e-03
5.397321779999766e+01	8.084531870000000e-03
5.399740029999521e+01	8.105083370000000e-03
5.402440619999834e+01	8.124099110000000e-03
5.408559509999759e+01	8.159249089999999e-03
5.411111349999555e+01	8.174806830000001e-03
5.413505929999519e+01	8.189788090000000e-03
5.417978200000653e+01	8.212645540000001e-03
5.422432839999965e+01	8.222442119999999e-03
5.427254390000599e+01	8.245105859999999e-03
5.429573090000486e+01	8.260664530000000e-03
5.432584350000252e+01	8.270267400000000e-03
5.437318009999581e+01	8.299848060000000e-03
5.439684329999727e+01	8.312908930000000e-03
5.442152040000656e+01	8.325393310000000e-03
5.444454810000025e+01	8.339415300000000e-03
5.447386379999807e+01	8.354781200000000e-03
5.449687079999421e+01	8.359966800000000e-03
5.452611190000607e+01	8.366114460000001e-03
5.458602160000009e+01	8.394732140000000e-03
5.463401150000573e+01	8.412787690000000e-03
5.468134910000663e+01	8.430459540000001e-03
5.471339560000342e+01	8.439485920000000e-03
5.474540749999869e+01	8.460038340000000e-03
5.477565650000179e+01	8.469833990000000e-03
5.482306310000422e+01	8.496724069999999e-03
5.485517500000424e+01	8.754520680000001e-03
5.494957130000694e+01	8.684043770000000e-03
5.497364379999635e+01	8.655472660000000e-03
5.499760649999371e+01	8.651663550000001e-03
5.502664169999480e+01	8.647854440000000e-03
5.507460799999535e+01	8.642138910000000e-03
5.512262460000056e+01	8.651663550000001e-03
5.515468380000675e+01	8.657377210000001e-03
5.517785849999927e+01	8.666902779999999e-03
5.522222060000058e+01	8.674520999999999e-03
5.524660110000696e+01	8.685949260000001e-03
5.527078249999613e+01	8.689759300000001e-03
5.529398180000135e+01	8.720235900000000e-03
5.532615579999401e+01	8.724044080000000e-03
5.537217610000516e+01	8.750712500000001e-03
5.539628139999695e+01	8.760235270000000e-03
5.543654480000259e+01	8.790711870000001e-03
5.547279329999583e+01	8.792617359999999e-03
5.549700920000032e+01	8.802140130000000e-03
5.552654659999826e+01	8.809758350000000e-03
5.555429590000131e+01	8.817378430000000e-03
5.567745909999940e+01	8.885950780000000e-03
5.572509059999720e+01	8.893569000000000e-03
5.577012529999774e+01	8.903093640000000e-03
5.579415600000357e+01	8.914521900000000e-03
5.583018530000118e+01	8.927855639999999e-03
5.585352819999389e+01	8.935473859999999e-03
5.589167230000021e+01	8.948806670000000e-03
5.593795619999582e+01	8.965950460000000e-03
5.598399619999691e+01	8.996427059999999e-03
5.602400439999474e+01	8.998331610000000e-03
5.606236830000125e+01	9.011665360000001e-03
5.609399170000688e+01	9.024998170000000e-03
5.613998259999789e+01	9.030711840000000e-03
5.616305050000665e+01	9.034521880000000e-03
5.618612870000652e+01	9.032616390000000e-03
5.622357000000193e+01	9.040236470000001e-03
5.624768869999389e+01	9.051664730000001e-03
5.627303209999809e+01	9.061188440000000e-03
5.629702620000171e+01	9.059283880000000e-03
5.632491720000689e+01	9.063093919999999e-03
5.637100159999682e+01	9.078332220000001e-03
5.640440650000528e+01	9.085950440000001e-03
5.642847489999258e+01	9.087855000000001e-03
5.645290239999304e+01	9.101188740000000e-03
5.647690259999945e+01	9.125949810000001e-03
5.652939660000266e+01	9.143093600000001e-03
5.657748769999307e+01	9.169760160000000e-03
5.662334049999481e+01	9.179284800000000e-03
5.664734599999792e+01	9.198331270000000e-03
5.668657130000065e+01	9.236426089999999e-03
5.673464330000570e+01	9.253569880000000e-03
5.675818859999708e+01	9.268808179999999e-03
5.678215159999672e+01	9.304998440000000e-03
5.682564490000368e+01	9.308808480000000e-03
5.687050499999896e+01	9.341189640000001e-03
5.689352389999840e+01	9.352617900000000e-03
5.692457160000049e+01	9.377379900000000e-03
5.698384790000273e+01	9.428809400000000e-03
5.702334610000253e+01	9.430713020000000e-03
5.706157970000640e+01	9.451665920000000e-03
5.709330920000502e+01	9.487856180000000e-03
5.714037710000412e+01	9.514522740000000e-03
5.717238350000116e+01	9.524048310000000e-03
5.719691460000467e+01	9.544999340000001e-03
5.722244579999824e+01	9.571665900000000e-03
5.724610550000216e+01	9.575475940000000e-03
5.727303050000046e+01	9.598332459999999e-03
5.729708079999546e+01	9.611666200000001e-03
5.732795720000286e+01	9.617380800000000e-03
5.735201000000234e+01	9.636429140000000e-03
5.737600910000037e+01	9.657381099999999e-03
5.742222900000343e+01	9.685953149999999e-03
5.744544650000171e+01	9.697381410000001e-03
5.747264799999539e+01	9.716429750000000e-03
5.749663720000535e+01	9.731668050000000e-03
5.752526419999776e+01	9.741190820000000e-03
5.757337850000476e+01	9.760239160000000e-03
5.761095659999410e+01	9.771667420000000e-03
5.763543670000217e+01	9.779285640000000e-03
5.767295809999632e+01	9.794523939999999e-03
5.769694300000265e+01	9.802144020000000e-03
5.772546250000596e+01	9.805952200000001e-03
5.777011519999360e+01	9.813572280000000e-03
5.779335130000254e+01	9.830714200000000e-03
5.782304730000033e+01	9.836428800000000e-03
5.784721150000405e+01	9.842144330000000e-03
5.787185389999649e+01	9.844047020000000e-03
5.790915199999290e+01	9.851667099999999e-03
5.793224759999430e+01	9.863096290000000e-03
5.795644579999498e+01	9.861190800000001e-03
5.798929149999458e+01	9.880239140000000e-03
5.802469109999947e+01	9.878334589999999e-03
5.808363069999905e+01	9.914523920000000e-03
5.812565099999483e+01	9.918333959999999e-03
5.817179160000524e+01	9.925954040000001e-03
5.819536519999383e+01	9.929762220000001e-03
5.822434600000270e+01	9.952620600000000e-03
5.824836430000141e+01	9.943095969999999e-03
5.828538210000261e+01	9.964048860000000e-03
5.832593219999399e+01	9.958334270000001e-03
5.837244609999470e+01	9.971667080000000e-03
5.839639809999790e+01	9.973572570000000e-03
5.842558140000619e+01	9.990715420000001e-03
5.847118480000063e+01	1.000595370000000e-02
5.849465300000156e+01	1.001357190000000e-02
5.852434839999478e+01	1.002119200000000e-02
5.855404289999569e+01	1.001547740000000e-02
5.858363150000514e+01	1.004023850000000e-02
5.862470420000318e+01	1.003833390000000e-02
5.867234479999752e+01	1.004023850000000e-02
5.869637200000579e+01	1.004976410000000e-02
5.872474980000698e+01	1.005547770000000e-02
5.876978899999813e+01	1.005166770000000e-02
5.879313140000158e+01	1.006119230000000e-02
5.882224809999752e+01	1.006500240000000e-02
5.884547169999860e+01	1.006690600000000e-02
5.886951669999689e+01	1.006690600000000e-02
5.889559220000228e+01	1.008214430000000e-02
5.892634160000307e+01	1.007643060000000e-02
5.897249830000510e+01	1.009166890000000e-02
5.899724549999519e+01	1.009547710000000e-02
5.904169430000184e+01	1.010881080000000e-02
5.908349030000682e+01	1.012785920000000e-02
5.912572270000237e+01	1.012976370000000e-02
5.914971929999592e+01	1.014881020000000e-02
5.917380550000235e+01	1.015262030000000e-02
5.919779500000004e+01	1.016595400000000e-02
5.922347759999684e+01	1.017547860000000e-02
5.925746049999725e+01	1.017738230000000e-02
5.928182780000498e+01	1.019071510000000e-02
5.932492699999420e+01	1.018881240000000e-02
5.937126050000370e+01	1.019833520000000e-02
5.939964410000539e+01	1.020024060000000e-02
5.942378909999388e+01	1.021166890000000e-02
5.944785599999886e+01	1.021166890000000e-02
5.948002519999864e+01	1.021738350000000e-02
5.952595330000622e+01	1.023261990000000e-02
5.957465629999933e+01	1.024405010000000e-02
5.962248309999995e+01	1.025738380000000e-02
5.964581499999622e+01	1.026119200000000e-02
5.968408530000306e+01	1.027452570000000e-02
5.973086700000567e+01	1.029166860000000e-02
5.975496140000178e+01	1.029547860000000e-02
5.977900290000252e+01	1.030309680000000e-02
5.982330960000400e+01	1.030690690000000e-02
5.984660799999256e+01	1.031643060000000e-02
5.987270959999296e+01	1.031262240000000e-02
5.989594089999446e+01	1.031643060000000e-02
5.992510209999455e+01	1.031833510000000e-02
5.997144290000142e+01	1.031643060000000e-02
5.999459430000570e+01	1.032405070000000e-02
6.002707789999840e+01	1.032976340000000e-02
