# [General]
# timestamp=2025-04-10T18:11:13.617814
# comments='# '
# delimiter='\t'
# column_dtypes=float;;float
# column_headers='Time (s);;Power (W)'
# 
# [Metadata]
# scanner_y=3.8962539132
# scanner_x=-4.4132600044
# start recoding time='10.04.2025, 18:10:13.549820'
# sample rate (hz)=50.0
# sample timing='TIMESTAMP'
# 
# ---- END HEADER ----
1.450499999918975e-03	1.014690750000000e-02
4.952099999354687e-02	1.014690750000000e-02
8.064970000123139e-02	1.014690750000000e-02
1.112247999990359e-01	1.015833580000000e-02
1.589703999925405e-01	1.015833580000000e-02
2.044290999911027e-01	1.015071570000000e-02
2.507348999934038e-01	1.014309750000000e-02
3.134201999928337e-01	1.014881020000000e-02
3.634573000017554e-01	1.015071570000000e-02
3.919725000014296e-01	1.014881020000000e-02
4.222757999959867e-01	1.014500200000000e-02
4.530677000002470e-01	1.014881020000000e-02
5.002882999979192e-01	1.014881020000000e-02
5.500001999898814e-01	1.016785860000000e-02
5.954803999920841e-01	1.017547860000000e-02
6.265576000005240e-01	1.018309690000000e-02
6.570012000011047e-01	1.020024060000000e-02
6.880553999944823e-01	1.021357350000000e-02
7.193326999986311e-01	1.024214550000000e-02
7.498553999903379e-01	1.025738380000000e-02
8.008724999963306e-01	1.027833580000000e-02
8.578859999979613e-01	1.031071690000000e-02
9.034939999983180e-01	1.032214520000000e-02
9.501296999951592e-01	1.032214520000000e-02
9.818086000013864e-01	1.033357340000000e-02
1.011935499991523e+00	1.034119350000000e-02
1.058990699995775e+00	1.035452730000000e-02
1.105103699999745e+00	1.035643000000000e-02
1.151069599989569e+00	1.036405000000000e-02
1.198614699998870e+00	1.036595550000000e-02
1.230476500000805e+00	1.036786010000000e-02
1.261415200002375e+00	1.038119380000000e-02
1.292150799999945e+00	1.038119380000000e-02
1.323136699997121e+00	1.038119380000000e-02
1.353570699997363e+00	1.039833480000000e-02
1.400666599991382e+00	1.040024030000000e-02
1.447435800000676e+00	1.040786040000000e-02
1.479038699995726e+00	1.040786040000000e-02
1.509312299996964e+00	1.041166860000000e-02
1.555546299990965e+00	1.041547860000000e-02
1.587614699994447e+00	1.040976490000000e-02
1.618527599988738e+00	1.041166860000000e-02
1.649531099988963e+00	1.042119320000000e-02
1.681466900001396e+00	1.040786040000000e-02
1.711973799989210e+00	1.040976490000000e-02
1.758200299998862e+00	1.039643210000000e-02
1.805367099994328e+00	1.037928830000000e-02
1.852082999990671e+00	1.036214550000000e-02
1.883329599993885e+00	1.035262180000000e-02
1.914353599990136e+00	1.032595520000000e-02
1.961195500000031e+00	1.029928870000000e-02
2.008188199994038e+00	1.026309750000000e-02
2.054917299989029e+00	1.024785820000000e-02
2.101000599999679e+00	1.023833550000000e-02
2.147277899988694e+00	1.021928710000000e-02
2.178210899990518e+00	1.021166890000000e-02
2.209405999994488e+00	1.018881240000000e-02
2.255284099999699e+00	1.016976400000000e-02
2.301815999991959e+00	1.015452570000000e-02
2.350475400002324e+00	1.013738200000000e-02
2.412657299995772e+00	1.011452540000000e-02
2.457700200000545e+00	1.010500270000000e-02
2.488484000001336e+00	1.009738260000000e-02
2.519548099997337e+00	1.008404880000000e-02
2.550962399996934e+00	1.007262060000000e-02
2.597974599993904e+00	1.006690600000000e-02
2.629068800000823e+00	1.004976410000000e-02
2.659201099988422e+00	1.005547770000000e-02
2.706810799994855e+00	1.004404850000000e-02
2.753543999991962e+00	1.003452580000000e-02
2.784802800000762e+00	1.002690570000000e-02
2.816321799997240e+00	1.002690570000000e-02
2.863200499996310e+00	1.002309750000000e-02
2.909476599990739e+00	1.001166740000000e-02
2.956950099993264e+00	9.994525460000001e-03
3.004328299997724e+00	9.992620910000000e-03
3.053778100002091e+00	9.990715420000001e-03
3.081856999997399e+00	9.986905379999999e-03
3.112764799996512e+00	9.977382610000000e-03
3.160240799988969e+00	9.952620600000000e-03
3.206295299998601e+00	9.939287789999999e-03
3.253215799995814e+00	9.933572260000001e-03
3.315386000002036e+00	9.916429410000000e-03
3.362264399998821e+00	9.899287479999999e-03
3.393544099992141e+00	9.889762850000001e-03
3.424953599998844e+00	9.880239140000000e-03
3.456021799996961e+00	9.868810880000000e-03
3.502261399989948e+00	9.861190800000001e-03
3.565040399989812e+00	9.838334280000000e-03
3.611011000000872e+00	9.819285940000000e-03
3.656805299993721e+00	9.817380460000000e-03
3.688163699989673e+00	9.800239470000000e-03
3.718435099988710e+00	9.792619379999999e-03
3.749608599988278e+00	9.790713899999999e-03
3.796632400000817e+00	9.785001170000000e-03
3.828210399995442e+00	9.767857380000000e-03
3.859209799993550e+00	9.756429120000000e-03
3.907136299996637e+00	9.752619080000000e-03
3.953339200001210e+00	9.745000860000000e-03
3.984329899991280e+00	9.739286270000000e-03
4.015497699991101e+00	9.699285960000000e-03
4.062108899990562e+00	9.651666510000000e-03
4.108839099993929e+00	9.602142500000001e-03
4.154829199993401e+00	9.554523040000000e-03
4.201894899990293e+00	9.531666520000001e-03
4.248754599990207e+00	9.497381750000001e-03
4.279559799993876e+00	9.474523370000000e-03
4.310820400001830e+00	9.447855870000001e-03
4.356970199994976e+00	9.424999360000000e-03
4.403376999995089e+00	9.386904539999999e-03
4.449702699988848e+00	9.356427940000000e-03
4.480875799999922e+00	9.337379599999999e-03
4.512163699997473e+00	9.280236440000001e-03
4.559487599995919e+00	9.238331580000000e-03
4.591194599997834e+00	9.207854979999999e-03
4.621770099998685e+00	9.184998460000000e-03
4.653083699988201e+00	9.125949810000001e-03
4.715737799997441e+00	9.095475080000000e-03
4.761995199994999e+00	9.066903960000001e-03
4.808315199989011e+00	9.034521880000000e-03
4.854223399990587e+00	9.009759870000000e-03
4.885425499989651e+00	8.988806980000000e-03
4.916635000001406e+00	8.958332240000000e-03
4.964405999999144e+00	8.918330069999999e-03
5.012652799996431e+00	8.885950780000000e-03
5.058107399992878e+00	8.834520350000000e-03
5.104266399997869e+00	8.813568390000000e-03
5.151521199994022e+00	8.788807320000000e-03
5.182257699998445e+00	8.752615190000000e-03
5.213850799991633e+00	8.703092110000000e-03
5.259784399997443e+00	8.642138910000000e-03
5.306324499993934e+00	8.586900309999999e-03
5.353380299988203e+00	8.527854460000000e-03
5.415287199997692e+00	8.482139559999999e-03
5.460645599989220e+00	8.449757469999999e-03
5.491081200001645e+00	8.415472690000000e-03
5.521481099989614e+00	8.388806130000001e-03
5.553340400001616e+00	8.344995790000000e-03
5.599174199989648e+00	8.324042889999999e-03
5.629140099990764e+00	8.301186380000001e-03
5.660081900001387e+00	8.253565990000000e-03
5.705423499995959e+00	8.217375730000000e-03
5.752642299994477e+00	8.192614650000001e-03
5.783424399996875e+00	8.160232570000000e-03
5.814162499998929e+00	8.120233189999999e-03
5.860525799987954e+00	8.064994589999999e-03
5.906492399997660e+00	8.015471510000000e-03
5.953364299988607e+00	7.964041080000000e-03
5.999707599999965e+00	7.935469969999999e-03
6.046556599991163e+00	7.903089750000000e-03
6.077629299994442e+00	7.870708590000001e-03
6.108278999992763e+00	7.813564500000000e-03
6.156322800001362e+00	7.769755090000000e-03
6.203354799989029e+00	7.731660270000000e-03
6.266896799992537e+00	7.685946770000000e-03
6.313403599997400e+00	7.640231870000000e-03
6.359644099997240e+00	7.611660290000000e-03
6.390633099988918e+00	7.581183690000000e-03
6.421566599994549e+00	7.539278830000000e-03
6.452032999994117e+00	7.412076930000000e-03
6.562933299996075e+00	7.381728850000000e-03
6.608319999999367e+00	7.318728600000000e-03
6.654715899989242e+00	7.263218520000000e-03
6.701422799989814e+00	7.235752420000000e-03
6.731811399993603e+00	7.197528610000000e-03
6.763408200000413e+00	7.138562390000000e-03
6.811404899999616e+00	7.056930100000000e-03
6.857237499993062e+00	6.962813440000000e-03
6.904646399998455e+00	6.882141810000000e-03
6.950582899997244e+00	6.834123280000000e-03
6.997558799994295e+00	6.754603700000000e-03
7.031405699992320e+00	6.701591420000000e-03
7.061013099999400e+00	6.636477540000000e-03
7.108181399991736e+00	6.577510850000000e-03
7.156436299992492e+00	6.529876500000000e-03
7.203405399995972e+00	6.488579790000000e-03
7.251249299995834e+00	6.466491150000000e-03
7.312814899996738e+00	6.415015090000000e-03
7.343974699993851e+00	6.385051180000000e-03
7.375190799997654e+00	6.353166890000000e-03
7.407295500001055e+00	6.298617460000000e-03
7.454215299992939e+00	6.232543850000000e-03
7.516626700002234e+00	6.170120090000000e-03
7.564426899989485e+00	6.101356820000000e-03
7.608183399992413e+00	6.055258680000000e-03
7.640318899997510e+00	6.011465560000000e-03
7.671374099998502e+00	5.964214910000000e-03
7.701670299997204e+00	5.931369960000000e-03
7.748876500001643e+00	5.868753880000000e-03
7.780128599988529e+00	5.826496980000000e-03
7.810409500001697e+00	5.766185470000000e-03
7.857578800001647e+00	5.695694130000000e-03
7.904332799997064e+00	5.662273150000000e-03
7.934776800000691e+00	5.625586490000000e-03
7.965549499989720e+00	5.580257160000000e-03
8.014074999999139e+00	5.524171050000000e-03
8.069408700001077e+00	5.473271480000000e-03
8.107602899995982e+00	5.433319600000000e-03
8.155406299993047e+00	5.395672750000000e-03
8.201773299995693e+00	5.375312640000000e-03
8.233338999998523e+00	5.350343420000000e-03
8.264344700000947e+00	5.316537800000000e-03
8.310929300001590e+00	5.276009910000000e-03
8.357550399989123e+00	5.232600960000000e-03
8.405418700000155e+00	5.198603960000000e-03
8.451468400002341e+00	5.181701390000000e-03
8.514350600002217e+00	5.148088560000000e-03
8.544824600001448e+00	5.130033010000000e-03
8.575286299994332e+00	5.110249390000000e-03
8.606334500000230e+00	5.081246140000000e-03
8.653166799995233e+00	5.047632850000000e-03
8.715405599999940e+00	5.010178310000000e-03
8.761669100000290e+00	4.971379410000000e-03
8.808560599994962e+00	4.942759870000000e-03
8.839400199998636e+00	4.916637670000000e-03
8.871433099993737e+00	4.882256500000000e-03
8.902187599989702e+00	4.861319900000000e-03
8.948680699992110e+00	4.818871150000000e-03
8.979299899991020e+00	4.793133590000000e-03
9.010176199997659e+00	4.757791760000000e-03
9.059034899997641e+00	4.715727180000000e-03
9.105385799994110e+00	4.691910000000000e-03
9.137255699999514e+00	4.667516800000000e-03
9.168978499990772e+00	4.637552430000000e-03
9.200580199991236e+00	4.619305490000000e-03
9.246950599990669e+00	4.588189530000000e-03
9.278254199991352e+00	4.573015500000000e-03
9.308918599999743e+00	4.554383920000000e-03
9.354606299995794e+00	4.534024280000000e-03
9.401757699990412e+00	4.521539430000000e-03
9.432255099993199e+00	4.508286250000000e-03
9.466534599996521e+00	4.485429260000000e-03
9.510153999988688e+00	4.452776630000000e-03
9.559986399995978e+00	4.410327880000000e-03
9.601275499997428e+00	4.389775920000000e-03
9.649096499997540e+00	4.348480140000000e-03
9.680110599991167e+00	4.321205430000000e-03
9.711717699989094e+00	4.292585890000000e-03
9.745037799992133e+00	4.265503490000000e-03
9.775368000002345e+00	4.245719870000000e-03
9.806669999990845e+00	4.216908480000000e-03
9.854374000002281e+00	4.187328740000000e-03
9.916239699989092e+00	4.160630520000000e-03
9.963365399991744e+00	4.135660360000000e-03
1.001029159998870e+01	4.120870960000000e-03
1.004207440000027e+01	4.107233600000000e-03
1.008417249999184e+01	4.089370370000000e-03
1.011939110000094e+01	4.069586750000000e-03
1.015012849999766e+01	4.058253950000000e-03
1.019686679998995e+01	4.037894310000000e-03
1.022824039999978e+01	4.024449270000000e-03
1.025919959999737e+01	4.004473330000000e-03
1.030928439999116e+01	3.989875320000000e-03
1.033615109999664e+01	3.973357380000000e-03
1.036788700000034e+01	3.944545980000000e-03
1.039955170000030e+01	3.925146540000000e-03
1.043111239999416e+01	3.900752640000000e-03
1.046205299999565e+01	3.862913930000000e-03
1.050949820000096e+01	3.817968540000000e-03
1.055561709999165e+01	3.768604950000000e-03
1.060220989999652e+01	3.745748430000000e-03
1.063330059999134e+01	3.720970590000000e-03
1.066824109999288e+01	3.679098100000000e-03
1.071206169998914e+01	3.627238100000000e-03
1.075933590000204e+01	3.565773830000000e-03
1.080638599999656e+01	3.507959190000000e-03
1.085319779999554e+01	3.450912890000000e-03
1.091553079998994e+01	3.408656220000000e-03
1.095022030000109e+01	3.370049180000000e-03
1.100966859998880e+01	3.288801760000000e-03
1.105601669999305e+01	3.245200500000000e-03
1.110225529999298e+01	3.224840620000000e-03
1.114798149999115e+01	3.179318740000000e-03
1.117917449999368e+01	3.145513590000000e-03
1.121036839998851e+01	3.111131950000000e-03
1.124171360000037e+01	3.072909310000000e-03
1.127332199999364e+01	3.027963920000000e-03
1.130421099999512e+01	2.962082160000000e-03
1.135340569999244e+01	2.884099730000000e-03
1.141337670000212e+01	2.811494980000000e-03
1.146028149999620e+01	2.739658810000000e-03
1.150614859999041e+01	2.706622010000000e-03
1.153797229999327e+01	2.675505820000000e-03
1.156910339999013e+01	2.640163990000000e-03
1.159956499999680e+01	2.615770790000000e-03
1.163032620000013e+01	2.587151480000000e-03
1.166181059999508e+01	2.545855470000000e-03
1.170959929999663e+01	2.506864260000000e-03
1.175516639999114e+01	2.458269240000000e-03
1.180155219999142e+01	2.429073910000000e-03
1.183229189999111e+01	2.401222710000000e-03
1.186348359999829e+01	2.361655240000000e-03
1.191026079999574e+01	2.329002600000000e-03
1.195759189999080e+01	2.295197450000000e-03
1.200414009999076e+01	2.263889180000000e-03
1.205299129999185e+01	2.227010900000000e-03
1.211430249999103e+01	2.197430930000000e-03
1.214566009999544e+01	2.172653560000000e-03
1.217724859999726e+01	2.146915070000000e-03
1.220875340000202e+01	2.112149490000000e-03
1.225529149999784e+01	2.075655620000000e-03
1.230332490000001e+01	2.046076120000000e-03
1.234973679999530e+01	2.033206870000000e-03
1.238120579998940e+01	2.015920120000000e-03
1.241138549998868e+01	2.000170060000000e-03
1.244164069999533e+01	1.985188110000000e-03
1.247330079998937e+01	1.966364910000000e-03
1.250331139999616e+01	1.939282400000000e-03
1.254921349999495e+01	1.924876470000000e-03
1.258139269999810e+01	1.906437450000000e-03
1.261218529999314e+01	1.879162740000000e-03
1.265925070000230e+01	1.841900290000000e-03
1.270636509999167e+01	1.819235270000000e-03
1.273724019998917e+01	1.797338830000000e-03
1.276925359999586e+01	1.776210500000000e-03
1.280085109999345e+01	1.762573140000000e-03
1.284833209999488e+01	1.735490510000000e-03
1.287898359999235e+01	1.717627630000000e-03
1.291079559999343e+01	1.689776660000000e-03
1.295726660000219e+01	1.657892130000000e-03
1.300448889999825e+01	1.636379750000000e-03
1.303539699999965e+01	1.614099020000000e-03
1.306735669999034e+01	1.587592760000000e-03
1.311539619999530e+01	1.554363760000000e-03
1.316229139998904e+01	1.515948680000000e-03
1.320933539999533e+01	1.479070280000000e-03
1.325519050000003e+01	1.447185990000000e-03
1.330183709999255e+01	1.433740720000000e-03
1.333273539999209e+01	1.418758650000000e-03
1.336335459999100e+01	1.399359320000000e-03
1.341035310000007e+01	1.379767430000000e-03
1.345757899999444e+01	1.358831420000000e-03
1.350432819999696e+01	1.340776220000000e-03
1.355107629999111e+01	1.330980450000000e-03
1.359871949999069e+01	1.312541190000000e-03
1.362963709999167e+01	1.301785000000000e-03
1.366125079999620e+01	1.290068500000000e-03
1.370918299999903e+01	1.281617090000000e-03
1.375418239999271e+01	1.273934260000000e-03
1.380035949999001e+01	1.270284880000000e-03
1.386166529999173e+01	1.258568260000000e-03
1.390911379999307e+01	1.251269250000000e-03
1.393979740000213e+01	1.245699240000000e-03
1.397123419999843e+01	1.239552740000000e-03
1.400229019999097e+01	1.227644160000000e-03
1.406456349999644e+01	1.216887960000000e-03
1.411236839999037e+01	1.207284160000000e-03
1.415941139998904e+01	1.200369440000000e-03
1.420541349999257e+01	1.195375570000000e-03
1.423738719998801e+01	1.189613250000000e-03
1.426855919999070e+01	1.181930300000000e-03
1.431507709999278e+01	1.172326510000000e-03
1.436183039999742e+01	1.161378230000000e-03
1.440797459999158e+01	1.155616020000000e-03
1.445511399999668e+01	1.144667740000000e-03
1.450086559999909e+01	1.138137190000000e-03
1.453244329999143e+01	1.130262160000000e-03
1.456659219998983e+01	1.121618670000000e-03
1.461003630000050e+01	1.109133820000000e-03
1.465652789999149e+01	1.092423340000000e-03
1.470459850000043e+01	1.074368130000000e-03
1.475114069999836e+01	1.062267580000000e-03
1.479891209999914e+01	1.042483840000000e-03
1.482993999999599e+01	1.031727410000000e-03
1.486205260000133e+01	1.016937780000000e-03
1.490759760000219e+01	1.002724280000000e-03
1.495379479999247e+01	9.887027550000000e-04
1.500050719999126e+01	9.817880350000000e-04
1.504848149999452e+01	9.654616010000000e-04
1.507955759999459e+01	9.556657750000000e-04
1.511149650000152e+01	9.454858950000000e-04
1.514347529999213e+01	9.316565700000000e-04
1.517360019999614e+01	9.201320350000000e-04
1.520436469999549e+01	9.015007530000000e-04
1.525093969999580e+01	8.901682450000000e-04
1.531231069999922e+01	8.628936480000000e-04
1.535920649999753e+01	8.477196100000000e-04
1.540546359999280e+01	8.406129200000000e-04
1.543642969999928e+01	8.335061720000000e-04
1.546827440000197e+01	8.235181450000000e-04
1.551420429999416e+01	8.137223190000000e-04
1.556176810000034e+01	8.000849630000000e-04
1.560932609999145e+01	7.868319520000000e-04
1.565652309999859e+01	7.722342270000000e-04
1.570227559999330e+01	7.647432500000000e-04
1.573318719999224e+01	7.582126420000000e-04
1.576434429999790e+01	7.474564480000000e-04
1.581045299999823e+01	7.292092780000000e-04
1.585715419999906e+01	7.136511850000000e-04
1.590336640000169e+01	7.057761540000000e-04
1.594975259999046e+01	6.922183090000000e-04
1.607711939999717e+01	6.882076850000000e-04
1.610697339999024e+01	6.830648050000000e-04
1.613745319998998e+01	6.762333210000000e-04
1.616778419999173e+01	6.699006770000000e-04
1.619873509999888e+01	6.660435470000000e-04
1.623057699999481e+01	6.605168460000000e-04
1.626124769999296e+01	6.515936110000000e-04
1.630722349999996e+01	6.423633890000000e-04
1.635537629999453e+01	6.279326630000001e-04
1.640127049999137e+01	6.196810859999999e-04
1.643233329999202e+01	6.079752930000000e-04
1.646353339999041e+01	5.889966850000000e-04
1.651041119999718e+01	5.694999130000000e-04
1.655788699998811e+01	5.498495880000000e-04
1.660477419999370e+01	5.319455520000000e-04
1.665040119999321e+01	5.220244060000000e-04
1.671337469998980e+01	4.995340710000000e-04
1.674444179999409e+01	4.893634470000000e-04
1.677545859999373e+01	4.773315160000000e-04
1.680632449999393e+01	4.530564770000000e-04
1.685253769998963e+01	4.239456030000000e-04
1.691528799998923e+01	3.971951080000000e-04
1.696190039999783e+01	3.749925240000000e-04
1.700833729999431e+01	3.638049530000000e-04
1.703982499999984e+01	3.550160040000000e-04
1.707232209999347e+01	3.471290400000000e-04
1.710326350000105e+01	3.392996150000000e-04
1.714953679998871e+01	3.364211300000000e-04
1.718165919999592e+01	3.328710450000000e-04
1.721225419999973e+01	3.262697720000000e-04
1.725882819999242e+01	3.160800260000000e-04
1.730528529999719e+01	3.093636190000000e-04
1.733664959999442e+01	3.020715080000000e-04
1.736689069999557e+01	2.932442000000000e-04
1.741345890000230e+01	2.834766350000000e-04
1.746010969999770e+01	2.728263210000000e-04
1.750645380000060e+01	2.645555360000000e-04
1.755279879999580e+01	2.568028580000000e-04
1.760048439999809e+01	2.541930590000000e-04
1.763088529999368e+01	2.510267370000000e-04
1.766195979999611e+01	2.457111840000000e-04
1.770863670000108e+01	2.407026770000000e-04
1.775523299998895e+01	2.327581170000000e-04
1.780196779999824e+01	2.276152520000000e-04
1.784900139999809e+01	2.194596310000000e-04
1.787990179999906e+01	2.150843500000000e-04
1.791033210000023e+01	2.115726240000000e-04
1.794229809999524e+01	2.078498070000000e-04
1.797424630000023e+01	2.037240190000000e-04
1.800562559999526e+01	1.982741380000000e-04
1.805253919999814e+01	1.932080340000000e-04
1.811517549998825e+01	1.875278690000000e-04
1.816133619999164e+01	1.803125340000000e-04
1.820745950000128e+01	1.761483440000000e-04
1.823870229999011e+01	1.714084790000000e-04
1.827034659999481e+01	1.653637010000000e-04
1.830193529999815e+01	1.614681680000000e-04
1.834883959998842e+01	1.549436570000000e-04
1.837980609999795e+01	1.499927170000000e-04
1.841160059999675e+01	1.435257580000000e-04
1.845933030000015e+01	1.379031600000000e-04
1.850537559999793e+01	1.350438980000000e-04
1.853742019999481e+01	1.316089330000000e-04
1.856953789999534e+01	1.272336810000000e-04
1.860082559999137e+01	1.239522100000000e-04
1.864762170000176e+01	1.176196090000000e-04
1.867859759999556e+01	1.130332530000000e-04
1.871017219999339e+01	1.066430560000000e-04
1.875771789999271e+01	9.965799840000000e-05
1.880349929998920e+01	9.572409910000000e-05
1.883502649998991e+01	9.163667710000000e-05
1.886633340000117e+01	8.649382650000000e-05
1.891338759999780e+01	8.100554989999999e-05
1.896084809998865e+01	7.628487220000000e-05
1.900823909998871e+01	7.179447130000000e-05
1.905565249999927e+01	6.707380090000001e-05
1.910303040000144e+01	6.469427170000000e-05
1.913497819998884e+01	6.143201610000000e-05
1.916537170000083e+01	5.828488430000000e-05
1.921162219998951e+01	5.444694030000000e-05
1.925809219999064e+01	4.588071530000000e-05
1.938570869999239e+01	4.414012800000000e-05
1.941714739998861e+01	4.224777150000000e-05
1.945009059998847e+01	4.012295180000000e-05
1.951492269999289e+01	3.502222900000000e-05
1.955782409998938e+01	3.135278170000000e-05
1.960427999999956e+01	2.783319000000000e-05
1.965096279999125e+01	2.611757920000000e-05
1.968201799999224e+01	2.467861850000000e-05
1.971332869998878e+01	2.285734440000000e-05
1.975925170000119e+01	2.143759590000000e-05
1.980639159999555e+01	2.029065400000000e-05
1.985167269999511e+01	1.979691300000000e-05
1.991337480000220e+01	1.869607880000000e-05
1.995936670000083e+01	1.798524320000000e-05
1.999079139999230e+01	1.736854570000000e-05
2.002250599999388e+01	1.656549650000000e-05
2.005365359999996e+01	1.523411900000000e-05
2.010140309999406e+01	1.457900090000000e-05
2.014937129999453e+01	1.353772220000000e-05
2.017947199998889e+01	1.290565520000000e-05
2.021112269999867e+01	1.191817140000000e-05
2.025768819999939e+01	1.129186880000000e-05
2.028962509999110e+01	1.076162430000000e-05
2.032093129999703e+01	1.026019800000000e-05
2.035203129998990e+01	9.870198480000000e-06
2.039987819999806e+01	9.168968970000001e-06
2.044726390000142e+01	8.304440600000000e-06
2.047883069999807e+01	7.779959560000000e-06
2.051040629998897e+01	7.011489290000000e-06
2.055717319999530e+01	6.496613880000000e-06
2.058807610000076e+01	6.168093020000000e-06
2.061991989999660e+01	5.887600760000000e-06
2.065113259998907e+01	5.770410100000000e-06
2.071333319999394e+01	5.445730950000000e-06
2.076013840000087e+01	5.140263510000000e-06
2.080713010000181e+01	4.089964480000000e-06
2.091487619999680e+01	3.636490870000000e-06
2.094581419999304e+01	3.223856990000000e-06
2.097738759999629e+01	2.873445740000000e-06
2.100732949998928e+01	2.453491560000000e-06
2.105366419999336e+01	2.194969280000000e-06
2.108555429999251e+01	1.990578540000000e-06
2.111633340000117e+01	1.765575580000000e-06
2.114722109999275e+01	1.639589300000000e-06
2.117766399998800e+01	1.516107430000000e-06
2.120935099999770e+01	1.376829120000000e-06
2.125565819999611e+01	1.269914040000000e-06
2.130335579998791e+01	1.215974980000000e-06
2.134978160000173e+01	1.199793360000000e-06
2.138067549999687e+01	1.179758900000000e-06
2.141155910000089e+01	1.158953860000000e-06
2.145767709999927e+01	1.140460430000000e-06
2.150432989999535e+01	1.126975580000000e-06
2.155176589998882e+01	1.125434440000000e-06
2.159947059999104e+01	1.129672570000000e-06
2.163253570000234e+01	1.136222290000000e-06
2.166140729999461e+01	1.142386620000000e-06
2.169262059999164e+01	1.147588020000000e-06
2.172427199999220e+01	1.155871470000000e-06
2.175532769999700e+01	1.185538050000000e-06
2.180172459999449e+01	1.224065840000000e-06
2.186402110000199e+01	1.410348200000000e-06
2.191173389999312e+01	1.581990090000000e-06
2.195751159999054e+01	1.736679680000000e-06
2.198892469999555e+01	1.881159390000000e-06
2.202038390000234e+01	2.008493990000000e-06
2.205071759999555e+01	2.113290070000000e-06
2.211274099998991e+01	2.404175580000000e-06
2.215934620000189e+01	2.698336170000000e-06
2.220647999999346e+01	3.190722960000000e-06
2.225323589998879e+01	3.566562550000000e-06
2.228428469999926e+01	3.905030100000000e-06
2.231437419999565e+01	4.364860620000000e-06
2.236055749999650e+01	4.816022280000000e-06
2.240749759999744e+01	5.116733520000000e-06
2.245436769998923e+01	5.261790190000000e-06
2.251685129999532e+01	5.278358000000000e-06
2.256139419999090e+01	5.280283860000000e-06
2.259352299998864e+01	5.278935530000000e-06
2.262513609998859e+01	5.277972380000000e-06
2.265636239999731e+01	5.275275730000000e-06
2.270332580000104e+01	5.273541770000000e-06
2.275041539999074e+01	5.274312120000000e-06
2.279702629998792e+01	5.274504470000000e-06
2.282821369999147e+01	5.274504470000000e-06
2.285973849998845e+01	5.271037480000000e-06
2.289037839999946e+01	5.268533190000000e-06
2.292225879999751e+01	5.265643720000000e-06
2.295336610000231e+01	5.260635130000000e-06
2.300100059999386e+01	5.261405480000000e-06
2.306430019999971e+01	5.263717410000000e-06
2.310973499999091e+01	5.266606420000000e-06
2.315608339999744e+01	5.265065740000000e-06
2.318756159998884e+01	5.263331790000000e-06
2.321879579999950e+01	5.264295400000000e-06
2.324948169999698e+01	5.263909770000000e-06
2.331113869999535e+01	5.262175820000000e-06
2.335852179999347e+01	5.254084950000000e-06
2.340572419999808e+01	5.210933980000000e-06
2.345172319999256e+01	4.992288270000000e-06
2.348288509999111e+01	4.482563330000000e-06
2.351695609999297e+01	4.342129160000000e-06
2.356191489999765e+01	4.336927760000000e-06
2.361639819999982e+01	4.338854980000000e-06
2.365765069999907e+01	4.334809090000000e-06
2.370640280000225e+01	4.305912630000000e-06
2.375332479999634e+01	4.259101390000000e-06
2.378537649998907e+01	4.218647520000000e-06
2.381764739999198e+01	4.205740420000000e-06
2.386258039998938e+01	4.203429400000000e-06
2.390915189999214e+01	4.202465790000000e-06
2.395538049998868e+01	4.203621760000000e-06
2.400218199999654e+01	4.198997890000000e-06
2.406293709999591e+01	4.199575870000000e-06
2.409415059999446e+01	4.200539480000000e-06
2.412509669999417e+01	4.199575870000000e-06
2.415572119998978e+01	4.202658150000000e-06
2.420226359998924e+01	4.200153850000000e-06
2.424952879999182e+01	4.200731840000000e-06
2.431131549998827e+01	4.203429400000000e-06
2.436063830000057e+01	4.202851410000000e-06
2.438935579999816e+01	4.200347120000000e-06
2.442087519999768e+01	4.202465790000000e-06
2.445406530000037e+01	4.199191150000000e-06
2.451542080000218e+01	4.146985700000000e-06
2.456281059999310e+01	3.980930160000000e-06
2.460961149999639e+01	3.679064090000000e-06
2.465615039999830e+01	3.387215430000000e-06
2.468734140000015e+01	3.067433680000000e-06
2.471938249999948e+01	2.793692830000000e-06
2.475155129999621e+01	2.648442660000000e-06
2.479938179999590e+01	2.497798730000000e-06
2.484679080000205e+01	2.395314140000000e-06
2.487783409999975e+01	2.325578630000000e-06
2.490909939999983e+01	2.271061930000000e-06
2.495538010000018e+01	2.255457730000000e-06
2.498637639998924e+01	2.249101040000000e-06
2.501752309998847e+01	2.246404160000000e-06
2.506330979999620e+01	2.245826180000000e-06
2.511074849999568e+01	2.245440560000000e-06
2.515866809998988e+01	2.244092230000000e-06
2.520546869999089e+01	2.244670210000000e-06
2.525183579999430e+01	2.237735090000000e-06
2.528335440000228e+01	2.198821900000000e-06
2.531420919999073e+01	2.083623490000000e-06
2.536107099999208e+01	1.909092130000000e-06
2.540817660000175e+01	1.777133890000000e-06
2.545619489999081e+01	1.676961570000000e-06
2.550330359999498e+01	1.587384190000000e-06
2.555047740000009e+01	1.541150600000000e-06
2.558180980000179e+01	1.495109810000000e-06
2.561377359999460e+01	1.456389210000000e-06
2.566044819999661e+01	1.416320170000000e-06
2.570618850000028e+01	1.377984860000000e-06
2.575213159999112e+01	1.342346650000000e-06
2.579884579998907e+01	1.329439780000000e-06
2.582960369999637e+01	1.316147630000000e-06
2.586097280000104e+01	1.300543770000000e-06
2.589331369999854e+01	1.274730040000000e-06
2.592338439999730e+01	1.238513960000000e-06
2.595372829999542e+01	1.189390790000000e-06
2.600086829999054e+01	1.163577050000000e-06
2.606200320000062e+01	1.130057740000000e-06
2.611286680000194e+01	1.126012420000000e-06
2.615743369999109e+01	1.124086000000000e-06
2.618839139999181e+01	1.122352270000000e-06
2.621988679999777e+01	1.123122840000000e-06
2.625050629999896e+01	1.125241970000000e-06
2.631472070000018e+01	1.189583370000000e-06
2.636012289999053e+01	1.375480570000000e-06
2.640720969998802e+01	1.623022290000000e-06
2.645288339999388e+01	1.802562450000000e-06
2.648434850000194e+01	1.936254190000000e-06
2.651579759999004e+01	2.063588910000000e-06
2.656278449999809e+01	2.157789820000000e-06
2.661510719999205e+01	2.228680840000000e-06
2.665482129999145e+01	2.336559420000000e-06
2.670226919998822e+01	2.618198100000000e-06
2.674963259999640e+01	2.843393990000000e-06
2.677989459999662e+01	3.168761850000000e-06
2.681143499999598e+01	3.687540130000000e-06
2.685779029999685e+01	4.210941820000000e-06
2.690354859999206e+01	4.692540640000000e-06
2.695034260000102e+01	4.961657850000000e-06
2.701202999999805e+01	5.790007890000000e-06
2.705829719999747e+01	6.278734420000000e-06
2.708954619998985e+01	6.853763810000000e-06
2.712047679998796e+01	7.572501540000000e-06
2.715220089998911e+01	1.190856530000000e-05
2.729195259998960e+01	1.312659150000000e-05
2.732227209999110e+01	1.449062530000000e-05
2.735226319999492e+01	1.655204690000000e-05
2.741479729999264e+01	1.766632700000000e-05
2.746100499999011e+01	1.843287650000000e-05
2.750801219999266e+01	1.883440200000000e-05
2.754029499999888e+01	1.916484510000000e-05
2.756904029998987e+01	1.949528810000000e-05
2.760102159999951e+01	1.990833880000000e-05
2.764891859999625e+01	2.079015940000000e-05
2.767884889998822e+01	2.140685680000000e-05
2.771041489999334e+01	2.280931590000000e-05
2.775688099999388e+01	2.429054080000000e-05
2.780341500000213e+01	2.492068780000000e-05
2.783645969998906e+01	2.552777910000000e-05
2.786925889999839e+01	2.617713650000000e-05
2.791428050000104e+01	2.679767570000000e-05
2.796140519999608e+01	2.750274690000000e-05
2.800844520000101e+01	2.836343450000000e-05
2.805481209998834e+01	2.921835580000000e-05
2.810195079998812e+01	2.977357510000000e-05
2.813391029999184e+01	3.069382000000000e-05
2.816538349998882e+01	3.230184300000000e-05
2.821186749999470e+01	3.521434700000000e-05
2.825865999999223e+01	3.849571290000000e-05
2.830432929999370e+01	4.158304000000000e-05
2.835049119999167e+01	4.328904470000000e-05
2.841300359999877e+01	4.769237780000000e-05
2.844476089999080e+01	5.007848450000000e-05
2.847745419999410e+01	5.260866600000000e-05
2.850758700000006e+01	5.599761790000000e-05
2.855759630000102e+01	5.887169750000000e-05
2.859990289999405e+01	6.035292970000000e-05
2.864730559999589e+01	6.249888249999999e-05
2.867798639999819e+01	6.380912240000001e-05
2.870941809999931e+01	6.526921790000001e-05
2.874047999999311e+01	6.677350030000000e-05
2.877049660000193e+01	6.847758050000000e-05
2.880196889999206e+01	7.123254910000001e-05
2.886488599999575e+01	7.382805050000000e-05
2.890936900000088e+01	7.633134370000000e-05
2.895569950000208e+01	8.089029140000000e-05
2.900080660000094e+01	8.429461740000000e-05
2.903196269999899e+01	1.017880420000000e-04
2.914270769999712e+01	1.073914540000000e-04
2.917392939999991e+01	1.131675740000000e-04
2.920432639999490e+01	1.216302480000000e-04
2.925105439999606e+01	1.253338850000000e-04
2.931331129999307e+01	1.309180950000000e-04
2.935952439998800e+01	1.330673400000000e-04
2.940583409999090e+01	1.340268500000000e-04
2.943798909999896e+01	1.354277050000000e-04
2.946920959999261e+01	1.384980570000000e-04
2.951632749999408e+01	1.416451710000000e-04
2.954776449999190e+01	1.431035780000000e-04
2.957960849998926e+01	1.455982710000000e-04
2.961178880000080e+01	1.493402520000000e-04
2.965845379998791e+01	1.528711730000000e-04
2.970433989999583e+01	1.551163730000000e-04
2.973607249998895e+01	1.583402480000000e-04
2.976630279999517e+01	1.621781990000000e-04
2.981372919998830e+01	1.681078430000000e-04
2.986050329999125e+01	1.767048380000000e-04
2.990741549999802e+01	1.853978030000000e-04
2.995440930000041e+01	1.911355360000000e-04
3.000153419999697e+01	1.936685880000000e-04
3.003337079999619e+01	1.959329820000000e-04
3.006474119999621e+01	1.985619890000000e-04
3.011125289999472e+01	2.010758470000000e-04
3.015626269999484e+01	2.044148420000000e-04
3.020332689999486e+01	2.077538520000000e-04
3.025009329999739e+01	2.099606940000000e-04
3.031171579999500e+01	2.149692300000000e-04
3.034350279999489e+01	2.176557750000000e-04
3.037494519999018e+01	2.204766640000000e-04
3.040639150000061e+01	2.254660070000000e-04
3.045313049999822e+01	2.310886190000000e-04
3.051534079998964e+01	2.348881830000000e-04
3.056228089999058e+01	2.376898920000000e-04
3.060960619999969e+01	2.392058670000000e-04
3.064043359999778e+01	2.405107660000000e-04
3.067195869999705e+01	2.426600260000000e-04
3.070226109999930e+01	2.456536170000000e-04
3.074883169999521e+01	2.473615170000000e-04
3.077988869999535e+01	2.497602250000000e-04
3.081099149999500e+01	2.531760260000000e-04
3.085793240000203e+01	2.563231390000000e-04
3.090442539998912e+01	2.583380560000000e-04
3.093607650000195e+01	2.602186290000000e-04
3.096640649999608e+01	2.621184390000000e-04
3.101420409999264e+01	2.652271650000000e-04
3.106030820000160e+01	2.692186390000000e-04
3.110913919999439e+01	2.734979500000000e-04
3.115538409999863e+01	2.801567900000000e-04
3.120166599999357e+01	2.846663990000000e-04
3.123213639999449e+01	2.905000870000000e-04
3.126291219999257e+01	2.987324840000000e-04
3.130887100000109e+01	3.069648810000000e-04
3.135536619999039e+01	3.150053960000000e-04
3.140185739999288e+01	3.187282130000000e-04
3.146333879999293e+01	3.280544190000000e-04
3.151076520000061e+01	3.326599540000000e-04
3.154272129999299e+01	3.377644460000000e-04
3.157506389998889e+01	3.424851170000000e-04
3.161060479999287e+01	3.492783000000000e-04
3.165223519998835e+01	3.581055790000000e-04
3.171432519999507e+01	3.663380050000000e-04
3.176209259999450e+01	3.753955240000000e-04
3.180845609999960e+01	3.809605550000000e-04
3.184016589999374e+01	3.850480130000000e-04
3.187144329999865e+01	3.893273240000000e-04
3.190265999999247e+01	3.976364680000000e-04
3.195014109999465e+01	4.027025720000000e-04
3.199720679999155e+01	4.122206590000000e-04
3.202823749999516e+01	4.188219610000000e-04
3.206040529999882e+01	4.291844090000000e-04
3.210522409999976e+01	4.350948730000000e-04
3.213888149999548e+01	4.433464490000000e-04
3.216924119999749e+01	4.514253230000000e-04
3.221610399999190e+01	4.604445420000000e-04
3.226226360000146e+01	4.675638920000000e-04
3.230934749999142e+01	4.716897670000000e-04
3.235637249999854e+01	4.755660190000000e-04
3.240380239998922e+01	4.795191630000000e-04
3.243540019998909e+01	4.866384840000000e-04
3.246546659999876e+01	4.982099050000000e-04
3.251210659999924e+01	5.126982000000000e-04
3.255842479999410e+01	5.277621680000000e-04
3.260519859999476e+01	5.389113790000000e-04
3.265228260000004e+01	5.465681320000000e-04
3.271433049999177e+01	5.499263060000000e-04
3.274535810000089e+01	5.518837130000001e-04
3.277540069998940e+01	5.532077630000000e-04
3.280717970000114e+01	5.547045730000000e-04
3.285615669999970e+01	5.572759550000000e-04
3.290217960000155e+01	5.638005100000000e-04
3.294892139999138e+01	5.685404180000000e-04
3.298008459999983e+01	5.755830790000000e-04
3.301073109998833e+01	5.839113150000000e-04
3.304218279999623e+01	5.930265180000000e-04
3.307362679998914e+01	6.024294420000000e-04
3.310544769999979e+01	6.144614890000000e-04
3.315116490000219e+01	6.213890160000000e-04
3.319725269998889e+01	6.356469240000000e-04
3.322885919999680e+01	6.454913530000000e-04
3.325923599999805e+01	6.592312130000000e-04
3.330636129999766e+01	6.674059550000000e-04
3.333676179999020e+01	6.754656210000000e-04
3.336817779998819e+01	6.833527590000000e-04
3.341511259999243e+01	6.928516090000000e-04
3.346135329999379e+01	7.040776550000000e-04
3.350858259999950e+01	7.135382040000000e-04
3.355532479999238e+01	7.226341400000000e-04
3.360309359998791e+01	7.260306160000000e-04
3.363404319999972e+01	7.299262220000000e-04
3.366497620000155e+01	7.367961810000000e-04
3.371108379999350e+01	7.437812160000000e-04
3.375829610000073e+01	7.491927240000000e-04
3.380545839999104e+01	7.524933320000000e-04
3.385211139998864e+01	7.541819940000000e-04
3.391441319999285e+01	7.578664810000000e-04
3.394635949999793e+01	7.612246550000000e-04
3.397717610000109e+01	7.644293360000000e-04
3.400837309999042e+01	7.722972080000000e-04
3.405517599999439e+01	7.826596850000000e-04
3.410302670000237e+01	7.890306300000000e-04
3.414859989999968e+01	7.926382820000000e-04
3.417981679999502e+01	7.983760440000000e-04
3.421056310000131e+01	8.054571230000000e-04
3.424220349999086e+01	8.132673100000000e-04
3.427332769999339e+01	8.226895010000000e-04
3.430407589999959e+01	8.401905070000000e-04
3.435137249999389e+01	9.116806320000000e-04
3.447605879999173e+01	9.120646860000001e-04
3.450677829999768e+01	9.180192140000000e-04
3.453807949999464e+01	9.207081170000000e-04
3.456943920000049e+01	9.295435740000000e-04
3.460078269999940e+01	9.337693340000000e-04
3.464714749999985e+01	9.431808720000000e-04
3.467762740000035e+01	9.495194540000000e-04
3.470945249999932e+01	9.593152790000001e-04
3.475537509999413e+01	9.741050310000001e-04
3.480148460000055e+01	9.804435540000001e-04
3.483358099999896e+01	9.894710970000001e-04
3.486391319999530e+01	9.981144689999999e-04
3.491146160000062e+01	1.004260730000000e-03
3.495870599999034e+01	1.008678580000000e-03
3.500546079999185e+01	1.015016930000000e-03
3.505119309999282e+01	1.019434770000000e-03
3.511460059999081e+01	1.034800890000000e-03
3.514563579999958e+01	1.044212370000000e-03
3.517616529999941e+01	1.057657650000000e-03
3.520736819999001e+01	1.082627450000000e-03
3.525416159999440e+01	1.108365480000000e-03
3.530038219998823e+01	1.117585230000000e-03
3.534692089998862e+01	1.134103630000000e-03
3.537812609999673e+01	1.144091480000000e-03
3.540946819999954e+01	1.156384360000000e-03
3.544160569999076e+01	1.173286930000000e-03
3.547365129999525e+01	1.193646810000000e-03
3.550493889999052e+01	1.223802680000000e-03
3.555353689999902e+01	1.254534700000000e-03
3.559987469999760e+01	1.269324450000000e-03
3.566160719998879e+01	1.308123700000000e-03
3.570849039999302e+01	1.322529280000000e-03
3.573928919999162e+01	1.331940880000000e-03
3.576965829999244e+01	1.340200190000000e-03
3.580065379998996e+01	1.346154490000000e-03
3.584694360000140e+01	1.355758290000000e-03
3.587845209999068e+01	1.362096630000000e-03
3.590894549999211e+01	1.369587610000000e-03
3.595565699999861e+01	1.378615040000000e-03
3.600187089999963e+01	1.381880490000000e-03
3.603312439999718e+01	1.386874470000000e-03
3.606411809999554e+01	1.395517840000000e-03
3.611157769999409e+01	1.405121410000000e-03
3.615940959998989e+01	1.415109490000000e-03
3.620637559999886e+01	1.423176490000000e-03
3.625234149998869e+01	1.434701030000000e-03
3.631704569999420e+01	1.449874840000000e-03
3.634657549999247e+01	1.464088450000000e-03
3.637763540000014e+01	1.478110090000000e-03
3.640841569998884e+01	1.499238190000000e-03
3.645518979999179e+01	1.520750580000000e-03
3.650195799999346e+01	1.540534430000000e-03
3.654833459999645e+01	1.550330310000000e-03
3.657936959998915e+01	1.559934000000000e-03
3.661015009999392e+01	1.570498220000000e-03
3.664164010000241e+01	1.579333680000000e-03
3.667278449999867e+01	1.585864000000000e-03
3.670331450000231e+01	1.596236140000000e-03
3.675007329999062e+01	1.601422090000000e-03
3.679583839999395e+01	1.609105150000000e-03
3.682668639998883e+01	1.616212070000000e-03
3.685841049998999e+01	1.627160240000000e-03
3.690530769999896e+01	1.635227350000000e-03
3.693626259999292e+01	1.643678760000000e-03
3.696745109999029e+01	1.659428820000000e-03
3.699877819999529e+01	1.670761380000000e-03
3.703020979999565e+01	1.686127160000000e-03
3.706136039999546e+01	1.714938550000000e-03
3.710894599999301e+01	1.747783390000000e-03
3.715637889999198e+01	1.790039820000000e-03
3.720154359999287e+01	1.814817660000000e-03
3.723226540000178e+01	1.844973420000000e-03
3.726314280000224e+01	1.887229970000000e-03
3.731106649999856e+01	1.920458860000000e-03
3.735508209999534e+01	1.948886200000000e-03
3.740231879999919e+01	1.970974730000000e-03
3.744856720000098e+01	1.981730570000000e-03
3.748026430000027e+01	1.991142290000000e-03
3.751019869999436e+01	1.997865270000000e-03
3.754181159999280e+01	2.002666940000000e-03
3.757378999999491e+01	2.008429260000000e-03
3.760897529999784e+01	2.017072870000000e-03
3.765369969999301e+01	2.026292030000000e-03
3.770011199999135e+01	2.031286250000000e-03
3.774635279999347e+01	2.048765080000000e-03
3.777729709999403e+01	2.064130970000000e-03
3.780928970000241e+01	2.083530650000000e-03
3.784056250000140e+01	2.100625540000000e-03
3.787145849999797e+01	2.120024990000000e-03
3.790251390000049e+01	2.143458230000000e-03
3.795131530000072e+01	2.158631800000000e-03
3.801043650000065e+01	2.208187240000000e-03
3.805860540000140e+01	2.251980130000000e-03
3.810763810000208e+01	2.282328210000000e-03
3.813609159999760e+01	2.308258320000000e-03
3.816704570000002e+01	2.342831810000000e-03
3.819875869998941e+01	2.363960260000000e-03
3.823012349999044e+01	2.389122030000000e-03
3.826164709999284e+01	2.423695750000000e-03
3.830849460000172e+01	2.465760340000000e-03
3.835644930000126e+01	2.514739290000000e-03
3.840334979999170e+01	2.537403950000000e-03
3.843543319999299e+01	2.562950130000000e-03
3.846604179999849e+01	2.588304230000000e-03
3.851226029999088e+01	2.614234110000000e-03
3.855948909999279e+01	2.640740710000000e-03
3.860727399999450e+01	2.667630790000000e-03
3.865421569999307e+01	2.704317220000000e-03
3.871651079998992e+01	2.735241320000000e-03
3.874764039998990e+01	2.765397310000000e-03
3.877925979999418e+01	2.794592640000000e-03
3.881057469999359e+01	2.836272820000000e-03
3.885836529999506e+01	2.887172620000000e-03
3.890545369999018e+01	2.927508440000000e-03
3.895200350000232e+01	2.965539460000000e-03
3.899848449999990e+01	2.981289760000000e-03
3.902945719999843e+01	3.001073380000000e-03
3.906121600000188e+01	3.033918100000000e-03
3.910839779999515e+01	3.068683900000000e-03
3.915530059998855e+01	3.105369860000000e-03
3.920227629999863e+01	3.140519610000000e-03
3.924876370000129e+01	3.159150950000000e-03
3.927958930000023e+01	3.179511060000000e-03
3.931127029999334e+01	3.203328470000000e-03
3.934244529998978e+01	3.227913750000000e-03
3.937421889998950e+01	3.250770740000000e-03
3.940442909998819e+01	3.286880910000000e-03
3.945135909999954e+01	3.307240780000000e-03
3.951510239999334e+01	3.355643710000000e-03
3.955959459999576e+01	3.390217430000000e-03
3.960735229999409e+01	3.414034610000000e-03
3.963849089998985e+01	3.438812450000000e-03
3.966843849999714e+01	3.468583800000000e-03
3.971538729999156e+01	3.503157520000000e-03
3.976207919999433e+01	3.543685420000000e-03
3.980949220000184e+01	3.582100380000000e-03
3.985733800000162e+01	3.609567180000000e-03
3.990399559999059e+01	3.620515110000000e-03
3.993523849999474e+01	3.630887480000000e-03
3.996646849998797e+01	3.641835410000000e-03
4.001462869999523e+01	3.658162200000000e-03
4.006025429999863e+01	3.677369330000000e-03
4.010710129998915e+01	3.702723650000000e-03
4.015459289999853e+01	3.740754210000000e-03
4.020095220000076e+01	3.759769720000000e-03
4.023192429999472e+01	3.795111550000000e-03
4.026224689999071e+01	3.833526510000000e-03
4.030953679999220e+01	3.867523740000000e-03
4.035626799998863e+01	3.899023870000000e-03
4.040337989998807e+01	3.925338390000000e-03
4.045016290000058e+01	3.936863040000000e-03
4.051649779999570e+01	3.964329600000000e-03
4.054265279999527e+01	3.975278230000000e-03
4.057424299999548e+01	3.990644120000000e-03
4.060716780000075e+01	4.025793630000000e-03
4.065312589998939e+01	4.059406930000000e-03
4.071528979999130e+01	4.079958420000000e-03
4.076211009999679e+01	4.095324780000000e-03
4.080916469999647e+01	4.106657110000000e-03
4.083930759999203e+01	4.118757790000000e-03
4.086995009999373e+01	4.133931830000000e-03
4.090307219998795e+01	4.159669860000000e-03
4.096317999999155e+01	4.200389610000000e-03
4.100945459998911e+01	4.253402820000000e-03
4.105520999999135e+01	4.311025140000000e-03
4.110541759998887e+01	4.342332950000000e-03
4.113421599999128e+01	4.375754390000000e-03
4.116534629999660e+01	4.416666460000000e-03
4.121221719999448e+01	4.465069160000000e-03
4.125934530000086e+01	4.512319810000000e-03
4.130681949999416e+01	4.553423730000000e-03
4.135220999999729e+01	4.594911820000000e-03
4.141423509999004e+01	4.621418660000000e-03
4.144481059999089e+01	4.642354790000000e-03
4.147644179999770e+01	4.664059260000000e-03
4.150725589999638e+01	4.696711900000000e-03
4.155339809998986e+01	4.735895430000000e-03
4.160319529999106e+01	4.784298130000000e-03
4.164733999999589e+01	4.808883650000000e-03
4.167924610000046e+01	4.840960260000000e-03
4.171015579999948e+01	4.868234970000000e-03
4.174135709999246e+01	4.893396980000000e-03
4.177234650000173e+01	4.914524960000000e-03
4.180362609999429e+01	4.944296550000000e-03
4.184945149999112e+01	4.958509930000000e-03
4.191627249999146e+01	4.989242180000000e-03
4.195941329999187e+01	5.011714990000000e-03
4.200598509999691e+01	5.022278990000000e-03
4.203795729999547e+01	5.033419470000000e-03
4.206988099998853e+01	5.046288480000000e-03
4.210098350000044e+01	5.055123940000000e-03
4.214890079999168e+01	5.073562730000000e-03
4.217974799999502e+01	5.086624060000000e-03
4.221107130000019e+01	5.106215830000000e-03
4.225752329999523e+01	5.127727990000000e-03
4.230440229999658e+01	5.138100590000000e-03
4.233593619999010e+01	5.147319750000000e-03
4.236692970000149e+01	5.161533600000000e-03
4.241336399999273e+01	5.179972390000000e-03
4.245911260000139e+01	5.171329250000000e-03
4.250607129999844e+01	5.213393360000000e-03
4.255147419999412e+01	5.225302190000000e-03
4.260126080000191e+01	5.248159170000000e-03
4.264522739998938e+01	5.266021940000000e-03
4.267690069999662e+01	5.278699100000000e-03
4.270840669999598e+01	5.295217500000000e-03
4.275603049999336e+01	5.315769930000000e-03
4.280199819999689e+01	5.333056670000000e-03
4.284785059999558e+01	5.341891670000000e-03
4.287882109999191e+01	5.354568830000000e-03
4.291040039999643e+01	5.368974530000000e-03
4.294171849999111e+01	5.386837290000000e-03
4.297348529999726e+01	5.407389720000000e-03
4.300432480000018e+01	5.440618380000000e-03
4.305056049999257e+01	5.456560760000000e-03
4.311332289999700e+01	5.505924110000000e-03
4.315947400000005e+01	5.533006970000000e-03
4.320633639999141e+01	5.543378650000000e-03
4.323752879998938e+01	5.553366620000000e-03
4.326886250000098e+01	5.565274970000000e-03
4.330112219999137e+01	5.574110900000000e-03
4.334750499999791e+01	5.591589490000000e-03
4.337874790000205e+01	5.604842680000000e-03
4.340946840000106e+01	5.620976910000000e-03
4.345714469999075e+01	5.647867450000000e-03
4.350419999999576e+01	5.661312960000000e-03
4.353762709999864e+01	5.676294680000000e-03
4.356741489999695e+01	5.694925790000000e-03
4.359947039998951e+01	5.709523340000000e-03
4.364655689999927e+01	5.733917000000000e-03
4.367784809999284e+01	5.751203750000000e-03
4.370836889999919e+01	5.776365750000000e-03
4.375552179999067e+01	5.804600660000000e-03
4.380144039999868e+01	5.818429870000000e-03
4.383308430000034e+01	5.838598120000000e-03
4.386430729999847e+01	5.862223450000000e-03
4.391003319999436e+01	5.890842530000000e-03
4.395668109999679e+01	5.927721040000000e-03
4.400337320000108e+01	5.962870550000000e-03
4.404881929999101e+01	5.979964980000000e-03
4.407974079999258e+01	5.995907820000000e-03
4.411162479998893e+01	6.013194100000000e-03
4.414292119999300e+01	6.027983970000000e-03
4.419085939999786e+01	6.052377630000000e-03
4.422134799999185e+01	6.064094140000000e-03
4.425220570000238e+01	6.087142970000000e-03
4.431426420000207e+01	6.106158720000000e-03
4.436050949999481e+01	6.128055040000000e-03
4.441273669998918e+01	6.147454960000000e-03
4.444025469999178e+01	6.161283700000000e-03
4.447110759999487e+01	6.177803040000000e-03
4.450183069999912e+01	6.188174240000000e-03
4.455165979999583e+01	6.211031690000000e-03
4.461262299999362e+01	6.246565380000000e-03
4.467348089998995e+01	6.284980570000000e-03
4.470495089999167e+01	6.308029410000000e-03
4.473519490000035e+01	6.335496440000000e-03
4.476634879999619e+01	6.363923200000000e-03
4.481222859999980e+01	6.395423780000000e-03
4.485825189999014e+01	6.425003520000000e-03
4.490541059999669e+01	6.446899380000000e-03
4.495234109999728e+01	6.473598540000000e-03
4.499858719999611e+01	6.485891060000000e-03
4.502903130000050e+01	6.498951930000000e-03
4.506071419999353e+01	6.522769110000000e-03
4.510923239999101e+01	6.548315290000000e-03
4.515331879998848e+01	6.572517100000000e-03
4.520096249999187e+01	6.583272950000000e-03
4.524754509999184e+01	6.598446980000000e-03
4.527823219999846e+01	6.610355810000000e-03
4.530948959999660e+01	6.621880460000000e-03
4.534105519999866e+01	6.632828150000000e-03
4.537223169999197e+01	6.649923050000000e-03
4.540432739999960e+01	6.666057280000000e-03
4.545295049999550e+01	6.686416920000000e-03
4.551338319999923e+01	6.705433130000000e-03
4.556002789999184e+01	6.727713160000000e-03
4.560763329999463e+01	6.744039710000000e-03
4.563724079998792e+01	6.758253560000000e-03
4.566854729999613e+01	6.778036710000000e-03
4.571549019998929e+01	6.807232740000000e-03
4.576184490000014e+01	6.839500740000000e-03
4.581094999999914e+01	6.871001330000000e-03
4.585623609999311e+01	6.901349410000000e-03
4.590306669998972e+01	6.916715300000000e-03
4.593422499998996e+01	6.937074940000000e-03
4.596630099999311e+01	6.963774100000000e-03
4.601322799999616e+01	6.997962480000000e-03
4.605902829999104e+01	7.024277470000000e-03
4.610899569999310e+01	7.046941670000000e-03
4.615218259999529e+01	7.075369360000000e-03
4.619880579999881e+01	7.091503590000000e-03
4.622972589998972e+01	7.105525120000000e-03
4.626058219998959e+01	7.132415660000000e-03
4.630913939999300e+01	7.161226590000000e-03
4.635435660000076e+01	7.185812570000000e-03
4.640528059999633e+01	7.208285390000000e-03
4.646277479999117e+01	7.234023880000000e-03
4.650897509999049e+01	7.248620500000000e-03
4.653969879999931e+01	7.262834350000000e-03
4.657036339999468e+01	7.278007920000000e-03
4.660298729999340e+01	7.305091250000000e-03
4.664889219999895e+01	7.319112770000000e-03
4.667956809999305e+01	7.334670050000000e-03
4.671081709999999e+01	7.360408550000000e-03
4.675792589999037e+01	7.388067430000000e-03
4.680450659999042e+01	7.404201660000000e-03
4.683543139998801e+01	7.422064430000000e-03
4.686652809999941e+01	7.447034590000000e-03
4.691332320000220e+01	7.475845520000000e-03
4.696117139999114e+01	7.503888100000000e-03
4.700733619999664e+01	7.528474550000000e-03
4.705336079999688e+01	7.549410690000000e-03
4.711542679999548e+01	7.564391940000000e-03
4.714680740000040e+01	7.577069570000000e-03
4.717724859999726e+01	7.595700680000000e-03
4.721015329999500e+01	7.618557200000000e-03
4.725425119999272e+01	7.648713420000000e-03
4.730151799999294e+01	7.661006410000000e-03
4.734753329999512e+01	7.692122370000000e-03
4.738078649999807e+01	7.718245030000000e-03
4.741034769998805e+01	7.742062210000000e-03
4.744149079998897e+01	7.769336920000000e-03
4.747226850000152e+01	7.803333920000000e-03
4.750355169999239e+01	7.846166380000000e-03
4.755140640000172e+01	7.873056460000000e-03
4.759754249999241e+01	7.912239990000000e-03
4.762928019999526e+01	7.938362660000000e-03
4.766118989999813e+01	7.976201360000001e-03
4.770816909999121e+01	8.001939390000001e-03
4.773966449999716e+01	8.026524449999999e-03
4.777056340000127e+01	8.052263410000000e-03
4.780904359999113e+01	8.089140990000000e-03
4.784824849999859e+01	8.102586490000001e-03
4.787892119999742e+01	8.122946140000000e-03
4.791030909999972e+01	8.150605480000000e-03
4.795856579999963e+01	8.184217850000000e-03
4.800430599998799e+01	8.204001930000000e-03
4.803622199999518e+01	8.222442119999999e-03
4.806703679999919e+01	8.251829069999999e-03
4.811416519999329e+01	8.284097540000000e-03
4.816026209999109e+01	8.315405810000001e-03
4.820729179999034e+01	8.357086220000001e-03
4.825331189999997e+01	8.404527790000000e-03
4.831553449999774e+01	8.440830740000000e-03
4.834824079999817e+01	8.473675700000001e-03
4.837854089999746e+01	8.769758980000000e-03
4.850161089999892e+01	8.701187560000000e-03
4.853289930000028e+01	8.701187560000000e-03
4.856434820000140e+01	8.712615820000000e-03
4.861578789999476e+01	8.735474199999999e-03
4.865838749999239e+01	8.754520680000001e-03
4.868869709999126e+01	8.783091789999999e-03
4.872038869999233e+01	8.802140130000000e-03
4.875137079998967e+01	8.819283920000000e-03
4.879855629999656e+01	8.855474180000000e-03
4.882925689998956e+01	8.870712479999999e-03
4.886225900000136e+01	8.908807300000000e-03
4.890780709999672e+01	8.937378410000000e-03
4.895435780000116e+01	8.952616710000000e-03
4.898780299999635e+01	8.975473229999999e-03
4.901627239999652e+01	8.994521570000000e-03
4.904839919999358e+01	9.009759870000000e-03
4.907838130000164e+01	9.026903660000000e-03
4.911189960000047e+01	9.055473840000000e-03
4.915857770000002e+01	9.089760480000000e-03
4.921044669998810e+01	9.116427040000000e-03
4.925144609999552e+01	9.146903640000001e-03
4.928224489999411e+01	9.171664709999999e-03
4.931326369999442e+01	9.194521230000001e-03
4.935945179998816e+01	9.219285100000000e-03
4.940578879999521e+01	9.259285410000000e-03
4.945325159998902e+01	9.278331880000001e-03
4.951542289998906e+01	9.299284780000000e-03
4.956226589999278e+01	9.322141300000000e-03
4.959476609999547e+01	9.341189640000001e-03
4.970528519999061e+01	9.392618199999999e-03
4.975208689999999e+01	9.413571100000000e-03
4.979789639999217e+01	9.424999360000000e-03
4.982892989998800e+01	9.449761360000000e-03
4.986018179998791e+01	9.461189619999999e-03
4.989188830000057e+01	9.478333409999999e-03
4.992333669999789e+01	9.493571710000001e-03
4.995431219998864e+01	9.512618180000000e-03
5.000090449998970e+01	9.531666520000001e-03
5.004793909999717e+01	9.558333080000000e-03
5.007950639999763e+01	9.567855860000000e-03
5.011001669999678e+01	9.592619720000001e-03
5.015678619999380e+01	9.605952540000001e-03
5.018741079999018e+01	9.621190840000000e-03
5.021917909999320e+01	9.634524580000000e-03
5.024984849999601e+01	9.647857399999999e-03
5.031147999998939e+01	9.684047660000000e-03
5.035804939999070e+01	9.708809670000000e-03
5.040446069999598e+01	9.745000860000000e-03
5.045064319999074e+01	9.752619080000000e-03
5.048391519999132e+01	9.762142780000000e-03
5.051336279998941e+01	9.783095679999999e-03
5.056047899999248e+01	9.807857680000000e-03
5.060841190000065e+01	9.842144330000000e-03
5.065519579999091e+01	9.863096290000000e-03
5.070166369999060e+01	9.876429100000000e-03
5.074844719999237e+01	9.906905700000000e-03
5.078049910000118e+01	9.929762220000001e-03
5.081310410000151e+01	9.929762220000001e-03
5.085954889999994e+01	9.964048860000000e-03
5.090659769999911e+01	9.994525460000001e-03
5.095329599999241e+01	1.001547740000000e-02
5.100067480000143e+01	1.002690570000000e-02
5.106320109999797e+01	1.005357220000000e-02
5.109482559999742e+01	1.006690600000000e-02
5.112869189999765e+01	1.008404880000000e-02
5.115814639999007e+01	1.011262090000000e-02
5.120442069999990e+01	1.013738200000000e-02
5.125261450000107e+01	1.016024030000000e-02
5.131362219998846e+01	1.018119230000000e-02
5.136100049999368e+01	1.019833520000000e-02
5.139225499999884e+01	1.021928710000000e-02
5.142426659999182e+01	1.022309720000000e-02
5.145623299998988e+01	1.024595370000000e-02
5.150420779999695e+01	1.026690750000000e-02
5.155081229998905e+01	1.028024030000000e-02
5.161300109999138e+01	1.030500230000000e-02
5.165935380000155e+01	1.031452510000000e-02
5.169120409998868e+01	1.032405070000000e-02
5.172192129999166e+01	1.033547890000000e-02
5.175475379999261e+01	1.035452730000000e-02
5.179920870000205e+01	1.035833550000000e-02
5.184747769999376e+01	1.037547830000000e-02
5.187858229999256e+01	1.039071660000000e-02
5.191032699999050e+01	1.040214490000000e-02
5.195711479999591e+01	1.040595490000000e-02
5.198805600000196e+01	1.041166860000000e-02
5.201944989999174e+01	1.040405040000000e-02
5.205063309999241e+01	1.041547860000000e-02
5.211190099999658e+01	1.041738320000000e-02
5.215908979999949e+01	1.041166860000000e-02
5.220538020000095e+01	1.041357310000000e-02
5.225152969999181e+01	1.042119320000000e-02
5.228188239999872e+01	1.041738320000000e-02
5.231326779999654e+01	1.041547860000000e-02
5.235905389999971e+01	1.042119320000000e-02
5.240556099999230e+01	1.041547860000000e-02
5.245274680000148e+01	1.041357310000000e-02
5.251671959999658e+01	1.040214490000000e-02
5.254685119999340e+01	1.040024030000000e-02
5.257789879999473e+01	1.039452660000000e-02
5.260925850000058e+01	1.038309840000000e-02
5.265730579999217e+01	1.034119350000000e-02
5.270328519999748e+01	1.033357340000000e-02
5.274985609999567e+01	1.032214520000000e-02
5.279734219999227e+01	1.029166860000000e-02
5.282853059998888e+01	1.026881210000000e-02
5.285892319999402e+01	1.024976370000000e-02
5.289016589999665e+01	1.023833550000000e-02
5.292120070000237e+01	1.020785890000000e-02
5.295334709998860e+01	1.016214400000000e-02
5.300040199999057e+01	1.014881020000000e-02
5.304687169998942e+01	1.011262090000000e-02
5.307716339999752e+01	1.009357250000000e-02
5.310885089999647e+01	1.006119230000000e-02
5.315427790000103e+01	1.004404850000000e-02
5.318585259999963e+01	1.002690570000000e-02
5.321630719999666e+01	1.000976380000000e-02
5.326321019999159e+01	9.988810870000000e-03
5.330925530000241e+01	9.973572570000000e-03
5.335755749999953e+01	9.962144310000001e-03
5.340441750000173e+01	9.950716050000001e-03
5.345147859999270e+01	9.945000520000000e-03
5.348228609999933e+01	9.927857670000000e-03
5.351332169999660e+01	9.920239450000000e-03
5.356033009999373e+01	9.908811190000000e-03
5.360829179998836e+01	9.889762850000001e-03
5.365893019999203e+01	9.876429100000000e-03
5.370349390000047e+01	9.859286250000000e-03
5.375358799999231e+01	9.853572580000001e-03
5.378199399998994e+01	9.836428800000000e-03
5.381347319998895e+01	9.825000540000000e-03
5.385966329999792e+01	9.796429430000000e-03
5.390655220000190e+01	9.777381080000000e-03
5.395341699999699e+01	9.752619080000000e-03
5.399953839999216e+01	9.746906350000001e-03
5.404666480000014e+01	9.714524259999999e-03
5.407822349999333e+01	9.705001490000000e-03
5.411665849998826e+01	9.682143109999999e-03
5.415682229999220e+01	9.651666510000000e-03
5.420327519999410e+01	9.634524580000000e-03
5.424991539999610e+01	9.624999020000000e-03
5.431150899999193e+01	9.592619720000001e-03
5.435836099999142e+01	9.575475940000000e-03
5.438967259999481e+01	9.558333080000000e-03
5.442158850000123e+01	9.539286609999999e-03
5.445164400000067e+01	9.524048310000000e-03
5.451337979998789e+01	9.499284440000000e-03
5.455990110000130e+01	9.484048000000000e-03
5.460693989999709e+01	9.455475959999999e-03
5.465573040000163e+01	9.442143140000000e-03
5.470081959999516e+01	9.424999360000000e-03
5.474785439998959e+01	9.405951020000001e-03
5.477922630000103e+01	9.390712720000000e-03
5.480954279999423e+01	9.379284460000000e-03
5.485654309998790e+01	9.346903300000001e-03
5.490400499998941e+01	9.316428559999999e-03
5.495061629998963e+01	9.310713040000000e-03
5.498187180000241e+01	9.287856520000000e-03
5.501272679999238e+01	9.242141620000000e-03
5.505942900000082e+01	9.177380240000000e-03
5.510676589999639e+01	9.129759859999999e-03
5.515459069999633e+01	9.074522180000001e-03
5.519769400000223e+01	9.055473840000000e-03
5.522888369999419e+01	9.034521880000000e-03
5.526065309999103e+01	9.004045279999999e-03
5.529165040000225e+01	8.984998800000000e-03
5.532228100000066e+01	8.958332240000000e-03
5.535286030000134e+01	8.914521900000000e-03
5.540004769999359e+01	8.889758960000001e-03
5.546121419999690e+01	8.838330400000000e-03
5.550870179999038e+01	8.813568390000000e-03
5.555636319999758e+01	8.788807320000000e-03
5.558783160000166e+01	8.765948940000001e-03
5.561965909998980e+01	8.744996970000000e-03
5.565161229998921e+01	8.722140450000001e-03
5.569921479999903e+01	8.703092110000000e-03
5.574590589999571e+01	8.663092739999999e-03
5.577724119999039e+01	8.653569040000000e-03
5.580823059999966e+01	8.623092440000001e-03
5.585421659999702e+01	8.605948650000000e-03
5.588629650000075e+01	8.581187580000000e-03
5.591776969999773e+01	8.562139240000001e-03
5.595407110000087e+01	8.525948970000001e-03
5.601087079998979e+01	8.497377860000000e-03
5.605825079999340e+01	8.455473000000000e-03
5.610534650000045e+01	8.421185430000000e-03
5.616728069999954e+01	8.384996089999999e-03
5.619879189999483e+01	8.362139580000000e-03
5.623010099999374e+01	8.333567530000001e-03
5.626126099999237e+01	8.295470850000000e-03
5.630869199999142e+01	8.245947770000000e-03
5.635523219998868e+01	8.202137430000001e-03
5.640131709999696e+01	8.177376350000000e-03
5.646316269999079e+01	8.118327710000000e-03
5.649435239999730e+01	8.097376670000000e-03
5.652452300000004e+01	8.057376369999999e-03
5.655539799999679e+01	8.015471510000000e-03
5.660275019999244e+01	7.964041080000000e-03
5.666538869999931e+01	7.912613450000000e-03
5.671140799998830e+01	7.855470290000000e-03
5.675855790000060e+01	7.824993690000000e-03
5.678960569998890e+01	7.790708450000000e-03
5.682132819999242e+01	7.760231850000000e-03
5.685191659998964e+01	7.697375030000000e-03
5.691472909999720e+01	7.647850090000000e-03
5.696132439999201e+01	7.586898750000000e-03
5.700759969999490e+01	7.522135510000000e-03
5.705329429999983e+01	7.482135200000000e-03
5.708437830000184e+01	7.376542780000000e-03
5.719291199999861e+01	7.368284280000000e-03
5.722440429999551e+01	7.354261820000000e-03
5.725547340000048e+01	7.325450890000000e-03
5.730239339999389e+01	7.303554100000000e-03
5.734899569999834e+01	7.292414550000000e-03
5.741065419999359e+01	7.261682300000000e-03
5.744156139998813e+01	7.244010920000000e-03
5.747333049999725e+01	7.222883400000000e-03
5.750416440000117e+01	7.194071540000000e-03
5.755053490000137e+01	7.183123380000000e-03
5.759771989998990e+01	7.157384880000000e-03
5.762872239999706e+01	7.140482780000000e-03
5.766069249999418e+01	7.117626260000000e-03
5.770711649999430e+01	7.101683410000000e-03
5.773704709998856e+01	7.085165470000000e-03
5.776823809999041e+01	7.059426980000000e-03
5.779893579999043e+01	7.041947920000000e-03
5.783047129999613e+01	7.016018030000000e-03
5.786217329998908e+01	6.976834960000000e-03
5.790741479999269e+01	6.935346410000000e-03
5.795432969999092e+01	6.898276040000000e-03
5.800101039999572e+01	6.878300100000000e-03
5.803096920000098e+01	6.856211460000000e-03
5.806309519999195e+01	6.817796730000000e-03
5.811086999998952e+01	6.780918690000000e-03
5.815662259999954e+01	6.744039710000000e-03
5.820229279999330e+01	6.703511810000000e-03
5.824873599999410e+01	6.680078800000000e-03
5.828346269999747e+01	6.647810340000000e-03
5.831209359999048e+01	6.620535630000000e-03
5.834443969999847e+01	6.589035500000000e-03
5.837365270000009e+01	6.561376620000000e-03
5.840432979998877e+01	6.521617060000000e-03
5.845190909999656e+01	6.482049820000000e-03
5.851535799998965e+01	6.455159280000000e-03
5.856227889998991e+01	6.425387690000000e-03
5.861038579999877e+01	6.402338390000000e-03
5.864267659999314e+01	6.381402260000000e-03
5.868828909999866e+01	6.350862790000000e-03
5.871960949999630e+01	6.328389050000000e-03
5.875057559998822e+01	6.315712350000000e-03
5.879756209999323e+01	6.294968540000000e-03
5.883133109999471e+01	6.276336500000000e-03
5.885922189999837e+01	6.249062250000000e-03
5.890542719999212e+01	6.231583190000000e-03
5.893729639999219e+01	6.213528570000000e-03
5.896937890000117e+01	6.183180490000000e-03
5.900133099999221e+01	6.155906250000000e-03
5.906331769999815e+01	6.066591010000000e-03
5.911001089999627e+01	6.002438250000000e-03
5.915896529999736e+01	5.934251470000000e-03
5.920536379999248e+01	5.896028130000000e-03
5.923629509999591e+01	5.864720330000000e-03
5.926741609998862e+01	5.824576130000000e-03
5.931436279999616e+01	5.781167650000000e-03
5.936101110000163e+01	5.731996610000000e-03
5.940799909998896e+01	5.678791550000000e-03
5.945520969999779e+01	5.624242130000000e-03
5.950198829999135e+01	5.596391390000000e-03
5.953370309999445e+01	5.564314780000000e-03
5.956447409999964e+01	5.528588780000000e-03
5.961203249999380e+01	5.484603810000000e-03
5.965800650000165e+01	5.442539230000000e-03
5.976957129999937e+01	5.368974530000000e-03
5.980043829999340e+01	5.347846080000000e-03
5.983103010000195e+01	5.323068700000000e-03
5.986274620000040e+01	5.286958530000000e-03
5.990814479999244e+01	5.246622490000000e-03
5.995456449998892e+01	5.203597710000000e-03
6.000057749998814e+01	5.180740730000000e-03
