# [General]
# timestamp=2025-04-09T10:48:01.789012
# comments='# '
# delimiter='\t'
# column_dtypes=float;;float
# column_headers='Time (s);;Power (W)'
# 
# [Metadata]
# scanner_y=3.573766999352296
# scanner_x=-5.07186307907141
# start recoding time='09.04.2025, 10:47:01.708579'
# sample rate (hz)=50.0
# sample timing='TIMESTAMP'
# 
# ---- END HEADER ----
9.645000100135803e-04	3.505270230000000e-03
2.591230021789670e-02	3.504502120000000e-03
4.966430040076375e-02	3.503541460000000e-03
7.286080019548535e-02	3.502773350000000e-03
1.252329000271857e-01	3.502389420000000e-03
1.694206004031003e-01	3.502196870000000e-03
2.172765000723302e-01	3.502196870000000e-03
2.503102002665401e-01	3.502965440000000e-03
2.807482001371682e-01	3.502389420000000e-03
3.179915002547204e-01	3.502004780000000e-03
3.414828004315495e-01	3.503157520000000e-03
3.740386003628373e-01	3.519099670000000e-03
4.202136001549661e-01	3.552328560000000e-03
4.701163000427186e-01	3.622819900000000e-03
5.323809999972582e-01	3.666229310000000e-03
5.764984004199505e-01	3.685628760000000e-03
6.219715001061559e-01	3.693503790000000e-03
6.523285000585020e-01	3.711558880000000e-03
6.753965001553297e-01	3.783010880000000e-03
7.191142002120614e-01	3.821233520000000e-03
7.446002000942826e-01	3.844859080000000e-03
7.690781001001596e-01	3.854847050000000e-03
8.063533999957144e-01	3.855807010000000e-03
8.312686001881957e-01	3.855999090000000e-03
8.711725003086030e-01	3.856383730000000e-03
9.173055002465844e-01	3.856767670000000e-03
9.413998001255095e-01	3.856575580000000e-03
9.784177001565695e-01	3.858112030000000e-03
1.019305600319058e+00	3.870405020000000e-03
1.042857600376010e+00	3.910548520000000e-03
1.071818700060248e+00	3.943201150000000e-03
1.133022500202060e+00	4.013308790000000e-03
1.179949600249529e+00	3.989107440000000e-03
1.218627000227571e+00	3.969323820000000e-03
1.243115300312638e+00	3.949732050000000e-03
1.273769200313836e+00	3.962408750000000e-03
1.318809000309557e+00	4.007546230000000e-03
1.342519900295883e+00	4.047690430000000e-03
1.371161499992013e+00	4.065169020000000e-03
1.417151000350714e+00	4.086489320000000e-03
1.441001600120217e+00	4.106081090000000e-03
1.470946800429374e+00	4.117221570000000e-03
1.520068800076842e+00	4.150258380000000e-03
1.546647300012410e+00	4.168889490000000e-03
1.570548200048506e+00	4.191554620000000e-03
1.616272200364619e+00	4.234195220000000e-03
1.639696300029755e+00	4.256283860000000e-03
1.671645600348711e+00	4.268768710000000e-03
1.718165900092572e+00	4.276835830000000e-03
1.751855200156569e+00	4.286247770000000e-03
1.775360400322825e+00	4.307952240000000e-03
1.818561600055546e+00	4.321205430000000e-03
1.847429400309920e+00	4.339452370000000e-03
1.877765899989754e+00	4.387086720000000e-03
1.918634600006044e+00	4.413977270000000e-03
1.942390399985015e+00	4.442404490000000e-03
1.969469600357115e+00	4.466221670000000e-03
2.015507500153035e+00	4.506749570000000e-03
2.050268900115043e+00	4.548045810000000e-03
2.081348600331694e+00	4.601442720000000e-03
2.126656600274146e+00	4.639665600000000e-03
2.149643100332469e+00	4.665019460000000e-03
2.173745600041002e+00	4.706508010000000e-03
2.222404200118035e+00	4.747035450000000e-03
2.283132000360638e+00	4.795822780000000e-03
2.318008400034159e+00	4.825018350000000e-03
2.341572600416839e+00	4.861128050000000e-03
2.367862300015986e+00	4.894740880000000e-03
2.391460700426251e+00	4.934116730000000e-03
2.418574900366366e+00	4.976565020000000e-03
2.442617200314999e+00	5.019205620000000e-03
2.466574100311846e+00	5.059157500000000e-03
2.489562300033867e+00	5.103910810000000e-03
2.519093700218946e+00	5.141365340000000e-03
2.548895800020546e+00	5.182853900000000e-03
2.580363600049168e+00	5.243741440000000e-03
2.618603200186044e+00	5.277546590000000e-03
2.642060500103980e+00	5.325373730000000e-03
2.671138900332153e+00	5.369935180000000e-03
2.717094400431961e+00	5.458481140000000e-03
2.741112000308931e+00	5.504195580000000e-03
2.768143700435758e+00	5.557207860000000e-03
2.792303400114179e+00	5.606187040000000e-03
2.818591500166804e+00	5.650748500000000e-03
2.845520700328052e+00	5.704913750000000e-03
2.876104000024498e+00	5.798454400000000e-03
2.918582300189883e+00	5.846857090000000e-03
2.942580000031739e+00	5.890457890000000e-03
2.970751299988478e+00	5.933867300000000e-03
3.017737200018018e+00	6.016075150000000e-03
3.049129900056869e+00	6.075810640000000e-03
3.074127900414169e+00	6.163396410000000e-03
3.126218600198627e+00	6.260395050000000e-03
3.168640400283039e+00	6.302843340000000e-03
3.191735800355673e+00	6.350093520000000e-03
3.218082100152969e+00	6.390237250000000e-03
3.250975300092250e+00	6.441137750000000e-03
3.281615800224245e+00	6.515662650000000e-03
3.328092500101775e+00	6.581928120000000e-03
3.359881400130689e+00	6.647042000000000e-03
3.391604700125754e+00	6.721567360000000e-03
3.422700500115752e+00	6.829897870000000e-03
3.471937100403011e+00	6.879644930000000e-03
3.518670500256121e+00	6.975105960000000e-03
3.543091600295156e+00	7.030423730000000e-03
3.575530100148171e+00	7.118969690000000e-03
3.622212600428611e+00	7.168333980000000e-03
3.653965100180358e+00	7.215199990000000e-03
3.678216900210828e+00	7.278392090000000e-03
3.719401900190860e+00	7.311237040000000e-03
3.766160500235856e+00	7.378271320000000e-03
3.792776500340551e+00	7.418031340000000e-03
3.824056799989194e+00	7.489867040000000e-03
3.870390200056136e+00	7.524249140000000e-03
3.931485300417989e+00	7.606072820000000e-03
3.962581900414079e+00	7.648521100000000e-03
3.986500100232661e+00	7.690393830000000e-03
4.019013500306755e+00	7.723238780000000e-03
4.067574500106275e+00	7.778556090000000e-03
4.091208000201732e+00	7.801412600000000e-03
4.132195200305432e+00	7.850392720000000e-03
4.178514300379902e+00	7.894760930000000e-03
4.225095800124109e+00	7.920691739999999e-03
4.248539400286973e+00	7.936442270000000e-03
4.271663700230420e+00	7.949694990000001e-03
4.317392200231552e+00	7.982731800000000e-03
4.341543400194496e+00	8.007316850000000e-03
4.379990400280803e+00	8.043811660000001e-03
4.418409600388259e+00	8.058217350000001e-03
4.441672400105745e+00	8.071661930000000e-03
4.470695000141859e+00	8.081073870000000e-03
4.521070700138807e+00	8.096248840000000e-03
4.550561300013214e+00	8.102394640000000e-03
4.574434600304812e+00	8.113343270000000e-03
4.618571800179780e+00	8.118913510000001e-03
4.642013300210238e+00	8.127172480000000e-03
4.672026399988681e+00	8.147532120000000e-03
4.718427299987525e+00	8.152526800000000e-03
4.751455900259316e+00	8.165010250000000e-03
4.782502199988812e+00	8.180760780000001e-03
4.818599000107497e+00	8.188444190000000e-03
4.841530200093985e+00	8.195358329999999e-03
4.865585400257260e+00	8.203041740000000e-03
4.888805000111461e+00	8.209380319999999e-03
4.918606700375676e+00	8.215142409999999e-03
4.941981700249016e+00	8.221865630000000e-03
4.968954500276595e+00	8.228587920000001e-03
5.000341000035405e+00	8.238576350000000e-03
5.031349600292742e+00	8.248755710000000e-03
5.078180000185966e+00	8.256822820000001e-03
5.124918500427157e+00	8.264889940000001e-03
5.155486400239170e+00	8.273149840000001e-03
5.187434000428766e+00	8.283137340000000e-03
5.218916800338775e+00	8.286402560000000e-03
5.249257500283420e+00	8.290819820000000e-03
5.279707100242376e+00	8.298695090000001e-03
5.325810500420630e+00	8.305994790000000e-03
5.372390000149608e+00	8.308875370000000e-03
5.417800800409168e+00	8.311565030000001e-03
5.449859300162643e+00	8.310220199999999e-03
5.474026200361550e+00	8.287746460000000e-03
5.518647300079465e+00	8.262393060000000e-03
5.542783100157976e+00	8.221097290000000e-03
5.574648900423199e+00	8.122369650000001e-03
5.621859800070524e+00	8.054183800000000e-03
5.670921700075269e+00	7.936825979999999e-03
5.717322500422597e+00	7.830608640000000e-03
5.741477500181645e+00	7.788735910000000e-03
5.765091300010681e+00	7.738796060000000e-03
5.792698200326413e+00	7.677140650000000e-03
5.818966200109571e+00	7.620862220000000e-03
5.842514300253242e+00	7.544416000000000e-03
5.871594900265336e+00	7.465858010000000e-03
5.917695100419223e+00	7.312581870000000e-03
5.949079000391066e+00	7.199834100000000e-03
5.972494600340724e+00	7.043676920000000e-03
6.017675200011581e+00	6.948599590000000e-03
6.041650600265712e+00	6.848528520000000e-03
6.065656700171530e+00	6.754028150000000e-03
6.103910100180656e+00	6.613236850000000e-03
6.135020700283349e+00	6.476479580000000e-03
6.169109900016338e+00	6.392158570000000e-03
6.192454400006682e+00	6.293240000000000e-03
6.230239900294691e+00	6.084261930000000e-03
6.270410700235516e+00	6.004742810000000e-03
6.316278400365263e+00	5.849162120000000e-03
6.339414600282907e+00	5.765609440000000e-03
6.363579099997878e+00	5.682248620000000e-03
6.386943700257689e+00	5.596583240000000e-03
6.430556599982083e+00	5.484027320000000e-03
6.470843800343573e+00	5.434087940000000e-03
6.516383500304073e+00	5.337282080000000e-03
6.554084700066596e+00	5.260644480000000e-03
6.578045800328255e+00	5.191881210000000e-03
6.630796700250357e+00	5.133298230000000e-03
6.654795499984175e+00	5.091426430000000e-03
6.678333800286055e+00	5.028233400000000e-03
6.718736600130796e+00	4.993467590000000e-03
6.756583900190890e+00	4.928738340000000e-03
6.780587600078434e+00	4.861319900000000e-03
6.818811800330877e+00	4.817143080000000e-03
6.851431500166655e+00	4.760096320000000e-03
6.874755100347102e+00	4.695175220000000e-03
6.928703700192273e+00	4.636976400000000e-03
6.952670700382441e+00	4.594527650000000e-03
6.989644500426948e+00	4.528838210000000e-03
7.019072200171649e+00	4.495609090000000e-03
7.067928000353277e+00	4.423005040000000e-03
7.091324400156736e+00	4.386510700000000e-03
7.128746900241822e+00	4.316787240000000e-03
7.167869500350207e+00	4.276835830000000e-03
7.192129200324416e+00	4.234963100000000e-03
7.217638500034809e+00	4.196548370000000e-03
7.241475500166416e+00	4.154676110000000e-03
7.267809200100601e+00	4.108769820000000e-03
7.291762800421566e+00	4.064208360000000e-03
7.318102600052953e+00	4.017342350000000e-03
7.341546300332993e+00	3.962792920000000e-03
7.371071300003678e+00	3.922841510000000e-03
7.422215000260621e+00	3.835255280000000e-03
7.470131200272590e+00	3.809324930000000e-03
7.516362100373954e+00	3.757464930000000e-03
7.547418500296772e+00	3.716361010000000e-03
7.571479000151157e+00	3.677753730000000e-03
7.623955900315195e+00	3.546950410000000e-03
7.671520200092345e+00	3.507191080000000e-03
7.717067300342023e+00	3.442077660000000e-03
7.741251600440592e+00	3.411921670000000e-03
7.768678100313991e+00	3.385223220000000e-03
7.797876900061965e+00	3.359293100000000e-03
7.828518900088966e+00	3.329713830000000e-03
7.852607300039381e+00	3.298405560000000e-03
7.876647400204092e+00	3.221959340000000e-03
7.918468600139022e+00	3.175477260000000e-03
7.942530600354075e+00	3.127842680000000e-03
7.968678600154817e+00	3.086162730000000e-03
7.998802000191063e+00	3.034494350000000e-03
8.023162300232798e+00	2.964579030000000e-03
8.075819200370461e+00	2.911758380000000e-03
8.123137900140136e+00	2.885059920000000e-03
8.146195100154728e+00	2.861434590000000e-03
8.169752600137144e+00	2.832431350000000e-03
8.216556600295007e+00	2.768470210000000e-03
8.240429200232029e+00	2.732936530000000e-03
8.271676100324839e+00	2.712768740000000e-03
8.317609000019729e+00	2.669551640000000e-03
8.341795200016350e+00	2.637283180000000e-03
8.372012700419873e+00	2.585422710000000e-03
8.419098900165409e+00	2.557956150000000e-03
8.450073300395161e+00	2.519157020000000e-03
8.473459700122476e+00	2.455003790000000e-03
8.518702500034124e+00	2.419854050000000e-03
8.542682800441980e+00	2.388737860000000e-03
8.574208800215274e+00	2.358966510000000e-03
8.618061800021678e+00	2.344368490000000e-03
8.651704100426286e+00	2.320167380000000e-03
8.675882900133729e+00	2.284249060000000e-03
8.717546700034291e+00	2.264849380000000e-03
8.741079200059175e+00	2.247946570000000e-03
8.775530700106174e+00	2.199159700000000e-03
8.818965900223702e+00	2.172461480000000e-03
8.853859300259501e+00	2.136735250000000e-03
8.884911700151861e+00	2.096015260000000e-03
8.931893200147897e+00	2.035511660000000e-03
8.967962200287730e+00	2.000170060000000e-03
8.993663200177252e+00	1.965404490000000e-03
9.017893700394779e+00	1.938129780000000e-03
9.040864100214094e+00	1.911431200000000e-03
9.064804200083017e+00	1.879162740000000e-03
9.088510600384325e+00	1.842284340000000e-03
9.120286800432950e+00	1.808479080000000e-03
9.167658600024879e+00	1.745094310000000e-03
9.191103900317103e+00	1.708023830000000e-03
9.218445500358939e+00	1.674026600000000e-03
9.243699700105935e+00	1.639453000000000e-03
9.270067000295967e+00	1.615827790000000e-03
9.321606200188398e+00	1.571842700000000e-03
9.345985000021756e+00	1.550330310000000e-03
9.369283500127494e+00	1.529970320000000e-03
9.429951100144535e+00	1.458134150000000e-03
9.472123500425369e+00	1.412996670000000e-03
9.518447000067681e+00	1.388795210000000e-03
9.542157300282270e+00	1.365746140000000e-03
9.583049800246954e+00	1.332325160000000e-03
9.617677300237119e+00	1.317919460000000e-03
9.644641600083560e+00	1.304666160000000e-03
9.675731600262225e+00	1.280656780000000e-03
9.719140200410038e+00	1.265290890000000e-03
9.753327200189233e+00	1.241857770000000e-03
9.776826500426978e+00	1.214198880000000e-03
9.818010300397873e+00	1.194415150000000e-03
9.841174600180238e+00	1.171942450000000e-03
9.876485100015998e+00	1.137368850000000e-03
9.918416900094599e+00	1.114896030000000e-03
9.942694500088692e+00	1.090694570000000e-03
9.966119000222534e+00	1.067453530000000e-03
9.989337300416082e+00	1.041715500000000e-03
1.001837130030617e+01	1.022699990000000e-03
1.004821130027995e+01	1.000803550000000e-03
1.008007010025904e+01	9.666142290000000e-04
1.012741910014302e+01	9.303119150000000e-04
1.016759130032733e+01	9.122569460000000e-04
1.019162600021809e+01	8.940097760000000e-04
1.021883230004460e+01	8.759546330000000e-04
1.024325870024040e+01	8.554026140000000e-04
1.028073360025883e+01	8.106491300000000e-04
1.031790480017662e+01	7.876000600000000e-04
1.034162580035627e+01	7.616701189999999e-04
1.037545830011368e+01	7.196057120000000e-04
1.042109289998189e+01	6.977090380000000e-04
1.046999730030075e+01	6.608306430000000e-04
1.051606630021706e+01	6.314431670000000e-04
1.054630880011246e+01	6.091624380000000e-04
1.057807080028579e+01	5.759334890000000e-04
1.062529190024361e+01	4.728027270000000e-04
1.074949360033497e+01	4.541118980000000e-04
1.078069780021906e+01	4.335596750000000e-04
1.081212390027940e+01	4.155788920000000e-04
1.084217110043392e+01	3.958134040000000e-04
1.087050710013136e+01	3.818433030000000e-04
1.091679190006107e+01	3.553038700000000e-04
1.094010240025818e+01	3.416791440000000e-04
1.096911330008879e+01	3.305299030000000e-04
1.099858450004831e+01	3.175192400000000e-04
1.102256200043485e+01	3.056408020000000e-04
1.105246850010008e+01	2.942996220000000e-04
1.107671470008790e+01	2.751674620000000e-04
1.112256170017645e+01	2.519478440000000e-04
1.116886510001495e+01	2.395320920000000e-04
1.119939490035176e+01	2.237389420000000e-04
1.122991320025176e+01	2.019777600000000e-04
1.126971270004287e+01	1.932080340000000e-04
1.132371850032359e+01	1.713509260000000e-04
1.134696030011401e+01	1.632144700000000e-04
1.137026940006763e+01	1.561718090000000e-04
1.143069950025529e+01	1.337581930000000e-04
1.147067150007933e+01	1.261014840000000e-04
1.151697270013392e+01	1.132059700000000e-04
1.155445699999109e+01	1.044170570000000e-04
1.157777920039371e+01	9.518679870000000e-05
1.161808950034901e+01	8.969852210000000e-05
1.164815010037273e+01	8.279021130000000e-05
1.167964170034975e+01	7.085417750000001e-05
1.171853150008246e+01	6.436803960000000e-05
1.175651780003682e+01	5.488829990000000e-05
1.178831470012665e+01	4.755781260000000e-05
1.181822490040213e+01	4.360473030000000e-05
1.184222830040380e+01	3.978596940000000e-05
1.187054110039026e+01	3.665803520000000e-05
1.191638400033116e+01	3.218683200000000e-05
1.193998890044168e+01	2.984567070000000e-05
1.197193540027365e+01	2.104567470000000e-05
1.208947180025280e+01	1.972775140000000e-05
1.211340110003948e+01	1.849243200000000e-05
1.213755460036919e+01	1.706115840000000e-05
1.216071870038286e+01	1.558761690000000e-05
1.218413120042533e+01	1.362033340000000e-05
1.221859370032325e+01	1.204688940000000e-05
1.224208040023223e+01	1.045615680000000e-05
1.227033980004489e+01	9.384140870000000e-06
1.231581210019067e+01	7.630107580000001e-06
1.233973600016907e+01	6.462032620000000e-06
1.237568770023063e+01	4.821348740000000e-06
1.241902380017564e+01	4.268050360000000e-06
1.245350660011172e+01	3.714751760000000e-06
1.247661300003529e+01	3.270960180000000e-06
1.251873810030520e+01	3.094213070000000e-06
1.254876450030133e+01	2.888646800000000e-06
1.257767720008269e+01	2.356481670000000e-06
1.262388080032542e+01	1.656734180000000e-06
1.273504630010575e+01	1.530555320000000e-06
1.276416540006176e+01	1.393588720000000e-06
1.278769620042294e+01	1.290333900000000e-06
1.282616630010307e+01	1.152981890000000e-06
1.287179580004886e+01	1.146047000000000e-06
1.291508560022339e+01	1.252769270000000e-06
1.293830180028453e+01	1.369701410000000e-06
1.297867000009865e+01	1.896377970000000e-06
1.301541630038992e+01	2.276070290000000e-06
1.304046300007030e+01	2.756127970000000e-06
1.307133770035580e+01	3.112896370000000e-06
1.309587780013680e+01	3.598540840000000e-06
1.312000180035830e+01	4.252166950000000e-06
1.317950860038400e+01	6.200330520000000e-06
1.321821980038658e+01	7.061621550000000e-06
1.324214280024171e+01	7.919830750000001e-06
1.327038160013035e+01	1.212181540000000e-05
1.339615150028840e+01	1.309008890000000e-05
1.342003290029243e+01	1.377018540000000e-05
1.345782240014523e+01	1.462895120000000e-05
1.348940470023081e+01	1.568943660000000e-05
1.351958710001782e+01	1.654436160000000e-05
1.356705800024793e+01	1.806977530000000e-05
1.359036929998547e+01	1.900923050000000e-05
1.362851250031963e+01	2.099188350000000e-05
1.367529000015929e+01	2.330497950000000e-05
1.371863630041480e+01	2.350093750000000e-05
1.375243240036070e+01	2.334724560000000e-05
1.378366730036214e+01	1.949720900000000e-05
1.381819260027260e+01	1.624658030000000e-05
1.384548630006611e+01	1.383358360000000e-05
1.387065910035744e+01	1.258097650000000e-05
1.392177420016378e+01	8.873108529999999e-06
1.396822700044140e+01	4.638837710000000e-06
1.399950530007482e+01	3.001995760000000e-06
1.403258550027385e+01	2.145151710000000e-06
1.406265030009672e+01	1.722493490000000e-06
1.409360790019855e+01	1.457371010000000e-06
1.412532290024683e+01	1.253726740000000e-06
1.417206040024757e+01	1.174958810000000e-06
1.421812880039215e+01	1.155745620000000e-06
1.425047660013661e+01	1.459471380000000e-06
1.435707520041615e+01	1.668485310000000e-06
1.438049670029432e+01	2.005411940000000e-06
1.441992430016398e+01	2.733011340000000e-06
1.446561140008271e+01	3.588330860000000e-06
1.449856120022014e+01	4.435945360000000e-06
1.452930860035121e+01	6.368504730000000e-06
1.457606980018318e+01	7.605442530000000e-06
1.459936040034518e+01	8.266003529999999e-06
1.462346600042656e+01	1.194506880000000e-05
1.473153670039028e+01	1.259442620000000e-05
1.475553780002519e+01	1.314580280000000e-05
1.477907950012013e+01	1.369333770000000e-05
1.481835700012743e+01	1.386624440000000e-05
1.485704090027139e+01	1.397959390000000e-05
1.488083930034190e+01	1.437151240000000e-05
1.493472500005737e+01	1.532441460000000e-05
1.496872950019315e+01	1.532633720000000e-05
1.499242989998311e+01	1.444451850000000e-05
1.501769600016996e+01	1.283457190000000e-05
1.504422850022092e+01	1.031206830000000e-05
1.507394440006465e+01	5.741592760000000e-06
1.512081150012091e+01	3.737806990000000e-06
1.514548110030591e+01	2.479436260000000e-06
1.516884650010616e+01	1.695596440000000e-06
1.519362450018525e+01	1.299833570000000e-06
1.522928420035169e+01	1.566877930000000e-06
1.527010650001466e+01	2.049092470000000e-06
1.531721650017425e+01	3.484210310000000e-06
1.534043100010604e+01	4.721447570000000e-06
1.536805490031838e+01	5.858783420000000e-06
1.539213580032811e+01	1.904381130000000e-05
1.559666610043496e+01	2.000632050000000e-05
1.562068320019171e+01	2.086508720000000e-05
1.564716970035806e+01	2.183143810000000e-05
1.567928570043296e+01	2.394280820000000e-05
1.571939099999145e+01	2.554314600000000e-05
1.576500160014257e+01	2.891865370000000e-05
1.580331720039248e+01	3.229992220000000e-05
1.582643810007721e+01	3.667635970000000e-05
1.588203710038215e+01	4.056674150000000e-05
1.591211040038615e+01	4.383850320000000e-05
1.593550540041178e+01	4.765395720000000e-05
1.596824130043387e+01	5.175182380000000e-05
1.600538079999387e+01	5.808978310000000e-05
1.603032990032807e+01	6.332882910000000e-05
1.608293380029500e+01	6.986658989999999e-05
1.612998690037057e+01	7.743026069999999e-05
1.617592330044135e+01	8.146664910000000e-05
1.619999130023643e+01	8.432535830000000e-05
1.622408020030707e+01	1.013467040000000e-04
1.632954810000956e+01	1.054149250000000e-04
1.636095150001347e+01	1.109799410000000e-04
1.638528640009463e+01	1.160460380000000e-04
1.642314450023696e+01	1.216302480000000e-04
1.645424270024523e+01	1.270801590000000e-04
1.648555129999295e+01	1.350246890000000e-04
1.651778210001066e+01	1.399181060000000e-04
1.654899430042133e+01	1.467688420000000e-04
1.657989450031891e+01	1.591078470000000e-04
1.661790210008621e+01	1.660353450000000e-04
1.664186300011352e+01	1.742485470000000e-04
1.667111790040508e+01	1.806003710000000e-04
1.671691920002922e+01	1.936877820000000e-04
1.674050790024921e+01	1.994830670000000e-04
1.676454870030284e+01	2.046643060000000e-04
1.678866640012711e+01	2.109969350000000e-04
1.681836870033294e+01	2.166387280000000e-04
1.684175180038437e+01	2.223572660000000e-04
1.686979390028864e+01	2.265406510000000e-04
1.692129370011389e+01	2.352719750000000e-04
1.696792980004102e+01	2.412975450000000e-04
1.699238360021263e+01	2.455000940000000e-04
1.702944910014048e+01	2.516983950000000e-04
1.705445680022240e+01	2.550949870000000e-04
1.707875180011615e+01	2.591440280000000e-04
1.711924910033122e+01	2.627708890000000e-04
1.716780880000442e+01	2.700054320000000e-04
1.719131570030004e+01	2.728455000000000e-04
1.721739380015060e+01	2.745725800000000e-04
1.724060210026801e+01	2.767985860000000e-04
1.727059620013461e+01	2.790438010000000e-04
1.731610790034756e+01	2.865853600000000e-04
1.734030580008402e+01	2.898092210000000e-04
1.736357900034636e+01	2.923422730000000e-04
1.738724880013615e+01	2.977729890000000e-04
1.741832730034366e+01	3.034339750000000e-04
1.744168530032039e+01	3.090565730000000e-04
1.747657770011574e+01	3.158497270000000e-04
1.751839480036870e+01	3.194957970000000e-04
1.755319940019399e+01	3.261737870000000e-04
1.757654840033501e+01	3.324488640000000e-04
1.761772060021758e+01	3.355576190000000e-04
1.764147910010070e+01	3.397217950000000e-04
1.767717410018668e+01	3.485490740000000e-04
1.771812770003453e+01	3.511588730000000e-04
1.774298130022362e+01	3.531354300000000e-04
1.777243030024692e+01	3.569925900000000e-04
1.781955960020423e+01	3.596599270000000e-04
1.786847630003467e+01	3.651098230000000e-04
1.789179580006748e+01	3.694467010000000e-04
1.791879860032350e+01	3.744552380000000e-04
1.794585660006851e+01	3.796556850000000e-04
1.796918010013178e+01	3.835703830000000e-04
1.801583050005138e+01	3.911311510000000e-04
1.805303840013221e+01	3.977708110000000e-04
1.808438740018755e+01	4.046023530000000e-04
1.813076010020450e+01	4.154445490000000e-04
1.817668130015954e+01	4.244253510000000e-04
1.821717469999567e+01	4.291844090000000e-04
1.825380200007930e+01	4.368027440000000e-04
1.828544920030981e+01	4.458411130000000e-04
1.831763599999249e+01	4.541118980000000e-04
1.834109800029546e+01	4.641865380000000e-04
1.838122760038823e+01	4.816300640000000e-04
1.842706790007651e+01	4.990351150000000e-04
1.847071460029110e+01	5.054444190000000e-04
1.851610600017011e+01	5.166321060000000e-04
1.855239300010726e+01	5.264764190000000e-04
1.858333990024403e+01	5.361672959999999e-04
1.862842950038612e+01	5.513271900000000e-04
1.867527430038899e+01	5.713228600000000e-04
1.872035830002278e+01	5.816661870000000e-04
1.876712420023978e+01	6.003570160000000e-04
1.879751230031252e+01	6.115062860000000e-04
1.882743030041456e+01	6.202567020000000e-04
1.885109380027279e+01	6.275296910000000e-04
1.887531010014936e+01	6.374507790000000e-04
1.891900910018012e+01	6.410200730000000e-04
1.895071070035920e+01	6.454913530000000e-04
1.897394050005823e+01	6.523228370000000e-04
1.901762940036133e+01	6.565637890000000e-04
1.904162360029295e+01	6.631459110000000e-04
1.907710900017992e+01	6.788047030000000e-04
1.912381910020486e+01	6.892630480000000e-04
1.914783979998901e+01	6.992801210000000e-04
1.917180570028722e+01	7.201394180000000e-04
1.921795970015228e+01	7.274698580000001e-04
1.924099300010130e+01	7.349539080000001e-04
1.927076440025121e+01	7.421500630000000e-04
1.931710130022839e+01	7.580200330000000e-04
1.934060170035809e+01	7.647748570000000e-04
1.937366540031508e+01	7.725850450000000e-04
1.941823590034619e+01	7.772865360000000e-04
1.944170920038596e+01	7.823718480000000e-04
1.946553730033338e+01	7.865551740000000e-04
1.948924450017512e+01	7.916020110000000e-04
1.951831640023738e+01	7.965914560000001e-04
1.954264060035348e+01	8.032887130000000e-04
1.957008460024372e+01	8.101010460000000e-04
1.961618580017239e+01	8.245316570000000e-04
1.963971880031750e+01	8.363717930000000e-04
1.968213600013405e+01	8.951621710000000e-04
1.982365890033543e+01	8.963146250000000e-04
1.984919199999422e+01	9.041896560000000e-04
1.988579470012337e+01	9.189796400000000e-04
1.993181690014899e+01	9.330009930000000e-04
1.996805740008131e+01	9.416444230000000e-04
1.999161840043962e+01	9.495194540000000e-04
2.001793420035392e+01	9.583549110000000e-04
2.004264370026067e+01	9.694951590000000e-04
2.006823830027133e+01	9.812118950000000e-04
2.010410580039024e+01	9.981144689999999e-04
2.012711360026151e+01	1.021163540000000e-03
2.018173270020634e+01	1.048630220000000e-03
2.021815630001947e+01	1.060923100000000e-03
2.024342430010438e+01	1.074752420000000e-03
2.027041210001335e+01	1.087045060000000e-03
2.031669770041481e+01	1.116432720000000e-03
2.034004420042038e+01	1.133335290000000e-03
2.036347770038992e+01	1.150430060000000e-03
2.039958910038695e+01	1.173670990000000e-03
2.042355220019817e+01	1.200177470000000e-03
2.047063710028306e+01	1.213238460000000e-03
2.052385120000690e+01	1.250885190000000e-03
2.056936640013009e+01	1.258952310000000e-03
2.061528890021145e+01	1.278543960000000e-03
2.063872140040621e+01	1.291413210000000e-03
2.066350140003487e+01	1.303129710000000e-03
2.068690070044249e+01	1.315614440000000e-03
2.071893720002845e+01	1.323873760000000e-03
2.074256370030344e+01	1.333477560000000e-03
2.076869150018319e+01	1.343657380000000e-03
2.079264490026981e+01	1.352108780000000e-03
2.081721880007535e+01	1.359215470000000e-03
2.084808300016448e+01	1.370932090000000e-03
2.087137560034171e+01	1.380535890000000e-03
2.091726000001654e+01	1.403969010000000e-03
2.094276130013168e+01	1.414533120000000e-03
2.096614650031552e+01	1.429899130000000e-03
2.098939940007403e+01	1.443344520000000e-03
2.101747329998761e+01	1.453908630000000e-03
2.105324760032818e+01	1.466777640000000e-03
2.108406240027398e+01	1.484448440000000e-03
2.111693700030446e+01	1.495588690000000e-03
2.114086040016264e+01	1.506152910000000e-03
2.117666710028425e+01	1.535156280000000e-03
2.121719110012054e+01	1.555708240000000e-03
2.124088100017980e+01	1.569729880000000e-03
2.126541820028797e+01	1.578949390000000e-03
2.129884050041437e+01	1.592586630000000e-03
2.133061080006883e+01	1.612562570000000e-03
2.136787379998714e+01	1.622934480000000e-03
2.139116230001673e+01	1.633498700000000e-03
2.142343690013513e+01	1.658660480000000e-03
2.146926120016724e+01	1.671721690000000e-03
2.151447300007567e+01	1.693426170000000e-03
2.154858140042052e+01	1.707639780000000e-03
2.157395680015907e+01	1.729344250000000e-03
2.162559580011293e+01	1.756810930000000e-03
2.167109820013866e+01	1.768719520000000e-03
2.171680570021272e+01	1.791384540000000e-03
2.174049190012738e+01	1.804637490000000e-03
2.178045770013705e+01	1.836906070000000e-03
2.181802180036902e+01	1.858226490000000e-03
2.184131210017949e+01	1.878778680000000e-03
2.186553280008957e+01	1.896641680000000e-03
2.188994830008596e+01	1.914312600000000e-03
2.191799720004201e+01	1.929486520000000e-03
2.194116460019723e+01	1.946772910000000e-03
2.196926990011707e+01	1.963291550000000e-03
2.201523010013625e+01	1.995175840000000e-03
2.203947960026562e+01	2.011886570000000e-03
2.207572040008381e+01	2.036280000000000e-03
2.212172480020672e+01	2.047804420000000e-03
2.214540710020810e+01	2.058752810000000e-03
2.218280090019107e+01	2.088140230000000e-03
2.222793470043689e+01	2.128860210000000e-03
2.227064770041034e+01	2.145378850000000e-03
2.231637230003253e+01	2.172077070000000e-03
2.233968960028142e+01	2.189171730000000e-03
2.238164650043473e+01	2.224513560000000e-03
2.241804440040141e+01	2.237958830000000e-03
2.244324030028656e+01	2.247562630000000e-03
2.246664080023766e+01	2.256206240000000e-03
2.249055040022358e+01	2.264081270000000e-03
2.251914940029383e+01	2.272340470000000e-03
2.256814590003341e+01	2.290011380000000e-03
2.259140720032156e+01	2.295005370000000e-03
2.262896120036021e+01	2.320743400000000e-03
2.266962580010295e+01	2.330539280000000e-03
2.271552930027246e+01	2.348786220000000e-03
2.273919220035896e+01	2.359926700000000e-03
2.276651930017397e+01	2.373179890000000e-03
2.278978400025517e+01	2.391618910000000e-03
2.281763970013708e+01	2.407753610000000e-03
2.284144780039787e+01	2.430802680000000e-03
2.287061149999499e+01	2.448473360000000e-03
2.292270440002903e+01	2.493226900000000e-03
2.296754620037973e+01	2.504943400000000e-03
2.300163750024512e+01	2.523382430000000e-03
2.303400780027732e+01	2.540477320000000e-03
2.306590310018510e+01	2.556803400000000e-03
2.308977399999276e+01	2.571785360000000e-03
2.312741490034387e+01	2.596371110000000e-03
2.316845800029114e+01	2.607895760000000e-03
2.319179220031947e+01	2.617114920000000e-03
2.321806610003114e+01	2.629023510000000e-03
2.325077580008656e+01	2.653609500000000e-03
2.328211350040510e+01	2.687799050000000e-03
2.331829950027168e+01	2.704125130000000e-03
2.334140780009329e+01	2.721411870000000e-03
2.336498530022800e+01	2.737930280000000e-03
2.338843330042437e+01	2.756753700000000e-03
2.342192480014637e+01	2.791135340000000e-03
2.347177350008860e+01	2.813415830000000e-03
2.351878580031916e+01	2.830702580000000e-03
2.354358070017770e+01	2.855480420000000e-03
2.357004320016131e+01	2.882946980000000e-03
2.361622190009803e+01	2.935575550000000e-03
2.363951320014894e+01	2.955167090000000e-03
2.366377870040014e+01	2.971685960000000e-03
2.368787780031562e+01	2.988012040000000e-03
2.371905850013718e+01	3.002994000000000e-03
2.376662570005283e+01	3.027771830000000e-03
2.379598790034652e+01	3.043906060000000e-03
2.382692810008302e+01	3.066763050000000e-03
2.387339100008830e+01	3.090388140000000e-03
2.391834700014442e+01	3.104985690000000e-03
2.394171100016683e+01	3.121120390000000e-03
2.396754990005866e+01	3.143784820000000e-03
2.399128980003297e+01	3.164529100000000e-03
2.401856110012159e+01	3.183160210000000e-03
2.404597330000252e+01	3.199486760000000e-03
2.407606820017099e+01	3.229834370000000e-03
2.411835220037028e+01	3.246161160000000e-03
2.414134530024603e+01	3.260374530000000e-03
2.416834870027378e+01	3.274395830000000e-03
2.420241480041295e+01	3.292066740000000e-03
2.423532350035384e+01	3.308969550000000e-03
2.426555950008333e+01	3.323759420000000e-03
2.429664000030607e+01	3.337972800000000e-03
2.432044550031424e+01	3.349305360000000e-03
2.437422710005194e+01	3.387144070000000e-03
2.441848100023344e+01	3.398284320000000e-03
2.445169410016388e+01	3.420757360000000e-03
2.447469660034403e+01	3.451681000000000e-03
2.451819570036605e+01	3.474538210000000e-03
2.454507970018312e+01	3.496242450000000e-03
2.456977260019630e+01	3.509303790000000e-03
2.461621040012687e+01	3.534849730000000e-03
2.464115820033476e+01	3.551752540000000e-03
2.467061610007659e+01	3.563661130000000e-03
2.471640760032460e+01	3.585749540000000e-03
2.474062220007181e+01	3.603804860000000e-03
2.476812280016020e+01	3.616673640000000e-03
2.479667930025607e+01	3.633384360000000e-03
2.482658160012215e+01	3.654128640000000e-03
2.484995490033180e+01	3.671030980000000e-03
2.487318690028042e+01	3.699650290000000e-03
2.491840160032734e+01	3.713095560000000e-03
2.494189040036872e+01	3.729421650000000e-03
2.496904180012643e+01	3.743827580000000e-03
2.499694640003145e+01	3.759193700000000e-03
2.502061680005863e+01	3.771870400000000e-03
2.507678200025111e+01	3.808748910000000e-03
2.512034030025825e+01	3.819505220000000e-03
2.514464549999684e+01	3.827956270000000e-03
2.518331830017269e+01	3.838904900000000e-03
2.521836540009826e+01	3.844090500000000e-03
2.524169530021027e+01	3.852157620000000e-03
2.527090240037069e+01	3.858880610000000e-03
2.532311230013147e+01	3.896719080000000e-03
2.536971040023491e+01	3.910164350000000e-03
2.541543589998037e+01	3.934750330000000e-03
2.544754340033978e+01	3.948195370000000e-03
2.547114090016112e+01	3.957607320000000e-03
2.551711030025035e+01	3.977966960000000e-03
2.554124619998038e+01	3.988530950000000e-03
2.557267930032685e+01	4.003704990000000e-03
2.561827730014920e+01	4.017534200000000e-03
2.564201240008697e+01	4.032708240000000e-03
2.567032160004601e+01	4.047306250000000e-03
2.571712570032105e+01	4.076885530000000e-03
2.574031700007617e+01	4.091098900000000e-03
2.577372950036079e+01	4.125672860000000e-03
2.581981520028785e+01	4.140846900000000e-03
2.588303979998454e+01	4.181950820000000e-03
2.591744580026716e+01	4.196356050000000e-03
2.594149810029194e+01	4.216716160000000e-03
2.597576260007918e+01	4.264734690000000e-03
2.601772090001032e+01	4.284518770000000e-03
2.604149820003659e+01	4.301037170000000e-03
2.606549479998648e+01	4.315442870000000e-03
2.608945770002902e+01	4.331769420000000e-03
2.613240480003878e+01	4.366534760000000e-03
2.616793390037492e+01	4.382477140000000e-03
2.619119250029325e+01	4.400916400000000e-03
2.621830640034750e+01	4.418971480000000e-03
2.624158130027354e+01	4.440483640000000e-03
2.627219990035519e+01	4.482355900000000e-03
2.631814170023426e+01	4.506365400000000e-03
2.634159990027547e+01	4.532871770000000e-03
2.636528670042753e+01	4.562259190000000e-03
2.639479250041768e+01	4.606628320000000e-03
2.641843820037320e+01	4.648116880000000e-03
2.644179970026016e+01	4.720529080000000e-03
2.647109430003911e+01	4.810996350000000e-03
2.651704420009628e+01	5.040910560000000e-03
2.655089389998466e+01	5.104294980000000e-03
2.657463400019333e+01	5.112362090000000e-03
2.662825120007619e+01	5.113322750000000e-03
2.665903830016032e+01	5.112938580000000e-03
2.669091600039974e+01	5.113130440000000e-03
2.672164150001481e+01	5.112938580000000e-03
2.676834890013561e+01	5.112170240000000e-03
2.680055100005120e+01	5.111786070000000e-03
2.683276740042493e+01	5.088160750000000e-03
2.688025710033253e+01	4.906842020000000e-03
2.691757010016590e+01	4.831164610000000e-03
2.694204600015655e+01	4.795822780000000e-03
2.697235030028969e+01	4.833085000000000e-03
2.701859700027853e+01	4.893780690000000e-03
2.704974750010297e+01	5.010370630000000e-03
2.708066880004480e+01	5.202445670000000e-03
2.711890570027754e+01	5.302516280000000e-03
2.714385700039566e+01	5.391447340000000e-03
2.716846480034292e+01	5.472694990000000e-03
2.719246360007674e+01	5.555287470000000e-03
2.721796670043841e+01	5.611181260000000e-03
2.724094410007820e+01	5.646138920000000e-03
2.726469840016216e+01	5.666114390000000e-03
2.729773910017684e+01	5.670724440000000e-03
2.732785860029981e+01	5.670916290000000e-03
2.737362259998918e+01	5.670724440000000e-03
2.741828720038757e+01	5.670532120000000e-03
2.745236450014636e+01	5.670916290000000e-03
2.748275279998779e+01	5.673605480000000e-03
2.752954740030691e+01	5.692813080000000e-03
2.756164010008797e+01	5.720279650000000e-03
2.758649410028011e+01	5.751203750000000e-03
2.762430540006608e+01	5.795573350000000e-03
2.767101140040904e+01	5.808826070000000e-03
2.771725760027766e+01	5.820158870000000e-03
2.774055980006233e+01	5.826881620000000e-03
2.776772580016404e+01	5.840134340000000e-03
2.779252180038020e+01	5.861839280000000e-03
2.781729770032689e+01	5.882007070000000e-03
2.784066680027172e+01	5.900830500000000e-03
2.786893490003422e+01	5.925223700000000e-03
2.789308020006865e+01	5.946928170000000e-03
2.793162759998813e+01	5.979964980000000e-03
2.796938940044492e+01	5.991297770000000e-03
2.802366050006822e+01	6.010121200000000e-03
2.808552060043439e+01	6.032017530000000e-03
2.813046880019829e+01	6.052377630000000e-03
2.816115970024839e+01	6.072161250000000e-03
2.818431750033051e+01	6.093097390000000e-03
2.821879420010373e+01	6.105775010000000e-03
2.826787520013750e+01	6.120371630000000e-03
2.830175580037758e+01	6.139963400000000e-03
2.832605190016329e+01	6.172808350000000e-03
2.837873650016263e+01	6.220635030000000e-03
2.841759120021015e+01	6.251751450000000e-03
2.844163660006598e+01	6.286516790000000e-03
2.847070599999279e+01	6.319169890000000e-03
2.851670470042154e+01	6.360658440000000e-03
2.854085090011358e+01	6.387356670000000e-03
2.857142390031368e+01	6.411366160000000e-03
2.861766070034355e+01	6.458039860000000e-03
2.864123419998214e+01	6.483778360000000e-03
2.867453490011394e+01	6.533141710000000e-03
2.871814930019900e+01	6.560607810000000e-03
2.875151340011507e+01	6.607858930000000e-03
2.877621880033985e+01	6.666633770000000e-03
2.881889070011675e+01	6.692179940000000e-03
2.884299990022555e+01	6.718109830000000e-03
2.887104100035504e+01	6.735780280000000e-03
2.892446450004354e+01	6.780918690000000e-03
2.896834490029141e+01	6.793595380000000e-03
2.900111610023305e+01	6.808000620000000e-03
2.903289470029995e+01	6.823174190000000e-03
2.906465840013698e+01	6.840077690000000e-03
2.908890930004418e+01	6.853138100000000e-03
2.911811390006915e+01	6.865623410000000e-03
2.914213709998876e+01	6.881949960000000e-03
2.916851650038734e+01	6.897700020000000e-03
2.919176760036498e+01	6.911529230000000e-03
2.921803160011768e+01	6.923437580000000e-03
2.924964400008321e+01	6.939955990000000e-03
2.928005350008607e+01	6.964158270000000e-03
2.931743809999898e+01	6.977411450000000e-03
2.934094580030069e+01	6.987975440000000e-03
2.937292240001261e+01	7.009679920000000e-03
2.941856830008328e+01	7.021588270000000e-03
2.944224900007248e+01	7.037531120000000e-03
2.947165440022945e+01	7.059042810000000e-03
2.951961310021579e+01	7.068838460000000e-03
2.957102430006489e+01	7.094384640000000e-03
2.962133900029585e+01	7.123772050000000e-03
2.964911880018190e+01	7.145284680000000e-03
2.967330570006743e+01	7.185043770000000e-03
2.971929830033332e+01	7.204251360000000e-03
2.976578830042854e+01	7.249004670000000e-03
2.979260010039434e+01	7.279161360000000e-03
2.981846179999411e+01	7.307011630000000e-03
2.985502420039847e+01	7.346579810000000e-03
2.987926529999822e+01	7.383073680000000e-03
2.991829479997978e+01	7.401512940000000e-03
2.994143250025809e+01	7.417839020000000e-03
2.996520820027217e+01	7.432052870000000e-03
2.998824190022424e+01	7.441848520000000e-03
3.001805910002440e+01	7.450876290000000e-03
3.004124910011888e+01	7.460863330000000e-03
3.007219090033323e+01	7.483337070000000e-03
3.011876119999215e+01	7.493516900000000e-03
3.014373850030825e+01	7.507154250000000e-03
3.018010930018499e+01	7.538270210000000e-03
3.021733930008486e+01	7.556901310000000e-03
3.024288889998570e+01	7.571883500000000e-03
3.026655649999157e+01	7.586865220000000e-03
3.028960960032418e+01	7.600694430000000e-03
3.031873860023916e+01	7.613179270000000e-03
3.034327160008252e+01	7.624896240000000e-03
3.038302770024166e+01	7.641990200000000e-03
3.041737260017544e+01	7.651786320000000e-03
3.044438240025192e+01	7.667344530000000e-03
3.046977270022035e+01	7.678292690000000e-03
3.051563510019332e+01	7.700765970000000e-03
3.055336790019646e+01	7.718436420000000e-03
3.058391550043598e+01	7.731882390000000e-03
3.061790100019425e+01	7.739565340000000e-03
3.064453650033101e+01	7.745711130000000e-03
3.067584520019591e+01	7.756083270000000e-03
3.071772440010682e+01	7.765495220000000e-03
3.074149360042065e+01	7.774714380000000e-03
3.076963030034676e+01	7.783742160000000e-03
3.081582430005074e+01	7.811016870000000e-03
3.084725029999390e+01	7.830800490000000e-03
3.087037050025538e+01	7.843669500000001e-03
3.092496670037508e+01	7.874017580000000e-03
3.096866020001471e+01	7.883044890000000e-03
3.101435650000349e+01	7.895913910000000e-03
3.103987440001220e+01	7.907629940000001e-03
3.108166590007022e+01	7.928182370000000e-03
3.112749710027128e+01	7.947197180000001e-03
3.115123140020296e+01	7.962179369999999e-03
3.117446820018813e+01	7.990607060000000e-03
3.121950110001490e+01	8.003091440000000e-03
3.126878190040588e+01	8.018073630000001e-03
3.131487490003929e+01	8.026717229999999e-03
3.133881780039519e+01	8.034400640000000e-03
3.136720230011269e+01	8.040354590000000e-03
3.139048460032791e+01	8.045156490000000e-03
3.141776980040595e+01	8.048037070000000e-03
3.144099740032107e+01	8.054183800000000e-03
3.146758599998429e+01	8.060907010000000e-03
3.149067720025778e+01	8.067052809999999e-03
3.151812460040674e+01	8.068974130000000e-03
3.154610410006717e+01	8.074544370000001e-03
3.157870300021023e+01	8.082802409999999e-03
3.162437970004976e+01	8.086068560000000e-03
3.167107430007309e+01	8.085684850000000e-03
3.171691200044006e+01	8.084147240000001e-03
3.173987560020760e+01	8.084723730000000e-03
3.176472680037841e+01	8.084340020000001e-03
3.179543110029772e+01	8.085108359999999e-03
3.182706350041553e+01	8.082035000000000e-03
3.187349720019847e+01	8.074928080000000e-03
3.191720580030233e+01	8.068589490000000e-03
3.194041320029646e+01	8.058985700000000e-03
3.196817030012608e+01	8.048037070000000e-03
3.199822230031714e+01	8.034784349999999e-03
3.202308650035411e+01	8.021530700000000e-03
3.204900170024484e+01	8.011735040000001e-03
3.207624510023743e+01	7.994448770000001e-03
3.212332310015336e+01	7.979851220000000e-03
3.216861490020528e+01	7.971207609999999e-03
3.219299360038713e+01	7.960834540000000e-03
3.221859130030498e+01	7.947389970000000e-03
3.224805150041357e+01	7.933176120000000e-03
3.227880770014599e+01	7.908206430000000e-03
3.231775370007381e+01	7.896105759999999e-03
3.234172140015289e+01	7.880548019999999e-03
3.237043530028313e+01	7.862877100000000e-03
3.241714850021526e+01	7.836755370000000e-03
3.244027800019830e+01	7.817739620000000e-03
3.247153940005228e+01	7.802373260000000e-03
3.251825210032985e+01	7.770681290000000e-03
3.254255150025710e+01	7.753586400000000e-03
3.257139050029218e+01	7.738412360000000e-03
3.261696690041572e+01	7.712482010000000e-03
3.264070180011913e+01	7.694619240000000e-03
3.266431110026315e+01	7.676563690000000e-03
3.268764900043607e+01	7.655436170000000e-03
3.271774200024083e+01	7.641030480000000e-03
3.274144010012969e+01	7.623743270000000e-03
3.276878490019590e+01	7.607609030000000e-03
3.281789180031046e+01	7.575724740000000e-03
3.284924960043281e+01	7.556133440000000e-03
3.287269600015134e+01	7.522520140000000e-03
3.292644800012931e+01	7.497358600000000e-03
3.295862080017105e+01	7.476037830000000e-03
3.298228860041127e+01	7.463361140000000e-03
3.301791639998555e+01	7.453756870000000e-03
3.304144040029496e+01	7.437814490000000e-03
3.308244360005483e+01	7.409771900000000e-03
3.312981409998611e+01	7.381536530000000e-03
3.317564660031348e+01	7.340624460000000e-03
3.321865110006183e+01	7.318728600000000e-03
3.325366910034791e+01	7.285307160000000e-03
3.327782840002328e+01	7.255727890000000e-03
3.331919220043346e+01	7.243819530000000e-03
3.336524710012600e+01	7.225379810000000e-03
3.338948900019750e+01	7.216352500000000e-03
3.342201600037515e+01	7.201178930000000e-03
3.346984200039878e+01	7.192919030000000e-03
3.351544430013746e+01	7.162955120000000e-03
3.354525130009279e+01	7.142018990000000e-03
3.356885490007699e+01	7.124732710000000e-03
3.359251930005848e+01	7.106677160000000e-03
3.362360580032691e+01	7.066149260000000e-03
3.367082080012187e+01	7.053472570000000e-03
3.371657670009881e+01	7.029655390000000e-03
3.374807810038328e+01	7.008911580000000e-03
3.377160410024226e+01	6.980868060000000e-03
3.381800010008737e+01	6.968959230000000e-03
3.385607170034200e+01	6.950328130000000e-03
3.387939380016178e+01	6.932273040000000e-03
3.393344010040164e+01	6.908648180000000e-03
3.398008840018883e+01	6.878300100000000e-03
3.401737050013617e+01	6.858708340000000e-03
3.404676800034940e+01	6.834507450000000e-03
3.407559800008312e+01	6.799741180000000e-03
3.412052150024101e+01	6.781302860000000e-03
3.414451290015131e+01	6.767281330000000e-03
3.416825580038130e+01	6.754028150000000e-03
3.419366790028289e+01	6.739430130000000e-03
3.421800550026819e+01	6.723295900000000e-03
3.424800310004503e+01	6.702166980000000e-03
3.427236130042002e+01	6.669322030000000e-03
3.432567690033466e+01	6.630908230000000e-03
3.436748540028930e+01	6.608243100000000e-03
3.439169220020995e+01	6.583081090000000e-03
3.441799280000851e+01	6.563873500000000e-03
3.444981760019436e+01	6.537174810000000e-03
3.447308760043234e+01	6.498375440000000e-03
3.451833260012791e+01	6.474750580000000e-03
3.454644560022280e+01	6.447092160000000e-03
3.457265250012279e+01	6.402530240000000e-03
3.462253630021587e+01	6.362386050000000e-03
3.468363880040124e+01	6.328004880000000e-03
3.471805740008131e+01	6.306109020000000e-03
3.474581190012395e+01	6.276145110000000e-03
3.476896800007671e+01	6.248293910000000e-03
3.481516390014440e+01	6.192208270000000e-03
3.483843100024387e+01	6.150336000000000e-03
3.488497330015525e+01	6.086182310000000e-03
3.491775040002540e+01	6.051609290000000e-03
3.494189260015264e+01	6.009928880000000e-03
3.496800390025601e+01	5.972282030000000e-03
3.499352340027690e+01	5.933482670000000e-03
3.501897560013458e+01	5.898141300000000e-03
3.504601920023561e+01	5.859726570000000e-03
3.507104000030085e+01	5.822463430000000e-03
3.511742100026459e+01	5.749091040000000e-03
3.514138100016862e+01	5.709715650000000e-03
3.518013290036470e+01	5.645562430000000e-03
3.521692630043253e+01	5.612141450000000e-03
3.524012840026990e+01	5.571998190000000e-03
3.526959010027349e+01	5.531086120000000e-03
3.531523670023307e+01	5.452719050000000e-03
3.534966080030426e+01	5.396441090000000e-03
3.537285590032116e+01	5.325565580000000e-03
3.541875459998846e+01	5.281964320000000e-03
3.546759750042111e+01	5.207439420000000e-03
3.549091490032151e+01	5.165759010000000e-03
3.551848850026727e+01	5.122157750000000e-03
3.555151090025902e+01	5.066840440000000e-03
3.557604980003089e+01	5.003455560000000e-03
3.562906290031970e+01	4.946409260000000e-03
3.565974949998781e+01	4.894164860000000e-03
3.568410660000518e+01	4.836158360000000e-03
3.571810730034485e+01	4.793325440000000e-03
3.575186560023576e+01	4.738199990000000e-03
3.577604340016842e+01	4.669244870000000e-03
3.581742530036718e+01	4.626028240000000e-03
3.584059710009024e+01	4.572247160000000e-03
3.587070209998637e+01	4.529606550000000e-03
3.592275060014799e+01	4.448934920000000e-03
3.594667820027098e+01	4.413401240000000e-03
3.596991870040074e+01	4.375946710000000e-03
3.601596570014954e+01	4.309680780000000e-03
3.604739450011402e+01	4.265503490000000e-03
3.614842430036515e+01	4.106465260000000e-03
3.618802570039406e+01	4.045001230000000e-03
3.621828970033675e+01	4.011579790000000e-03
3.624976280005649e+01	3.963945430000000e-03
3.628017700044438e+01	3.889036130000000e-03
3.631818530010059e+01	3.846203210000000e-03
3.634162140032277e+01	3.804523260000000e-03
3.637324260035530e+01	3.743251090000000e-03
3.641897660028189e+01	3.717320970000000e-03
3.646706560021266e+01	3.672759510000000e-03
3.649083520006388e+01	3.647405650000000e-03
3.651690840022638e+01	3.625893270000000e-03
3.654083230020478e+01	3.600923580000000e-03
3.657533360039815e+01	3.545990210000000e-03
3.661852690018713e+01	3.517178820000000e-03
3.664238930027932e+01	3.480684480000000e-03
3.667087580030784e+01	3.443037860000000e-03
3.671665030019358e+01	3.375619420000000e-03
3.674009840004146e+01	3.342967010000000e-03
3.676774740032852e+01	3.319725860000000e-03
3.679136920021847e+01	3.290338440000000e-03
3.681758210016415e+01	3.260566620000000e-03
3.684082570020109e+01	3.231563140000000e-03
3.686500650038943e+01	3.210050750000000e-03
3.688821610016748e+01	3.188730450000000e-03
3.691804930008948e+01	3.169522850000000e-03
3.694174270005897e+01	3.146281700000000e-03
3.696890810038894e+01	3.129571440000000e-03
3.701553310034797e+01	3.102680900000000e-03
3.705461190035567e+01	3.090004200000000e-03
3.707877540029585e+01	3.076366380000000e-03
3.713229680014774e+01	3.056774850000000e-03
3.715634430013597e+01	3.042369380000000e-03
3.718041580030695e+01	3.015286750000000e-03
3.721868639998138e+01	2.997615840000000e-03
3.724368940014392e+01	2.977832220000000e-03
3.727072430029511e+01	2.959969220000000e-03
3.731612460035831e+01	2.928661180000000e-03
3.734011180000380e+01	2.916944450000000e-03
3.736841350002214e+01	2.908685010000000e-03
3.739290320035070e+01	2.898313110000000e-03
3.743174650007859e+01	2.883139070000000e-03
3.745540780015290e+01	2.876416550000000e-03
3.747904000012204e+01	2.863355450000000e-03
3.752503980044276e+01	2.847797240000000e-03
3.757295160042122e+01	2.828781730000000e-03
3.762032870016992e+01	2.816489200000000e-03
3.766891080001369e+01	2.791327190000000e-03
3.769263170007616e+01	2.775193190000000e-03
3.771882670000196e+01	2.755217020000000e-03
3.774282780010253e+01	2.733704630000000e-03
3.777481870027259e+01	2.685878190000000e-03
3.781848320038989e+01	2.667630790000000e-03
3.784151860000566e+01	2.648807830000000e-03
3.788296490022913e+01	2.615386390000000e-03
3.791772270016372e+01	2.596947360000000e-03
3.794109249999747e+01	2.577163740000000e-03
3.796831430029124e+01	2.559492830000000e-03
3.799243600014597e+01	2.541629830000000e-03
3.801777620008215e+01	2.524535170000000e-03
3.804165870044380e+01	2.500909850000000e-03
3.807093740021810e+01	2.474979500000000e-03
3.811772050010040e+01	2.438100990000000e-03
3.814109640009701e+01	2.414283810000000e-03
3.816799760004506e+01	2.391234740000000e-03
3.819159800000489e+01	2.367801730000000e-03
3.822413090011105e+01	2.326505720000000e-03
3.826952130021527e+01	2.309026900000000e-03
3.831513470038772e+01	2.276757960000000e-03
3.834873940004036e+01	2.252364760000000e-03
3.837255820026621e+01	2.226242330000000e-03
3.842661439999938e+01	2.198199510000000e-03
3.847211910039186e+01	2.172461480000000e-03
3.851810850016773e+01	2.158055550000000e-03
3.855340980039909e+01	2.142113400000000e-03
3.858337680017576e+01	2.122713950000000e-03
3.862917440012097e+01	2.106003230000000e-03
3.866018570028245e+01	2.087564210000000e-03
3.868476940039545e+01	2.064515140000000e-03
3.871863950043917e+01	2.046652140000000e-03
3.876760470028967e+01	2.011502630000000e-03
3.879822019999847e+01	1.990374180000000e-03
3.882943370006979e+01	1.966941170000000e-03
3.887630640016869e+01	1.949078170000000e-03
3.892343540024012e+01	1.935824980000000e-03
3.894676890037954e+01	1.922763650000000e-03
3.896971830027178e+01	1.912775800000000e-03
3.901489980006590e+01	1.889534760000000e-03
3.905195950018242e+01	1.871479680000000e-03
3.908035990037024e+01	1.852080110000000e-03
3.912674810038880e+01	1.830375750000000e-03
3.916740979999304e+01	1.819235270000000e-03
3.919186300039291e+01	1.803485090000000e-03
3.922112920042127e+01	1.787158660000000e-03
3.925179130025208e+01	1.771984850000000e-03
3.928300670022145e+01	1.746438790000000e-03
3.931739840004593e+01	1.732417380000000e-03
3.934531340003014e+01	1.714746470000000e-03
3.936926080007106e+01	1.702069540000000e-03
3.942202340019867e+01	1.661157580000000e-03
3.948394650034606e+01	1.636571830000000e-03
3.951746330037713e+01	1.623510850000000e-03
3.954192040022463e+01	1.611986310000000e-03
3.957693180022761e+01	1.584135580000000e-03
3.962404850032181e+01	1.553019390000000e-03
3.967045210022479e+01	1.536884930000000e-03
3.971626830007881e+01	1.505000520000000e-03
3.974043570039794e+01	1.488674080000000e-03
3.977953310031444e+01	1.457750100000000e-03
3.982636460009962e+01	1.441423660000000e-03
3.984956520004198e+01	1.427594340000000e-03
3.987368720024824e+01	1.403200670000000e-03
3.991906240023673e+01	1.386106010000000e-03
3.996506610000506e+01	1.360175900000000e-03
3.998858020035550e+01	1.339623820000000e-03
4.001708520017564e+01	1.321376650000000e-03
4.004246880020946e+01	1.301208980000000e-03
4.007458740007132e+01	1.269324450000000e-03
4.011754570016637e+01	1.255879180000000e-03
4.014159560017288e+01	1.239937030000000e-03
4.016696549998596e+01	1.225339370000000e-03
4.019086010009050e+01	1.211317720000000e-03
4.021757160034031e+01	1.198448710000000e-03
4.024170610029250e+01	1.184619380000000e-03
4.027056370023638e+01	1.173094850000000e-03
4.032256290037185e+01	1.135256030000000e-03
4.036766240000725e+01	1.125075970000000e-03
4.039190240018070e+01	1.113743640000000e-03
4.043199160043150e+01	1.099721990000000e-03
4.045534530002624e+01	1.092423340000000e-03
4.049364750040695e+01	1.072063340000000e-03
4.051796400034800e+01	1.061499240000000e-03
4.054273070022464e+01	1.049398560000000e-03
4.056975100003183e+01	1.037489740000000e-03
4.061463130032644e+01	1.006565870000000e-03
4.065067780017853e+01	9.762177940000000e-04
4.068177400017157e+01	9.456779230000000e-04
4.071657250029966e+01	9.331930200000001e-04
4.074022470042109e+01	9.249339350000000e-04
4.076419020025060e+01	9.164825310000000e-04
4.079042810015380e+01	9.086075010000000e-04
4.081801340030506e+01	9.015007530000000e-04
4.085286990040913e+01	8.926651210000000e-04
4.087712580012158e+01	8.790278230000000e-04
4.091780410008505e+01	8.698083110000000e-04
4.094132460001856e+01	8.577076950000000e-04
4.096870300034061e+01	8.471435290000000e-04
4.100757230026647e+01	8.312011490000000e-04
4.103948870021850e+01	8.181401640000000e-04
4.106963440030813e+01	8.077680249999999e-04
4.111567940004170e+01	7.954753820000000e-04
4.113907310040668e+01	7.895208550000000e-04
4.116888070013374e+01	7.856793240000000e-04
4.121556080039591e+01	7.822220800000000e-04
4.123874630033970e+01	7.806853970000000e-04
4.127008530031890e+01	7.772281530000000e-04
4.131630000006407e+01	7.726183390000000e-04
4.133955710008740e+01	7.728103660000000e-04
4.136299830023199e+01	7.733866810000000e-04
4.139313770039007e+01	7.712738590000000e-04
4.141884080041200e+01	7.676244130000000e-04
4.147040540026501e+01	7.553314790000000e-04
4.151691000023857e+01	7.403497580000000e-04
4.154999000020325e+01	7.088367130000000e-04
4.166046350030228e+01	7.011607520000000e-04
4.168459660001099e+01	6.940221060000000e-04
4.170768440002576e+01	6.904720210000001e-04
4.173077250039205e+01	6.871906230000000e-04
4.176715490035713e+01	6.840818680000000e-04
4.179047070024535e+01	6.808004690000000e-04
4.181706960033625e+01	6.774805950000000e-04
4.184058630000800e+01	6.728750300000000e-04
4.187030750000849e+01	6.710136660000000e-04
4.189500220026821e+01	6.703036490000000e-04
4.192290350003168e+01	6.665040860000000e-04
4.196848120028153e+01	6.619369380000000e-04
4.201637300010771e+01	6.562375350000000e-04
4.205028340034187e+01	6.533783160000000e-04
4.207832550024614e+01	6.488495270000000e-04
4.212450750032440e+01	6.453377430000000e-04
4.216813840018585e+01	6.434763780000000e-04
4.219150090031326e+01	6.405978930000000e-04
4.221576960012317e+01	6.370670740000000e-04
4.223874800000340e+01	6.349945320000000e-04
4.227040790021420e+01	6.347066960000000e-04
4.231766600022092e+01	6.334209470000000e-04
4.234107210021466e+01	6.319241370000000e-04
4.237000890029594e+01	6.295830240000000e-04
4.241940910043195e+01	6.239796059999999e-04
4.246805870020762e+01	6.169560950000000e-04
4.249691680027172e+01	6.126000080000000e-04
4.252097310032696e+01	6.078794250000000e-04
4.257615050021559e+01	6.005488690000000e-04
4.261906020017341e+01	5.998773270000000e-04
4.266843130020425e+01	5.955787490000000e-04
4.269154630042613e+01	5.936213419999999e-04
4.271796580031514e+01	5.929498000000000e-04
4.274210470030084e+01	5.918751120000000e-04
4.276783450040966e+01	5.900328980000000e-04
4.280600480036810e+01	5.872696060000000e-04
4.282966760033742e+01	5.836427439999999e-04
4.287026940006763e+01	5.814550680000000e-04
4.291683450015262e+01	5.748153780000000e-04
4.294061930011958e+01	5.694999130000000e-04
4.297698080027476e+01	5.611906530000000e-04
4.301757730031386e+01	5.571608200000000e-04
4.305526550021023e+01	5.532270300000000e-04
4.308713320037350e+01	5.517493700000000e-04
4.311823500040919e+01	5.497536040000000e-04
4.314216849999502e+01	5.483911950000000e-04
4.316859730007127e+01	5.475468350000000e-04
4.322615060023963e+01	5.452632320000000e-04
4.327241990016773e+01	5.418282820000000e-04
4.331715730018914e+01	5.391801240000000e-04
4.334129730006680e+01	5.359561760000000e-04
4.338121720030904e+01	5.298347100000000e-04
4.341119060013443e+01	5.225617210000000e-04
4.344180470006540e+01	5.115084930000000e-04
4.347028510039672e+01	5.029690800000000e-04
4.351844790019095e+01	4.891331770000000e-04
4.354514420032501e+01	4.820330070000000e-04
4.357235410017893e+01	4.715745160000000e-04
4.361815120000392e+01	4.676982350000000e-04
4.364221190009266e+01	4.633422070000000e-04
4.367072450043634e+01	4.581992980000000e-04
4.370627910038456e+01	4.527302520000000e-04
4.373022830020636e+01	4.513102180000000e-04
4.376869380008429e+01	4.510223230000000e-04
4.380087400041521e+01	4.504850370000000e-04
4.383287820033729e+01	4.463016810000000e-04
4.387884790031239e+01	4.422334310000000e-04
4.392617930006236e+01	4.332334790000000e-04
4.397192740021273e+01	4.257878460000000e-04
4.400337950000539e+01	4.161545370000000e-04
4.402677720040083e+01	4.050436840000000e-04
4.408066190034151e+01	3.983848440000000e-04
4.411827650014311e+01	3.964658830000000e-04
4.414156020013615e+01	3.944509660000000e-04
4.417204490024596e+01	3.875234980000000e-04
4.421966670034453e+01	3.827260230000000e-04
4.426783130038530e+01	3.765277220000000e-04
4.429130979999900e+01	3.745128050000000e-04
4.431472900044173e+01	3.733997870000000e-04
4.433899670001119e+01	3.710778260000000e-04
4.437797690043226e+01	3.629030250000000e-04
4.441835030028597e+01	3.580863700000000e-04
4.444224570039660e+01	3.557260500000000e-04
4.447069400036708e+01	3.553230490000000e-04
4.451687320042402e+01	3.543635830000000e-04
4.454327190015465e+01	3.516194410000000e-04
4.457037180010229e+01	3.477622810000000e-04
4.459566010022536e+01	3.446535560000000e-04
4.461920790001750e+01	3.417367120000000e-04
4.466859200038016e+01	3.359989500000000e-04
4.469208900025114e+01	3.335427030000000e-04
4.471942280000076e+01	3.312591290000000e-04
4.478004200011492e+01	3.240821530000000e-04
4.481865290040150e+01	3.219520730000000e-04
4.484279870009050e+01	3.193614540000000e-04
4.487095020012930e+01	3.167324760000000e-04
4.489513700036332e+01	3.143529170000000e-04
4.491941910004243e+01	3.128177490000000e-04
4.496613670000806e+01	3.107260560000000e-04
4.499821950029582e+01	3.089414390000000e-04
4.502973030041903e+01	3.053721450000000e-04
4.507645370019600e+01	2.976770340000000e-04
4.512255570013076e+01	2.840523380000000e-04
4.516798100015149e+01	2.799457000000000e-04
4.519135590037331e+01	2.767218390000000e-04
4.521497080009431e+01	2.738241750000000e-04
4.523841870017350e+01	2.700054320000000e-04
4.527018190035596e+01	2.675683350000000e-04
4.531670590024441e+01	2.618881700000000e-04
4.535414519999176e+01	2.578775170000000e-04
4.537791690044105e+01	2.521205750000000e-04
4.541818240005523e+01	2.479755790000000e-04
4.544216720014811e+01	2.454425270000000e-04
4.547009840002283e+01	2.438497900000000e-04
4.550927600031719e+01	2.420459350000000e-04
4.553337550023571e+01	2.405107660000000e-04
4.557291530026123e+01	2.383423270000000e-04
4.562008300004527e+01	2.375171750000000e-04
4.566883630026132e+01	2.366728150000000e-04
4.571454549999908e+01	2.344084210000000e-04
4.573791090026498e+01	2.321440550000000e-04
4.576983430003747e+01	2.302634380000000e-04
4.579404790000990e+01	2.280566260000000e-04
4.581789560010657e+01	2.248711100000000e-04
4.584208329999819e+01	2.190182570000000e-04
4.588497580029070e+01	2.093657970000000e-04
4.591828550025821e+01	2.050289190000000e-04
4.594198900042102e+01	2.012869230000000e-04
4.596797080012038e+01	1.980630480000000e-04
4.599456980032846e+01	1.955491750000000e-04
4.601791810011491e+01	1.941099470000000e-04
4.604141080006957e+01	1.928818240000000e-04
4.607138040009886e+01	1.917879850000000e-04
4.609539220016450e+01	1.900225320000000e-04
4.611875060014427e+01	1.878157200000000e-04
4.616521440027282e+01	1.853402350000000e-04
4.618887700000778e+01	1.846302040000000e-04
4.621827200008556e+01	1.838050520000000e-04
4.624128780001774e+01	1.815406580000000e-04
4.626954890042543e+01	1.791995310000000e-04
4.631472810031846e+01	1.762442990000000e-04
4.635053590033203e+01	1.725406910000000e-04
4.638169870013371e+01	1.689713680000000e-04
4.641357050044462e+01	1.656707320000000e-04
4.643711450044066e+01	1.622933490000000e-04
4.647044790023938e+01	1.592421760000000e-04
4.651656630029902e+01	1.538498470000000e-04
4.655488200020045e+01	1.490140420000000e-04
4.658402500022203e+01	1.452528520000000e-04
4.663155820034444e+01	1.415876030000000e-04
4.667005150020123e+01	1.398989120000000e-04
4.671084620011970e+01	1.375385760000000e-04
4.673490210017189e+01	1.350246890000000e-04
4.676728820009157e+01	1.333551920000000e-04
4.680491080041975e+01	1.310716180000000e-04
4.683590640034527e+01	1.281164000000000e-04
4.686990940012038e+01	1.263125740000000e-04
4.692730170022696e+01	1.202869900000000e-04
4.696673020021990e+01	1.185982910000000e-04
4.698981280019507e+01	1.162955230000000e-04
4.701382870040834e+01	1.128221630000000e-04
4.703822690015659e+01	1.088690620000000e-04
4.708535880036652e+01	1.043978550000000e-04
4.713180470000952e+01	1.008861290000000e-04
4.717861350020394e+01	9.653005690000000e-05
4.721724860044196e+01	9.459190190000000e-05
4.724144170014188e+01	9.205885000000000e-05
4.726991450041533e+01	9.065799530000001e-05
4.730320760002360e+01	8.895011710000001e-05
4.732663150038570e+01	8.643625920000000e-05
4.738065740000457e+01	8.374968459999999e-05
4.741720820032060e+01	8.219531450000000e-05
4.744070130027831e+01	7.977740459999999e-05
4.746954010007903e+01	7.728274800000000e-05
4.752005810011178e+01	7.309937790000000e-05
4.758252800023183e+01	6.659404610000000e-05
4.760646990034729e+01	6.419533750000000e-05
4.763057450018823e+01	6.045333790000000e-05
4.767031340021640e+01	5.872625480000000e-05
4.771579960035160e+01	5.646185670000000e-05
4.773956010024995e+01	5.469641110000000e-05
4.776665470004082e+01	4.593450650000000e-05
4.789198650000617e+01	4.433608770000000e-05
4.791626990027726e+01	4.294323660000000e-05
4.794052410032600e+01	4.178668680000000e-05
4.796457030018792e+01	4.066087790000000e-05
4.798807670036331e+01	3.904900950000000e-05
4.801776200020686e+01	3.779640610000000e-05
4.804801450017840e+01	3.706059580000000e-05
4.807772150030360e+01	3.607118920000000e-05
4.812444670032710e+01	3.451888190000000e-05
4.816741680027917e+01	3.390986970000000e-05
4.819064020039514e+01	3.352755450000000e-05
4.821872340003029e+01	3.313755590000000e-05
4.825056590000167e+01	3.254583130000000e-05
4.827379760006443e+01	3.222691520000000e-05
4.831722660036758e+01	3.180618300000000e-05
4.834031810006127e+01	3.118756290000000e-05
4.836774620041251e+01	3.056702190000000e-05
4.839127920009196e+01	3.019815630000000e-05
4.842233130009845e+01	2.955456150000000e-05
4.846951290033758e+01	2.899549870000000e-05
4.851597030041739e+01	2.746048090000000e-05
4.855083590000868e+01	2.617713650000000e-05
4.858030320005491e+01	2.517236130000000e-05
4.862666620034724e+01	2.462866720000000e-05
4.866916320007294e+01	2.453261000000000e-05
4.871499690040946e+01	2.429246340000000e-05
4.873828370030969e+01	2.414453230000000e-05
4.878217990044504e+01	2.338566810000000e-05
4.881850430043414e+01	2.286695050000000e-05
4.884258540021256e+01	2.247502930000000e-05
4.886717430036515e+01	2.206774120000000e-05
4.889189180033281e+01	2.148178460000000e-05
4.891806730022654e+01	2.070946900000000e-05
4.894221220025793e+01	1.984878140000000e-05
4.896799370041117e+01	1.921479630000000e-05
4.899107600003481e+01	1.855583290000000e-05
4.903125640004873e+01	1.708036870000000e-05
4.907914330018684e+01	1.593918930000000e-05
4.911806990019977e+01	1.549539960000000e-05
4.915493820002303e+01	1.516495740000000e-05
4.917877320013940e+01	1.463855730000000e-05
4.921809290023521e+01	1.408525800000000e-05
4.924214970041066e+01	1.319959570000000e-05
4.927220360003412e+01	1.175102990000000e-05
4.931702210009098e+01	1.139177040000000e-05
4.934060700004920e+01	1.073472870000000e-05
4.937152610020712e+01	9.645421410000000e-06
4.941891550039873e+01	9.245816730000000e-06
4.944920550007373e+01	8.817394699999999e-06
4.947334850020707e+01	7.787643880000001e-06
4.951828550035134e+01	7.071045270000000e-06
4.954378220019862e+01	6.425531410000000e-06
4.957242440013215e+01	5.165239140000000e-06
4.962054700031877e+01	4.419823650000000e-06
4.966973620001227e+01	3.115344500000000e-06
4.971527330018580e+01	2.650421490000000e-06
4.973866830021143e+01	2.552440260000000e-06
4.976373630017042e+01	2.498647750000000e-06
4.978756080009043e+01	2.112519270000000e-06
4.991710680024698e+01	2.038738330000000e-06
4.994070500042289e+01	1.986340520000000e-06
4.996473260037601e+01	1.892910400000000e-06
4.998826880007982e+01	1.777904460000000e-06
5.002485060039908e+01	1.643634730000000e-06
5.007110340008512e+01	1.564267220000000e-06
5.010366970021278e+01	1.445794060000000e-06
5.013430810021237e+01	1.347740410000000e-06
5.018065080000088e+01	1.231193440000000e-06
5.022667830018327e+01	1.180336650000000e-06
5.027064750017598e+01	1.175713350000000e-06
5.031576290028170e+01	1.145083620000000e-06
5.035263860039413e+01	1.126397590000000e-06
5.037602620013058e+01	1.110215980000000e-06
5.041439420031384e+01	1.053387220000000e-06
5.043925850000232e+01	1.019482740000000e-06
5.046959000034258e+01	1.008694880000000e-06
5.051491700019687e+01	1.009272860000000e-06
5.053868170036003e+01	1.023720760000000e-06
5.058580860029906e+01	1.065523520000000e-06
5.061783180013299e+01	1.102702980000000e-06
5.064171530026942e+01	1.134103290000000e-06
5.067866190010682e+01	1.178217530000000e-06
5.070283270021901e+01	1.232156820000000e-06
5.072656290000305e+01	1.295342490000000e-06
5.076655529998243e+01	1.302470200000000e-06
5.079054470034316e+01	1.303626160000000e-06
5.081711740000173e+01	1.307478780000000e-06
5.084071250027046e+01	1.330595520000000e-06
5.087123840022832e+01	1.354482720000000e-06
5.091705620009452e+01	1.406302890000000e-06
5.094236720027402e+01	1.445023490000000e-06
5.097306800028309e+01	1.498191980000000e-06
5.100425320025533e+01	1.522849740000000e-06
5.103655480034649e+01	1.548470780000000e-06
5.108414050005376e+01	1.711829100000000e-06
5.113052720017731e+01	2.123307240000000e-06
5.116768439998850e+01	2.547885060000000e-06
5.119322030013427e+01	3.031987940000000e-06
5.121724750008434e+01	3.315167760000000e-06
5.125526910042390e+01	3.426128390000000e-06
5.127842340013012e+01	3.435182630000000e-06
5.130274560023099e+01	3.440768980000000e-06
5.133381640026346e+01	3.443273270000000e-06
5.136712100030854e+01	3.442502930000000e-06
5.139169080043212e+01	3.442888100000000e-06
5.142665090039372e+01	3.446933310000000e-06
5.147100240038708e+01	3.496249290000000e-06
5.151691500004381e+01	3.893087070000000e-06
5.155280130030587e+01	4.098054890000000e-06
5.158458310039714e+01	4.153535880000000e-06
5.161358200013638e+01	4.165094200000000e-06
5.163670810032636e+01	4.169716700000000e-06
5.166998050035909e+01	4.221536530000000e-06
5.172249790001661e+01	4.476206870000000e-06
5.176935980003327e+01	4.470620300000000e-06
5.181580720003694e+01	3.646893450000000e-06
5.184616730036214e+01	2.759402830000000e-06
5.187675210041925e+01	2.001944270000000e-06
5.190152510022745e+01	1.441748510000000e-06
5.192498300038278e+01	1.061863370000000e-06
5.197106440039352e+01	1.144120460000000e-06
5.201771820010617e+01	1.532866920000000e-06
5.204393070004880e+01	2.175705280000000e-06
5.207883350038901e+01	3.722600700000000e-06
5.212693080026656e+01	4.492195330000000e-06
5.217313440004364e+01	5.269110260000000e-06
5.220360130025074e+01	6.335562830000000e-06
5.222757310001180e+01	2.091503850000000e-05
5.237219750043005e+01	2.263256650000000e-05
5.239544850029051e+01	2.392743770000000e-05
5.241968740010634e+01	2.527994730000000e-05
5.247045080037788e+01	3.000027570000000e-05
5.251634900039062e+01	3.657069460000000e-05
5.254433720000088e+01	4.011910640000000e-05
5.257464160025120e+01	4.538888970000000e-05
5.262082350021228e+01	4.729277500000000e-05
5.266852220008150e+01	5.034552670000000e-05
5.271566660003737e+01	5.848362340000000e-05
5.273985270038247e+01	6.689068690000001e-05
5.277536610001698e+01	7.269071649999999e-05
5.282342540007085e+01	7.293086670000000e-05
5.284793930035084e+01	7.298081620000000e-05
5.287188110034913e+01	7.325939080000000e-05
5.293217240041122e+01	7.350144730000000e-05
5.296854510018602e+01	7.457347240000000e-05
5.299186130007729e+01	7.791823740000000e-05
5.301910990010947e+01	8.075965889999999e-05
5.306941360002384e+01	7.829862439999999e-05
5.311635990021750e+01	7.419499890000000e-05
5.315116800041869e+01	7.404515049999999e-05
5.317480290029198e+01	7.416810690000000e-05
5.321822320017964e+01	7.531887970000001e-05
5.324166080029681e+01	7.750518129999999e-05
5.327419630018994e+01	8.181438170000000e-05
5.331844770023599e+01	8.401220110000000e-05
5.335291970008984e+01	9.226994010000000e-05
5.346199150010943e+01	9.132965350000000e-05
5.349264590023085e+01	9.102260810000000e-05
5.351683280011639e+01	9.106097420000001e-05
5.354521170025691e+01	9.090748060000000e-05
5.357152790017426e+01	9.081151800000000e-05
5.361663549998775e+01	9.069639050000000e-05
5.364068090030923e+01	9.071556270000000e-05
5.368054640013725e+01	9.079232400000000e-05
5.371693700039759e+01	9.098421290000001e-05
5.374092770041898e+01	9.171343850000000e-05
5.377249260013923e+01	9.716331989999999e-05
5.381820240011439e+01	1.002720670000000e-04
5.384182850038633e+01	1.026515970000000e-04
5.388064850028604e+01	1.039373160000000e-04
5.391680490039289e+01	1.040908390000000e-04
5.394072080031037e+01	1.041675710000000e-04
5.397352760005742e+01	1.048967970000000e-04
5.401775610027835e+01	1.051270810000000e-04
5.413366809999570e+01	1.073338860000000e-04
5.416886930027977e+01	1.089650250000000e-04
5.422449740022421e+01	1.128797230000000e-04
5.426954420004040e+01	1.149906020000000e-04
5.431475410005078e+01	1.217262030000000e-04
5.434833570010960e+01	1.249884810000000e-04
5.438031900022179e+01	1.302080780000000e-04
5.442695490038022e+01	1.407624510000000e-04
5.446960020018741e+01	1.455982710000000e-04
5.452098940033466e+01	1.493978490000000e-04
5.458389880042523e+01	1.543104010000000e-04
5.463076410023496e+01	1.584553830000000e-04
5.465493370033801e+01	1.616408990000000e-04
5.467816020036116e+01	1.637709650000000e-04
5.471775150019675e+01	1.656323580000000e-04
5.474150510039181e+01	1.701419530000000e-04
5.476698369998485e+01	1.753999530000000e-04
5.480319840041921e+01	1.850715780000000e-04
5.482625160040334e+01	1.945896950000000e-04
5.486897920025513e+01	1.994255140000000e-04
5.492650240007788e+01	2.101717690000000e-04
5.495770810032263e+01	2.143551390000000e-04
5.498159039998427e+01	2.168114150000000e-04
5.501842970028520e+01	2.188263610000000e-04
5.504365000035614e+01	2.225299830000000e-04
5.508275380032137e+01	2.284595980000000e-04
5.512979680020362e+01	2.359627980000000e-04
5.517700870009139e+01	2.457303930000000e-04
5.522324770037085e+01	2.514489170000000e-04
5.524822620023042e+01	2.562463630000000e-04
5.528576570004225e+01	2.674148130000000e-04
5.531883450038731e+01	2.737282480000000e-04
5.536540470039472e+01	2.853955960000000e-04
5.538935420010239e+01	2.917090310000000e-04
5.541811060020700e+01	2.972548540000000e-04
5.544201830029488e+01	3.021098670000000e-04
5.546955690020695e+01	3.066002680000000e-04
5.551604290027171e+01	3.185363020000000e-04
5.554977110028267e+01	3.246002600000000e-04
5.557908589998260e+01	3.300885730000000e-04
5.561957770027220e+01	3.331013430000000e-04
5.567305009998381e+01	3.426770270000000e-04
5.571692410018295e+01	3.458049320000000e-04
5.574104760028422e+01	3.501993780000000e-04
5.578077150043100e+01	3.573763530000000e-04
5.582006630022079e+01	3.587004610000000e-04
5.584698200039566e+01	3.598902550000000e-04
5.587061790004373e+01	3.634403400000000e-04
5.592034740000963e+01	3.813635560000000e-04
5.596578160021454e+01	4.036236500000000e-04
5.598882950004190e+01	4.151567410000000e-04
5.601772120036185e+01	4.216812090000000e-04
5.604451190028340e+01	4.276492400000000e-04
5.607592460000888e+01	4.362462500000000e-04
5.612379500037059e+01	4.433080610000000e-04
5.615420930041000e+01	4.528262070000000e-04
5.617757180007175e+01	4.676406680000000e-04
5.621784570021555e+01	4.774849800000000e-04
5.624175600009039e+01	4.881161440000000e-04
5.627897840039805e+01	5.055404620000000e-04
5.631700650043786e+01	5.191842790000000e-04
5.634094000002369e+01	5.371651500000000e-04
5.637268870044500e+01	5.684252250000000e-04
5.641716410033405e+01	5.834508340000000e-04
5.644056020025164e+01	5.967492470000000e-04
5.646438420005143e+01	6.069582890000000e-04
5.648776190029457e+01	6.170136620000000e-04
5.652669060043991e+01	6.318281520000000e-04
5.657563260011375e+01	6.426704350000000e-04
5.661951840016991e+01	6.484656480000000e-04
5.666780660022050e+01	6.639134370000000e-04
5.669090800033882e+01	6.727408040000001e-04
5.671716090012342e+01	6.799753170000000e-04
5.674018070008606e+01	6.876320690000000e-04
5.677627640031278e+01	7.097962080000000e-04
5.681906240014359e+01	7.199667160000000e-04
5.686952670011669e+01	7.382737240000000e-04
5.691583409998566e+01	7.585188720000000e-04
5.693925460008904e+01	7.705700700000000e-04
5.696765430038795e+01	7.816617140000000e-04
5.699138989998028e+01	7.962844100000000e-04
5.701852030027658e+01	8.096788660000000e-04
5.705514780012891e+01	8.289070100000000e-04
5.708713820017874e+01	8.462161060000000e-04
5.711868420010433e+01	9.189796400000000e-04
5.724163900036365e+01	9.243576210000000e-04
5.727281550038606e+01	9.431808720000000e-04
5.731722910003737e+01	9.548974340000000e-04
5.734044630033895e+01	9.645012320000000e-04
5.736692060017958e+01	9.771782210000000e-04
5.739105760026723e+01	9.894710970000001e-04
5.741706700017676e+01	9.996511510000001e-04
5.744113990012556e+01	1.013672560000000e-03
5.746954800002277e+01	1.027886170000000e-03
5.751514929998666e+01	1.052087410000000e-03
5.755448920000345e+01	1.072639720000000e-03
5.758389670029283e+01	1.095880520000000e-03
5.763111530011520e+01	1.121234610000000e-03
5.766219030041248e+01	1.137945100000000e-03
5.769314310001209e+01	1.153118910000000e-03
5.771710300026461e+01	1.164451470000000e-03
5.775551680009812e+01	1.180777910000000e-03
5.777930450020358e+01	1.194991290000000e-03
5.781772270007059e+01	1.203058640000000e-03
5.784108300041407e+01	1.215543480000000e-03
5.787935460032895e+01	1.238400350000000e-03
5.791652430035174e+01	1.247043720000000e-03
5.794082630006596e+01	1.253190100000000e-03
5.797299290029332e+01	1.269708500000000e-03
5.801699340017512e+01	1.280080640000000e-03
5.804035520041361e+01	1.287955670000000e-03
5.806948920013383e+01	1.294678310000000e-03
5.812585880002007e+01	1.320608540000000e-03
5.816830820031464e+01	1.329828050000000e-03
5.819241600017995e+01	1.339047800000000e-03
5.821794850006700e+01	1.346346460000000e-03
5.824962100014091e+01	1.354413570000000e-03
5.828140890039504e+01	1.372468770000000e-03
5.831759630003944e+01	1.384761650000000e-03
5.834057050012052e+01	1.397438580000000e-03
5.837456950033084e+01	1.421639810000000e-03
5.841751980036497e+01	1.435661460000000e-03
5.844049210008234e+01	1.448914530000000e-03
5.847048780042678e+01	1.464088450000000e-03
5.851645480003208e+01	1.494820580000000e-03
5.854886600002646e+01	1.517677450000000e-03
5.857954760035500e+01	1.553211360000000e-03
5.861698060017079e+01	1.571074360000000e-03
5.864060949999839e+01	1.587784850000000e-03
5.866962590022013e+01	1.605071590000000e-03
5.872005930030718e+01	1.646367830000000e-03
5.876633220026270e+01	1.682093600000000e-03
5.879781420016661e+01	1.715898860000000e-03
5.882885690033436e+01	1.740292410000000e-03
5.886027970025316e+01	1.766222650000000e-03
5.889195250021294e+01	1.788119090000000e-03
5.891788460034877e+01	1.806558340000000e-03
5.894159580022097e+01	1.821732260000000e-03
5.896714180009440e+01	1.838058700000000e-03
5.899052560003474e+01	1.858226490000000e-03
5.901681490009651e+01	1.877626050000000e-03
5.904724750015885e+01	1.897217820000000e-03
5.907477890001610e+01	1.915272670000000e-03
5.912542460020632e+01	1.926029100000000e-03
5.915595380030572e+01	1.941779280000000e-03
5.918777160020545e+01	1.961562780000000e-03
5.921785730030388e+01	1.972895350000000e-03
5.924163540033624e+01	1.985572050000000e-03
5.926934560015798e+01	1.995944420000000e-03
5.931527110002935e+01	2.011694480000000e-03
5.933907290035859e+01	2.019761600000000e-03
5.936826510028914e+01	2.027252690000000e-03
5.939179110014811e+01	2.035127720000000e-03
5.941993350023404e+01	2.044731520000000e-03
5.944728050008416e+01	2.057024040000000e-03
5.947048830008134e+01	2.069124720000000e-03
5.951588870026171e+01	2.092557960000000e-03
5.954535170039162e+01	2.112342040000000e-03
5.957481070002541e+01	2.141345290000000e-03
5.962107180012390e+01	2.153830140000000e-03
5.968340370012447e+01	2.192629270000000e-03
5.971716530015692e+01	2.209723930000000e-03
5.974037630017847e+01	2.223169430000000e-03
5.977739310031757e+01	2.249483480000000e-03
5.981740140030161e+01	2.262928760000000e-03
5.985546150011942e+01	2.283096310000000e-03
5.988665680028498e+01	2.303456650000000e-03
5.991792550031096e+01	2.312292340000000e-03
5.994114780006930e+01	2.318246520000000e-03
5.996799560030922e+01	2.321703590000000e-03
5.999549530027434e+01	2.328042410000000e-03
6.001951400004327e+01	2.335917440000000e-03
6.005732490029186e+01	2.353012100000000e-03
