# [General]
# timestamp=2025-04-09T15:19:16.553818
# comments='# '
# delimiter='\t'
# column_dtypes=float;;float
# column_headers='Time (s);;Power (W)'
# 
# [Metadata]
# scanner_x=-5.0978161682
# scanner_y=3.5706164072
# start recoding time='09.04.2025, 15:18:16.498902'
# sample rate (hz)=50.0
# sample timing='TIMESTAMP'
# 
# ---- END HEADER ----
2.862299792468548e-03	1.071833630000000e-02
3.617540001869202e-02	1.055262140000000e-02
6.716590002179146e-02	1.053167040000000e-02
1.144069000147283e-01	1.029928870000000e-02
1.763222999870777e-01	1.027071660000000e-02
2.214697999879718e-01	1.005547770000000e-02
2.711141998879611e-01	1.000976380000000e-02
2.995119001716375e-01	9.916429410000000e-03
3.306171000003815e-01	9.800239470000000e-03
3.615064998157322e-01	9.786905720000001e-03
4.232771000824869e-01	9.548809380000000e-03
4.686500001698732e-01	9.508810010000000e-03
5.155245000496507e-01	9.280236440000001e-03
5.614992999471724e-01	9.280236440000001e-03
5.915485001169145e-01	9.179284800000000e-03
6.228133998811245e-01	9.055473840000000e-03
6.701354999095201e-01	8.994521570000000e-03
7.166009000502527e-01	8.764045309999999e-03
7.626065998338163e-01	8.775473569999999e-03
8.090197998099029e-01	8.661187250000001e-03
8.401982001960278e-01	8.537377230000000e-03
8.716020998544991e-01	8.449757469999999e-03
9.027966000139713e-01	8.421185430000000e-03
9.347040001302958e-01	8.242137730000000e-03
9.668816998600960e-01	8.223091250000000e-03
1.012523999903351e+00	8.066900070000001e-03
1.060889699961990e+00	7.965946570000000e-03
1.092186400201172e+00	7.870708590000001e-03
1.123027000110596e+00	7.724041580000000e-03
1.169098199810833e+00	7.718326520000000e-03
1.200074300169945e+00	7.602137050000000e-03
1.230711800046265e+00	7.468801920000000e-03
1.276471099816263e+00	7.434517150000000e-03
1.324013600125909e+00	7.209754080000000e-03
1.370127500034869e+00	7.188800720000000e-03
1.417424799874425e+00	6.766128350000000e-03
1.558716599829495e+00	6.648962390000000e-03
1.590397600084543e+00	6.607282440000000e-03
1.621745899785310e+00	6.448628380000000e-03
1.668660500086844e+00	6.414438600000000e-03
1.715526700019836e+00	6.185870150000000e-03
1.761538499966264e+00	6.194320970000000e-03
1.792758699972183e+00	6.065630350000000e-03
1.822471200022846e+00	5.951154050000000e-03
1.868599200155586e+00	5.904095250000000e-03
1.915579599794000e+00	5.691468720000000e-03
1.977102799806744e+00	5.669764240000000e-03
2.026063799858093e+00	5.471350630000000e-03
2.071336499880999e+00	5.399898630000000e-03
2.102401100099087e+00	5.366477650000000e-03
2.133735700044781e+00	5.207247100000000e-03
2.165357099846005e+00	5.182085560000000e-03
2.212506600189954e+00	5.040910560000000e-03
2.273869799915701e+00	4.950250960000000e-03
2.319946900010109e+00	4.732822070000000e-03
2.366361900232732e+00	4.764129870000000e-03
2.397187300026417e+00	4.597409160000000e-03
2.428311500232667e+00	4.521539430000000e-03
2.472920900210738e+00	4.481203850000000e-03
2.518506200052798e+00	4.277220000000000e-03
2.565267900004983e+00	4.263006620000000e-03
2.611355999950320e+00	4.139886240000000e-03
2.642930699978024e+00	4.122791810000000e-03
2.673667400144041e+00	3.970475870000000e-03
2.704185599926859e+00	3.999095410000000e-03
2.735503499861807e+00	3.829877130000000e-03
2.767328000161797e+00	3.815471660000000e-03
2.814730999991298e+00	3.628390140000000e-03
2.876506399828941e+00	3.610911310000000e-03
2.921985600143671e+00	3.403470620000000e-03
2.970047399867326e+00	3.386759900000000e-03
3.000917499884963e+00	3.330481940000000e-03
3.034987600054592e+00	3.211779520000000e-03
3.063521999865770e+00	3.240590920000000e-03
3.110471600200981e+00	3.090772310000000e-03
3.141068200115114e+00	3.050436500000000e-03
3.172498600091785e+00	2.997807930000000e-03
3.221490500029176e+00	2.821675270000000e-03
3.265181900002062e+00	2.845492450000000e-03
3.295729300007224e+00	2.684533600000000e-03
3.326438299845904e+00	2.613273450000000e-03
3.372596200089902e+00	2.608663870000000e-03
3.420188600197434e+00	2.447704780000000e-03
3.467563699930906e+00	2.434836000000000e-03
3.514915999956429e+00	2.263889180000000e-03
3.563116400036961e+00	2.291548070000000e-03
3.593355500139296e+00	2.155174730000000e-03
3.624222599901259e+00	2.099856970000000e-03
3.671479600016028e+00	2.088908800000000e-03
3.718096700031310e+00	1.910086950000000e-03
3.764299000147730e+00	1.927949840000000e-03
3.811848400160670e+00	1.808095020000000e-03
3.875067799817771e+00	1.683438310000000e-03
3.905102599877864e+00	1.741252840000000e-03
3.938183099962771e+00	1.611794230000000e-03
3.966444400139153e+00	1.584327550000000e-03
4.017488500103354e+00	1.467737950000000e-03
4.075447299983352e+00	1.475612980000000e-03
4.121122700162232e+00	1.306778980000000e-03
4.167379000224173e+00	1.354413570000000e-03
4.198749400209635e+00	1.248580170000000e-03
4.230808699969202e+00	1.196143920000000e-03
4.278310900088400e+00	1.201713920000000e-03
4.325535700190812e+00	1.049014270000000e-03
4.370753299910575e+00	1.068029790000000e-03
4.416244499851018e+00	9.525926430000000e-04
4.464172699954361e+00	9.967699880000000e-04
4.496282900217921e+00	8.603965400000000e-04
4.527695599943399e+00	8.302407800000000e-04
4.573862100020051e+00	8.536739040000000e-04
4.620486199855804e+00	7.457277390000000e-04
4.666658299975097e+00	7.607096920000000e-04
4.713498900178820e+00	6.393182560000000e-04
4.760329499840736e+00	6.456566040000000e-04
4.792535000015050e+00	5.799670469999999e-04
4.823572900146246e+00	5.815037290000000e-04
4.869432600215077e+00	5.772779700000000e-04
4.915585299953818e+00	4.470510470000000e-04
4.962543500121683e+00	5.106280440000000e-04
5.009484800044447e+00	4.445745730000000e-04
5.088819900061935e+00	4.026641550000000e-04
5.119671700056642e+00	3.527132790000000e-04
5.150925999972969e+00	3.397601830000000e-04
5.181238799821585e+00	3.677963980000000e-04
5.212805700022727e+00	2.825363190000000e-04
5.275503700133413e+00	3.121653280000000e-04
5.322177200112492e+00	2.077538520000000e-04
5.370051600039005e+00	2.398967040000000e-04
5.401036600116640e+00	2.145854230000000e-04
5.430909899994731e+00	1.795449350000000e-04
5.478185399901122e+00	2.095001400000000e-04
5.528118600137532e+00	1.457709590000000e-04
5.571930999867618e+00	1.818093150000000e-04
5.617433200124651e+00	1.284810130000000e-04
5.664268500171602e+00	1.507411070000000e-04
5.695779399946332e+00	1.248157640000000e-04
5.726618799846619e+00	1.192699200000000e-04
5.773403500206769e+00	1.329905790000000e-04
5.822324899956584e+00	1.109799410000000e-04
5.865549500100315e+00	1.244895390000000e-04
5.913525700103492e+00	1.148179070000000e-04
5.974418099969625e+00	1.140311210000000e-04
6.004719600081444e+00	1.239330450000000e-04
6.036143000237644e+00	1.121313330000000e-04
6.067820800002664e+00	1.420673510000000e-04
6.114382199943066e+00	1.251419740000000e-04
6.161477399989963e+00	1.334511470000000e-04
6.223246799781919e+00	1.356387800000000e-04
6.270233599934727e+00	1.749393850000000e-04
6.301115199923515e+00	1.799671150000000e-04
6.331798200029880e+00	1.588583840000000e-04
6.362678899895400e+00	2.242570480000000e-04
6.409159900154918e+00	2.300523480000000e-04
6.439862300176173e+00	2.256770970000000e-04
6.470812700223178e+00	2.766834800000000e-04
6.517271100077778e+00	2.456152580000000e-04
6.563838200177997e+00	3.354616640000000e-04
6.594812000170350e+00	2.645363570000000e-04
6.625525199808180e+00	3.321802070000000e-04
6.671867200173438e+00	4.023955260000000e-04
6.718828999903053e+00	3.559947070000000e-04
6.765380300115794e+00	4.703656010000000e-04
6.812654899898916e+00	4.091887090000000e-04
6.873515999875963e+00	4.487195980000000e-04
6.904347800184041e+00	5.701138869999999e-04
6.935432000085711e+00	5.300841880000000e-04
6.966423800215125e+00	6.204678790000000e-04
7.013844499830157e+00	5.644721680000000e-04
7.076435899827629e+00	7.120989610000000e-04
7.123066199943423e+00	7.012758870000000e-04
7.169475200120360e+00	7.453163270000000e-04
7.200532299932092e+00	8.166446930000000e-04
7.232477799989283e+00	9.906234919999999e-04
7.356465000193566e+00	9.408760820000000e-04
7.387082899920642e+00	1.021931650000000e-03
7.416954900138080e+00	1.069374270000000e-03
7.463604799937457e+00	1.146012220000000e-03
7.515854199882597e+00	1.180201540000000e-03
7.571417700033635e+00	1.180969880000000e-03
7.603330799844116e+00	1.322529280000000e-03
7.633427700027823e+00	1.324642100000000e-03
7.663982199970633e+00	1.402048160000000e-03
7.711461000144482e+00	1.369779700000000e-03
7.758570800069720e+00	1.494244320000000e-03
7.789723699912429e+00	1.505384800000000e-03
7.819575599860400e+00	1.605455650000000e-03
7.868802799843252e+00	1.629849430000000e-03
7.899680399801582e+00	1.717243340000000e-03
7.929459999781102e+00	1.716859290000000e-03
7.961062999907881e+00	1.834217230000000e-03
8.025960000231862e+00	1.922763650000000e-03
8.069344299845397e+00	2.011502630000000e-03
8.115521200001240e+00	2.042234640000000e-03
8.162399900145829e+00	2.167851430000000e-03
8.193375799804926e+00	2.116375600000000e-03
8.223480099812150e+00	2.260047710000000e-03
8.272600700147450e+00	2.333612650000000e-03
8.317261400166899e+00	2.398533750000000e-03
8.363517200108618e+00	2.517236160000000e-03
8.410026500001550e+00	2.515123460000000e-03
8.441251699812710e+00	2.660524330000000e-03
8.471475900150836e+00	2.616538900000000e-03
8.504166800063103e+00	2.771927740000000e-03
8.535195200238377e+00	2.807269340000000e-03
8.566356199793518e+00	2.891974760000000e-03
8.612825999967754e+00	2.886788450000000e-03
8.675491299945861e+00	3.100184030000000e-03
8.722924700006843e+00	3.162416400000000e-03
8.770027500111610e+00	3.205633260000000e-03
8.800940200220793e+00	3.362366700000000e-03
8.831936699803919e+00	3.413842530000000e-03
8.863687400240451e+00	3.487407230000000e-03
8.910771800205112e+00	3.490864760000000e-03
8.944148499984294e+00	3.652591960000000e-03
8.973055600188673e+00	3.708677830000000e-03
9.023870000150055e+00	3.845627190000000e-03
9.067266299854964e+00	3.870020850000000e-03
9.098509199917316e+00	3.972396720000000e-03
9.129409600049257e+00	4.026753830000000e-03
9.175509199965745e+00	4.133931830000000e-03
9.221596700139344e+00	4.290089010000000e-03
9.268812600057572e+00	4.365958740000000e-03
9.315982500091195e+00	4.479859020000000e-03
9.362657799851149e+00	4.588573710000000e-03
9.393486599903554e+00	4.565908570000000e-03
9.424299799837172e+00	4.751261320000000e-03
9.470933199860156e+00	4.818487450000000e-03
9.518908299971372e+00	4.971187100000000e-03
9.563734699971974e+00	5.047440990000000e-03
9.624514100141823e+00	5.230872430000000e-03
9.670558200217783e+00	5.211472980000000e-03
9.701937099918723e+00	5.387797950000000e-03
9.733392899855971e+00	5.421410780000000e-03
9.764230700209737e+00	5.530317310000000e-03
9.825689999852329e+00	5.714901720000000e-03
9.872359099797904e+00	5.786353720000000e-03
9.919697599951178e+00	5.916772410000000e-03
9.965433199889958e+00	5.993410480000000e-03
9.996582599822432e+00	6.072161250000000e-03
1.002891159988940e+01	6.212952080000000e-03
1.007546899979934e+01	6.270382550000000e-03
1.012301639979705e+01	6.424042860000000e-03
1.016949279978871e+01	6.533525420000000e-03
1.021608710009605e+01	6.715420170000000e-03
1.026318929996341e+01	6.776500490000000e-03
1.029604439996183e+01	6.829320920000000e-03
1.032545100012794e+01	6.930352650000000e-03
1.037203150009736e+01	7.024085150000000e-03
1.041865530004725e+01	7.233254610000000e-03
1.046450369991362e+01	7.293182430000000e-03
1.051149920001626e+01	7.319304160000000e-03
1.057520789979026e+01	7.531739310000000e-03
1.060585749987513e+01	7.608761550000000e-03
1.063789620017633e+01	7.750897200000000e-03
1.066967639978975e+01	7.806791460000000e-03
1.071652199979872e+01	7.961220110000000e-03
1.076347320014611e+01	8.055912330000000e-03
1.081003489997238e+01	8.087605240000000e-03
1.084138200012967e+01	8.276991550000000e-03
1.087143369996920e+01	8.253173900000001e-03
1.090195490000769e+01	8.428730069999999e-03
1.093267859984189e+01	8.481550960000001e-03
1.096394289983436e+01	8.924045600000000e-03
1.107186029991135e+01	8.842140440000000e-03
1.110274840006605e+01	8.984998800000000e-03
1.113377000018954e+01	9.038331920000000e-03
1.116542570013553e+01	9.133569899999999e-03
1.121137630008161e+01	9.162141940000000e-03
1.124267259985209e+01	9.327856819999999e-03
1.127410189993680e+01	9.377379900000000e-03
1.132079359982163e+01	9.537381120000001e-03
1.136795009998605e+01	9.619286280000000e-03
1.141400239989161e+01	9.825000540000000e-03
1.147623400017619e+01	9.889762850000001e-03
1.152397669991478e+01	1.000785920000000e-02
1.155446870019659e+01	1.006500240000000e-02
1.158553430018947e+01	1.011071540000000e-02
1.161652000015602e+01	1.033928900000000e-02
1.166246849996969e+01	1.037547830000000e-02
1.170934320008382e+01	1.040595490000000e-02
1.174109409982339e+01	1.059071810000000e-02
1.177190309995785e+01	1.062881290000000e-02
1.181755649996921e+01	1.077738500000000e-02
1.184817790007219e+01	1.074881290000000e-02
1.187914370000362e+01	1.087262300000000e-02
1.192431419994682e+01	1.104595790000000e-02
1.197032180009410e+01	1.110690930000000e-02
1.201707379985601e+01	1.132786270000000e-02
1.206527030002326e+01	1.136214940000000e-02
1.211152990022674e+01	1.140214880000000e-02
1.214189990004525e+01	1.155262530000000e-02
1.217276349989697e+01	1.158119740000000e-02
1.222267970023677e+01	1.181167360000000e-02
1.226548530021682e+01	1.183072200000000e-02
1.231685699988157e+01	1.200405510000000e-02
1.237562960013747e+01	1.206881830000000e-02
1.242062909994274e+01	1.223072320000000e-02
1.245157490018755e+01	1.220976930000000e-02
1.248265110002831e+01	1.229739000000000e-02
1.251634659990668e+01	1.249548610000000e-02
1.257544409995899e+01	1.251072440000000e-02
1.262232769979164e+01	1.272596230000000e-02
1.266854600002989e+01	1.274691620000000e-02
1.271555559989065e+01	1.287263070000000e-02
1.274724490009248e+01	1.286691520000000e-02
1.277820709999651e+01	1.296977420000000e-02
1.281081169983372e+01	1.300024890000000e-02
1.284108200017363e+01	1.315263010000000e-02
1.287934189988300e+01	1.316215560000000e-02
1.291949879983440e+01	1.334691700000000e-02
1.296638179989532e+01	1.336024980000000e-02
1.301229720003903e+01	1.344405950000000e-02
1.304349400009960e+01	1.352787020000000e-02
1.307446870021522e+01	1.357929780000000e-02
1.312170139979571e+01	1.375453830000000e-02
1.316848060023040e+01	1.376787110000000e-02
1.321433469979092e+01	1.396977620000000e-02
1.327647269982845e+01	1.397739630000000e-02
1.332324009994045e+01	1.407453880000000e-02
1.335430000023916e+01	1.414501570000000e-02
1.338549169991165e+01	1.416215770000000e-02
1.341696219984442e+01	1.433358710000000e-02
1.347811530018225e+01	1.432977710000000e-02
1.352541540004313e+01	1.452025400000000e-02
1.357317630015314e+01	1.451454030000000e-02
1.361934270011261e+01	1.465358860000000e-02
1.365012180013582e+01	1.461358830000000e-02
1.368211639998481e+01	1.467263510000000e-02
1.371380410017446e+01	1.478311140000000e-02
1.376066179992631e+01	1.488215940000000e-02
1.379204049985856e+01	1.488215940000000e-02
1.382258970011026e+01	1.502311320000000e-02
1.386955850012600e+01	1.500025670000000e-02
1.391568320011720e+01	1.513168400000000e-02
1.394629789981991e+01	1.508025640000000e-02
1.397693330002949e+01	1.514311410000000e-02
1.402547780005261e+01	1.531644720000000e-02
1.407078529987484e+01	1.527454330000000e-02
1.411662970017642e+01	1.545740010000000e-02
1.416362639982253e+01	1.541739980000000e-02
1.421054469980299e+01	1.546692290000000e-02
1.424169979989529e+01	1.556216370000000e-02
1.427258569980040e+01	1.554692350000000e-02
1.431889609992504e+01	1.571263930000000e-02
1.436545709986240e+01	1.567073350000000e-02
1.441177859995514e+01	1.574501950000000e-02
1.447421800019220e+01	1.580025630000000e-02
1.451995779993013e+01	1.590692620000000e-02
1.455093770008534e+01	1.589359340000000e-02
1.458172920020297e+01	1.589930620000000e-02
1.461292550014332e+01	1.598882860000000e-02
1.467470919992775e+01	1.599835230000000e-02
1.472300169989467e+01	1.615073530000000e-02
1.476874000020325e+01	1.608787850000000e-02
1.481441880017519e+01	1.621359210000000e-02
1.484598220000044e+01	1.613930610000000e-02
1.487929069995880e+01	1.617169010000000e-02
1.492362749995664e+01	1.631644930000000e-02
1.496924939984456e+01	1.624787970000000e-02
1.501556750014424e+01	1.639454630000000e-02
1.506365860020742e+01	1.632216570000000e-02
1.511044589988887e+01	1.636787880000000e-02
1.514217479992658e+01	1.640216630000000e-02
1.517275119991973e+01	1.638121160000000e-02
1.521961189992726e+01	1.650883260000000e-02
1.526648019999266e+01	1.643454470000000e-02
1.531337459990755e+01	1.653740180000000e-02
1.537464429996908e+01	1.647264140000000e-02
1.542133220005780e+01	1.654883290000000e-02
1.545202320022509e+01	1.656978580000000e-02
1.548277360014617e+01	1.651835440000000e-02
1.551433209981769e+01	1.663835530000000e-02
1.557635409990326e+01	1.654883290000000e-02
1.562310239998624e+01	1.666692830000000e-02
1.566958060022444e+01	1.656978580000000e-02
1.571653380012140e+01	1.668787750000000e-02
1.574918529996648e+01	1.659645140000000e-02
1.578019399987534e+01	1.659264230000000e-02
1.582738849986345e+01	1.667835560000000e-02
1.587359680002555e+01	1.658883130000000e-02
1.592048639990389e+01	1.670311760000000e-02
1.596774089988321e+01	1.658883130000000e-02
1.601535250013694e+01	1.669549760000000e-02
1.604708439996466e+01	1.658311860000000e-02
1.607850820012391e+01	1.657549850000000e-02
1.612380369985476e+01	1.667454470000000e-02
1.617127079982311e+01	1.656787840000000e-02
1.621652049990371e+01	1.660026240000000e-02
1.627835590019822e+01	1.652216540000000e-02
1.632354990020394e+01	1.652787810000000e-02
1.635447979997844e+01	1.661168780000000e-02
1.638559889979661e+01	1.649549790000000e-02
1.641583719989285e+01	1.656978580000000e-02
1.646219030022621e+01	1.649168880000000e-02
1.650861429981887e+01	1.645930860000000e-02
1.653849339997396e+01	1.651454530000000e-02
1.656960440007970e+01	1.639264260000000e-02
1.661692010005936e+01	1.648597610000000e-02
1.664774909988046e+01	1.636978240000000e-02
1.667930680001155e+01	1.635454600000000e-02
1.672551609994844e+01	1.640787910000000e-02
1.677245709998533e+01	1.626883260000000e-02
1.681847590021789e+01	1.633359310000000e-02
1.686585249984637e+01	1.620025930000000e-02
1.691255939984694e+01	1.626502160000000e-02
1.694400470005348e+01	1.615454630000000e-02
1.697610099986196e+01	1.611644960000000e-02
1.702147789997980e+01	1.615263890000000e-02
1.706942400010303e+01	1.603263990000000e-02
1.711552379978821e+01	1.608787850000000e-02
1.716255109990016e+01	1.596978310000000e-02
1.722451240010560e+01	1.589549520000000e-02
1.725605669990182e+01	1.596407030000000e-02
1.728766999999061e+01	1.584216210000000e-02
1.731856869999319e+01	1.587263870000000e-02
1.736551090003923e+01	1.571835200000000e-02
1.741146240010858e+01	1.574883050000000e-02
1.747374980011955e+01	1.559454300000000e-02
1.752106809988618e+01	1.557549650000000e-02
1.755294470023364e+01	1.560216300000000e-02
1.758284959988669e+01	1.545359010000000e-02
1.761379959993064e+01	1.553168610000000e-02
1.767725609987974e+01	1.532787640000000e-02
1.772429270017892e+01	1.535454390000000e-02
1.777067579980940e+01	1.518311350000000e-02
1.781680179992691e+01	1.523263660000000e-02
1.784785770019516e+01	1.511454020000000e-02
1.787922610016540e+01	1.504216160000000e-02
1.790960839996114e+01	1.505549440000000e-02
1.794095459999517e+01	1.497739830000000e-02
1.797094450006261e+01	1.488596950000000e-02
1.801810140023008e+01	1.487454120000000e-02
1.806505940016359e+01	1.474311200000000e-02
1.811158190015703e+01	1.476977860000000e-02
1.814532419992611e+01	1.462501660000000e-02
1.817382390005514e+01	1.455263510000000e-02
1.821957289986312e+01	1.453358680000000e-02
1.826564610004425e+01	1.438692030000000e-02
1.831283139996231e+01	1.443263520000000e-02
1.835868579987437e+01	1.430882510000000e-02
1.838930469984189e+01	1.425739560000000e-02
1.842087930021808e+01	1.416025220000000e-02
1.845226779999211e+01	1.417930050000000e-02
1.848333089984953e+01	1.401168110000000e-02
1.851442580018193e+01	1.400215740000000e-02
1.857548470003530e+01	1.385739450000000e-02
1.862278140010312e+01	1.378501490000000e-02
1.866961590014398e+01	1.363263280000000e-02
1.871639440022409e+01	1.364596650000000e-02
1.874632610008121e+01	1.351072640000000e-02
1.877742200018838e+01	1.343263130000000e-02
1.882759060012177e+01	1.337929820000000e-02
1.887041989993304e+01	1.324024980000000e-02
1.891631350014359e+01	1.320977320000000e-02
1.896242460003123e+01	1.306501220000000e-02
1.900911509990692e+01	1.301358170000000e-02
1.903987170010805e+01	1.292596380000000e-02
1.907094290014356e+01	1.280405930000000e-02
1.911659910017624e+01	1.277739090000000e-02
1.916347490018234e+01	1.261739060000000e-02
1.921053049992770e+01	1.259834230000000e-02
1.924244350008667e+01	1.244215290000000e-02
1.927305760001764e+01	1.236215140000000e-02
1.932014100020751e+01	1.230120010000000e-02
1.935125999990851e+01	1.230691280000000e-02
1.938178679998964e+01	1.213738970000000e-02
1.941239600023255e+01	1.216405630000000e-02
1.947411270020530e+01	1.192405540000000e-02
1.952097389986739e+01	1.178691160000000e-02
1.956619400018826e+01	1.167072080000000e-02
1.961209549987689e+01	1.168405360000000e-02
1.964446889981627e+01	1.150881590000000e-02
1.967487569991499e+01	1.142881530000000e-02
1.972063039988279e+01	1.137548220000000e-02
1.976740079978481e+01	1.118119620000000e-02
1.981485700001940e+01	1.109548100000000e-02
1.987852439982817e+01	1.094500440000000e-02
1.992164060007781e+01	1.083452810000000e-02
1.995231819991022e+01	1.086309920000000e-02
1.998308230005205e+01	1.072024180000000e-02
2.001563070015982e+01	1.058881360000000e-02
2.007555190008134e+01	1.045738350000000e-02
2.012155380006880e+01	1.038119380000000e-02
2.016852420009673e+01	1.019071510000000e-02
2.021544730011374e+01	1.015643030000000e-02
2.024698460008949e+01	1.006500240000000e-02
2.027817279985175e+01	9.937382300000000e-03
2.030955679994076e+01	9.941190480000001e-03
2.034063280001283e+01	9.785001170000000e-03
2.037116440013051e+01	9.703096000000000e-03
2.041754559986293e+01	9.567855860000000e-03
2.046453650016338e+01	9.461189619999999e-03
2.051160890003666e+01	9.449761360000000e-03
2.054295200016350e+01	9.261189959999999e-03
2.057314970018342e+01	9.177380240000000e-03
2.061952289985493e+01	9.045950140000000e-03
2.066697529982775e+01	8.929760199999999e-03
2.071333529986441e+01	8.925950150000000e-03
2.076053309999406e+01	8.708807640000000e-03
2.079183400003240e+01	8.722140450000001e-03
2.082297179987654e+01	8.535472680000000e-03
2.085398560017347e+01	8.558329190000000e-03
2.088540939986706e+01	8.400234390000001e-03
2.091654809983447e+01	8.320234720000000e-03
2.096387659991160e+01	8.192614650000001e-03
2.102883510012180e+01	8.011661470000001e-03
2.107355410000309e+01	7.885946890000000e-03
2.112063300004229e+01	7.767851930000000e-03
2.115079949982464e+01	7.790708450000000e-03
2.118245110008866e+01	7.630706760000000e-03
2.121442699991167e+01	7.484040220000000e-03
2.127649689977989e+01	7.381184030000000e-03
2.132287449995056e+01	7.289753760000000e-03
2.137000150000677e+01	7.116420660000000e-03
2.141700970008969e+01	7.057372480000000e-03
2.144785440014675e+01	6.774964280000000e-03
2.157379030017182e+01	6.689298900000000e-03
2.160416459990665e+01	6.526034790000000e-03
2.163545300019905e+01	6.454582330000000e-03
2.166648280015215e+01	6.354895890000000e-03
2.171246250020340e+01	6.351438350000000e-03
2.174361590016633e+01	6.175113840000000e-03
2.177468799985945e+01	6.105966400000000e-03
2.182194760022685e+01	5.949425510000000e-03
2.186805480020121e+01	5.877781190000000e-03
2.191455129999667e+01	5.744865160000000e-03
2.196242140000686e+01	5.627891510000000e-03
2.200914270011708e+01	5.604842680000000e-03
2.204287770017982e+01	5.431975240000000e-03
2.207314440002665e+01	5.381843540000000e-03
2.211852330015972e+01	5.249888170000000e-03
2.216443620016798e+01	5.149817090000000e-03
2.222642769990489e+01	4.975028800000000e-03
2.227285829978064e+01	4.905113480000000e-03
2.231960699986666e+01	4.771620970000000e-03
2.235048179980367e+01	4.803889900000000e-03
2.238133529992774e+01	4.673663060000000e-03
2.241244619991630e+01	4.655223340000000e-03
2.247554200002924e+01	4.447398240000000e-03
2.252292509982362e+01	4.293930250000000e-03
2.257032170007005e+01	4.209801550000000e-03
2.261639499990270e+01	4.130858930000000e-03
2.264782019983977e+01	4.101471510000000e-03
2.267924210010096e+01	3.992564980000000e-03
2.271007979987189e+01	3.988338630000000e-03
2.274011390004307e+01	3.819889390000000e-03
2.277173760021105e+01	3.775903960000000e-03
2.281846929993480e+01	3.633000190000000e-03
2.286442520003766e+01	3.556362120000000e-03
2.291171009978279e+01	3.555401930000000e-03
2.294254120020196e+01	3.397516210000000e-03
2.297322419984266e+01	3.348344700000000e-03
2.302033230010420e+01	3.207938050000000e-03
2.306861739978194e+01	3.166065780000000e-03
2.311369509994984e+01	3.121696410000000e-03
2.317632059985772e+01	2.960929410000000e-03
2.322144140023738e+01	2.830894660000000e-03
2.325241860002279e+01	2.865276070000000e-03
2.328378779999912e+01	2.769046230000000e-03
2.331556259980425e+01	2.647847170000000e-03
2.336163920024410e+01	2.566983690000000e-03
2.340795050002635e+01	2.565639090000000e-03
2.343860370013863e+01	2.426769120000000e-03
2.347029510000721e+01	2.397573090000000e-03
2.352041460014880e+01	2.273108580000000e-03
2.354815310006961e+01	2.316517760000000e-03
2.358122360007837e+01	2.222976880000000e-03
2.361122890003026e+01	2.217215020000000e-03
2.367324479995295e+01	2.066051820000000e-03
2.371945630013943e+01	1.941203140000000e-03
2.376588350022212e+01	1.897409790000000e-03
2.381304119993001e+01	1.871863730000000e-03
2.384389529982582e+01	1.768527440000000e-03
2.387462439993396e+01	1.739524070000000e-03
2.392177669983357e+01	1.594699450000000e-03
2.396772560011595e+01	1.594891770000000e-03
2.401668260013685e+01	1.453524340000000e-03
2.407525449991226e+01	1.441807720000000e-03
2.412262139981613e+01	1.338855480000000e-03
2.415324570005760e+01	1.361328290000000e-03
2.418427910003811e+01	1.306202840000000e-03
2.421540489979088e+01	1.174823610000000e-03
2.427723840018734e+01	1.185387490000000e-03
2.432283580023795e+01	1.088773830000000e-03
2.437017720006406e+01	1.076673160000000e-03
2.441636830009520e+01	9.754496859999999e-04
2.444816289981827e+01	1.012520170000000e-03
2.447921539982781e+01	9.360741820000000e-04
2.451060689985752e+01	9.466383490000000e-04
2.454159520007670e+01	8.162193700000000e-04
2.457247509993613e+01	8.406129200000000e-04
2.461758510023355e+01	7.094256000000000e-04
2.466506669996306e+01	7.251757200000000e-04
2.471152730006725e+01	7.332430100000000e-04
2.474349519982934e+01	6.381658600000000e-04
2.477406710013747e+01	6.589098480000000e-04
2.482023969991133e+01	5.321404310000000e-04
2.486675640009344e+01	5.622961910000000e-04
2.491316229989752e+01	5.390550940000000e-04
2.495917899999768e+01	4.449775730000000e-04
2.508212989987805e+01	3.475128030000000e-04
2.511256639985368e+01	4.012441200000000e-04
2.514348170021549e+01	3.235448090000000e-04
2.517404389986768e+01	3.310480390000000e-04
2.522097200015560e+01	2.666663790000000e-04
2.526774760009721e+01	2.741695790000000e-04
2.531420010002330e+01	2.478604730000000e-04
2.536051530018449e+01	1.983317050000000e-04
2.539116130024195e+01	2.591440280000000e-04
2.542209080001339e+01	1.751504750000000e-04
2.545446849986911e+01	2.131078070000000e-04
2.548609689995646e+01	2.073125070000000e-04
2.551753089996055e+01	1.651718190000000e-04
2.557814450003207e+01	1.473253360000000e-04
2.562492909980938e+01	1.410886620000000e-04
2.567123420024291e+01	1.287304620000000e-04
2.571652070013806e+01	1.318775760000000e-04
2.574801270011812e+01	1.274831300000000e-04
2.577868499979377e+01	1.139927260000000e-04
2.582444010023028e+01	1.142422120000000e-04
2.587027940014377e+01	1.096942430000000e-04
2.591639810008928e+01	1.153935810000000e-04
2.596239090012386e+01	1.098477370000000e-04
2.600987640023232e+01	1.271377260000000e-04
2.604282320011407e+01	1.135129860000000e-04
2.607312289997935e+01	1.167368680000000e-04
2.611752100009471e+01	1.326835630000000e-04
2.616379819996655e+01	1.354468700000000e-04
2.621061770012602e+01	1.761675380000000e-04
2.624206410022452e+01	1.375193820000000e-04
2.627337600011379e+01	1.800054890000000e-04
2.632114870008081e+01	1.548477300000000e-04
2.635168479988351e+01	2.258689930000000e-04
2.638156710006297e+01	2.177517310000000e-04
2.641251430008560e+01	2.431397730000000e-04
2.647432290017605e+01	2.914211650000000e-04
2.652250250009820e+01	2.469777250000000e-04
2.656713879993185e+01	3.354040960000000e-04
2.661447180015966e+01	2.939734260000000e-04
2.664621370006353e+01	3.691972520000000e-04
2.667690940015018e+01	3.915724810000000e-04
2.672360689984635e+01	3.727857550000000e-04
2.676992389978841e+01	4.629583560000000e-04
2.681639980012551e+01	4.261524590000000e-04
2.687857230007648e+01	5.484487630000000e-04
2.691034880001098e+01	5.690777330000000e-04
2.694165920000523e+01	5.220628230000000e-04
2.697199520003051e+01	6.270307350000000e-04
2.701939059980214e+01	5.848517180000000e-04
2.706563899992034e+01	7.172417830000000e-04
2.711201609997079e+01	7.249560439999999e-04
2.715771660022438e+01	6.972844130000000e-04
2.718919100007042e+01	8.269496030000000e-04
2.721995270019397e+01	7.628366580000000e-04
2.725115130003542e+01	9.942729960000000e-04
2.736055930005386e+01	9.364584690000000e-04
2.739136950019747e+01	1.037681940000000e-03
2.742268359987065e+01	1.011367770000000e-03
2.746949360007420e+01	1.164643440000000e-03
2.751665040012449e+01	1.130838180000000e-03
2.756356510007754e+01	1.228988640000000e-03
2.759493619995192e+01	1.226683730000000e-03
2.762655320018530e+01	1.263946290000000e-03
2.767228240007535e+01	1.426441710000000e-03
2.771800349978730e+01	1.418374600000000e-03
2.776404270017520e+01	1.556668660000000e-03
2.780999880004674e+01	1.599501350000000e-03
2.784070530021563e+01	1.572611040000000e-03
2.787213720008731e+01	1.657508080000000e-03
2.790506329992786e+01	1.734530200000000e-03
2.793327810009941e+01	1.696307330000000e-03
2.796454139985144e+01	1.872440100000000e-03
2.801084480015561e+01	1.891455500000000e-03
2.804400160023943e+01	1.942163330000000e-03
2.807378479978070e+01	2.028404740000000e-03
2.812089820019901e+01	2.027060600000000e-03
2.816758699994534e+01	2.174958350000000e-03
2.819698109989986e+01	2.120024990000000e-03
2.822832049988210e+01	2.190900500000000e-03
2.827457349980250e+01	2.378942210000000e-03
2.832111999997869e+01	2.368377750000000e-03
2.836721350019798e+01	2.552577990000000e-03
2.841409739991650e+01	2.552193820000000e-03
2.847640290018171e+01	2.624606020000000e-03
2.850846819998696e+01	2.781147370000000e-03
2.853922590008005e+01	2.755024940000000e-03
2.856911840010434e+01	2.935959720000000e-03
2.861541649978608e+01	2.936536210000000e-03
2.866259510023519e+01	3.043521890000000e-03
2.870954409986734e+01	3.164529100000000e-03
2.874074750021100e+01	3.169522850000000e-03
2.877166750002652e+01	3.256148890000000e-03
2.880289279995486e+01	3.332786730000000e-03
2.883382489997894e+01	3.341814270000000e-03
2.886625620024279e+01	3.544261450000000e-03
2.891166759980842e+01	3.546566240000000e-03
2.897491540014744e+01	3.754775510000000e-03
2.902181260008365e+01	3.768797500000000e-03
2.906674030004069e+01	3.927259240000000e-03
2.909853109996766e+01	3.898831780000000e-03
2.912943900004029e+01	3.972972740000000e-03
2.916094239987433e+01	4.069586750000000e-03
2.922310480009764e+01	4.209801550000000e-03
2.926874110009521e+01	4.415705800000000e-03
2.931557729979977e+01	4.425309600000000e-03
2.936266430001706e+01	4.556689410000000e-03
2.939384189993143e+01	4.573783370000000e-03
2.942433319985867e+01	4.676159940000000e-03
2.946957449987531e+01	4.878030620000000e-03
2.951581510016695e+01	4.894356710000000e-03
2.956412919983268e+01	5.112938580000000e-03
2.962443060008809e+01	5.154618530000000e-03
2.967083059996367e+01	5.268519280000000e-03
2.970257070008665e+01	5.359562580000000e-03
2.973364889994264e+01	5.365324670000000e-03
2.976402790006250e+01	5.596775560000000e-03
2.981085099978372e+01	5.607339550000000e-03
2.984120819997042e+01	5.679175720000000e-03
2.987145050009713e+01	5.838982300000000e-03
2.991658309986815e+01	5.855884870000000e-03
2.996435349993408e+01	6.025487090000000e-03
2.999596380023286e+01	6.003590770000000e-03
3.002809569984674e+01	6.122484800000000e-03
3.007329219998792e+01	6.339338140000000e-03
3.012101770006120e+01	6.356816740000000e-03
3.016740689985454e+01	6.593068600000000e-03
3.021338649978861e+01	6.571556440000000e-03
3.027643139986321e+01	6.715612950000000e-03
3.030761659983546e+01	6.894434340000000e-03
3.033874480007216e+01	6.888095760000000e-03
3.036977310013026e+01	7.101491090000000e-03
3.041557259997353e+01	7.140098610000000e-03
3.046314230002463e+01	7.282041940000000e-03
3.051034440007061e+01	7.370781150000000e-03
3.054062099987641e+01	7.443961220000000e-03
3.057228620024398e+01	7.504848760000000e-03
3.060276790009812e+01	7.636996450000000e-03
3.063386149983853e+01	7.656972390000000e-03
3.066555019980296e+01	7.875746120000001e-03
3.071264099981636e+01	7.858267049999999e-03
3.077444230020046e+01	8.135431449999999e-03
3.082069610012695e+01	8.182298390000000e-03
3.087000070000067e+01	8.305225520000001e-03
3.089924110006541e+01	8.349979299999999e-03
3.092995689995587e+01	8.423351680000000e-03
3.097654630010948e+01	8.914521900000000e-03
3.107091030012816e+01	8.880235250000000e-03
3.110221129981801e+01	8.975473229999999e-03
3.113344659982249e+01	8.971665050000001e-03
3.116434849984944e+01	9.150713680000000e-03
3.119598129997030e+01	9.118331600000000e-03
3.122659069998190e+01	9.238331580000000e-03
3.127339000022039e+01	9.445951320000000e-03
3.131981169991195e+01	9.466905150000000e-03
3.136682729981840e+01	9.701191450000000e-03
3.141104409983382e+01	9.701191450000000e-03
3.145867040008307e+01	9.800239470000000e-03
3.148947530006990e+01	9.924049490000000e-03
3.152695839991793e+01	9.979287159999999e-03
3.156632190011442e+01	1.020595340000000e-02
3.161336639989167e+01	1.017738230000000e-02
3.167446949984878e+01	1.044023970000000e-02
3.172115430003032e+01	1.047071720000000e-02
3.176825740002096e+01	1.064595670000000e-02
3.179882699996233e+01	1.066500320000000e-02
3.182988299988210e+01	1.073548010000000e-02
3.187645150022581e+01	1.094881450000000e-02
3.192294560000300e+01	1.096405280000000e-02
3.197034629993141e+01	1.119071900000000e-02
3.201643089996651e+01	1.124405210000000e-02
3.206338030006737e+01	1.138310040000000e-02
3.209493400016800e+01	1.134500560000000e-02
3.212639170000330e+01	1.145167180000000e-02
3.217334769992158e+01	1.168024540000000e-02
3.221963459998369e+01	1.172405570000000e-02
3.226656650006771e+01	1.191643720000000e-02
3.231317389989272e+01	1.188024510000000e-02
3.237440430000424e+01	1.201738790000000e-02
3.240532690007240e+01	1.219453290000000e-02
3.243730949983001e+01	1.217929460000000e-02
3.246766440011561e+01	1.238119970000000e-02
3.251481210021302e+01	1.240215260000000e-02
3.257772610010579e+01	1.260596230000000e-02
3.262309949984774e+01	1.266691370000000e-02
3.266970050008968e+01	1.273929610000000e-02
3.270001129992306e+01	1.280977200000000e-02
3.273210190003738e+01	1.283643860000000e-02
3.276277730008587e+01	1.299263070000000e-02
3.280889069987461e+01	1.306120210000000e-02
3.284022409981117e+01	1.311263070000000e-02
3.287192519987002e+01	1.325167810000000e-02
3.291872610012069e+01	1.326120180000000e-02
3.296545539982617e+01	1.342882120000000e-02
3.299718029983342e+01	1.339644190000000e-02
3.302913800021634e+01	1.349549000000000e-02
3.307547640008852e+01	1.366882310000000e-02
3.312202160013840e+01	1.366310750000000e-02
3.316744440002367e+01	1.385549080000000e-02
3.321360490005463e+01	1.380787140000000e-02
3.327378380019218e+01	1.393168140000000e-02
3.330539389979094e+01	1.409168080000000e-02
3.333869819995016e+01	1.408596710000000e-02
3.336651189997792e+01	1.424406190000000e-02
3.341278330003843e+01	1.419644430000000e-02
3.347374110016972e+01	1.441930230000000e-02
3.352182039991021e+01	1.441739690000000e-02
3.356751069985330e+01	1.455454060000000e-02
3.359803109988570e+01	1.453930230000000e-02
3.362935549998656e+01	1.460216010000000e-02
3.367555500008166e+01	1.476597040000000e-02
3.372335219988599e+01	1.474692210000000e-02
3.377108650002629e+01	1.492406520000000e-02
3.382009829999879e+01	1.494120810000000e-02
3.386349580017850e+01	1.506120800000000e-02
3.389401980023831e+01	1.500406490000000e-02
3.392567239981145e+01	1.507263820000000e-02
3.397238400019705e+01	1.523835400000000e-02
3.401892720023170e+01	1.524025670000000e-02
3.406607579998672e+01	1.537549680000000e-02
3.411261390009895e+01	1.531644720000000e-02
3.417522649979219e+01	1.540596970000000e-02
3.420598400011659e+01	1.554882990000000e-02
3.423739660019055e+01	1.551263970000000e-02
3.426748900022358e+01	1.564216240000000e-02
3.431484299991280e+01	1.561739950000000e-02
3.436173000000417e+01	1.573359030000000e-02
3.440879319980741e+01	1.576216330000000e-02
3.443908949987963e+01	1.580025630000000e-02
3.447065680008382e+01	1.580216360000000e-02
3.450220890017226e+01	1.589739880000000e-02
3.453310929983854e+01	1.586311680000000e-02
3.456396020017564e+01	1.600025970000000e-02
3.461087269987911e+01	1.594883020000000e-02
3.464330889983103e+01	1.605930550000000e-02
3.467421999992803e+01	1.609549490000000e-02
3.471960389986634e+01	1.604406910000000e-02
3.476667590020224e+01	1.615644990000000e-02
3.479807240003720e+01	1.613740250000000e-02
3.482932859985158e+01	1.616597180000000e-02
3.487646260019392e+01	1.627835630000000e-02
3.492352959979326e+01	1.621359210000000e-02
3.497027029981837e+01	1.631263830000000e-02
3.502161689987406e+01	1.631644930000000e-02
3.506389770004898e+01	1.641549920000000e-02
3.509578189998865e+01	1.633168940000000e-02
3.512768660020083e+01	1.635644960000000e-02
3.515957880020142e+01	1.642883200000000e-02
3.519077240023762e+01	1.640406810000000e-02
3.522140659997240e+01	1.645168850000000e-02
3.526768810022622e+01	1.652978550000000e-02
3.531468350021169e+01	1.647264140000000e-02
3.536169379996136e+01	1.657359490000000e-02
3.539289919985458e+01	1.649359240000000e-02
3.542315030004829e+01	1.654692550000000e-02
3.546964329993352e+01	1.658883130000000e-02
3.551727980002761e+01	1.656597480000000e-02
3.556525629991665e+01	1.663264260000000e-02
3.561142330011353e+01	1.656406930000000e-02
3.567333699995652e+01	1.656597480000000e-02
3.570458299992606e+01	1.667645200000000e-02
3.573832659982145e+01	1.663835530000000e-02
3.576652339985594e+01	1.668787750000000e-02
3.581409499980509e+01	1.664216440000000e-02
3.587651759991422e+01	1.667264100000000e-02
3.592338000005111e+01	1.660787870000000e-02
3.597058490011841e+01	1.659454590000000e-02
3.600250519998372e+01	1.669168840000000e-02
3.603753770003095e+01	1.663645170000000e-02
3.606458890018985e+01	1.666692830000000e-02
3.611158230016008e+01	1.658883130000000e-02
3.615796829992905e+01	1.661930790000000e-02
3.618839270016178e+01	1.660216600000000e-02
3.622013980010524e+01	1.659835500000000e-02
3.626657330011949e+01	1.662121150000000e-02
3.630147519987077e+01	1.662502250000000e-02
3.632808210002258e+01	1.652406900000000e-02
3.637388510024175e+01	1.660026240000000e-02
3.642140570003539e+01	1.655454560000000e-02
3.646875650016591e+01	1.653359270000000e-02
3.651563830021769e+01	1.646883230000000e-02
3.657771890005097e+01	1.646692490000000e-02
3.660841669980437e+01	1.643454470000000e-02
3.663966570002958e+01	1.644216480000000e-02
3.666959109995514e+01	1.644025930000000e-02
3.671634169993922e+01	1.633168940000000e-02
3.676273720012978e+01	1.639454630000000e-02
3.681400249991566e+01	1.629549820000000e-02
3.687135649984702e+01	1.622311580000000e-02
3.690286030014977e+01	1.630883290000000e-02
3.693421969981864e+01	1.617359180000000e-02
3.696558910002932e+01	1.621168850000000e-02
3.701388260023668e+01	1.612787880000000e-02
3.707555689988658e+01	1.611073500000000e-02
3.712240200024098e+01	1.600597240000000e-02
3.717014480009675e+01	1.596597210000000e-02
3.720110129984096e+01	1.601168510000000e-02
3.723221970023587e+01	1.593930650000000e-02
3.726395800011232e+01	1.591263900000000e-02
3.731006669998169e+01	1.580978370000000e-02
3.734164870018139e+01	1.586692590000000e-02
3.737308449996635e+01	1.578501980000000e-02
3.742066020006314e+01	1.570692290000000e-02
3.746593439998105e+01	1.569549550000000e-02
3.749959219992161e+01	1.566120980000000e-02
3.752785680023953e+01	1.557359010000000e-02
3.757415009988472e+01	1.556406640000000e-02
3.761978209996596e+01	1.545168650000000e-02
3.766552140004933e+01	1.539454330000000e-02
3.771172699984163e+01	1.528787710000000e-02
3.775872740009800e+01	1.529168710000000e-02
3.779065230023116e+01	1.518121080000000e-02
3.782251159986481e+01	1.517359070000000e-02
3.787060189992189e+01	1.512787680000000e-02
3.791367480019107e+01	1.499073110000000e-02
3.796012269984931e+01	1.502311320000000e-02
3.799110569991171e+01	1.487644670000000e-02
3.802207690011710e+01	1.487263660000000e-02
3.806942979991436e+01	1.477358860000000e-02
3.810059980023652e+01	1.479644510000000e-02
3.813140150019899e+01	1.466120690000000e-02
3.816167129995301e+01	1.470501630000000e-02
3.822371469996870e+01	1.452977860000000e-02
3.827036469988525e+01	1.445739720000000e-02
3.831555829988793e+01	1.431263420000000e-02
3.836087130010128e+01	1.435644370000000e-02
3.839127890020609e+01	1.419072880000000e-02
3.842328489990905e+01	1.416406220000000e-02
3.846968640014529e+01	1.411072910000000e-02
3.851554509997368e+01	1.397549080000000e-02
3.857782169990242e+01	1.389739480000000e-02
3.861004609987140e+01	1.377548930000000e-02
3.864104080013931e+01	1.382310970000000e-02
3.867233180021867e+01	1.365167930000000e-02
3.870404719980434e+01	1.369358410000000e-02
3.873524930002168e+01	1.355644130000000e-02
3.876680009998381e+01	1.351644190000000e-02
3.881281160004437e+01	1.337548810000000e-02
3.887448769994080e+01	1.328406020000000e-02
3.892227770015597e+01	1.315072550000000e-02
3.896885750023648e+01	1.308405860000000e-02
3.900041970005259e+01	1.308786870000000e-02
3.903050860017538e+01	1.297739240000000e-02
3.907755920011550e+01	1.287453340000000e-02
3.912408459978178e+01	1.275262890000000e-02
3.917098500020802e+01	1.262881890000000e-02
3.921734939981252e+01	1.253167630000000e-02
3.926526020001620e+01	1.247453220000000e-02
3.929622999997810e+01	1.237929430000000e-02
3.932782679982483e+01	1.227453260000000e-02
3.937445429991931e+01	1.219453290000000e-02
3.942085359990597e+01	1.206881830000000e-02
3.947150690015405e+01	1.194691190000000e-02
3.951470360020176e+01	1.183262650000000e-02
3.956193049997091e+01	1.181929370000000e-02
3.959320509992540e+01	1.164215060000000e-02
3.962446830002591e+01	1.161929220000000e-02
3.967128330003470e+01	1.148786400000000e-02
3.971764799999073e+01	1.133929100000000e-02
3.976426950003952e+01	1.123833940000000e-02
3.981202229997143e+01	1.110690930000000e-02
3.987398379994556e+01	1.096405280000000e-02
3.990595949999988e+01	1.094119440000000e-02
3.993594190012664e+01	1.084595640000000e-02
3.996692200005054e+01	1.074881290000000e-02
4.001340029994026e+01	1.061738470000000e-02
4.007439379999414e+01	1.048405000000000e-02
4.012141249980778e+01	1.036976370000000e-02
4.016942310007289e+01	1.022500170000000e-02
4.019999310001731e+01	1.024976370000000e-02
4.023165730014443e+01	1.012785920000000e-02
4.026240030024201e+01	1.008214430000000e-02
4.030964830005541e+01	9.861190800000001e-03
4.034112669993192e+01	9.889762850000001e-03
4.037298779981211e+01	9.729762560000001e-03
4.042006370006129e+01	9.611666200000001e-03
4.046652809996158e+01	9.512618180000000e-03
4.049758620001376e+01	9.447855870000001e-03
4.052847969997674e+01	9.346903300000001e-03
4.057544350018725e+01	9.192618539999999e-03
4.062338080024347e+01	9.097378700000000e-03
4.066865770006552e+01	8.954522200000000e-03
4.071453050011769e+01	8.811663839999999e-03
4.076108069997281e+01	8.813568390000000e-03
4.079193850001320e+01	8.628805170000000e-03
4.082276050001383e+01	8.579282089999999e-03
4.086954169999808e+01	8.449757469999999e-03
4.091447520023212e+01	8.285948079999999e-03
4.096170479990542e+01	8.284042590000000e-03
4.102250920003280e+01	8.059281860000000e-03
4.107178150024265e+01	7.897375150000000e-03
4.109999040002003e+01	7.924041709999999e-03
4.113147410005331e+01	7.783088370000000e-03
4.116169610014185e+01	7.764041890000000e-03
4.120865149982274e+01	7.554517130000000e-03
4.123983989981934e+01	7.560232190000000e-03
4.127090500015765e+01	7.390707270000000e-03
4.131764850020409e+01	7.259277160000000e-03
4.136547339987010e+01	7.204039020000000e-03
4.139594209985808e+01	7.106895560000000e-03
4.142645030003041e+01	7.028800900000000e-03
4.147360129980370e+01	6.765168630000000e-03
4.157497170008719e+01	6.628026250000000e-03
4.161476140003651e+01	6.523537450000000e-03
4.167646120022982e+01	6.397920660000000e-03
4.170751899993047e+01	6.289590150000000e-03
4.173835599981248e+01	6.273264070000000e-03
4.176911740005016e+01	6.119412370000000e-03
4.181550720008090e+01	6.020492870000000e-03
4.186293079983443e+01	5.969400980000000e-03
4.192442459985614e+01	5.749283360000000e-03
4.197091670008376e+01	5.605995190000000e-03
4.200181889999658e+01	5.636535120000000e-03
4.203293569991365e+01	5.533774850000000e-03
4.206489949999377e+01	5.375697280000000e-03
4.211165060009807e+01	5.267750940000000e-03
4.215866329986602e+01	5.249504000000000e-03
4.219030509982258e+01	5.077980920000000e-03
4.222161460015923e+01	5.051090380000000e-03
4.226990350009874e+01	4.890899640000000e-03
4.229884449997917e+01	4.916445820000000e-03
4.233014000020921e+01	4.787371030000000e-03
4.236071339994669e+01	4.782761450000000e-03
4.239277780009434e+01	4.609509840000000e-03
4.242358820000663e+01	4.584923850000000e-03
4.246968560013920e+01	4.424541720000000e-03
4.251558189978823e+01	4.353281580000000e-03
4.256460259994492e+01	4.280101040000000e-03
4.259484949987382e+01	4.178685140000000e-03
4.262645439989865e+01	4.137005190000000e-03
4.267367759998888e+01	3.986225930000000e-03
4.272085259994492e+01	3.885386510000000e-03
4.276806809986010e+01	3.760537830000000e-03
4.281371109979227e+01	3.697537350000000e-03
4.287599470000714e+01	3.588054790000000e-03
4.290715330000967e+01	3.496050600000000e-03
4.293935539992526e+01	3.500276010000000e-03
4.296920609986410e+01	3.351418070000000e-03
4.301472989981994e+01	3.280542330000000e-03
4.307671910012141e+01	3.131108130000000e-03
4.312315780017525e+01	3.055238630000000e-03
4.316900000022724e+01	2.937496410000000e-03
4.319975080015138e+01	2.973798660000000e-03
4.323024970013648e+01	2.885251770000000e-03
4.327653170004487e+01	2.755217020000000e-03
4.332342420006171e+01	2.667630790000000e-03
4.336946640023962e+01	2.552385910000000e-03
4.341687590023503e+01	2.515891570000000e-03
4.346371129993349e+01	2.452315060000000e-03
4.349463990004733e+01	2.359734620000000e-03
4.352736569987610e+01	2.328810510000000e-03
4.357452959986404e+01	2.205113880000000e-03
4.362250560009852e+01	2.165738730000000e-03
4.366949209989980e+01	2.025331840000000e-03
4.371645099995658e+01	1.969629900000000e-03
4.376440270012245e+01	1.932751500000000e-03
4.379499820014462e+01	1.858994830000000e-03
4.382646289980039e+01	1.835177650000000e-03
4.387367819994688e+01	1.719740450000000e-03
4.392045099986717e+01	1.650785450000000e-03
4.396680840011686e+01	1.527665300000000e-03
4.401280950009823e+01	1.490594820000000e-03
4.407634390005842e+01	1.453716420000000e-03
4.410761799989268e+01	1.364977800000000e-03
4.413854209985584e+01	1.399743370000000e-03
4.416961249988526e+01	1.293525910000000e-03
4.421540640015155e+01	1.254726780000000e-03
4.426244440022856e+01	1.234558760000000e-03
4.430848099989817e+01	1.092231250000000e-03
4.433960290020332e+01	1.146780560000000e-03
4.437098480015993e+01	1.005797530000000e-03
4.440126120019704e+01	1.070526660000000e-03
4.443200610019267e+01	1.005029190000000e-03
4.446309169987217e+01	9.862058799999999e-04
4.450978770013899e+01	8.463751870000000e-04
4.454181959992275e+01	9.099519230000000e-04
4.457267080014572e+01	8.012374160000000e-04
4.461952000018209e+01	8.056552030000000e-04
4.466553660016507e+01	7.376606230000000e-04
4.469707350013778e+01	7.244073790000000e-04
4.472827340010554e+01	6.671692240000000e-04
4.477546520018950e+01	5.916836090000000e-04
4.482137280004099e+01	6.097387520000000e-04
4.486767549999058e+01	5.321404310000000e-04
4.491443879995495e+01	4.912284200000000e-04
4.496138519980013e+01	5.244573690000000e-04
4.499238139996305e+01	4.463208320000000e-04
4.508591730007902e+01	3.919370940000000e-04
4.511651790002361e+01	3.741098340000000e-04
4.514778990019113e+01	3.283038970000000e-04
4.517926619993523e+01	3.311439940000000e-04
4.521190120000392e+01	2.641333560000000e-04
4.527326049981639e+01	2.797154300000000e-04
4.531949139991775e+01	2.344851820000000e-04
4.536652849987149e+01	2.341973300000000e-04
4.539753089984879e+01	2.331227300000000e-04
4.542827650019899e+01	2.287858520000000e-04
4.547450040001422e+01	1.839777540000000e-04
4.552173499995843e+01	1.671675420000000e-04
4.557113610021770e+01	1.662656290000000e-04
4.561542750010267e+01	1.415492150000000e-04
4.566267220024019e+01	1.574575440000000e-04
4.569254790013656e+01	1.254298260000000e-04
4.572446750011295e+01	1.176004150000000e-04
4.577154310001060e+01	1.278093550000000e-04
4.581904840003699e+01	1.214575530000000e-04
4.586430240003392e+01	1.199607430000000e-04
4.591095039993525e+01	1.122656610000000e-04
4.597362529998645e+01	1.105002010000000e-04
4.600436030002311e+01	1.258519910000000e-04
4.603552370006219e+01	1.203445500000000e-04
4.606692339992151e+01	1.326835630000000e-04
4.611360550019890e+01	1.206324010000000e-04
4.615967340022326e+01	1.531590240000000e-04
4.619071430014446e+01	1.357539150000000e-04
4.622109649982303e+01	1.621590350000000e-04
4.626840389985591e+01	1.617560190000000e-04
4.629954099981114e+01	2.025342550000000e-04
4.633163399994373e+01	1.790460080000000e-04
4.636352150002494e+01	2.194596310000000e-04
4.640944739989936e+01	1.939756330000000e-04
4.644044010015205e+01	2.707538080000000e-04
4.647246759990230e+01	2.433700570000000e-04
4.652039870014414e+01	2.957388930000000e-04
4.656637379992753e+01	2.883316480000000e-04
4.659745420003310e+01	3.357111420000000e-04
4.662929090019315e+01	3.773144850000000e-04
4.667691610008478e+01	3.622122170000000e-04
4.672444160003215e+01	4.081524380000000e-04
4.677119529992342e+01	4.262291770000000e-04
4.681864310009405e+01	5.192611130000000e-04
4.686476590018719e+01	4.932014850000000e-04
4.689454369992018e+01	5.098005639999999e-04
4.692675939993933e+01	5.743548970000000e-04
4.697331599984318e+01	5.750841230000000e-04
4.701958649978042e+01	6.811650820000000e-04
4.706781759997830e+01	6.599411720000000e-04
4.711455059982836e+01	7.484059320000000e-04
4.717357250023633e+01	7.496724720000000e-04
4.720447580004111e+01	7.979347720000000e-04
4.723550519999117e+01	9.869739880000001e-04
4.734435319993645e+01	9.606597010000000e-04
4.737565740011632e+01	1.008486610000000e-03
4.740677460003644e+01	9.936966230000000e-04
4.743754350021482e+01	1.106444750000000e-03
4.746865510009229e+01	1.107213090000000e-03
4.751448069978505e+01	1.220729430000000e-03
4.757824680022895e+01	1.205939680000000e-03
4.762436919985339e+01	1.298519900000000e-03
4.765459109982476e+01	1.342504980000000e-03
4.768561880011111e+01	1.354989940000000e-03
4.771657489985228e+01	1.461015320000000e-03
4.776330260001123e+01	1.506152910000000e-03
4.781076879985631e+01	1.513259830000000e-03
4.787214360013604e+01	1.658084450000000e-03
4.791767669981346e+01	1.767951410000000e-03
4.794972319994122e+01	1.717051370000000e-03
4.798126350017264e+01	1.792728900000000e-03
4.801135719986632e+01	1.822500610000000e-03
4.805950760003179e+01	1.994215650000000e-03
4.808948670001701e+01	1.941203140000000e-03
4.812151800002903e+01	2.090445020000000e-03
4.816765120020136e+01	2.135006480000000e-03
4.821343640005216e+01	2.190900500000000e-03
4.824569190014154e+01	2.231620480000000e-03
4.827555599994957e+01	2.290203240000000e-03
4.832116769999266e+01	2.442519180000000e-03
4.836795340012759e+01	2.481894330000000e-03
4.841485719988123e+01	2.654954090000000e-03
4.846240349998698e+01	2.674737710000000e-03
4.852323730010539e+01	2.770006890000000e-03
4.855283239996061e+01	2.805540800000000e-03
4.858391269994900e+01	2.842803250000000e-03
4.861580799985677e+01	3.035838950000000e-03
4.866242370009422e+01	3.056582760000000e-03
4.870938740018755e+01	3.075598270000000e-03
4.874057620018721e+01	3.234444420000000e-03
4.877231319993734e+01	3.251346760000000e-03
4.881874899985269e+01	3.401165360000000e-03
4.884965470014140e+01	3.362174150000000e-03
4.888039770023897e+01	3.445150800000000e-03
4.891034260019660e+01	3.492593070000000e-03
4.894129680003971e+01	3.641451480000000e-03
4.897246239986271e+01	3.669878700000000e-03
4.902022740012035e+01	3.863106020000000e-03
4.906554530002177e+01	3.884618400000000e-03
4.911291160015389e+01	3.969899840000000e-03
4.914392089983448e+01	4.037894310000000e-03
4.917514189984649e+01	4.092827900000000e-03
4.922070549987257e+01	4.307759930000000e-03
4.926652299985290e+01	4.323318130000000e-03
4.931368219992146e+01	4.515777340000000e-03
4.936032930016518e+01	4.578585740000000e-03
4.939207850024104e+01	4.584347830000000e-03
4.942306540021673e+01	4.682498050000000e-03
4.945475890021771e+01	4.772389310000000e-03
4.948644619993865e+01	4.778343720000000e-03
4.951819320023060e+01	4.997693470000000e-03
4.956427880004048e+01	5.025736520000000e-03
4.961114960024133e+01	5.090465770000000e-03
4.967350349994376e+01	5.261604670000000e-03
4.971961389994249e+01	5.428517700000000e-03
4.974958370020613e+01	5.403932180000000e-03
4.978073420003057e+01	5.497856530000000e-03
4.981217849999666e+01	5.595815370000000e-03
4.987492879992351e+01	5.747746680000000e-03
4.991956750024110e+01	5.945199630000000e-03
4.996644849982113e+01	5.999364890000000e-03
5.001188350003213e+01	6.083685900000000e-03
5.004255229979753e+01	6.185100880000000e-03
5.007375130010769e+01	6.240610960000000e-03
5.012229410000145e+01	6.447092160000000e-03
5.016744650015607e+01	6.503177340000000e-03
5.021406270004809e+01	6.726560650000000e-03
5.027544269990176e+01	6.757485680000000e-03
5.032196270022541e+01	6.900581070000000e-03
5.035235630022362e+01	6.955514660000000e-03
5.038554280018434e+01	7.000267970000000e-03
5.041491599986330e+01	7.238249290000000e-03
5.047757790004835e+01	7.264179180000000e-03
5.052411259990185e+01	7.495821450000000e-03
5.057265020022169e+01	7.513492370000000e-03
5.072935579996556e+01	7.997521200000000e-03
5.075933100003749e+01	8.063019249999999e-03
5.078942540008575e+01	8.041699419999999e-03
5.082053099991754e+01	8.273533550000000e-03
5.086653599981219e+01	8.296966550000000e-03
5.091414610017091e+01	8.437565530000000e-03
5.094612309988588e+01	8.912617340000000e-03
5.107119250018150e+01	8.863092400000000e-03
5.110393830016255e+01	8.925950150000000e-03
5.113429039996117e+01	9.057378400000000e-03
5.116546239983290e+01	9.112617000000000e-03
5.121186590008438e+01	9.198331270000000e-03
5.124205429991707e+01	9.297380220000000e-03
5.127343280008063e+01	9.358333420000000e-03
5.132063220022246e+01	9.564047680000000e-03
5.136675130017102e+01	9.598332459999999e-03
5.141399590019137e+01	9.828810580000000e-03
5.147636929992586e+01	9.861190800000001e-03
5.152395820012316e+01	9.977382610000000e-03
5.155491399997845e+01	1.011452540000000e-02
5.158632559981197e+01	1.010881080000000e-02
5.162051199981943e+01	1.034119350000000e-02
5.166442860011011e+01	1.036405000000000e-02
5.171108799986541e+01	1.045357340000000e-02
5.177278310013935e+01	1.060976460000000e-02
5.181862779986113e+01	1.078881320000000e-02
5.185058230021968e+01	1.079071780000000e-02
5.188151200022548e+01	1.085738470000000e-02
5.191284709982574e+01	1.098119470000000e-02
5.195852749980986e+01	1.113548130000000e-02
5.198988060001284e+01	1.112405300000000e-02
5.202060220018029e+01	1.132786270000000e-02
5.207054959982634e+01	1.135072110000000e-02
5.211424219980836e+01	1.148786400000000e-02
5.214598290016875e+01	1.149167210000000e-02
5.217835179995745e+01	1.158310190000000e-02
5.222391459997743e+01	1.181548370000000e-02
5.226975349988788e+01	1.181929370000000e-02
5.231659909989685e+01	1.202881800000000e-02
5.236342790024355e+01	1.205548460000000e-02
5.241067080013454e+01	1.214691340000000e-02
5.244201330002397e+01	1.223262770000000e-02
5.247222610004246e+01	1.227643810000000e-02
5.251942540006712e+01	1.250500980000000e-02
5.256565159978345e+01	1.250310430000000e-02
5.261460899980739e+01	1.273358240000000e-02
5.267563890013844e+01	1.273358240000000e-02
5.273120239982381e+01	1.287072520000000e-02
5.276981010008603e+01	1.295263040000000e-02
5.281546710012481e+01	1.316596380000000e-02
5.286295899981633e+01	1.315263010000000e-02
5.291106329998001e+01	1.325548810000000e-02
5.297114840010181e+01	1.336786990000000e-02
5.301777719985694e+01	1.353549030000000e-02
5.304902820009738e+01	1.349929810000000e-02
5.308080969983712e+01	1.356786960000000e-02
5.311413939995691e+01	1.377168110000000e-02
5.315938920015469e+01	1.380787140000000e-02
5.318979999981821e+01	1.379263310000000e-02
5.322079840023071e+01	1.397549080000000e-02
5.327046270016581e+01	1.396596800000000e-02
5.331419900013134e+01	1.410691910000000e-02
5.334503949992359e+01	1.407834700000000e-02
5.337579460022971e+01	1.415453940000000e-02
5.342272480018437e+01	1.435263550000000e-02
5.346816779999062e+01	1.433739720000000e-02
5.351543739996850e+01	1.452787410000000e-02
5.356172960018739e+01	1.451835040000000e-02
5.360840030014515e+01	1.454501690000000e-02
5.363958390010521e+01	1.469168350000000e-02
5.367115590022877e+01	1.467834970000000e-02
5.371648109983653e+01	1.486311290000000e-02
5.376373140001670e+01	1.484216000000000e-02
5.382459060009569e+01	1.502692330000000e-02
5.387463680002838e+01	1.500596940000000e-02
5.391553450003266e+01	1.514501680000000e-02
5.394717109994963e+01	1.508977920000000e-02
5.397845900012180e+01	1.516025700000000e-02
5.402389740012586e+01	1.532978010000000e-02
5.407041609985754e+01	1.528596970000000e-02
5.411647919984534e+01	1.547644660000000e-02
5.417943050013855e+01	1.543263630000000e-02
5.421163510018960e+01	1.551454330000000e-02
5.424237409979105e+01	1.554120980000000e-02
5.427387619996443e+01	1.556406640000000e-02
5.432125389995053e+01	1.572787580000000e-02
5.436700929980725e+01	1.567835360000000e-02
5.441465769987553e+01	1.584597300000000e-02
5.447681749984622e+01	1.580216360000000e-02
5.452317079994828e+01	1.585549670000000e-02
5.455408000014722e+01	1.597168670000000e-02
5.458429280016571e+01	1.591073350000000e-02
5.461529210023582e+01	1.606121290000000e-02
5.466333119990304e+01	1.601359250000000e-02
5.471012359997258e+01	1.607835290000000e-02
5.474067910015583e+01	1.612406970000000e-02
5.477187719987705e+01	1.610692590000000e-02
5.481649880018085e+01	1.623263960000000e-02
5.484854409983382e+01	1.617169010000000e-02
5.487978280009702e+01	1.618502290000000e-02
5.491031520022079e+01	1.624406870000000e-02
5.494341220008209e+01	1.624978150000000e-02
5.497239279979840e+01	1.625740160000000e-02
5.501861030003056e+01	1.640216630000000e-02
5.506553769996390e+01	1.633359310000000e-02
5.511386090004817e+01	1.644978110000000e-02
5.514327100012451e+01	1.639073530000000e-02
5.517524839984253e+01	1.640216630000000e-02
5.522076450008899e+01	1.653168910000000e-02
5.526757720019668e+01	1.645359210000000e-02
5.531557010021061e+01	1.658311860000000e-02
5.536369800008833e+01	1.650692520000000e-02
5.541125989984721e+01	1.656216570000000e-02
5.544245629990473e+01	1.654311830000000e-02
5.547283810004592e+01	1.654121280000000e-02
5.551966929994524e+01	1.665168810000000e-02
5.556651599984616e+01	1.657740210000000e-02
5.561354500008747e+01	1.667835560000000e-02
5.567688329983503e+01	1.658883130000000e-02
5.572369669983163e+01	1.660216600000000e-02
5.575360079994425e+01	1.668787750000000e-02
5.578293710015714e+01	1.660406780000000e-02
5.581371460016817e+01	1.670121220000000e-02
5.587459499994293e+01	1.660406780000000e-02
5.592165479995310e+01	1.670883220000000e-02
5.596850479999557e+01	1.660216600000000e-02
5.601545679988340e+01	1.670311760000000e-02
5.604603900015354e+01	1.660026240000000e-02
5.607645560009405e+01	1.659073490000000e-02
5.612686169985682e+01	1.669168840000000e-02
5.617102870019153e+01	1.657549850000000e-02
5.621752620022744e+01	1.665549910000000e-02
5.626447319984436e+01	1.654692550000000e-02
5.631194159993902e+01	1.661740240000000e-02
5.634283859981224e+01	1.655264200000000e-02
5.637373160012066e+01	1.651073620000000e-02
5.642047369992360e+01	1.654502190000000e-02
5.646711019985378e+01	1.647264140000000e-02
5.651338629983366e+01	1.654502190000000e-02
5.656090610008687e+01	1.647835600000000e-02
5.660743719991297e+01	1.642121190000000e-02
5.664029130013660e+01	1.644406840000000e-02
5.667891950020567e+01	1.636216600000000e-02
5.671905629988760e+01	1.643835570000000e-02
5.676441439986229e+01	1.628978180000000e-02
5.681117379991338e+01	1.634121310000000e-02
5.687340130005032e+01	1.622121220000000e-02
5.692106469999999e+01	1.622882860000000e-02
5.695186269981787e+01	1.624216140000000e-02
5.698213980020955e+01	1.612025870000000e-02
5.701347419992089e+01	1.618121190000000e-02
5.707553650019690e+01	1.604978180000000e-02
5.712180860014632e+01	1.610311490000000e-02
5.716798050003126e+01	1.593930650000000e-02
5.721543940017000e+01	1.601740350000000e-02
5.724894239986315e+01	1.591644990000000e-02
5.727840680023655e+01	1.583264020000000e-02
5.731053359992802e+01	1.586882960000000e-02
5.734257079986855e+01	1.579073260000000e-02
5.737292659981176e+01	1.574692320000000e-02
5.741927890013903e+01	1.575073230000000e-02
5.746533099981025e+01	1.560597310000000e-02
5.751177559979260e+01	1.565549710000000e-02
5.754313960019499e+01	1.553930620000000e-02
5.757353459997103e+01	1.548216310000000e-02
5.761965969996527e+01	1.549739950000000e-02
5.766662729997188e+01	1.534502020000000e-02
5.771265670005232e+01	1.540025700000000e-02
5.775861170003191e+01	1.531073360000000e-02
5.778928419994190e+01	1.524025670000000e-02
5.782332549989223e+01	1.515644700000000e-02
5.785283150011674e+01	1.520025730000000e-02
5.788351440010592e+01	1.505739990000000e-02
5.791448430018499e+01	1.508216090000000e-02
5.796069040009752e+01	1.498311290000000e-02
5.799138800008222e+01	1.496216190000000e-02
5.802339160023257e+01	1.491454150000000e-02
5.807018399983644e+01	1.474311200000000e-02
5.811553210020065e+01	1.479454150000000e-02
5.814821359980851e+01	1.465739870000000e-02
5.817900730017573e+01	1.456977890000000e-02
5.821043600002304e+01	1.458882540000000e-02
5.824145330023021e+01	1.450311210000000e-02
5.827168550016358e+01	1.440215860000000e-02
5.831762650003657e+01	1.440215860000000e-02
5.836461779987440e+01	1.421739530000000e-02
5.841105449991301e+01	1.424406190000000e-02
5.844163060002029e+01	1.413930110000000e-02
5.847289869980887e+01	1.402882390000000e-02
5.851959609985352e+01	1.402501390000000e-02
5.856651729997247e+01	1.384025250000000e-02
5.861393680004403e+01	1.382882240000000e-02
5.867575250007212e+01	1.364787110000000e-02
5.872114059980959e+01	1.360596620000000e-02
5.875305370008573e+01	1.361167990000000e-02
5.878363429987803e+01	1.344786960000000e-02
5.881438250001520e+01	1.342691670000000e-02
5.887552129989490e+01	1.324405990000000e-02
5.892191530019045e+01	1.323453520000000e-02
5.896891820011660e+01	1.302501190000000e-02
5.901550249988213e+01	1.306120210000000e-02
5.904612280009314e+01	1.290120090000000e-02
5.907737389998510e+01	1.280786750000000e-02
5.912430639984086e+01	1.280215380000000e-02
5.917142320005223e+01	1.259262950000000e-02
5.921646390017122e+01	1.254881920000000e-02
5.926333069987595e+01	1.242310460000000e-02
5.932582540018484e+01	1.227262800000000e-02
5.935720450012013e+01	1.228786630000000e-02
5.938855369994417e+01	1.216215170000000e-02
5.942002910003066e+01	1.209929310000000e-02
5.946560630016029e+01	1.190691160000000e-02
5.951184510020539e+01	1.193738820000000e-02
5.955864399997517e+01	1.179643530000000e-02
5.958953920006752e+01	1.171262560000000e-02
5.962044929992408e+01	1.161738670000000e-02
5.965666159987450e+01	1.159262560000000e-02
5.969935140013695e+01	1.144405360000000e-02
5.973191149998456e+01	1.138881590000000e-02
5.976179410004988e+01	1.124976760000000e-02
5.980828949995339e+01	1.114881410000000e-02
5.983917069993913e+01	1.109357640000000e-02
5.986951769981533e+01	1.093357620000000e-02
5.991660779993981e+01	1.095643270000000e-02
5.994811900006607e+01	1.081738430000000e-02
5.997915520006791e+01	1.069357530000000e-02
6.001288169994950e+01	1.072595640000000e-02
