# [General]
# timestamp=2025-04-09T11:10:36.814062
# comments='# '
# delimiter='\t'
# column_dtypes=float;;float
# column_headers='Time (s);;Power (W)'
# 
# [Metadata]
# scanner_y=3.380805065507345
# scanner_x=-4.975861973106942
# start recoding time='09.04.2025, 11:09:36.723553'
# sample rate (hz)=50.0
# sample timing='TIMESTAMP'
# 
# ---- END HEADER ----
1.292000059038401e-03	2.583048260000000e-05
4.801440006121993e-02	2.525427770000000e-05
8.495890023186803e-02	2.544630840000000e-05
1.087738000787795e-01	2.563845190000000e-05
1.419493001885712e-01	2.467807460000000e-05
1.855831998400390e-01	2.506224700000000e-05
2.097673001699150e-01	2.659882920000000e-05
2.376152998767793e-01	2.525427770000000e-05
2.672778000123799e-01	2.544630840000000e-05
2.985872002318501e-01	2.506224700000000e-05
3.451752001419663e-01	2.525427770000000e-05
3.916910998523235e-01	2.525427770000000e-05
4.398922999389470e-01	2.544630840000000e-05
4.853813000954688e-01	2.544630840000000e-05
5.175001001916826e-01	2.544630840000000e-05
5.494742002338171e-01	2.544630840000000e-05
5.804391000419855e-01	2.583048260000000e-05
6.119360001757741e-01	2.621465680000000e-05
6.418683002702892e-01	2.544630840000000e-05
6.886729998514056e-01	2.563845190000000e-05
7.344673001207411e-01	2.487010350000000e-05
7.662098999135196e-01	2.583048260000000e-05
7.962096999399364e-01	2.525427770000000e-05
8.378649000078440e-01	2.525427770000000e-05
8.619635002687573e-01	2.640668750000000e-05
8.899901998229325e-01	2.583048260000000e-05
9.368467000313103e-01	2.525427770000000e-05
9.828699999488890e-01	2.583048260000000e-05
1.014532399829477e+00	2.583048260000000e-05
1.037547400221229e+00	2.563845190000000e-05
1.085552200209349e+00	2.544630840000000e-05
1.108832600060850e+00	2.525427770000000e-05
1.139003499876708e+00	2.525427770000000e-05
1.163859100081027e+00	2.602262610000000e-05
1.187766800168902e+00	2.544630840000000e-05
1.237745200283825e+00	2.563845190000000e-05
1.284040200058371e+00	2.583048260000000e-05
1.307993700262159e+00	2.583048260000000e-05
1.334992600139230e+00	2.621465680000000e-05
1.359368800185621e+00	2.487010350000000e-05
1.388030400034040e+00	2.583048260000000e-05
1.436775700189173e+00	3.159275000000000e-05
1.465567800216377e+00	3.620261120000000e-05
1.497560500167310e+00	3.697084680000000e-05
1.543981499969959e+00	3.773919160000000e-05
1.584951799828559e+00	3.793122230000000e-05
1.621925500221550e+00	3.773919160000000e-05
1.645897400099784e+00	3.697084680000000e-05
1.686882600188255e+00	3.754704810000000e-05
1.733529500197619e+00	3.735502100000000e-05
1.761656300164759e+00	3.735502100000000e-05
1.784845999907702e+00	3.581843700000000e-05
1.808822500053793e+00	3.101654510000000e-05
1.838801000267267e+00	3.005616780000000e-05
1.887531300075352e+00	2.890375980000000e-05
1.934290899895132e+00	2.544630840000000e-05
1.957881200127304e+00	2.525427770000000e-05
1.985322799999267e+00	2.506224700000000e-05
2.011597000062466e+00	2.506224700000000e-05
2.037612500134856e+00	2.448604390000000e-05
2.061604700051248e+00	2.314149060000000e-05
2.088545899838209e+00	2.160490840000000e-05
2.135516699869186e+00	2.083656180000000e-05
2.158539399970323e+00	2.045238760000000e-05
2.196011700201780e+00	2.256528750000000e-05
2.239529800135642e+00	2.390972620000000e-05
2.284724600147456e+00	2.371769550000000e-05
2.308936499990523e+00	2.467807460000000e-05
2.350574499927461e+00	2.487010350000000e-05
2.373600500170141e+00	2.467807460000000e-05
2.396988899912685e+00	2.467807460000000e-05
2.442567000165582e+00	2.467807460000000e-05
2.488994900137186e+00	2.314149060000000e-05
2.537627600133419e+00	2.314149060000000e-05
2.599530000239611e+00	2.294934890000000e-05
2.639631500001997e+00	2.179693910000000e-05
2.663647400215268e+00	2.026035690000000e-05
2.687787699978799e+00	1.795542810000000e-05
2.734679699875414e+00	1.276936290000000e-05
2.770763600245118e+00	9.888229210000000e-06
2.801746400073171e+00	7.391268350000000e-06
2.847295899875462e+00	5.470512410000000e-06
2.885336900129914e+00	5.470512410000000e-06
2.909370400011539e+00	5.662655440000000e-06
2.935370699968189e+00	6.238859900000000e-06
2.959327499847859e+00	8.351646100000001e-06
2.986519500147551e+00	1.123278070000000e-05
3.035820799879730e+00	1.661087480000000e-05
3.059649600181729e+00	1.872377470000000e-05
3.084654199890792e+00	2.122073600000000e-05
3.108607000205666e+00	2.333352130000000e-05
3.142609000205994e+00	3.063237450000000e-05
3.184666300192475e+00	3.447388370000000e-05
3.208743299823254e+00	3.735502100000000e-05
3.236938000191003e+00	3.908374490000000e-05
3.261071899905801e+00	4.081235970000000e-05
3.285085900221020e+00	4.138856090000000e-05
3.314075599890202e+00	4.350146260000000e-05
3.338154499884695e+00	4.446183810000000e-05
3.391499999910593e+00	5.156854600000000e-05
3.437029500026256e+00	5.541005880000000e-05
3.483920200262219e+00	6.578207830000000e-05
3.508035100065172e+00	7.346509660000000e-05
3.537916000001132e+00	7.769078370000001e-05
3.563755699899048e+00	8.268470990000000e-05
3.597097400110215e+00	9.286469139999999e-05
3.639169100206345e+00	1.066941620000000e-04
3.685416399966925e+00	1.166820000000000e-04
3.709380500018597e+00	1.295510880000000e-04
3.736935900058597e+00	1.416517190000000e-04
3.783199999947101e+00	1.616276280000000e-04
3.807468200102448e+00	1.775697750000000e-04
3.845492000225931e+00	1.960089870000000e-04
3.876368700060993e+00	2.142561720000000e-04
3.907173099927604e+00	2.338477930000000e-04
3.936787399929017e+00	2.442198170000000e-04
3.982660000212491e+00	2.584334580000000e-04
4.006735600065440e+00	2.674609130000000e-04
4.036751099862158e+00	2.741835490000000e-04
4.083305099979043e+00	2.849397420000000e-04
4.107342999894172e+00	2.897416420000000e-04
4.134691799990833e+00	2.920465780000000e-04
4.157912500202656e+00	2.964642770000000e-04
4.189874799922109e+00	3.045313640000000e-04
4.238272199872881e+00	3.047235080000000e-04
4.284351400099695e+00	3.066442730000000e-04
4.314190899953246e+00	3.093332630000000e-04
4.345012200064957e+00	3.162480430000000e-04
4.391577000264078e+00	3.302694240000000e-04
4.439075599890202e+00	3.368000620000000e-04
4.468955100048333e+00	3.396811950000000e-04
4.493232700042427e+00	3.429463830000000e-04
4.537516899872571e+00	3.444830650000000e-04
4.583553700242192e+00	3.485166230000000e-04
4.607369999866933e+00	3.500531890000000e-04
4.637505900114775e+00	3.540867470000000e-04
4.683171499986202e+00	3.684924160000000e-04
4.707489199936390e+00	3.779040420000000e-04
4.750584499910474e+00	3.890444060000000e-04
4.782080499920994e+00	3.994165450000000e-04
4.806006100028753e+00	4.105567930000000e-04
4.844998700078577e+00	4.305325860000000e-04
4.885007199831307e+00	4.418650930000000e-04
4.908985400106758e+00	4.510845760000000e-04
4.939873900264502e+00	4.656823000000000e-04
4.986944300122559e+00	4.752860700000000e-04
5.036071300040931e+00	4.883473160000000e-04
5.060776600148529e+00	4.960303190000000e-04
5.083759999834001e+00	5.035211220000000e-04
5.107796899974346e+00	5.142772570000000e-04
5.141755400225520e+00	5.332928270000000e-04
5.184696900192648e+00	5.411678580000000e-04
5.208700700197369e+00	5.494272340000001e-04
5.236899599898607e+00	5.578783460000000e-04
5.281879100017250e+00	5.742047800000000e-04
5.313838600181043e+00	5.847689460000000e-04
5.344561799895018e+00	5.957171670000000e-04
5.368546199984848e+00	6.012874070000000e-04
5.392485800199211e+00	6.095464920000000e-04
5.439456100109965e+00	6.145406510000000e-04
5.484440899919719e+00	6.191502910000000e-04
5.516441500280052e+00	6.256808990000000e-04
5.547446300275624e+00	6.295224300000000e-04
5.594073200132698e+00	6.349004110000000e-04
5.637407199945301e+00	6.416230460000001e-04
5.661345700267702e+00	6.498824220000000e-04
5.687443800270557e+00	6.564130310000000e-04
5.734306899830699e+00	6.660165960000000e-04
5.758305900264531e+00	6.715868370000000e-04
5.785395900253206e+00	6.761966510000000e-04
5.810954399872571e+00	6.827272590000000e-04
5.841340400278568e+00	6.971327240000000e-04
5.885882900096476e+00	7.067365220000000e-04
5.910051200073212e+00	7.192214250000000e-04
5.935139200184494e+00	7.292092780000000e-04
5.959073100239038e+00	7.368922820000000e-04
5.983019200153649e+00	7.436149170000000e-04
6.007042699959129e+00	7.507218980000000e-04
6.039246100001037e+00	7.632065680000000e-04
6.084975299891084e+00	7.691608630000000e-04
6.108968500047922e+00	7.731946530000000e-04
6.136965699959546e+00	7.797250290000000e-04
6.182622299995273e+00	7.943226960000000e-04
6.206607299856842e+00	8.098807880000000e-04
6.237574100028723e+00	8.244785130000000e-04
6.275860900059342e+00	8.429177110000000e-04
6.298849300015718e+00	8.584758030000000e-04
6.335804400034249e+00	8.678875750000000e-04
6.358793999999762e+00	8.757626060000001e-04
6.384852000046521e+00	8.836376360000000e-04
6.407786400057375e+00	8.936254890000000e-04
6.436775099951774e+00	8.993877560000000e-04
6.482752200216055e+00	9.122569460000000e-04
6.506728500127792e+00	9.182112410000000e-04
6.536307000089437e+00	9.226288530000001e-04
6.573148400057107e+00	9.324246779999999e-04
6.597702600061893e+00	9.491353990000000e-04
6.639098600018770e+00	9.694951590000000e-04
6.685082499869168e+00	9.800592669999999e-04
6.708060999866575e+00	9.896630650000000e-04
6.735099300276488e+00	9.963857010000000e-04
6.759384999983013e+00	1.000995630000000e-03
6.785040399990976e+00	1.006373550000000e-03
6.824008599855006e+00	1.011367770000000e-03
6.856006499845535e+00	1.016937780000000e-03
6.879978800192475e+00	1.023660410000000e-03
6.917985599953681e+00	1.035376920000000e-03
6.941064700018615e+00	1.047093540000000e-03
6.985098999924958e+00	1.054968570000000e-03
7.012095700018108e+00	1.066109050000000e-03
7.037983099929988e+00	1.075904820000000e-03
7.084036100190133e+00	1.093191680000000e-03
7.108010199852288e+00	1.106252660000000e-03
7.136032099835575e+00	1.119121680000000e-03
7.160012600012124e+00	1.132951230000000e-03
7.198004300240427e+00	1.166756260000000e-03
7.238408199977130e+00	1.182506560000000e-03
7.283864300232381e+00	1.215351280000000e-03
7.307877200189978e+00	1.232253970000000e-03
7.335181700065732e+00	1.246851750000000e-03
7.358144099824131e+00	1.262793900000000e-03
7.385610000230372e+00	1.277391570000000e-03
7.409574100282043e+00	1.294486340000000e-03
7.449182800017297e+00	1.317919460000000e-03
7.472419099882245e+00	1.334437870000000e-03
7.495786200277507e+00	1.367474790000000e-03
7.537603099830449e+00	1.385721960000000e-03
7.587679400108755e+00	1.428170480000000e-03
7.634989500045776e+00	1.475228930000000e-03
7.665451200213283e+00	1.504808430000000e-03
7.688534200191498e+00	1.524208000000000e-03
7.743208500090986e+00	1.570305900000000e-03
7.773738100193441e+00	1.597004480000000e-03
7.797065900173038e+00	1.634074960000000e-03
7.838914900086820e+00	1.679404520000000e-03
7.899621999822557e+00	1.732417380000000e-03
7.935779199935496e+00	1.760844370000000e-03
7.958802000153810e+00	1.789655770000000e-03
7.991996699944139e+00	1.851888140000000e-03
8.038422000128776e+00	1.881275560000000e-03
8.070963900070637e+00	1.914888620000000e-03
8.096357199829072e+00	1.954648410000000e-03
8.149434400256723e+00	2.024947900000000e-03
8.184494799934328e+00	2.057216130000000e-03
8.209038299974054e+00	2.091405680000000e-03
8.242253700271249e+00	2.147491790000000e-03
8.284213399980217e+00	2.176110630000000e-03
8.320205300115049e+00	2.219903980000000e-03
8.344189399853349e+00	2.248138650000000e-03
8.382193199824542e+00	2.291355980000000e-03
8.406194299925119e+00	2.333228010000000e-03
8.445142200216651e+00	2.406600860000000e-03
8.485084800049663e+00	2.447320850000000e-03
8.523089900147170e+00	2.513586780000000e-03
8.554740800056607e+00	2.584846690000000e-03
8.585051199886948e+00	2.629792080000000e-03
8.618028800003231e+00	2.684149430000000e-03
8.642126600258052e+00	2.718723150000000e-03
8.678043600171804e+00	2.763668540000000e-03
8.701963500119746e+00	2.801507250000000e-03
8.736178299877793e+00	2.828781730000000e-03
8.759932700078934e+00	2.853367480000000e-03
8.784925099927932e+00	2.877953000000000e-03
8.808909500017762e+00	2.906380220000000e-03
8.849939700216055e+00	2.944987270000000e-03
8.897235699929297e+00	2.979560990000000e-03
8.935027800034732e+00	2.992237690000000e-03
8.958683699835092e+00	3.007219640000000e-03
8.989964699838310e+00	3.047939620000000e-03
9.051961500197649e+00	3.086162730000000e-03
9.084944200236350e+00	3.106330290000000e-03
9.108868500217795e+00	3.128995420000000e-03
9.134856100194156e+00	3.151468000000000e-03
9.158839600160718e+00	3.177205800000000e-03
9.185383900068700e+00	3.202175720000000e-03
9.209815999958664e+00	3.230602950000000e-03
9.238187300041318e+00	3.249041970000000e-03
9.267794600222260e+00	3.279390050000000e-03
9.291808799840510e+00	3.327985060000000e-03
9.345748099964112e+00	3.385031130000000e-03
9.392214400228113e+00	3.443422030000000e-03
9.436850099824369e+00	3.466471100000000e-03
9.482680399902165e+00	3.509303790000000e-03
9.507075199857354e+00	3.537731010000000e-03
9.535895899869502e+00	3.563084870000000e-03
9.564859699923545e+00	3.602652340000000e-03
9.595884200185537e+00	3.695616730000000e-03
9.638030100148171e+00	3.750165920000000e-03
9.688981799874455e+00	3.887691770000000e-03
9.734150600153953e+00	3.923801710000000e-03
9.757250499911606e+00	3.958951220000000e-03
9.784656899981201e+00	3.990067630000000e-03
9.814668300095946e+00	4.020223390000000e-03
9.845925600267947e+00	4.048266450000000e-03
9.870127700269222e+00	4.068241920000000e-03
9.893361200112849e+00	4.099742510000000e-03
9.936801600269973e+00	4.122215320000000e-03
9.982784599997103e+00	4.167352800000000e-03
1.000609030015767e+01	4.199429420000000e-03
1.004996540024877e+01	4.260893910000000e-03
1.009674159996212e+01	4.313329700000000e-03
1.014170459983870e+01	4.341373220000000e-03
1.017267200024799e+01	4.366534760000000e-03
1.019664990017191e+01	4.397843030000000e-03
1.023782220017165e+01	4.414361440000000e-03
1.028359040012583e+01	4.441443830000000e-03
1.031559950020164e+01	4.465069160000000e-03
1.033959280001000e+01	4.511551470000000e-03
1.038453279994428e+01	4.549966190000000e-03
1.040851810015738e+01	4.603939600000000e-03
1.043851310014725e+01	4.647732250000000e-03
1.046250890009105e+01	4.694791050000000e-03
1.050048079993576e+01	4.787755200000000e-03
1.053744490025565e+01	4.826170390000000e-03
1.059543950017542e+01	4.925473130000000e-03
1.063745639985427e+01	4.951018840000000e-03
1.068842360004783e+01	4.999037830000000e-03
1.073533179983497e+01	5.036492370000000e-03
1.075831500021741e+01	5.054547920000000e-03
1.078230499988422e+01	5.076828410000000e-03
1.081445589987561e+01	5.111593750000000e-03
1.084529990004376e+01	5.167679860000000e-03
1.089125839993358e+01	5.228183700000000e-03
1.093523199995980e+01	5.258723630000000e-03
1.096820760006085e+01	5.299059210000000e-03
1.099273040005937e+01	5.356681530000000e-03
1.103789359983057e+01	5.392984020000000e-03
1.106429830007255e+01	5.437160840000000e-03
1.109545030025765e+01	5.512838720000000e-03
1.113610380003229e+01	5.557400170000000e-03
1.116012649983168e+01	5.601193290000000e-03
1.118507080012932e+01	5.644986410000000e-03
1.120806970028207e+01	5.702225030000000e-03
1.124904150003567e+01	5.799222270000000e-03
1.128401659987867e+01	5.842631680000000e-03
1.131132310023531e+01	5.890074190000000e-03
1.134199080010876e+01	5.937516690000000e-03
1.136596560012549e+01	5.972090180000000e-03
1.138998780027032e+01	6.046039050000000e-03
1.143896060017869e+01	6.118451710000000e-03
1.148512890003622e+01	6.154945590000000e-03
1.150888870004565e+01	6.196434140000000e-03
1.153719259984791e+01	6.232736170000000e-03
1.158385269995779e+01	6.311294160000000e-03
1.161029409989715e+01	6.361426320000000e-03
1.163792750006542e+01	6.400609850000000e-03
1.166181140020490e+01	6.434991020000000e-03
1.169897009991109e+01	6.505098660000000e-03
1.173567439988256e+01	6.533333100000000e-03
1.175872700009495e+01	6.565218330000000e-03
1.178477150015533e+01	6.590955890000000e-03
1.182224280014634e+01	6.629754790000000e-03
1.184549089986831e+01	6.672588180000000e-03
1.189877870026976e+01	6.718877700000000e-03
1.193512189993635e+01	6.742119320000000e-03
1.195817360002548e+01	6.763631480000000e-03
1.199131810013205e+01	6.807424130000000e-03
1.203870719997212e+01	6.826824040000000e-03
1.208527299994603e+01	6.866199900000000e-03
1.211682000011206e+01	6.892513950000000e-03
1.214082759991288e+01	6.937074940000000e-03
1.218482819991186e+01	6.961084900000000e-03
1.220884380023926e+01	6.987591270000000e-03
1.223796219984069e+01	7.009487130000000e-03
1.227249630028382e+01	7.042332090000000e-03
1.229570969985798e+01	7.080555430000000e-03
1.235044080018997e+01	7.127806080000000e-03
1.239635659987107e+01	7.171791510000000e-03
1.244354799995199e+01	7.201946810000000e-03
1.248535150010139e+01	7.220770230000000e-03
1.250949870003387e+01	7.239594120000000e-03
1.253658299986273e+01	7.259185430000000e-03
1.256830060016364e+01	7.281274070000000e-03
1.260014019999653e+01	7.311622150000000e-03
1.264760719984770e+01	7.354454140000000e-03
1.268459240021184e+01	7.370204200000000e-03
1.270797359989956e+01	7.387875580000000e-03
1.274025340005755e+01	7.423409260000000e-03
1.278448919998482e+01	7.439928130000000e-03
1.280877829995006e+01	7.457982750000000e-03
1.284973669983447e+01	7.482376420000000e-03
1.287309119990095e+01	7.493132730000000e-03
1.289618409983814e+01	7.515605540000000e-03
1.293640850018710e+01	7.530010770000000e-03
1.298233749996871e+01	7.564200550000000e-03
1.300634919991717e+01	7.582063320000000e-03
1.303756619989872e+01	7.599349600000000e-03
1.308331899996847e+01	7.632386870000000e-03
1.310894350009039e+01	7.650058250000000e-03
1.314728090027347e+01	7.673683110000000e-03
1.317926899995655e+01	7.689625490000000e-03
1.321021900000051e+01	7.697692610000000e-03
1.323819180019200e+01	7.708833090000000e-03
1.328314410010353e+01	7.731689610000000e-03
1.332015200005844e+01	7.749745160000000e-03
1.335013390006498e+01	7.765879390000000e-03
1.339808840025216e+01	7.792193440000000e-03
1.343808009987697e+01	7.801797710000000e-03
1.346217760024592e+01	7.811977530000000e-03
1.348602649988607e+01	7.822541520000000e-03
1.352203040011227e+01	7.829456590000001e-03
1.354627100005746e+01	7.837714629999999e-03
1.358497289987281e+01	7.842132820000000e-03
1.360895959986374e+01	7.845974530000001e-03
1.363694139989093e+01	7.855770180000001e-03
1.368995040003210e+01	7.869599390000001e-03
1.373491830006242e+01	7.877474650000001e-03
1.375888870004565e+01	7.883621380000001e-03
1.378285750001669e+01	7.887270300000001e-03
1.381286749988794e+01	7.893801670000001e-03
1.383783179987222e+01	7.897450590000001e-03
1.389179689995944e+01	7.914352229999999e-03
1.393476680014282e+01	7.920115250000000e-03
1.395803180010989e+01	7.923573260000000e-03
1.398473779996857e+01	7.926646620000000e-03
1.401573499990627e+01	7.932792419999999e-03
1.404794519999996e+01	7.939322850000000e-03
1.407778090005741e+01	7.946621629999999e-03
1.410198100004345e+01	7.949310350000001e-03
1.413567009987310e+01	7.951231670000000e-03
1.415965380007401e+01	7.956033570000000e-03
1.418462450010702e+01	7.957378399999999e-03
1.420761110028252e+01	7.960258980000001e-03
1.423661380028352e+01	7.962755860000000e-03
1.429457260016352e+01	7.962947709999999e-03
1.433454120019451e+01	7.962755860000000e-03
1.437154689989984e+01	7.963716980000000e-03
1.440252109989524e+01	7.966021080000000e-03
1.443848899984732e+01	7.968710739999999e-03
1.448445390025154e+01	7.965061810000000e-03
1.450844069989398e+01	7.962564009999999e-03
1.453788249986246e+01	7.962755860000000e-03
1.458339550020173e+01	7.959298790000000e-03
1.460739760007709e+01	7.953921330000000e-03
1.465138430008665e+01	7.949118500000000e-03
1.467434420017526e+01	7.946237920000000e-03
1.469935930008069e+01	7.940474899999999e-03
1.473641340015456e+01	7.936442270000000e-03
1.478427950013429e+01	7.931255740000000e-03
1.480753180012107e+01	7.926453840000000e-03
1.483825419982895e+01	7.918579500000000e-03
1.488524729991332e+01	7.907246240000000e-03
1.490921019995585e+01	7.901868780000000e-03
1.493519270000979e+01	7.892648690000000e-03
1.495918769994751e+01	7.885541770000001e-03
1.499518160009757e+01	7.866717880000000e-03
1.503913540020585e+01	7.851351980000001e-03
1.508776160003617e+01	7.844245990000000e-03
1.513607619982213e+01	7.828111759999999e-03
1.518205420020968e+01	7.817931469999999e-03
1.520534530002624e+01	7.808327670000000e-03
1.523749990016222e+01	7.800644260000000e-03
1.526222479995340e+01	7.794882640000000e-03
1.528650349983945e+01	7.788735910000000e-03
1.533439260022715e+01	7.771065460000000e-03
1.536437699990347e+01	7.757619490000000e-03
1.538834760012105e+01	7.745326960000000e-03
1.544233730016276e+01	7.721317470000000e-03
1.548428720002994e+01	7.710945790000000e-03
1.552062840014696e+01	7.697500290000000e-03
1.555226129991934e+01	7.682518100000000e-03
1.558323410013691e+01	7.671762720000000e-03
1.560721699986607e+01	7.658316750000000e-03
1.563820180017501e+01	7.645447740000000e-03
1.568317480012774e+01	7.626624310000000e-03
1.570737869990990e+01	7.610874250000000e-03
1.573414479987696e+01	7.600886750000000e-03
1.575859900005162e+01	7.588017730000000e-03
1.578411550028250e+01	7.577453740000000e-03
1.580810600006953e+01	7.557477800000000e-03
1.584708640025929e+01	7.539038550000000e-03
1.587106470018625e+01	7.524632850000000e-03
1.589405400026590e+01	7.504657380000000e-03
1.593602509982884e+01	7.494284770000000e-03
1.596004060003906e+01	7.486794610000000e-03
1.598807229986414e+01	7.486218120000000e-03
1.603860459988937e+01	7.503312550000000e-03
1.608395709982142e+01	7.539806420000000e-03
1.611235899990425e+01	7.571690720000000e-03
1.614393940009177e+01	7.610105910000000e-03
1.616789390007034e+01	7.645063570000000e-03
1.619232839997858e+01	7.709024940000000e-03
1.623785569984466e+01	7.742445920000000e-03
1.628386999992654e+01	7.797379510000000e-03
1.631499089999124e+01	7.828880099999999e-03
1.634683670010418e+01	7.863837290000000e-03
1.638478690013289e+01	7.879587820000001e-03
1.640877280011773e+01	7.886693810000000e-03
1.644075149996206e+01	7.895913910000000e-03
1.646375200012699e+01	7.903789170000000e-03
1.648673069989309e+01	7.906286049999999e-03
1.653568070009351e+01	7.913009259999999e-03
1.655875369999558e+01	7.914737800000000e-03
1.658466289984062e+01	7.916273550000000e-03
1.660864160023630e+01	7.922612129999999e-03
1.663662890018895e+01	7.924917150000000e-03
1.668259470025077e+01	7.936825979999999e-03
1.670659650024027e+01	7.941819730000001e-03
1.673456740006804e+01	7.944509390000000e-03
1.675756959989667e+01	7.947773670000000e-03
1.678154380014166e+01	7.956801910000000e-03
1.681653140019625e+01	7.958146740000000e-03
1.684051699982956e+01	7.961988450000001e-03
1.688448140025139e+01	7.962947709999999e-03
1.690846800012514e+01	7.963716980000000e-03
1.693445309996605e+01	7.965061810000000e-03
1.695845180004835e+01	7.968326099999999e-03
1.698843349982053e+01	7.967749610000000e-03
1.703644730011001e+01	7.967365910000000e-03
1.706642160005867e+01	7.968517950000000e-03
1.709699450014159e+01	7.958530449999999e-03
1.713633590005338e+01	7.955264300000001e-03
1.719034550013021e+01	7.937401530000001e-03
1.723701929999515e+01	7.934329100000000e-03
1.728558519994840e+01	7.913968529999999e-03
1.730927870003507e+01	7.908398290000000e-03
1.733423070004210e+01	7.898410780000000e-03
1.735790270008147e+01	7.886501960000000e-03
1.738194929994643e+01	7.873441090000001e-03
1.740552360005677e+01	7.854234430000001e-03
1.743865030026063e+01	7.828880099999999e-03
1.748476429982111e+01	7.815819230000000e-03
1.751525280019268e+01	7.798915730000000e-03
1.753973820013925e+01	7.767223750000000e-03
1.759348710021004e+01	7.727655580000000e-03
1.763748800009489e+01	7.710562090000000e-03
1.766149159986526e+01	7.691161710000000e-03
1.768834740016609e+01	7.676756480000000e-03
1.773520869994536e+01	7.645256350000000e-03
1.776407560007647e+01	7.630081850000000e-03
1.778963819984347e+01	7.598965430000000e-03
1.784103889996186e+01	7.565544920000000e-03
1.788647510018200e+01	7.544800170000000e-03
1.793276489991695e+01	7.510995490000000e-03
1.795689600007609e+01	7.495821450000000e-03
1.799506610026583e+01	7.452028340000000e-03
1.803836739994586e+01	7.432052870000000e-03
1.808478729985654e+01	7.383841560000000e-03
1.810878399992362e+01	7.350228730000000e-03
1.813524649990723e+01	7.316807280000000e-03
1.815848880028352e+01	7.278392090000000e-03
1.819759160000831e+01	7.196376570000000e-03
1.823764789989218e+01	7.159882690000000e-03
1.826217040000483e+01	7.113784550000000e-03
1.828541939985007e+01	7.072680160000000e-03
1.830951730022207e+01	7.023893760000000e-03
1.833627390023321e+01	6.982021030000000e-03
1.838267969992012e+01	6.902117280000000e-03
1.840571200009435e+01	6.847567860000000e-03
1.843702179985121e+01	6.801086010000000e-03
1.848907050024718e+01	6.638974880000000e-03
1.853684379998595e+01	6.582888770000000e-03
1.856087090028450e+01	6.528147960000000e-03
1.858391890022904e+01	6.473598540000000e-03
1.861394080007449e+01	6.399649200000000e-03
1.863789559993893e+01	6.343371230000000e-03
1.868399950023741e+01	6.234465170000000e-03
1.870742719992995e+01	6.177994420000000e-03
1.873512110020965e+01	6.132856940000000e-03
1.877166819991544e+01	6.062941630000000e-03
1.879498950019479e+01	5.982270460000000e-03
1.884950789995492e+01	5.902751350000000e-03
1.887347140023485e+01	5.839558320000000e-03
1.889746520016342e+01	5.730459930000000e-03
1.894247339991853e+01	5.591013000000000e-03
1.898459130013362e+01	5.525131710000000e-03
1.900767449988052e+01	5.436968990000000e-03
1.903768160007894e+01	5.376081450000000e-03
1.908366069989279e+01	5.259683820000000e-03
1.911534429993480e+01	5.175746980000000e-03
1.913847240014002e+01	5.116587500000000e-03
1.916233240021393e+01	5.054739770000000e-03
1.918576700007543e+01	4.998653660000000e-03
1.923530420009047e+01	4.881103520000000e-03
1.926986410003155e+01	4.805234260000000e-03
1.930092930002138e+01	4.720529080000000e-03
1.933473489992321e+01	4.675583450000000e-03
1.935872900020331e+01	4.615848420000000e-03
1.938512780005112e+01	4.556304780000000e-03
1.940914830006659e+01	4.493688230000000e-03
1.943729140004143e+01	4.447398240000000e-03
1.947161930007860e+01	4.387086720000000e-03
1.950275979982689e+01	4.303726370000000e-03
1.953757920023054e+01	4.246871920000000e-03
1.958271059999242e+01	4.129322250000000e-03
1.960698600020260e+01	4.046537450000000e-03
1.963699539983645e+01	3.990259490000000e-03
1.968990840017796e+01	3.814703090000000e-03
1.973732559988275e+01	3.751894690000000e-03
1.976170120015740e+01	3.702531100000000e-03
1.978498140024021e+01	3.661619270000000e-03
1.981409360002726e+01	3.614176760000000e-03
1.984494449989870e+01	3.559051310000000e-03
1.989129590010270e+01	3.502965440000000e-03
1.993701260024682e+01	3.459364180000000e-03
1.998231159988791e+01	3.370433580000000e-03
2.000545210018754e+01	3.309545570000000e-03
2.003661980014294e+01	3.258645770000000e-03
2.006223089993000e+01	3.206401360000000e-03
2.009322259994224e+01	3.106522370000000e-03
2.013627649983391e+01	3.061960920000000e-03
2.018577290000394e+01	2.959200650000000e-03
2.023464189982042e+01	2.851254770000000e-03
2.026404449995607e+01	2.789406570000000e-03
2.028776139998809e+01	2.745997630000000e-03
2.034084000019357e+01	2.646886980000000e-03
2.037280859984457e+01	2.584846690000000e-03
2.039668100001290e+01	2.493418990000000e-03
2.043877119990066e+01	2.372987800000000e-03
2.048493740009144e+01	2.298846380000000e-03
2.051288110017776e+01	2.205305970000000e-03
2.053751350007951e+01	2.123866460000000e-03
2.058337410027161e+01	1.985956680000000e-03
2.060752670001239e+01	1.908550270000000e-03
2.063754300028086e+01	1.850159370000000e-03
2.066138930013403e+01	1.794649640000000e-03
2.069962459988892e+01	1.685935190000000e-03
2.074558279989287e+01	1.592778720000000e-03
2.078507820004597e+01	1.544952040000000e-03
2.080875180009753e+01	1.494820580000000e-03
2.083882809989154e+01	1.406274040000000e-03
2.088534629996866e+01	1.359215470000000e-03
2.090866419998929e+01	1.316190700000000e-03
2.094932230003178e+01	1.255879180000000e-03
2.097380270017311e+01	1.215543480000000e-03
2.099727910012007e+01	1.145243880000000e-03
2.103837520023808e+01	1.106060690000000e-03
2.108438390027732e+01	1.034608580000000e-03
2.110848090006039e+01	9.906234919999999e-04
2.113809930020943e+01	9.435651590000000e-04
2.118369959993288e+01	8.709607060000000e-04
2.121694200020283e+01	8.267835360000000e-04
2.124041710002348e+01	7.945149550000000e-04
2.127789029991254e+01	7.520663200000000e-04
2.130158740002662e+01	7.186453440000000e-04
2.133555549988523e+01	6.936754800000000e-04
2.135852729994804e+01	6.675532790000000e-04
2.138684879988432e+01	6.404706510000000e-04
2.143506859987974e+01	5.866896830000000e-04
2.145840559992939e+01	5.517320240000000e-04
2.148412659997120e+01	5.181187880000000e-04
2.151097400020808e+01	4.823929920000000e-04
2.153599200025201e+01	4.568468430000000e-04
2.155990350013599e+01	4.345661440000000e-04
2.158435960020870e+01	4.126697020000000e-04
2.160788579983637e+01	3.878920110000000e-04
2.163784130010754e+01	3.709893790000000e-04
2.168354410026222e+01	3.368000620000000e-04
2.170781059982255e+01	3.125985680000000e-04
2.174550190009177e+01	2.682292540000000e-04
2.178522749990225e+01	2.505582820000000e-04
2.180893620010465e+01	2.273172870000000e-04
2.183714530011639e+01	2.088780750000000e-04
2.186174910003319e+01	1.910150600000000e-04
2.188562990026549e+01	1.771857060000000e-04
2.191585050011054e+01	1.647007880000000e-04
2.193985510012135e+01	1.495268810000000e-04
2.198551619984210e+01	1.397310700000000e-04
2.200904070027173e+01	1.301273010000000e-04
2.203735500015318e+01	1.218680630000000e-04
2.208465259987861e+01	1.061178410000000e-04
2.211884210025892e+01	9.785861040000001e-05
2.215025389986113e+01	8.748659460000000e-05
2.217442210018635e+01	8.057191740000000e-05
2.221063059987500e+01	6.847117769999999e-05
2.224199440004304e+01	5.752284780000000e-05
2.228998159989715e+01	4.868741230000000e-05
2.233492110017687e+01	4.676665780000000e-05
2.235797000024468e+01	4.388552410000000e-05
2.239839780004695e+01	3.735502100000000e-05
2.243656489998102e+01	3.447388370000000e-05
2.246078279986978e+01	3.255312910000000e-05
2.249179450003430e+01	2.736706480000000e-05
2.255366299999878e+01	2.506224700000000e-05
2.258466990012676e+01	2.314149060000000e-05
2.260867300024256e+01	2.160490840000000e-05
2.263766720006242e+01	2.141276490000000e-05
2.269597129989415e+01	1.910783610000000e-05
2.273465130012482e+01	1.853163120000000e-05
2.275766720017418e+01	1.833960050000000e-05
2.278165140002966e+01	1.737922320000000e-05
2.281913630012423e+01	1.661087480000000e-05
2.284227070026100e+01	1.392188460000000e-05
2.289749599993229e+01	1.200112820000000e-05
2.293490019999444e+01	1.104075000000000e-05
2.296210230002180e+01	9.504167790000001e-06
2.298605829989538e+01	9.119993590000000e-06
2.303646880015731e+01	8.159616299999999e-06
2.306126150023192e+01	7.007206930000000e-06
2.308446309994906e+01	7.007206930000000e-06
2.310766310011968e+01	5.854686150000000e-06
2.313589549995959e+01	5.662655440000000e-06
2.315940280025825e+01	5.662655440000000e-06
2.319553400017321e+01	5.662655440000000e-06
2.323763190023601e+01	5.662655440000000e-06
2.328848130023107e+01	5.854686150000000e-06
2.333435790007934e+01	6.430890150000000e-06
2.336535880016163e+01	7.391268350000000e-06
2.339633509982377e+01	8.735820300000000e-06
2.343834359990433e+01	8.927962880000001e-06
2.349126840010285e+01	1.257733220000000e-05
2.353728839987889e+01	1.411391530000000e-05
2.358758859988302e+01	1.661087480000000e-05
2.365096270013601e+01	2.006821340000000e-05
2.367413449985906e+01	2.122073600000000e-05
2.369730809982866e+01	2.352566480000000e-05
2.373559809988365e+01	2.525427770000000e-05
2.375960360001773e+01	2.679085990000000e-05
2.378461700025946e+01	2.832744210000000e-05
2.382161749992520e+01	3.351350820000000e-05
2.384466469986364e+01	3.773919160000000e-05
2.388477590028197e+01	4.023615470000000e-05
2.390868810005486e+01	4.273311420000000e-05
2.393558910023421e+01	4.599842210000000e-05
2.395853580022231e+01	4.868741230000000e-05
2.398208149988204e+01	5.080031410000000e-05
2.400618779985234e+01	5.329727360000000e-05
2.403833959996700e+01	5.406550920000000e-05
2.408429050026461e+01	5.617840720000000e-05
2.410849560005590e+01	5.752284780000000e-05
2.414586099982262e+01	5.752284780000000e-05
2.418442159984261e+01	5.713878640000000e-05
2.420908349985257e+01	5.502588460000000e-05
2.423934020008892e+01	5.041613990000000e-05
2.427061930019408e+01	4.311728840000000e-05
2.429462159983814e+01	3.178489350000000e-05
2.433758410019800e+01	2.640668750000000e-05
2.438363280007616e+01	1.680301830000000e-05
2.440675259986892e+01	1.257733220000000e-05
2.444286620011553e+01	7.775442100000000e-06
2.448954429989681e+01	5.662655440000000e-06
2.453699639998376e+01	5.662655440000000e-06
2.456148320017383e+01	5.662655440000000e-06
2.458576940000057e+01	5.854686150000000e-06
2.463571600010619e+01	6.430890150000000e-06
2.465971140004694e+01	7.391268350000000e-06
2.468503169994801e+01	7.583411390000000e-06
2.470875900005922e+01	8.735820300000000e-06
2.474060840019956e+01	1.123278070000000e-05
2.478432579990476e+01	1.142492420000000e-05
2.480816939985380e+01	1.257733220000000e-05
2.485055360011756e+01	1.449808860000000e-05
2.487372069992125e+01	1.545846680000000e-05
2.489745020028204e+01	1.737922320000000e-05
2.494303670013323e+01	2.083656180000000e-05
2.498525669984519e+01	2.122073600000000e-05
2.502099010022357e+01	2.333352130000000e-05
2.505487419990823e+01	2.352566480000000e-05
2.508477659989148e+01	2.467807460000000e-05
2.510982110025361e+01	2.602262610000000e-05
2.513442920008674e+01	2.640668750000000e-05
2.516267429990694e+01	2.909579050000000e-05
2.518601399986073e+01	3.082451440000000e-05
2.523571030003950e+01	3.581843700000000e-05
2.528118469985202e+01	3.889160140000000e-05
2.531615660013631e+01	4.119653020000000e-05
2.534722020011395e+01	4.330931920000000e-05
2.538401859998703e+01	4.523007370000000e-05
2.540808460023254e+01	4.523007370000000e-05
2.543656470021233e+01	4.580627860000000e-05
2.547062550019473e+01	4.753500620000000e-05
2.550190269993618e+01	4.945576070000000e-05
2.553770830016583e+01	5.060817060000000e-05
2.558370690001175e+01	5.464182320000000e-05
2.561298440024257e+01	5.598626380000000e-05
2.563896390004084e+01	6.001992010000000e-05
2.568463320005685e+01	6.270891029999999e-05
2.570860770018771e+01	6.597422180000000e-05
2.573928319988772e+01	6.981573100000000e-05
2.577052280027419e+01	7.308092610000000e-05
2.580186349991709e+01	7.845913209999999e-05
2.584835459990427e+01	8.671825340000000e-05
2.588461939990520e+01	9.017570120000000e-05
2.590841600019485e+01	9.324886920000001e-05
2.594214880000800e+01	9.997151210000000e-05
2.598508629994467e+01	1.036208780000000e-04
2.601839450001717e+01	1.084227700000000e-04
2.604235440026969e+01	1.120722520000000e-04
2.606735330028459e+01	1.145692150000000e-04
2.609499400015920e+01	1.197551680000000e-04
2.613564949994907e+01	1.235966770000000e-04
2.615916929999366e+01	1.285907060000000e-04
2.618771049985662e+01	1.349291850000000e-04
2.623553609987721e+01	1.462615760000000e-04
2.626578080002218e+01	1.543287800000000e-04
2.629718300001696e+01	1.658531980000000e-04
2.634326490014791e+01	1.754569820000000e-04
2.637397370021790e+01	1.860211340000000e-04
2.639716470008716e+01	1.965851840000000e-04
2.643773690005764e+01	2.025395950000000e-04
2.649767700023949e+01	2.081097190000000e-04
2.653858410008252e+01	2.079176920000000e-04
2.659289530012757e+01	2.146403420000000e-04
2.663678910024464e+01	2.205946370000000e-04
2.666084370017052e+01	2.244361530000000e-04
2.668687430024147e+01	2.269331160000000e-04
2.673563480004668e+01	2.277013410000000e-04
2.676503070024773e+01	2.309666600000000e-04
2.679722219984978e+01	2.409546140000000e-04
2.684429260017350e+01	2.484454890000000e-04
2.688435580022633e+01	2.509424520000000e-04
2.690794159984216e+01	2.513266230000000e-04
2.693722990015522e+01	2.513266230000000e-04
2.696847379999235e+01	2.532473880000000e-04
2.699243680015206e+01	2.588175120000000e-04
2.703829819988459e+01	2.653481210000000e-04
2.709226230019704e+01	2.855159400000000e-04
2.713769400026649e+01	2.931989730000000e-04
2.718425570009276e+01	3.072204710000000e-04
2.720807960024104e+01	3.141351340000000e-04
2.723687929986045e+01	3.200894570000000e-04
2.726122900005430e+01	3.248913270000000e-04
2.729247110011056e+01	3.333427010000000e-04
2.733673530025408e+01	3.400653660000000e-04
2.738306629983708e+01	3.542788910000000e-04
2.741639610007405e+01	3.696448110000000e-04
2.744785650027916e+01	3.894285760000000e-04
2.748527859989554e+01	3.988402310000000e-04
2.751136669982225e+01	4.069074350000000e-04
2.753675600001588e+01	4.113251340000000e-04
2.756146260024980e+01	4.161270340000000e-04
2.758827049983665e+01	4.226575260000000e-04
2.763758129999042e+01	4.364868800000000e-04
2.769816750008613e+01	4.693317750000000e-04
2.774330150010064e+01	4.937252960000000e-04
2.778515850007534e+01	5.056341180000000e-04
2.781969190016389e+01	5.246493970000000e-04
2.785089799994603e+01	5.398234350000000e-04
2.787452419986948e+01	5.532684740000000e-04
2.789770610025153e+01	5.717077290000000e-04
2.793612080020830e+01	5.836165510000000e-04
2.798249599989504e+01	6.082020700000000e-04
2.800559520022944e+01	6.233761090000000e-04
2.803715700004250e+01	6.360530390000000e-04
2.808292530011386e+01	6.642880620000000e-04
2.811587199987844e+01	6.867608170000000e-04
2.813989710016176e+01	7.015505690000000e-04
2.816304250014946e+01	7.140354720000000e-04
2.818697160016745e+01	7.249836929999999e-04
2.823587159998715e+01	7.495692120000000e-04
2.828579120012000e+01	7.835665600000000e-04
2.831626700004563e+01	8.037344670000000e-04
2.834694299986586e+01	8.350426800000000e-04
2.838458679988980e+01	8.525215090000000e-04
2.840886570001021e+01	8.759546330000000e-04
2.843693930003792e+01	8.959305710000000e-04
2.847033970011398e+01	9.266624110000000e-04
2.850192920025438e+01	9.683427050000000e-04
2.853808340011165e+01	9.942729960000000e-04
2.858436969993636e+01	1.046709480000000e-03
2.861128129996359e+01	1.073600030000000e-03
2.863719750009477e+01	1.097801260000000e-03
2.868343630013987e+01	1.151774540000000e-03
2.870730330003425e+01	1.180585820000000e-03
2.873479040013626e+01	1.201906010000000e-03
2.876514799986035e+01	1.229948950000000e-03
2.878870150027797e+01	1.270284880000000e-03
2.884112040000036e+01	1.309084010000000e-03
2.888823529984802e+01	1.334245900000000e-03
2.893538649985567e+01	1.385529760000000e-03
2.895942420000210e+01	1.411267910000000e-03
2.898465669993311e+01	1.433740720000000e-03
2.901214990019798e+01	1.456021450000000e-03
2.903615520009771e+01	1.474076300000000e-03
2.906162279983982e+01	1.496549110000000e-03
2.908562869997695e+01	1.516525050000000e-03
2.910975190019235e+01	1.536692960000000e-03
2.913593220012262e+01	1.554171790000000e-03
2.918528330000117e+01	1.587784850000000e-03
2.921652910020202e+01	1.612946620000000e-03
2.924060110002756e+01	1.653090240000000e-03
2.928459409996867e+01	1.674986910000000e-03
2.930855320021510e+01	1.698804090000000e-03
2.933458120003343e+01	1.720316710000000e-03
2.937224970012903e+01	1.755466450000000e-03
2.939633629983291e+01	1.786582640000000e-03
2.943854530015960e+01	1.804829580000000e-03
2.948391060018912e+01	1.848238640000000e-03
2.950769260013476e+01	1.878586360000000e-03
2.954351980006322e+01	1.935248850000000e-03
2.959062420018017e+01	1.990374180000000e-03
2.963801570003852e+01	2.018801170000000e-03
2.966804599994794e+01	2.058944900000000e-03
2.969215800007805e+01	2.121177270000000e-03
2.973627620004117e+01	2.157863700000000e-03
2.978203959995881e+01	2.215486250000000e-03
2.980819649994373e+01	2.248138650000000e-03
2.983693440025672e+01	2.276181940000000e-03
2.988699419982731e+01	2.331499710000000e-03
2.994771130010486e+01	2.392387480000000e-03
2.997093999991193e+01	2.417165320000000e-03
2.999442879995331e+01	2.470945940000000e-03
3.003941219998524e+01	2.529336840000000e-03
3.008928330009803e+01	2.586575460000000e-03
3.013608990004286e+01	2.618651600000000e-03
3.018156340019777e+01	2.678771270000000e-03
3.020571959996596e+01	2.728134390000000e-03
3.023736409982666e+01	2.772311680000000e-03
3.026193920010701e+01	2.817641250000000e-03
3.028545990027487e+01	2.855288330000000e-03
3.030886889994144e+01	2.891974760000000e-03
3.033567370008677e+01	2.923666970000000e-03
3.038181219995022e+01	2.976679480000000e-03
3.040485939988866e+01	3.009524430000000e-03
3.043758320016786e+01	3.038143740000000e-03
3.049278660025448e+01	3.144168990000000e-03
3.053889909991995e+01	3.188346280000000e-03
3.056385749997571e+01	3.226185450000000e-03
3.058703870000318e+01	3.267289370000000e-03
3.063638859987259e+01	3.362558550000000e-03
3.068349249986932e+01	3.447647440000000e-03
3.071060470025986e+01	3.489136000000000e-03
3.073452789988369e+01	3.521788870000000e-03
3.075777090014890e+01	3.565005730000000e-03
3.078442890010774e+01	3.610911310000000e-03
3.081963479984552e+01	3.678137900000000e-03
3.085089380014688e+01	3.735760460000000e-03
3.087392400018871e+01	3.777440640000000e-03
3.089729660004377e+01	3.842169880000000e-03
3.094433279987425e+01	3.929947970000000e-03
3.098507239995524e+01	3.974317570000000e-03
3.102203840017319e+01	4.031556190000000e-03
3.105386350024492e+01	4.079574720000000e-03
3.108597589982674e+01	4.109153990000000e-03
3.113227880001068e+01	4.166392610000000e-03
3.116335379984230e+01	4.211338240000000e-03
3.118688869988546e+01	4.245911720000000e-03
3.123600989999250e+01	4.308335950000000e-03
3.128132250020280e+01	4.365958740000000e-03
3.131884570000693e+01	4.412825220000000e-03
3.134214530000463e+01	4.461420230000000e-03
3.139596860017627e+01	4.519426260000000e-03
3.143707090010867e+01	4.550542680000000e-03
3.147297970019281e+01	4.594335800000000e-03
3.149623249983415e+01	4.639281430000000e-03
3.153763769986108e+01	4.663675090000000e-03
3.159760189987719e+01	4.752029200000000e-03
3.164314190018922e+01	4.805618430000000e-03
3.168375500012189e+01	4.828667270000000e-03
3.170792090008035e+01	4.855749660000000e-03
3.173390130000189e+01	4.875149580000000e-03
3.176711310027167e+01	4.901271780000000e-03
3.179117069998756e+01	4.937189630000000e-03
3.184567169984803e+01	4.973876290000000e-03
3.188383390009403e+01	4.995772620000000e-03
3.190752610005438e+01	5.023239180000000e-03
3.193760500010103e+01	5.055508110000000e-03
3.198319459985942e+01	5.114859440000000e-03
3.200741069996729e+01	5.147127900000000e-03
3.203637839993462e+01	5.171905740000000e-03
3.206184790004045e+01	5.198027470000000e-03
3.208711520023644e+01	5.223957820000000e-03
3.213485040003434e+01	5.275625740000000e-03
3.215783370006830e+01	5.301363770000000e-03
3.218393500009552e+01	5.331135820000000e-03
3.220705470023677e+01	5.368206180000000e-03
3.223607139987871e+01	5.398746110000000e-03
3.228115379996598e+01	5.453103220000000e-03
3.230423749983311e+01	5.492286760000000e-03
3.233507309993729e+01	5.527820440000000e-03
3.235817380016670e+01	5.561049560000000e-03
3.238164329994470e+01	5.594662390000000e-03
3.240838150028139e+01	5.639223850000000e-03
3.243841840000823e+01	5.672644820000000e-03
3.248505289992318e+01	5.732956340000000e-03
3.251647059991956e+01	5.766185470000000e-03
3.265257130004466e+01	5.904672200000000e-03
3.271770070027560e+01	5.970553960000000e-03
3.274151899991557e+01	6.007624320000000e-03
3.278449400002137e+01	6.027983970000000e-03
3.280854370025918e+01	6.052761800000000e-03
3.283947320003062e+01	6.105966400000000e-03
3.288643909990788e+01	6.138427180000000e-03
3.293140320014209e+01	6.197586190000000e-03
3.295440270006657e+01	6.230815310000000e-03
3.298059209994972e+01	6.269230040000000e-03
3.300459429994226e+01	6.320706100000000e-03
3.303863879991695e+01	6.398497150000000e-03
3.309058610023931e+01	6.478399500000000e-03
3.313928409991786e+01	6.555998230000000e-03
3.318505909992382e+01	6.589226890000000e-03
3.320885570021346e+01	6.621112120000000e-03
3.324715440021828e+01	6.656645330000000e-03
3.327087130025029e+01	6.685072560000000e-03
3.329415119998157e+01	6.726176940000000e-03
3.333531480003148e+01	6.754603700000000e-03
3.335932689998299e+01	6.781878420000000e-03
3.338767630001530e+01	6.810497490000000e-03
3.344826680002734e+01	6.884831000000000e-03
3.349455119995400e+01	6.941493130000000e-03
3.353656719997525e+01	6.962045100000000e-03
3.356075089983642e+01	6.983173080000000e-03
3.358556130016223e+01	7.005069870000000e-03
3.364756780024618e+01	7.056161760000000e-03
3.368460719985887e+01	7.068838460000000e-03
3.370960059994832e+01	7.082668600000000e-03
3.373460470000282e+01	7.097073830000000e-03
3.377315849997103e+01	7.123772050000000e-03
3.379724980005994e+01	7.147973400000000e-03
3.385036650020629e+01	7.168909530000000e-03
3.387409370020032e+01	7.182546890000000e-03
3.389774580020458e+01	7.210782260000000e-03
3.394441620027646e+01	7.245932240000000e-03
3.398397269984707e+01	7.261874150000000e-03
3.400888290023431e+01	7.279929240000000e-03
3.403867720020935e+01	7.304322910000000e-03
3.408461460005492e+01	7.319880650000000e-03
3.410831570019946e+01	7.330636960000000e-03
3.414594680024311e+01	7.351380770000000e-03
3.417734420020133e+01	7.370204200000000e-03
3.420070410007611e+01	7.390180140000000e-03
3.423864179989323e+01	7.418415510000000e-03
3.428603539988399e+01	7.441272030000000e-03
3.433226520009339e+01	7.476422000000000e-03
3.435547930002213e+01	7.490443530000000e-03
3.439543760009110e+01	7.521943650000000e-03
3.443754959991202e+01	7.539230860000000e-03
3.447198530007154e+01	7.552868220000000e-03
3.450312970019877e+01	7.570538670000000e-03
3.454084709985182e+01	7.586481520000000e-03
3.458463079994544e+01	7.597236890000000e-03
3.461376400012523e+01	7.609721740000000e-03
3.463789860019460e+01	7.615676150000000e-03
3.468374999985099e+01	7.628929340000000e-03
3.470912550017238e+01	7.639109160000000e-03
3.473407280026004e+01	7.648905270000000e-03
3.475724400021136e+01	7.656588220000000e-03
3.478130999999121e+01	7.663503290000000e-03
3.481746770022437e+01	7.674066820000000e-03
3.484858709992841e+01	7.684630810000000e-03
3.488491349993274e+01	7.689241320000000e-03
3.491015239991248e+01	7.697884460000000e-03
3.494158220011741e+01	7.704031190000000e-03
3.498508420027792e+01	7.713634520000000e-03
3.500915519986302e+01	7.725351490000000e-03
3.503830670006573e+01	7.732457950000000e-03
3.506598290009424e+01	7.746095300000000e-03
3.509778640000150e+01	7.757043930000000e-03
3.514355219993740e+01	7.773946510000000e-03
3.518461630027741e+01	7.780092300000000e-03
3.520784030016512e+01	7.789312400000000e-03
3.523685860028490e+01	7.794114300000000e-03
3.528337730001658e+01	7.811593360000000e-03
3.530764110013843e+01	7.825806740000000e-03
3.534543040022254e+01	7.846166380000000e-03
3.537007489986718e+01	7.853657940000000e-03
3.539510860014707e+01	7.870559580000000e-03
3.543841599998996e+01	7.879971530000000e-03
3.548420590022579e+01	7.889767180000000e-03
3.551620880002156e+01	7.893801670000001e-03
3.554829719988629e+01	7.906669749999999e-03
3.558430320024490e+01	7.915313360000001e-03
3.560822510020807e+01	7.920115250000000e-03
3.563767690025270e+01	7.927605880000001e-03
3.567400990007445e+01	7.937401530000001e-03
3.570456820027903e+01	7.943741050000000e-03
3.573594990000129e+01	7.946813480000000e-03
3.578202769998461e+01	7.952191870000000e-03
3.580697040027007e+01	7.954112249999999e-03
3.584586620004848e+01	7.959682490000000e-03
3.589186460012570e+01	7.962755860000000e-03
3.593507470004261e+01	7.966404780000000e-03
3.595826470013708e+01	7.967749610000000e-03
3.598210270004347e+01	7.969094439999999e-03
3.600512430025265e+01	7.968710739999999e-03
3.603834560001269e+01	7.969094439999999e-03
3.608659159997478e+01	7.973512630000000e-03
3.613224249985069e+01	7.976777850000000e-03
3.615625580027699e+01	7.974088190000001e-03
3.618792730011046e+01	7.976777850000000e-03
3.624996390007436e+01	7.975048390000000e-03
3.627355960011482e+01	7.974280980000000e-03
3.629765859991312e+01	7.972743359999999e-03
3.634226110018790e+01	7.972359659999999e-03
3.638900090008974e+01	7.970246489999999e-03
3.643697859998792e+01	7.968901660000000e-03
3.648271470004693e+01	7.965252730000000e-03
3.650704990001395e+01	7.965445519999999e-03
3.653609019983560e+01	7.958530449999999e-03
3.657419309997931e+01	7.958530449999999e-03
3.659831540007144e+01	7.955457080000001e-03
3.664007729990408e+01	7.953343910000001e-03
3.668394279992208e+01	7.952960210000000e-03
3.671462179999799e+01	7.946813480000000e-03
3.673772120010108e+01	7.944893090000000e-03
3.678376349993050e+01	7.941819730000001e-03
3.680776200024411e+01	7.936633190000000e-03
3.683873549988493e+01	7.938939149999999e-03
3.686288820020854e+01	7.934137250000001e-03
3.688675210019574e+01	7.933752610000001e-03
3.694789880001917e+01	7.921076379999999e-03
3.698456120025367e+01	7.916081700000001e-03
3.701035929983482e+01	7.906477900000000e-03
3.703865200001746e+01	7.898602629999999e-03
3.708434699987993e+01	7.895337420000001e-03
3.710831890022382e+01	7.890535520000000e-03
3.713559360010549e+01	7.888422350000000e-03
3.716199159994721e+01	7.880931720000000e-03
3.718541780021042e+01	7.878626700000000e-03
3.720840999996290e+01	7.872480899999999e-03
3.723821310000494e+01	7.860956710000000e-03
3.728392049996182e+01	7.834834050000000e-03
3.732252370007336e+01	7.820812990000000e-03
3.734678240027279e+01	7.806023120000000e-03
3.738465060014278e+01	7.796803020000000e-03
3.740865390002728e+01	7.790080740000000e-03
3.743674100004137e+01	7.785278370000000e-03
3.746065140003338e+01	7.781052960000000e-03
3.748472710000351e+01	7.773178160000000e-03
3.750871299998835e+01	7.767415610000000e-03
3.754080459987745e+01	7.753202690000000e-03
3.758479630015790e+01	7.742830090000000e-03
3.762056009983644e+01	7.729961070000000e-03
3.764453550009057e+01	7.710562090000000e-03
3.769947370002046e+01	7.671762720000000e-03
3.773447619983926e+01	7.662158460000000e-03
3.775746970018372e+01	7.650442420000000e-03
3.778148629982024e+01	7.639109160000000e-03
3.780676750000566e+01	7.623359100000000e-03
3.783847610000521e+01	7.604919840000000e-03
3.788442250015214e+01	7.595124190000000e-03
3.790760100027546e+01	7.585136690000000e-03
3.793540730001405e+01	7.576877250000000e-03
3.795839999988675e+01	7.567273920000000e-03
3.799438570020720e+01	7.541151250000000e-03
3.803732410026714e+01	7.531355600000000e-03
3.806142720021307e+01	7.513876540000000e-03
3.808828519983217e+01	7.497742310000000e-03
3.815025650011376e+01	7.444921880000000e-03
3.818521700007841e+01	7.424946410000000e-03
3.820921920007095e+01	7.406890860000000e-03
3.823721580021083e+01	7.389411800000000e-03
3.828319300012663e+01	7.351573560000000e-03
3.830721940007061e+01	7.330636960000000e-03
3.833915999997407e+01	7.309124340000000e-03
3.836314440006390e+01	7.294911430000000e-03
3.840014840010554e+01	7.272437680000000e-03
3.843808720028028e+01	7.255727890000000e-03
3.849307169998065e+01	7.162763740000000e-03
3.853712740028277e+01	7.135104850000000e-03
3.858300579991192e+01	7.097265680000000e-03
3.861798059986904e+01	7.078634580000000e-03
3.864197550015524e+01	7.070759780000000e-03
3.867895120009780e+01	7.056353610000000e-03
3.870192270027474e+01	7.046366110000000e-03
3.873590259999037e+01	7.043869230000000e-03
3.878392079984769e+01	7.040219380000000e-03
3.881788880005479e+01	7.038874550000000e-03
3.884186109993607e+01	7.042524400000000e-03
3.888583290018141e+01	7.046941670000000e-03
3.894381109997630e+01	7.098994220000000e-03
3.896876530023292e+01	7.139906290000000e-03
3.899177630012855e+01	7.242858880000000e-03
3.903775030001998e+01	7.298176180000000e-03
3.908386539993808e+01	7.398823740000000e-03
3.910776060028002e+01	7.447034590000000e-03
3.914809809997678e+01	7.516373410000000e-03
3.919405130017549e+01	7.564777040000000e-03
3.923674360010773e+01	7.582639810000000e-03
3.927377460012212e+01	7.605304940000000e-03
3.929672949993983e+01	7.622975390000000e-03
3.933568490017205e+01	7.633923090000000e-03
3.935967699997127e+01	7.640069820000000e-03
3.939867090014741e+01	7.651017980000000e-03
3.943663190025836e+01	7.656396830000000e-03
3.948326130025089e+01	7.666576650000000e-03
3.950757919996977e+01	7.670993450000000e-03
3.953681669989601e+01	7.675411650000000e-03
3.957059710007161e+01	7.683094590000000e-03
3.959483940014616e+01	7.695003410000000e-03
3.963771229982376e+01	7.697884460000000e-03
3.969664139999077e+01	7.710369300000000e-03
3.973557800007984e+01	7.714211010000000e-03
3.975957369990647e+01	7.719781250000000e-03
3.978456819988787e+01	7.725158710000000e-03
3.980855000019073e+01	7.730537560000000e-03
3.983853999990970e+01	7.734954820000000e-03
3.986252720002085e+01	7.736875680000000e-03
3.988611740013584e+01	7.740525060000000e-03
3.993310050014406e+01	7.751281370000000e-03
3.996308379992843e+01	7.760693320000000e-03
3.998705499991775e+01	7.769912480000000e-03
4.003504010010511e+01	7.786815520000000e-03
4.007342529995367e+01	7.797570900000000e-03
4.009713040012866e+01	7.807175160000000e-03
4.014994749985635e+01	7.814474400000000e-03
4.017441309988499e+01	7.822925220000001e-03
4.019795650010929e+01	7.830992340000001e-03
4.023775110021234e+01	7.835217750000000e-03
4.028351450012997e+01	7.846742869999999e-03
4.032150970026851e+01	7.859611880000001e-03
4.034550679987296e+01	7.877474650000001e-03
4.038448420027271e+01	7.882852110000000e-03
4.041444730013609e+01	7.893608880000000e-03
4.043769029993564e+01	7.899179120000000e-03
4.047639469988644e+01	7.909167559999999e-03
4.049959800019860e+01	7.920499890000000e-03
4.053735980018973e+01	7.927798670000000e-03
4.058421500027180e+01	7.936633190000000e-03
4.060756879998371e+01	7.945277730000000e-03
4.063658470008522e+01	7.952383719999999e-03
4.069362960010767e+01	7.966597560000000e-03
4.073507220018655e+01	7.969094439999999e-03
4.075864240014926e+01	7.974088190000001e-03
4.078189440025017e+01	7.975048390000000e-03
4.080585699994117e+01	7.975433020000000e-03
4.083835330000147e+01	7.976009510000000e-03
4.089638559985906e+01	7.979658430000000e-03
4.093509719986469e+01	7.979851220000000e-03
4.095918719982728e+01	7.974471900000000e-03
4.098473800020292e+01	7.967942390000000e-03
4.102158860024065e+01	7.966789420000000e-03
4.104579490004107e+01	7.966981270000000e-03
4.108471920015290e+01	7.961988450000001e-03
4.110853639990091e+01	7.959298790000000e-03
4.114780930010602e+01	7.952000010000000e-03
4.118457290017977e+01	7.943548260000001e-03
4.120881300000474e+01	7.938170810000001e-03
4.123717590002343e+01	7.934137250000001e-03
4.128301940020174e+01	7.922996769999999e-03
4.130708569986746e+01	7.914929649999999e-03
4.133481190027669e+01	7.903020829999999e-03
4.135873149987310e+01	7.895337420000001e-03
4.138241050019860e+01	7.881509140000000e-03
4.140545880002901e+01	7.863837290000000e-03
4.144104610010982e+01	7.840404290000000e-03
4.148373650014400e+01	7.825422100000000e-03
4.150704819988459e+01	7.811784740000000e-03
4.155129830026999e+01	7.777019870000000e-03
4.159804579988122e+01	7.732073780000000e-03
4.164412439987063e+01	7.703070530000000e-03
4.167581079993397e+01	7.673298940000000e-03
4.170010200003162e+01	7.641798820000000e-03
4.173640249995515e+01	7.616636810000000e-03
4.178216210007668e+01	7.563623600000000e-03
4.180618209997192e+01	7.527513900000000e-03
4.183690490014851e+01	7.499662690000000e-03
4.189132359996438e+01	7.413421760000000e-03
4.193894620006904e+01	7.376351390000000e-03
4.196937720011920e+01	7.343313660000000e-03
4.199246599990875e+01	7.300288880000000e-03
4.203769800020382e+01	7.270517760000000e-03
4.208452699985355e+01	7.207132880000000e-03
4.210782429995015e+01	7.169870190000000e-03
4.214187119994313e+01	7.081899330000000e-03
4.218452150002122e+01	7.037914820000000e-03
4.220881460001692e+01	6.982405200000000e-03
4.223648669989780e+01	6.933233700000000e-03
4.226042499998584e+01	6.883293860000000e-03
4.228467520000413e+01	6.830857140000000e-03
4.231186740007252e+01	6.768433380000000e-03
4.234273649984971e+01	6.648001730000000e-03
4.238412410020828e+01	6.596718450000000e-03
4.240805910015479e+01	6.536022290000000e-03
4.243685830011964e+01	6.495303010000000e-03
4.248401959985495e+01	6.407716310000000e-03
4.251523549994454e+01	6.353166890000000e-03
4.253964810026810e+01	6.303611210000000e-03
4.257723140018061e+01	6.219482980000000e-03
4.260057270014659e+01	6.132280450000000e-03
4.263779800012708e+01	6.067935840000000e-03
4.268595620011911e+01	5.923302840000000e-03
4.273282720008865e+01	5.783280360000000e-03
4.275689780013636e+01	5.703377070000000e-03
4.278487200010568e+01	5.642873700000000e-03
4.281185339996591e+01	5.580641330000000e-03
4.283725399989635e+01	5.530317310000000e-03
4.286147959996015e+01	5.485372150000000e-03
4.288785720011219e+01	5.431783390000000e-03
4.293579360004514e+01	5.336321420000000e-03
4.299677000008523e+01	5.130033010000000e-03
4.303645699983463e+01	5.066456270000000e-03
4.309041289985180e+01	4.871884360000000e-03
4.313591520022601e+01	4.807346970000000e-03
4.316017320007086e+01	4.752029200000000e-03
4.319848620006815e+01	4.662714430000000e-03
4.323852859996259e+01	4.606436470000000e-03
4.328461319999769e+01	4.585116170000000e-03
4.330828680004925e+01	4.560146480000000e-03
4.333372060023248e+01	4.540554710000000e-03
4.335754060000181e+01	4.524228630000000e-03
4.338400440011173e+01	4.509246440000000e-03
4.340837239986286e+01	4.486005290000000e-03
4.344287039991468e+01	4.456617870000000e-03
4.346702129999176e+01	4.431840030000000e-03
4.349075460014865e+01	4.378059410000000e-03
4.353942919988185e+01	4.310640970000000e-03
4.358527400018647e+01	4.274531270000000e-03
4.360938540007919e+01	4.237844610000000e-03
4.363680300023407e+01	4.205191970000000e-03
4.369300780026242e+01	4.081495110000000e-03
4.373465460026637e+01	4.026946150000000e-03
4.376999930012971e+01	3.949539740000000e-03
4.380153260007501e+01	3.881545040000000e-03
4.384719370026141e+01	3.850044920000000e-03
4.388515109987929e+01	3.840056950000000e-03
4.390858020028099e+01	3.829685040000000e-03
4.393993829982355e+01	3.800489710000000e-03
4.398492620000616e+01	3.771294370000000e-03
4.401858709985390e+01	3.745363790000000e-03
4.404956609988585e+01	3.727116850000000e-03
4.407354420004413e+01	3.713863670000000e-03
4.409755710000172e+01	3.684668340000000e-03
4.414312569983304e+01	3.641643560000000e-03
4.419007760006934e+01	3.598426700000000e-03
4.423727850010619e+01	3.582100380000000e-03
4.428320380020887e+01	3.547718980000000e-03
4.430711420020089e+01	3.523709250000000e-03
4.433425390021876e+01	3.494898320000000e-03
4.436059659998864e+01	3.457443320000000e-03
4.439195469999686e+01	3.372738600000000e-03
4.443829909991473e+01	3.313003110000000e-03
4.448421970009804e+01	3.282655500000000e-03
4.450767830014229e+01	3.258837850000000e-03
4.453556780004874e+01	3.243279640000000e-03
4.456399769987911e+01	3.223688110000000e-03
4.459398279991001e+01	3.188730450000000e-03
4.463938920013607e+01	3.166833890000000e-03
4.466256229998544e+01	3.146666330000000e-03
4.468677210016176e+01	3.125153950000000e-03
4.473542649997398e+01	3.071180780000000e-03
4.476373409992084e+01	3.036031030000000e-03
4.479000320006162e+01	2.968996530000000e-03
4.484107360010967e+01	2.905227940000000e-03
4.488765900023282e+01	2.863355450000000e-03
4.493334960006177e+01	2.783260310000000e-03
4.495629790006205e+01	2.746381800000000e-03
4.498017869982868e+01	2.708734710000000e-03
4.500330789992586e+01	2.653033240000000e-03
4.503913140017539e+01	2.569864740000000e-03
4.508520490024239e+01	2.532794140000000e-03
4.512198089994490e+01	2.476900350000000e-03
4.514516529999673e+01	2.412747130000000e-03
4.518507090024650e+01	2.367993820000000e-03
4.520966440020129e+01	2.315749180000000e-03
4.524570390023291e+01	2.261199990000000e-03
4.527002379996702e+01	2.228739210000000e-03
4.530855920026079e+01	2.173997690000000e-03
4.533525069989264e+01	2.148067810000000e-03
4.535871249996126e+01	2.126939590000000e-03
4.538415399985388e+01	2.105619060000000e-03
4.541779919993132e+01	2.068740780000000e-03
4.544181660003960e+01	2.020914340000000e-03
4.548426919989288e+01	1.995560480000000e-03
4.551062990026549e+01	1.964444290000000e-03
4.553591440012679e+01	1.928525980000000e-03
4.556351630017161e+01	1.878202310000000e-03
4.558994870027527e+01	1.794457670000000e-03
4.563828469999135e+01	1.752777370000000e-03
4.569889600016177e+01	1.648480650000000e-03
4.573485969984904e+01	1.615827790000000e-03
4.575786660006270e+01	1.578373250000000e-03
4.578492160001770e+01	1.532851490000000e-03
4.580827690009028e+01	1.478110090000000e-03
4.583649760019034e+01	1.432204040000000e-03
4.586009040009230e+01	1.388987180000000e-03
4.588461950002238e+01	1.353069210000000e-03
4.591644409997389e+01	1.318687810000000e-03
4.593973750015721e+01	1.286227020000000e-03
4.598477869993076e+01	1.270476850000000e-03
4.602302019996569e+01	1.242241820000000e-03
4.604731529997662e+01	1.208820850000000e-03
4.608552019996569e+01	1.183466990000000e-03
4.610917720012367e+01	1.155616020000000e-03
4.613463940005749e+01	1.122579090000000e-03
4.616377220023423e+01	1.079746410000000e-03
4.618724319990724e+01	1.039986850000000e-03
4.623617580020800e+01	9.616200700000000e-04
4.628160100011155e+01	9.051500240000000e-04
4.631802769983187e+01	8.755705790000000e-04
4.634873590013012e+01	8.444543930000000e-04
4.639532099990174e+01	7.993168549999999e-04
4.644232010003179e+01	7.699292040000000e-04
4.646671590022743e+01	7.486088430000000e-04
4.648993939999491e+01	7.146115530000000e-04
4.655272040003911e+01	6.861845030000000e-04
4.658430740004405e+01	6.715868370000000e-04
4.660849320003763e+01	6.585257940000001e-04
4.664491060003638e+01	6.383578880000000e-04
4.668506789999083e+01	6.272176400000001e-04
4.670859170006588e+01	6.166534729999999e-04
4.673426830023527e+01	6.022477760000000e-04
4.677067349990830e+01	5.843846590000000e-04
4.679801379982382e+01	5.573022640000000e-04
4.684674260020256e+01	5.286829550000000e-04
4.688448240002617e+01	5.108200710000000e-04
4.690847809985280e+01	4.941095830000000e-04
4.693444410013035e+01	4.789355440000000e-04
4.695770430006087e+01	4.666426680000000e-04
4.698399109998718e+01	4.560787350000000e-04
4.701726750005037e+01	4.462827060000000e-04
4.705019930005074e+01	4.385999050000000e-04
4.708120010001585e+01	4.320692970000000e-04
4.711141759995371e+01	4.249624620000000e-04
4.714259060006589e+01	4.063312080000000e-04
4.719057019986212e+01	3.865474430000000e-04
4.723582939989865e+01	3.779040420000000e-04
4.728064800007269e+01	3.619618950000000e-04
4.730395619990304e+01	3.521659820000000e-04
4.733328310027719e+01	3.433305540000000e-04
4.736193299992010e+01	3.289250020000000e-04
4.739301120024174e+01	3.076046410000000e-04
4.743870449997485e+01	2.910861800000000e-04
4.748525980021805e+01	2.814824110000000e-04
4.750968569982797e+01	2.709182440000000e-04
4.753635809989646e+01	2.616986460000000e-04
4.759719600016251e+01	2.384576510000000e-04
4.763726220000535e+01	2.298142500000000e-04
4.766153470007703e+01	2.227074290000000e-04
4.768475240003318e+01	2.150243960000000e-04
4.770858950028196e+01	2.056127560000000e-04
4.773635330004618e+01	1.969693550000000e-04
4.778265399998054e+01	1.791063550000000e-04
4.780667879991233e+01	1.683501610000000e-04
4.783653410011902e+01	1.595147330000000e-04
4.788281230023131e+01	1.429962720000000e-04
4.790624060016125e+01	1.316638810000000e-04
4.793878970015794e+01	1.210997140000000e-04
4.796963339997455e+01	1.105355550000000e-04
4.800032770028338e+01	1.003556830000000e-04
4.803969300026074e+01	8.959938710000000e-05
4.808525640005246e+01	8.172432720000000e-05
4.810845449985936e+01	7.423344500000000e-05
4.814100159984082e+01	5.790701830000000e-05
4.818744389992207e+01	4.868741230000000e-05
4.823583979997784e+01	3.658667260000000e-05
4.826604569982737e+01	2.813541140000000e-05
4.829636779986322e+01	1.891580540000000e-05
4.834282509982586e+01	1.315353710000000e-05
4.838855040026829e+01	7.775442100000000e-06
4.843658029986545e+01	7.775442100000000e-06
4.848227530019358e+01	6.046829180000000e-06
4.850627769995481e+01	6.430890150000000e-06
4.854670719988644e+01	6.623033640000000e-06
4.857318329997361e+01	6.046829180000000e-06
4.860980620002374e+01	5.662655440000000e-06
4.864073610026389e+01	7.007206930000000e-06
4.868739050021395e+01	8.159616299999999e-06
4.873252299986780e+01	1.123278070000000e-05
4.875553150009364e+01	1.238530150000000e-05
4.878405279992148e+01	1.334567970000000e-05
4.880792349996045e+01	1.353771040000000e-05
4.884257999993861e+01	1.411391530000000e-05
4.886632840009406e+01	1.372974110000000e-05
4.889002159982920e+01	1.565049750000000e-05
4.893828700017184e+01	1.776339740000000e-05
4.898499889997765e+01	1.680301830000000e-05
4.901350090000778e+01	1.737922320000000e-05
4.903763640020043e+01	1.661087480000000e-05
4.909292320022359e+01	8.543789590000001e-06
4.914015679992735e+01	6.430890150000000e-06
4.916378290019929e+01	5.470512410000000e-06
4.920106110023335e+01	6.623033640000000e-06
4.923734120000154e+01	7.391268350000000e-06
4.929305740026757e+01	1.372974110000000e-05
4.933431750023738e+01	1.565049750000000e-05
4.935870150011033e+01	1.891580540000000e-05
4.938643880002201e+01	2.333352130000000e-05
4.943419810011983e+01	3.140071930000000e-05
4.945846410002559e+01	3.408971320000000e-05
4.949364490015432e+01	4.196476580000000e-05
4.953728199983016e+01	4.465386880000000e-05
4.958884300012141e+01	5.598626380000000e-05
4.965116709982976e+01	6.539801689999999e-05
4.969826370012015e+01	7.442547940000000e-05
4.973478080006316e+01	8.076395170000000e-05
4.975997320003808e+01	8.844697730000000e-05
4.978426610026509e+01	9.536165450000000e-05
4.980719459988177e+01	1.066941620000000e-04
4.983885800000280e+01	1.243650190000000e-04
4.988543089991435e+01	1.376181750000000e-04
4.990966310026124e+01	1.510634610000000e-04
4.993455420015380e+01	1.658531980000000e-04
4.995781419984996e+01	1.819874890000000e-04
4.998456270014867e+01	1.965851840000000e-04
5.000945839984342e+01	2.131036450000000e-04
5.003648639982566e+01	2.280855260000000e-04
5.006104490021244e+01	2.413386680000000e-04
5.008438730007038e+01	2.526711610000000e-04
5.010839390009642e+01	2.668847160000000e-04
5.014802080020308e+01	2.885892170000000e-04
5.018367520021275e+01	2.989612400000000e-04
5.020780570013449e+01	3.127905950000000e-04
5.023644849983975e+01	3.243151300000000e-04
5.028167039994150e+01	3.477482530000000e-04
5.031805450003594e+01	3.698369550000000e-04
5.035052359988913e+01	3.896206040000000e-04
5.037407380016521e+01	4.034500740000000e-04
5.039765809988603e+01	4.195843650000000e-04
5.043861149996519e+01	4.382156180000000e-04
5.048777800006792e+01	4.507005210000000e-04
5.053657509991899e+01	4.752860700000000e-04
5.058425409998745e+01	5.029449820000000e-04
5.060856179986149e+01	5.208079240000000e-04
5.063668290013447e+01	5.346372490000000e-04
5.066044280026108e+01	5.448173620000000e-04
5.068408810021356e+01	5.540368730000000e-04
5.072109659994021e+01	5.699791950000000e-04
5.075276139983907e+01	5.928360040000000e-04
5.078436970012262e+01	6.082020700000000e-04
5.081697050016373e+01	6.325956200000000e-04
5.084083339991048e+01	6.662087980000000e-04
5.088418650021777e+01	6.831113710000000e-04
5.090858739987016e+01	7.017425960000000e-04
5.094088019989431e+01	7.282489100000000e-04
5.097132290014997e+01	7.614780330000000e-04
5.100160459987819e+01	8.096887610000000e-04
5.103800910012797e+01	8.348506530000000e-04
5.109308560006320e+01	9.064946790000000e-04
5.114010319998488e+01	9.573945430000000e-04
5.118819110002369e+01	9.854375380000001e-04
5.123634930001572e+01	1.034224520000000e-03
5.126077250018716e+01	1.058618070000000e-03
5.128417630027980e+01	1.079746410000000e-03
5.131123320013285e+01	1.106829030000000e-03
5.134216810017824e+01	1.166948470000000e-03
5.138810819992796e+01	1.200753500000000e-03
5.143675049999729e+01	1.250500910000000e-03
5.149465040024370e+01	1.337319030000000e-03
5.153730309987441e+01	1.375925960000000e-03
5.157269180007279e+01	1.424328890000000e-03
5.160360810020939e+01	1.469658690000000e-03
5.164995130011812e+01	1.524400080000000e-03
5.169717790000141e+01	1.596044170000000e-03
5.173453939985484e+01	1.627928690000000e-03
5.176009829994291e+01	1.668456360000000e-03
5.178401429997757e+01	1.715898860000000e-03
5.182149509992450e+01	1.787350750000000e-03
5.184469670010731e+01	1.829031040000000e-03
5.186895939987153e+01	1.873784580000000e-03
5.190078969998285e+01	1.947733570000000e-03
5.193568170024082e+01	1.992102950000000e-03
5.199527110019699e+01	2.139424670000000e-03
5.203697660006583e+01	2.186674860000000e-03
5.208876339998096e+01	2.306337470000000e-03
5.213416860019788e+01	2.341295590000000e-03
5.215793169988319e+01	2.370875100000000e-03
5.219654439995065e+01	2.430802680000000e-03
5.223806519992650e+01	2.454811710000000e-03
5.228485669987276e+01	2.513970710000000e-03
5.230863070022315e+01	2.556227380000000e-03
5.233512949990109e+01	2.597139450000000e-03
5.235824410011992e+01	2.638435460000000e-03
5.239635770022869e+01	2.725829600000000e-03
5.244310430018231e+01	2.792095300000000e-03
5.246694019995630e+01	2.840498460000000e-03
5.249015210010111e+01	2.917520700000000e-03
5.253694539982826e+01	2.955167090000000e-03
5.258410379989073e+01	3.024698470000000e-03
5.260793850012124e+01	3.064073860000000e-03
5.264575219992548e+01	3.135717940000000e-03
5.268375519989058e+01	3.169138920000000e-03
5.270799560006708e+01	3.203136380000000e-03
5.273396799992770e+01	3.235020670000000e-03
5.277160670002922e+01	3.299749690000000e-03
5.279576570028439e+01	3.383494450000000e-03
5.284905479988083e+01	3.457251240000000e-03
5.288510469999164e+01	3.485486610000000e-03
5.290863020019606e+01	3.510071900000000e-03
5.294280399987474e+01	3.570383410000000e-03
5.298500110022724e+01	3.607838410000000e-03
5.301939749997109e+01	3.661043010000000e-03
5.304393739998341e+01	3.700418400000000e-03
5.314069150015712e+01	3.885579060000000e-03
5.319334089988843e+01	3.966826480000000e-03
5.323681280016899e+01	4.007930400000000e-03
5.328308220021427e+01	4.090907050000000e-03
5.331705680023879e+01	4.152947110000000e-03
5.334023870015517e+01	4.194819830000000e-03
5.336363779986277e+01	4.240149630000000e-03
5.339451539982110e+01	4.330616440000000e-03
5.343769930023700e+01	4.375177900000000e-03
5.348294659983367e+01	4.459691230000000e-03
5.350709720002487e+01	4.515200850000000e-03
5.353511770023033e+01	4.566869230000000e-03
5.356509739998728e+01	4.638897260000000e-03
5.359505859995261e+01	4.739736670000000e-03
5.363635220006108e+01	4.784682300000000e-03
5.366052860021591e+01	4.829819780000000e-03
5.368878090009093e+01	4.931619390000000e-03
5.373673160001636e+01	4.981175070000000e-03
5.378539350023493e+01	5.066072100000000e-03
5.383491460001096e+01	5.137139930000000e-03
5.385873840004206e+01	5.175170950000000e-03
5.389084200002253e+01	5.256610460000000e-03
5.393383039999753e+01	5.292528770000000e-03
5.395776760019362e+01	5.330943970000000e-03
5.398124080011621e+01	5.368974530000000e-03
5.400606090016663e+01	5.426981020000000e-03
5.404096660017967e+01	5.505539480000000e-03
5.408470140025020e+01	5.554903300000000e-03
5.412276030005887e+01	5.642681380000000e-03
5.414615540020168e+01	5.739487240000000e-03
5.418495950009674e+01	5.801719610000000e-03
5.420826790016145e+01	5.859918430000000e-03
5.423642940027639e+01	5.909473640000000e-03
5.426349580008537e+01	5.963638890000000e-03
5.428683200012892e+01	6.009160540000000e-03
5.433372610015795e+01	6.087335290000000e-03
5.435703950002789e+01	6.126902530000000e-03
5.438480050023645e+01	6.159747490000000e-03
5.440881759999320e+01	6.196434140000000e-03
5.443695120001212e+01	6.231775510000000e-03
5.448283219989389e+01	6.303227510000000e-03
5.450629850011319e+01	6.342794750000000e-03
5.453699740022421e+01	6.378713060000000e-03
5.457504909997806e+01	6.428268270000000e-03
5.460612929984927e+01	6.472637880000000e-03
5.463857700023800e+01	6.528723520000000e-03
5.468460780009627e+01	6.558495110000000e-03
5.470776440016925e+01	6.587690670000000e-03
5.474592750007287e+01	6.646658290000000e-03
5.478459890000522e+01	6.680078800000000e-03
5.480816970020533e+01	6.715228780000000e-03
5.484021189995110e+01	6.754219530000000e-03
5.486466989992186e+01	6.787064490000000e-03
5.488883680012077e+01	6.843726620000000e-03
5.493574109999463e+01	6.870617160000000e-03
5.498238140018657e+01	6.919020320000000e-03
5.500563069991767e+01	6.949751640000000e-03
5.503878139983863e+01	6.997771100000000e-03
5.508481930010021e+01	7.024277470000000e-03
5.512188060022891e+01	7.064805370000000e-03
5.514546849997714e+01	7.094000470000000e-03
5.518269040016457e+01	7.138753780000000e-03
5.520644490001723e+01	7.176785260000000e-03
5.523807960003614e+01	7.203098850000000e-03
5.528449610015377e+01	7.253615190000000e-03
5.530764609994367e+01	7.280505730000000e-03
5.533816879987717e+01	7.305859120000000e-03
5.538465879997239e+01	7.354454140000000e-03
5.541471720021218e+01	7.388835310000000e-03
5.543847210006788e+01	7.418031340000000e-03
5.547685110010207e+01	7.459519900000000e-03
5.550102799991146e+01	7.495053110000000e-03
5.553785029985011e+01	7.518870290000000e-03
5.558745229989290e+01	7.559590510000000e-03
5.564926839992404e+01	7.623167710000000e-03
5.568405310017988e+01	7.643719200000000e-03
5.570747129991651e+01	7.667537310000000e-03
5.574170480016619e+01	7.689625490000000e-03
5.576573750004172e+01	7.707680110000000e-03
5.580396849988028e+01	7.747632450000000e-03
5.585043750004843e+01	7.771449630000000e-03
5.588471260014921e+01	7.786239030000000e-03
5.591213480010629e+01	7.803717630000000e-03
5.594268230022863e+01	7.827343420000001e-03
5.598480600025505e+01	7.838099260000000e-03
5.602098920010030e+01	7.855962030000000e-03
5.604612950002775e+01	7.865565830000001e-03
5.607124260021374e+01	7.873056460000000e-03
5.609955549985170e+01	7.884965280000000e-03
5.614611750002950e+01	7.904172870000000e-03
5.618495979998261e+01	7.904942150000000e-03
5.620975479995832e+01	7.915889840000001e-03
5.623614560021088e+01	7.923764180000001e-03
5.628170480020344e+01	7.928567010000000e-03
5.631682690000162e+01	7.934329100000000e-03
5.634844830026850e+01	7.936633190000000e-03
5.637158749997616e+01	7.942203429999999e-03
5.639516599988565e+01	7.944893090000000e-03
5.643796049989760e+01	7.947773670000000e-03
5.648375440016389e+01	7.952767420000000e-03
5.650718560023233e+01	7.953152060000000e-03
5.653618630021811e+01	7.951808160000001e-03
5.659615579992533e+01	7.963140500000000e-03
5.663680869992822e+01	7.962947709999999e-03
5.666065300023183e+01	7.963907900000001e-03
5.668899080017582e+01	7.968326099999999e-03
5.673569060023874e+01	7.963716980000000e-03
5.678493149997666e+01	7.966789420000000e-03
5.681464050011709e+01	7.966404780000000e-03
5.683860820019618e+01	7.971015760000000e-03
5.689221980003640e+01	7.969478150000001e-03
5.693473110022023e+01	7.968134250000000e-03
5.697023379988968e+01	7.972167800000001e-03
5.700030789989978e+01	7.974088190000001e-03
5.703874059999362e+01	7.974471900000000e-03
5.708550469996408e+01	7.973896340000000e-03
5.712531589996070e+01	7.974280980000000e-03
5.715693739987910e+01	7.974857460000000e-03
5.718464270001277e+01	7.974280980000000e-03
5.720870820013806e+01	7.972936150000000e-03
5.725101560028270e+01	7.968710739999999e-03
5.728232280025259e+01	7.962947709999999e-03
5.731303540011868e+01	7.954880600000000e-03
5.734438920021057e+01	7.935289290000000e-03
5.739063889998943e+01	7.911664430000000e-03
5.743685990013182e+01	7.901676000000000e-03
5.748314539995044e+01	7.877281870000001e-03
5.750706980004907e+01	7.862301540000000e-03
5.754977730009705e+01	7.845781740000000e-03
5.757721849996597e+01	7.831568830000000e-03
5.760117090027779e+01	7.818507030000000e-03
5.763793280022219e+01	7.807943500000000e-03
5.768633759999648e+01	7.779323960000000e-03
5.773149790009484e+01	7.748975880000000e-03
5.775545210018754e+01	7.724006660000000e-03
5.778367769997567e+01	7.700765970000000e-03
5.781073100026697e+01	7.671762720000000e-03
5.783591090003029e+01	7.638533600000000e-03
5.785980840027332e+01	7.607417650000000e-03
5.788289970019832e+01	7.572651380000000e-03
5.790698180021718e+01	7.526361850000000e-03
5.793660310003906e+01	7.487370170000000e-03
5.798309950018302e+01	7.391908670000000e-03
5.800700750015676e+01	7.328716110000000e-03
5.804977490007877e+01	7.229989860000000e-03
5.808604549989104e+01	7.175632750000000e-03
5.813179680006579e+01	7.071528120000000e-03
5.815511209983379e+01	7.020436230000000e-03
5.817839080002159e+01	6.967230700000000e-03
5.820237859990448e+01	6.883486170000000e-03
5.823820539982989e+01	6.763823800000000e-03
5.828486069990322e+01	6.705048960000000e-03
5.830899209994823e+01	6.644160490000000e-03
5.833469250006601e+01	6.587882530000000e-03
5.835793210007250e+01	6.530644840000000e-03
5.838460690015927e+01	6.472445560000000e-03
5.840882749995217e+01	6.398688540000000e-03
5.843733080010861e+01	6.334535780000000e-03
5.846288949996233e+01	6.265772970000000e-03
5.848698000004515e+01	6.201811600000000e-03
5.853779020020738e+01	6.047191560000000e-03
5.859005110012367e+01	5.792884160000000e-03
5.863680949993432e+01	5.705297920000000e-03
5.868223250005394e+01	5.560281220000000e-03
5.870627309987321e+01	5.484219170000000e-03
5.873440760001540e+01	5.404700530000000e-03
5.875934639992192e+01	5.326141600000000e-03
5.878326530009508e+01	5.250847900000000e-03
5.882048580003902e+01	5.134451200000000e-03
5.884456090023741e+01	5.028809420000000e-03
5.889928010012954e+01	4.882640210000000e-03
5.893573029991239e+01	4.812148870000000e-03
5.898202180024236e+01	4.681537860000000e-03
5.900651099998504e+01	4.606820640000000e-03
5.903705340018496e+01	4.555536430000000e-03
5.906947730015963e+01	4.493112210000000e-03
5.910051510017365e+01	4.407254980000000e-03
5.914786380017176e+01	4.288360480000000e-03
5.918359680008143e+01	4.225167450000000e-03
5.920758000016212e+01	4.144111650000000e-03
5.923604620015249e+01	4.078230350000000e-03
5.928798389993608e+01	3.936287020000000e-03
5.933621450001374e+01	3.800105540000000e-03
5.936025279993191e+01	3.739409610000000e-03
5.939835850009695e+01	3.609567180000000e-03
5.944437990011647e+01	3.517947390000000e-03
5.948427239991724e+01	3.453025830000000e-03
5.952329450007528e+01	3.321454630000000e-03
5.955645949998870e+01	3.204865150000000e-03
5.958778299996629e+01	3.113629300000000e-03
5.965020299982280e+01	2.920017580000000e-03
5.967508319998160e+01	2.846260560000000e-03
5.969815050018951e+01	2.739466960000000e-03
5.973513349983841e+01	2.684341510000000e-03
5.977246400015429e+01	2.601556950000000e-03
5.979617410013452e+01	2.507056340000000e-03
5.984908549999818e+01	2.401222710000000e-03
5.988505859998986e+01	2.344944750000000e-03
5.990906690014526e+01	2.280023410000000e-03
5.994379030028358e+01	2.197046760000000e-03
5.996803730027750e+01	2.134622540000000e-03
5.999190820008516e+01	2.024179320000000e-03
6.003881199983880e+01	1.920842910000000e-03
