# [General]
# timestamp=2025-04-09T09:30:36.066202
# comments='# '
# delimiter='\t'
# column_dtypes=float;;float
# column_headers='Time (s);;Power (W)'
# 
# [Metadata]
# scanner_x=-5.071501587176155
# scanner_y=3.549479672362111
# start recoding time='09.04.2025, 09:29:48.971131'
# sample rate (hz)=50.0
# sample timing='TIMESTAMP'
# 
# ---- END HEADER ----
8.356999605894089e-04	2.087372120000000e-03
2.388189965859056e-02	2.087756290000000e-03
4.861299972981215e-02	2.086795630000000e-03
7.524709962308407e-02	2.088524400000000e-03
1.157704000361264e-01	2.087372120000000e-03
1.388054997660220e-01	2.086988180000000e-03
1.698999996297061e-01	2.086795630000000e-03
2.159751998260617e-01	2.087372120000000e-03
2.395516000688076e-01	2.088140230000000e-03
2.786106998100877e-01	2.087564210000000e-03
3.159355996176600e-01	2.088524400000000e-03
3.400303996168077e-01	2.086795630000000e-03
3.640580996870995e-01	2.088140230000000e-03
3.880372997373343e-01	2.087372120000000e-03
4.196820999495685e-01	2.086603550000000e-03
4.685746999457479e-01	2.088140230000000e-03
5.149337998591363e-01	2.087756290000000e-03
5.450976998545229e-01	2.087564210000000e-03
5.691142999567091e-01	2.087756290000000e-03
6.148137999698520e-01	2.087564210000000e-03
6.379135996103287e-01	2.087948380000000e-03
6.619704999029636e-01	2.087756290000000e-03
6.850965996272862e-01	2.087180040000000e-03
7.161526996642351e-01	2.088140230000000e-03
7.395901996642351e-01	2.088140230000000e-03
7.800840996205807e-01	2.088140230000000e-03
8.163152998313308e-01	2.087948380000000e-03
8.396517997607589e-01	2.088332320000000e-03
8.719972996041179e-01	2.088140230000000e-03
9.182953997515142e-01	2.087564210000000e-03
9.428258999250829e-01	2.087180040000000e-03
9.801860996522009e-01	2.087372120000000e-03
1.018162299878895e+00	2.086795630000000e-03
1.067100699990988e+00	2.088716490000000e-03
1.114102299790829e+00	2.088140230000000e-03
1.137403799686581e+00	2.089100890000000e-03
1.169970999937505e+00	2.088524400000000e-03
1.215776199940592e+00	2.088140230000000e-03
1.247498199809343e+00	2.088140230000000e-03
1.271695499774069e+00	2.088524400000000e-03
1.316463199909776e+00	2.088524400000000e-03
1.354301199782640e+00	2.088140230000000e-03
1.386289699934423e+00	2.088716490000000e-03
1.417795099783689e+00	2.087948380000000e-03
1.480149299837649e+00	2.088140230000000e-03
1.517796999774873e+00	2.088716490000000e-03
1.542365599889308e+00	2.087948380000000e-03
1.573024800047278e+00	2.087564210000000e-03
1.616744999773800e+00	2.088524400000000e-03
1.640339599922299e+00	2.087564210000000e-03
1.668497500009835e+00	2.088716490000000e-03
1.728021000046283e+00	2.087756290000000e-03
1.767643699888140e+00	2.087948380000000e-03
1.816578999627382e+00	2.089100890000000e-03
1.840017999988049e+00	2.088140230000000e-03
1.863280999939889e+00	2.088716490000000e-03
1.900483299978077e+00	2.088140230000000e-03
1.923974999692291e+00	2.088524400000000e-03
1.978860300034285e+00	2.087372120000000e-03
2.016150400042534e+00	2.087372120000000e-03
2.040441299788654e+00	2.087180040000000e-03
2.073009399697185e+00	2.087948380000000e-03
2.115981699898839e+00	2.088332320000000e-03
2.142114999704063e+00	2.088908800000000e-03
2.168003799859434e+00	2.087564210000000e-03
2.214633199851960e+00	2.087564210000000e-03
2.237744099926203e+00	2.087756290000000e-03
2.276335099712014e+00	2.087180040000000e-03
2.316879299934953e+00	2.087372120000000e-03
2.341339299920946e+00	2.087756290000000e-03
2.369168799836189e+00	2.087180040000000e-03
2.415384099818766e+00	2.086795630000000e-03
2.439203099813312e+00	2.087180040000000e-03
2.477735199965537e+00	2.086795630000000e-03
2.516984899993986e+00	2.086795630000000e-03
2.572960000019521e+00	2.086795630000000e-03
2.615897299721837e+00	2.086603550000000e-03
2.640433199703693e+00	2.086411700000000e-03
2.670785499736667e+00	2.086411700000000e-03
2.716411199886352e+00	2.087372120000000e-03
2.739723299629986e+00	2.086603550000000e-03
2.763849499635398e+00	2.086988180000000e-03
2.788129699882120e+00	2.086027530000000e-03
2.816683699842542e+00	2.087180040000000e-03
2.852755599655211e+00	2.086027530000000e-03
2.876004299614578e+00	2.086027530000000e-03
2.930958400014788e+00	2.086027530000000e-03
2.967111399862915e+00	2.086795630000000e-03
3.012611599639058e+00	2.086027530000000e-03
3.040567599702626e+00	2.087180040000000e-03
3.064603699836880e+00	2.086988180000000e-03
3.102944700047374e+00	2.086795630000000e-03
3.126740799751133e+00	2.087180040000000e-03
3.181081499904394e+00	2.086988180000000e-03
3.227302599698305e+00	2.087948380000000e-03
3.269408799707890e+00	2.087948380000000e-03
3.319131199736148e+00	2.088140230000000e-03
3.350597799755633e+00	2.088140230000000e-03
3.373828900046647e+00	2.087180040000000e-03
3.429190699942410e+00	2.086603550000000e-03
3.468729499727488e+00	2.088140230000000e-03
3.515409599989653e+00	2.087372120000000e-03
3.539892399683595e+00	2.086027530000000e-03
3.568811499979347e+00	2.087948380000000e-03
3.614905199967325e+00	2.087564210000000e-03
3.638922099955380e+00	2.087564210000000e-03
3.663942900020629e+00	2.087564210000000e-03
3.696922099683434e+00	2.087948380000000e-03
3.720901799853891e+00	2.083722730000000e-03
3.766485299915075e+00	2.076807900000000e-03
3.790105899795890e+00	2.068164530000000e-03
3.815875899977982e+00	2.060289490000000e-03
3.839992200024426e+00	2.058560730000000e-03
3.869421199895442e+00	2.057600300000000e-03
3.917919700033963e+00	2.057216130000000e-03
3.941830699797720e+00	2.057024040000000e-03
3.977013399824500e+00	2.054911340000000e-03
4.017161199823022e+00	2.054911340000000e-03
4.065678199753165e+00	2.055679450000000e-03
4.102939900010824e+00	2.055872000000000e-03
4.134414599742740e+00	2.057408220000000e-03
4.180569599848241e+00	2.063170540000000e-03
4.227859999984503e+00	2.068932630000000e-03
4.251124799717218e+00	2.070853490000000e-03
4.289378999732435e+00	2.074311020000000e-03
4.320708999875933e+00	2.075655620000000e-03
4.368916600011289e+00	2.075463530000000e-03
4.414553300011903e+00	2.079305010000000e-03
4.438125899992883e+00	2.086219610000000e-03
4.469467599876225e+00	2.095631320000000e-03
4.519718299619853e+00	2.133277940000000e-03
4.555079499725252e+00	2.184754240000000e-03
4.588199999649078e+00	2.247370550000000e-03
4.616123099811375e+00	2.288282620000000e-03
4.641188499983400e+00	2.337646200000000e-03
4.668209400027990e+00	2.371643200000000e-03
4.718904799781740e+00	2.435028090000000e-03
4.769578999839723e+00	2.476900350000000e-03
4.816618799697608e+00	2.509745070000000e-03
4.855696999933571e+00	2.527032050000000e-03
4.879980499856174e+00	2.543934620000000e-03
4.918119699694216e+00	2.556803400000000e-03
4.965769399888813e+00	2.591953150000000e-03
4.989568999968469e+00	2.615194300000000e-03
5.016506399959326e+00	2.645542380000000e-03
5.044190399814397e+00	2.683765490000000e-03
5.076096599921584e+00	2.762899970000000e-03
5.116015600040555e+00	2.799586390000000e-03
5.153989399783313e+00	2.853559560000000e-03
5.178902499843389e+00	2.908108990000000e-03
5.216950699687004e+00	2.942298540000000e-03
5.265298499725759e+00	2.996655650000000e-03
5.288519599940628e+00	3.018936140000000e-03
5.315635199658573e+00	3.037567720000000e-03
5.343557300046086e+00	3.058311530000000e-03
5.374506499618292e+00	3.095189810000000e-03
5.420844799838960e+00	3.123809120000000e-03
5.446726900059730e+00	3.144553400000000e-03
5.483641499653459e+00	3.186233570000000e-03
5.517551099881530e+00	3.212163460000000e-03
5.577492899727076e+00	3.294564090000000e-03
5.615955600049347e+00	3.321070220000000e-03
5.640940299723297e+00	3.348921430000000e-03
5.671849299687892e+00	3.385415300000000e-03
5.716174299828708e+00	3.400589340000000e-03
5.739554799627513e+00	3.416339400000000e-03
5.765775499865413e+00	3.435738850000000e-03
5.789089499972761e+00	3.461092940000000e-03
5.816169499885291e+00	3.485486610000000e-03
5.844461800064892e+00	3.512377150000000e-03
5.868488799780607e+00	3.533505370000000e-03
5.922074599657208e+00	3.610527380000000e-03
5.969656399916857e+00	3.633960380000000e-03
6.016010699793696e+00	3.672759510000000e-03
6.049784199800342e+00	3.696576920000000e-03
6.079986199736595e+00	3.727692880000000e-03
6.115933699999005e+00	3.745940280000000e-03
6.140547399874777e+00	3.765915990000000e-03
6.175907099619508e+00	3.799913680000000e-03
6.216049099806696e+00	3.817968540000000e-03
6.239370399620384e+00	3.839096750000000e-03
6.269395999610424e+00	3.857151840000000e-03
6.316144699696451e+00	3.892493430000000e-03
6.348375000059605e+00	3.917463120000000e-03
6.372403899673373e+00	3.953765610000000e-03
6.426251399796456e+00	4.006009550000000e-03
6.468749599996954e+00	4.033092410000000e-03
6.514787199907005e+00	4.081303250000000e-03
6.539041699841619e+00	4.108193800000000e-03
6.567843699827790e+00	4.132395140000000e-03
6.614599799737334e+00	4.173883700000000e-03
6.637968400027603e+00	4.195588180000000e-03
6.662039899732918e+00	4.216524310000000e-03
6.692136599682271e+00	4.243799020000000e-03
6.723009399604052e+00	4.302573860000000e-03
6.768881399650127e+00	4.331001080000000e-03
6.816933999769390e+00	4.384013820000000e-03
6.846691699698567e+00	4.411288540000000e-03
6.878185899928212e+00	4.452008290000000e-03
6.914921099785715e+00	4.473904610000000e-03
6.938892900012434e+00	4.496953920000000e-03
6.971269599627703e+00	4.556496630000000e-03
7.015199299901724e+00	4.580698440000000e-03
7.039845800027251e+00	4.613735250000000e-03
7.068709199782461e+00	4.641394130000000e-03
7.113510099705309e+00	4.692101850000000e-03
7.136981899850070e+00	4.728596190000000e-03
7.174379799980670e+00	4.795246290000000e-03
7.216026499867439e+00	4.828859590000000e-03
7.240015599876642e+00	4.863624930000000e-03
7.268002399709076e+00	4.904921170000000e-03
7.314283899962902e+00	4.964080170000000e-03
7.338126800023019e+00	5.002303510000000e-03
7.368100999854505e+00	5.034571510000000e-03
7.414268499705940e+00	5.103718960000000e-03
7.437587199732661e+00	5.146167710000000e-03
7.469117600005120e+00	5.174594470000000e-03
7.516793699935079e+00	5.228951570000000e-03
7.540825499687344e+00	5.252768750000000e-03
7.579383200034499e+00	5.301171910000000e-03
7.616972999647260e+00	5.327102260000000e-03
7.665294299833477e+00	5.382995590000000e-03
7.688718599732965e+00	5.406044890000000e-03
7.716169700026512e+00	5.423331630000000e-03
7.740261099766940e+00	5.440426520000000e-03
7.767425399739295e+00	5.456368440000000e-03
7.812969499733299e+00	5.480570250000000e-03
7.836887999903411e+00	5.495359660000000e-03
7.861940799746662e+00	5.512262690000000e-03
7.885607899632305e+00	5.534159020000000e-03
7.923552499618381e+00	5.567964630000000e-03
7.970687699969858e+00	5.611949130000000e-03
8.030268899630755e+00	5.663809830000000e-03
8.068497600033879e+00	5.686282180000000e-03
8.114162799902260e+00	5.732764490000000e-03
8.137682700064033e+00	5.756966300000000e-03
8.161069199908525e+00	5.779246800000000e-03
8.184298699721694e+00	5.810362750000000e-03
8.219846599735320e+00	5.866257010000000e-03
8.268795100040734e+00	5.891418550000000e-03
8.328490299638361e+00	5.943086460000000e-03
8.375397499650717e+00	5.964214910000000e-03
8.422706099692732e+00	5.978621080000000e-03
8.454682899639010e+00	5.997251720000000e-03
8.486186999827623e+00	6.019148980000000e-03
8.516136900056154e+00	6.033554210000000e-03
8.549096100032330e+00	6.051033270000000e-03
8.580632199998945e+00	6.072929590000000e-03
8.615311699919403e+00	6.083301270000000e-03
8.639309299644083e+00	6.098667630000000e-03
8.674846099689603e+00	6.117875220000000e-03
8.717174899764359e+00	6.127286700000000e-03
8.741248100064695e+00	6.134393160000000e-03
8.768491399940103e+00	6.144573910000000e-03
8.814697799738497e+00	6.164165680000000e-03
8.838597399648279e+00	6.177417930000000e-03
8.878142799716443e+00	6.210839380000000e-03
8.923810999840498e+00	6.234848870000000e-03
8.966687199659646e+00	6.242723670000000e-03
8.989998699631542e+00	6.250599400000000e-03
9.015881599858403e+00	6.258666520000000e-03
9.040047799702734e+00	6.265965290000000e-03
9.066509899683297e+00	6.275952790000000e-03
9.090123299974948e+00	6.284980570000000e-03
9.116089799907058e+00	6.294199730000000e-03
9.140256299637258e+00	6.303227510000000e-03
9.166719099972397e+00	6.311102770000000e-03
9.190998099744320e+00	6.317825060000000e-03
9.223110499791801e+00	6.334343460000000e-03
9.269449399784207e+00	6.345292550000000e-03
9.315295299980789e+00	6.360658440000000e-03
9.347130099777132e+00	6.374487190000000e-03
9.371272999793291e+00	6.390621420000000e-03
9.426188299898058e+00	6.403490900000000e-03
9.469051199965179e+00	6.410981060000000e-03
9.520390699617565e+00	6.433262020000000e-03
9.569122599903494e+00	6.441521920000000e-03
9.615382399875671e+00	6.454775110000000e-03
9.638778300024569e+00	6.463033610000000e-03
9.662273699883372e+00	6.467451810000000e-03
9.695110699627548e+00	6.475903090000000e-03
9.718652599956840e+00	6.479936650000000e-03
9.765514199621975e+00	6.486850790000000e-03
9.789299699943513e+00	6.493190300000000e-03
9.815804099664092e+00	6.495687180000000e-03
9.841074499767274e+00	6.497223400000000e-03
9.869269599672407e+00	6.501064640000000e-03
9.927775599993765e+00	6.502601780000000e-03
9.951839799992740e+00	6.501832980000000e-03
9.975040199700743e+00	6.502601780000000e-03
1.001635629963130e+01	6.498375440000000e-03
1.005492699984461e+01	6.495494400000000e-03
1.007911679986864e+01	6.490692500000000e-03
1.011592529993504e+01	6.487427280000000e-03
1.014010119996965e+01	6.480512670000000e-03
1.017907129973173e+01	6.467644130000000e-03
1.021631439961493e+01	6.462265740000000e-03
1.023983530001715e+01	6.452469620000000e-03
1.027165440004319e+01	6.434222680000000e-03
1.031619829963893e+01	6.426347420000000e-03
1.033986900001764e+01	6.417511960000000e-03
1.036830860003829e+01	6.410021330000000e-03
1.041482119960710e+01	6.389661690000000e-03
1.043811589991674e+01	6.376024340000000e-03
1.047131189983338e+01	6.348557300000000e-03
1.051641639973968e+01	6.335111800000000e-03
1.055140609992668e+01	6.321666760000000e-03
1.057567479973659e+01	6.307452920000000e-03
1.061641769995913e+01	6.301498510000000e-03
1.064595100004226e+01	6.290550340000000e-03
1.066976019972935e+01	6.273455920000000e-03
1.072404629969969e+01	6.251367270000000e-03
1.076768429996446e+01	6.240995140000000e-03
1.081890919990838e+01	6.211991420000000e-03
1.084512929990888e+01	6.194705140000000e-03
1.088007720001042e+01	6.167622280000000e-03
1.092645729985088e+01	6.141308230000000e-03
1.096718009980395e+01	6.127479020000000e-03
1.102000440005213e+01	6.097899280000000e-03
1.106998510006815e+01	6.081188560000000e-03
1.111594649963081e+01	6.071392910000000e-03
1.113980879960582e+01	6.058716220000000e-03
1.116391230002046e+01	6.042389200000000e-03
1.119490649970248e+01	6.023374390000000e-03
1.121904370002449e+01	6.006855520000000e-03
1.126686309976503e+01	5.969209130000000e-03
1.131221119966358e+01	5.946736320000000e-03
1.133568019978702e+01	5.927528720000000e-03
1.136828289972618e+01	5.915428050000000e-03
1.141407109983265e+01	5.900830500000000e-03
1.143783419998363e+01	5.894876090000000e-03
1.146113279974088e+01	5.888537500000000e-03
1.148464399995282e+01	5.889690020000000e-03
1.152479190006852e+01	5.926760380000000e-03
1.156618899991736e+01	5.960565530000000e-03
1.160309290001169e+01	6.016651630000000e-03
1.163330859970301e+01	6.086758800000000e-03
1.167934809997678e+01	6.147262640000000e-03
1.171586109977216e+01	6.169159430000000e-03
1.173990509985015e+01	6.188367030000000e-03
1.177062199963257e+01	6.230431140000000e-03
1.181603639991954e+01	6.247333250000000e-03
1.184002000000328e+01	6.266925020000000e-03
1.186860279971734e+01	6.280178200000000e-03
1.191518169967458e+01	6.305148360000000e-03
1.193941069999710e+01	6.317825060000000e-03
1.197122929990292e+01	6.340490190000000e-03
1.201624939963222e+01	6.354895890000000e-03
1.203991069970652e+01	6.365652200000000e-03
1.206392529979348e+01	6.380057430000000e-03
1.209735599998385e+01	6.395231000000000e-03
1.212143539963290e+01	6.412134510000000e-03
1.217506609996781e+01	6.431533490000000e-03
1.221629629982635e+01	6.439984780000000e-03
1.225216619996354e+01	6.453237960000000e-03
1.227551179984584e+01	6.471677220000000e-03
1.232241249969229e+01	6.480704990000000e-03
1.236312490003183e+01	6.491268980000000e-03
1.238729949994013e+01	6.499720270000000e-03
1.241616369970143e+01	6.502025300000000e-03
1.244016329990700e+01	6.503753830000000e-03
1.247137709986418e+01	6.505290510000000e-03
1.251522579975426e+01	6.506634880000000e-03
1.253998730005696e+01	6.504329850000000e-03
1.256645849999040e+01	6.500873250000000e-03
1.259728719992563e+01	6.494533740000000e-03
1.262737570004538e+01	6.489348600000000e-03
1.265908779995516e+01	6.477823950000000e-03
1.268317619990557e+01	6.463802890000000e-03
1.272223119996488e+01	6.439216430000000e-03
1.276666580000892e+01	6.427500400000000e-03
1.279041210003197e+01	6.415207870000000e-03
1.283123070001602e+01	6.383899130000000e-03
1.287788059981540e+01	6.357585080000000e-03
1.292482970003039e+01	6.335111800000000e-03
1.294912600005046e+01	6.321859080000000e-03
1.297300759982318e+01	6.292663510000000e-03
1.301522749988362e+01	6.281138860000000e-03
1.303939379984513e+01	6.268846340000000e-03
1.306833429960534e+01	6.255400370000000e-03
1.311356119997799e+01	6.224284410000000e-03
1.314552859961987e+01	6.199123340000000e-03
1.316922189993784e+01	6.182796790000000e-03
1.321501319995150e+01	6.146301980000000e-03
1.323960369965062e+01	6.129015700000000e-03
1.326306029967964e+01	6.111344320000000e-03
1.330064859986305e+01	6.083494050000000e-03
1.332464359980077e+01	6.048920100000000e-03
1.337925239978358e+01	5.999556740000000e-03
1.341582909971476e+01	5.966904110000000e-03
1.344196449965239e+01	5.924647670000000e-03
1.346859889989719e+01	5.888729360000000e-03
1.351444929977879e+01	5.816893650000000e-03
1.353853379981592e+01	5.778286610000000e-03
1.356849720003083e+01	5.733148660000000e-03
1.361392749985680e+01	5.679751750000000e-03
1.363799629965797e+01	5.648827650000000e-03
1.367790489969775e+01	5.596391390000000e-03
1.372509909979999e+01	5.536271720000000e-03
1.376656010001898e+01	5.507268480000000e-03
1.379031109996140e+01	5.472310820000000e-03
1.381610699975863e+01	5.436008800000000e-03
1.384871919965371e+01	5.383764390000000e-03
1.387275990005583e+01	5.319803490000000e-03
1.392585599981248e+01	5.246430640000000e-03
1.396653089998290e+01	5.203405860000000e-03
1.398976869974285e+01	5.154810850000000e-03
1.401595729961991e+01	5.103142930000000e-03
1.404010069975629e+01	5.041294730000000e-03
1.406899399962276e+01	4.993275740000000e-03
1.411503649968654e+01	4.914140790000000e-03
1.413949869992211e+01	4.875533750000000e-03
1.416259339964017e+01	4.844033160000000e-03
1.419391529960558e+01	4.797743630000000e-03
1.422526820003986e+01	4.715343010000000e-03
1.426776289986446e+01	4.675199740000000e-03
1.431361879967153e+01	4.590686410000000e-03
1.434853419987485e+01	4.528454040000000e-03
1.437997699994594e+01	4.467374180000000e-03
1.441584410006180e+01	4.437410270000000e-03
1.444094479968771e+01	4.404181610000000e-03
1.446396719990298e+01	4.370568320000000e-03
1.448737959982827e+01	4.322933500000000e-03
1.451613490004092e+01	4.282021430000000e-03
1.454080099985003e+01	4.239957310000000e-03
1.458120330004022e+01	4.153907760000000e-03
1.461620759963989e+01	4.106272940000000e-03
1.464006319968030e+01	4.049418960000000e-03
1.467434959998354e+01	3.948963710000000e-03
1.472067089984193e+01	3.877703570000000e-03
1.474460289999843e+01	3.820849350000000e-03
1.476854619989172e+01	3.767068730000000e-03
1.481388769997284e+01	3.655664860000000e-03
1.483726139971986e+01	3.581139960000000e-03
1.487637969991192e+01	3.478187600000000e-03
1.491577469976619e+01	3.427863820000000e-03
1.494040540000424e+01	3.381189660000000e-03
1.496934829978272e+01	3.336244030000000e-03
1.501559969969094e+01	3.267673540000000e-03
1.503983569983393e+01	3.239822810000000e-03
1.506481759995222e+01	3.208898710000000e-03
1.509480069996789e+01	3.171443710000000e-03
1.511806159978732e+01	3.142248140000000e-03
1.516365400003269e+01	3.085778090000000e-03
1.518691799975932e+01	3.049284220000000e-03
1.521785779995844e+01	3.013942160000000e-03
1.526660139998421e+01	2.946140010000000e-03
1.528993569966406e+01	2.907916900000000e-03
1.531668519973755e+01	2.867965030000000e-03
1.534413790004328e+01	2.827245040000000e-03
1.536816619988531e+01	2.790751170000000e-03
1.541362769994885e+01	2.718338510000000e-03
1.543693699967116e+01	2.674545630000000e-03
1.546914219995961e+01	2.635746500000000e-03
1.551511040003970e+01	2.563526390000000e-03
1.553907849965617e+01	2.521077640000000e-03
1.556610259972513e+01	2.482662440000000e-03
1.559086579969153e+01	2.440790410000000e-03
1.561532859969884e+01	2.404103990000000e-03
1.563935599988326e+01	2.366841540000000e-03
1.567251689964905e+01	2.292508030000000e-03
1.571818359987810e+01	2.260047710000000e-03
1.576540909986943e+01	2.202233070000000e-03
1.579615539964288e+01	2.165354560000000e-03
1.582764319982380e+01	2.119448500000000e-03
1.587508249981329e+01	2.073542910000000e-03
1.592255369992927e+01	2.038008530000000e-03
1.594636979978532e+01	2.011694480000000e-03
1.596968459989876e+01	1.955800690000000e-03
1.601638599997386e+01	1.925837130000000e-03
1.604698369977996e+01	1.886269310000000e-03
1.607090759975836e+01	1.826342200000000e-03
1.611533479997888e+01	1.797722890000000e-03
1.614154629968107e+01	1.774481730000000e-03
1.617313069989905e+01	1.738947930000000e-03
1.621981139993295e+01	1.719932420000000e-03
1.625075199967250e+01	1.702453590000000e-03
1.627418499998748e+01	1.671337410000000e-03
1.631595669966191e+01	1.654819000000000e-03
1.634019959997386e+01	1.637532140000000e-03
1.637525040004402e+01	1.607568700000000e-03
1.642112549999729e+01	1.570498220000000e-03
1.646872899960726e+01	1.549753940000000e-03
1.652925849985331e+01	1.497509420000000e-03
1.655323069961742e+01	1.477725800000000e-03
1.657691509975120e+01	1.449298810000000e-03
1.661589440004900e+01	1.433740720000000e-03
1.665535909961909e+01	1.408194770000000e-03
1.667865310003981e+01	1.386106010000000e-03
1.671786639979109e+01	1.369587610000000e-03
1.676492029987276e+01	1.331556820000000e-03
1.678946639969945e+01	1.308123700000000e-03
1.681562529969960e+01	1.288532050000000e-03
1.684372079977766e+01	1.266443290000000e-03
1.686787199974060e+01	1.246275380000000e-03
1.691347659984604e+01	1.210549380000000e-03
1.693765319976956e+01	1.191342020000000e-03
1.696611309982836e+01	1.180393620000000e-03
1.699011899996549e+01	1.167716690000000e-03
1.701512519968674e+01	1.155807990000000e-03
1.703927589999512e+01	1.137368850000000e-03
1.706912630004808e+01	1.121810750000000e-03
1.711512219998986e+01	1.095304500000000e-03
1.713947509974241e+01	1.080322430000000e-03
1.716348299989477e+01	1.068413840000000e-03
1.718672899994999e+01	1.058810040000000e-03
1.721575749991462e+01	1.051703350000000e-03
1.724043369991705e+01	1.041331210000000e-03
1.726771300006658e+01	1.030767340000000e-03
1.731367049971595e+01	1.011751820000000e-03
1.734732759976760e+01	9.990747789999999e-04
1.737110239965841e+01	9.802515850000000e-04
1.742401439975947e+01	9.627726980000000e-04
1.745522739971057e+01	9.510561360000000e-04
1.747827599989250e+01	9.354981010000000e-04
1.751828139973804e+01	9.220527720000000e-04
1.756425739964470e+01	8.943938300000000e-04
1.759805430006236e+01	8.732657300000000e-04
1.762854079995304e+01	8.440703390000000e-04
1.766955639980733e+01	8.292804120000000e-04
1.772140879975632e+01	7.972038580000000e-04
1.774496149970219e+01	7.837587620000000e-04
1.776833159988746e+01	7.691608630000000e-04
1.781456450000405e+01	7.472644210000000e-04
1.783754509966820e+01	7.355478590000000e-04
1.786786190001294e+01	7.272885410000000e-04
1.792260399973020e+01	6.955962740000000e-04
1.797015429986641e+01	6.677453060000000e-04
1.801635039970279e+01	6.550683760000000e-04
1.804026409983635e+01	6.427756740000000e-04
1.806439299974591e+01	5.628985820000000e-04
1.817080840002745e+01	5.478346140000000e-04
1.819479439966381e+01	5.344210660000000e-04
1.821979840006679e+01	5.160755830000000e-04
1.826837649988011e+01	5.091481140000000e-04
1.831458480004221e+01	4.977686330000000e-04
1.834583049966022e+01	4.885766540000000e-04
1.837660719966516e+01	4.742227030000000e-04
1.841626779967919e+01	4.664701120000000e-04
1.845676809968427e+01	4.548986910000000e-04
1.848674830002710e+01	4.451502750000000e-04
1.851779179973528e+01	4.390095710000000e-04
1.856405099993572e+01	4.257686090000000e-04
1.858779959985986e+01	4.169797180000000e-04
1.861553039960563e+01	4.096108900000000e-04
1.863953609997407e+01	4.015511660000000e-04
1.866302899969742e+01	3.929733650000000e-04
1.868690029997379e+01	3.831289940000000e-04
1.872391869965941e+01	3.635938630000000e-04
1.876889209961519e+01	3.501993780000000e-04
1.881532739987597e+01	3.247537820000000e-04
1.884791329968721e+01	3.091141410000000e-04
1.887183859990910e+01	2.920160770000000e-04
1.892621629964560e+01	2.820566010000000e-04
1.895089089963585e+01	2.745725800000000e-04
1.898963319975883e+01	2.617346470000000e-04
1.901625679992139e+01	2.540011770000000e-04
1.904102219967172e+01	2.455193030000000e-04
1.906822789972648e+01	2.380928640000000e-04
1.911482420004904e+01	2.228945960000000e-04
1.914807279966772e+01	2.128775230000000e-04
1.917133129993454e+01	1.979287340000000e-04
1.921638409979641e+01	1.894852180000000e-04
1.924152819998562e+01	1.800438770000000e-04
1.926474689971656e+01	1.709287460000000e-04
1.928796499967575e+01	1.616025260000000e-04
1.931640490004793e+01	1.513743630000000e-04
1.934979450004175e+01	1.400140320000000e-04
1.937386129982769e+01	1.292677920000000e-04
1.942646769993007e+01	1.175812140000000e-04
1.947287269961089e+01	1.063552120000000e-04
1.951620049960911e+01	1.011739810000000e-04
1.954015549970791e+01	9.591598790000000e-05
1.956761929998174e+01	8.973688819999999e-05
1.961402139998972e+01	7.854925930000001e-05
1.964535309979692e+01	7.091174479999999e-05
1.967657499993220e+01	6.070279050000000e-05
1.971622309973463e+01	5.625077030000000e-05
1.973941189981997e+01	5.108873670000000e-05
1.976949850004166e+01	4.546613490000000e-05
1.981585939973593e+01	3.729129820000000e-05
1.983964429982007e+01	3.345334330000000e-05
1.986434949981049e+01	2.959620360000000e-05
1.989475669991225e+01	2.547041000000000e-05
1.992627699999139e+01	1.627347590000000e-05
2.004008719976991e+01	1.509003320000000e-05
2.006812920002267e+01	1.388929830000000e-05
2.009196629980579e+01	1.302861160000000e-05
2.011603929987177e+01	1.230624820000000e-05
2.014211079990491e+01	1.163960130000000e-05
2.016625020001084e+01	1.102674650000000e-05
2.018986180005595e+01	1.026019800000000e-05
2.021391299972311e+01	9.376456549999999e-06
2.023727719997987e+01	8.294835420000001e-06
2.027198059996590e+01	6.348683660000000e-06
2.031306979991496e+01	5.472628350000000e-06
2.033641389990225e+01	4.362187610000000e-06
2.036817809985951e+01	3.561058070000000e-06
2.039315159991384e+01	2.761848460000000e-06
2.042757149972022e+01	1.507321600000000e-06
2.046788099966943e+01	1.155745620000000e-06
2.052292999997735e+01	1.232593380000000e-06
2.056587689975277e+01	3.129848660000000e-06
2.067633079970255e+01	3.759009590000000e-06
2.071082519972697e+01	4.742819780000000e-06
2.073491739993915e+01	5.671727190000000e-06
2.076313349977136e+01	6.477153420000000e-06
2.078675489965826e+01	7.412803370000000e-06
2.081106460001320e+01	1.808322120000000e-05
2.093278689961880e+01	2.048084930000000e-05
2.095590039994568e+01	2.273054450000000e-05
2.098980559967458e+01	2.585822040000000e-05
2.101391529990360e+01	2.775249960000000e-05
2.103810269990936e+01	3.049209590000000e-05
2.106776129966602e+01	3.345070950000000e-05
2.111329879984260e+01	3.807497710000000e-05
2.113655149983242e+01	3.887034110000000e-05
2.116520749963820e+01	3.892413590000000e-05
2.119620030000806e+01	3.700872550000000e-05
2.121991600003093e+01	3.557936720000000e-05
2.126892110006884e+01	3.426336480000000e-05
2.129384989989921e+01	3.109534740000000e-05
2.131771029997617e+01	2.548935480000000e-05
2.136535539990291e+01	1.086921110000000e-05
2.140111979981884e+01	4.366031130000000e-06
2.142432969994843e+01	1.309441130000000e-06
2.146717339986935e+01	1.858895870000000e-06
2.151292489981279e+01	5.578293440000000e-06
2.154311139974743e+01	8.346705730000000e-06
2.156787159992382e+01	1.044463080000000e-05
2.159212989965454e+01	1.282112410000000e-05
2.161611939966679e+01	1.502855500000000e-05
2.165259630000219e+01	1.899193740000000e-05
2.167597559979185e+01	2.373147800000000e-05
2.171582489972934e+01	2.676501570000000e-05
2.173977149976417e+01	2.999451140000000e-05
2.176563859963790e+01	3.346799710000000e-05
2.178887479985133e+01	3.853413730000000e-05
2.181525320000947e+01	4.405751680000000e-05
2.183987879985943e+01	5.150207290000000e-05
2.187405340000987e+01	5.894662540000000e-05
2.190230009984225e+01	6.626054530000000e-05
2.192557640001178e+01	7.428913520000001e-05
2.196576649975032e+01	7.900178030000000e-05
2.199009899981320e+01	1.170439140000000e-04
2.211492529977113e+01	1.213232320000000e-04
2.213795879995450e+01	1.258136330000000e-04
2.216640289966017e+01	1.316664860000000e-04
2.218978089978918e+01	1.375193820000000e-04
2.223013059981167e+01	1.557112700000000e-04
2.227763189980760e+01	1.642698770000000e-04
2.230851949984208e+01	1.729436630000000e-04
2.233210209989920e+01	1.809841630000000e-04
2.236725550005212e+01	1.868562100000000e-04
2.241257389960811e+01	1.996749920000000e-04
2.243606509966776e+01	2.084063160000000e-04
2.246902479976416e+01	2.158327410000000e-04
2.251541049964726e+01	2.338519260000000e-04
2.254191869962960e+01	2.466898590000000e-04
2.256587809976190e+01	2.577239940000000e-04
2.259020320000127e+01	2.674148130000000e-04
2.261410959996283e+01	2.759734340000000e-04
2.263822059985250e+01	2.882548720000000e-04
2.266776329977438e+01	2.967751350000000e-04
2.271504319971427e+01	3.075789430000000e-04
2.273860379960388e+01	3.107260560000000e-04
2.276686450000852e+01	3.120693440000000e-04
2.281269809976220e+01	3.134510190000000e-04
2.283637999976054e+01	3.154083680000000e-04
2.286775749968365e+01	3.178646440000000e-04
2.289197409991175e+01	3.216642360000000e-04
2.291733409976587e+01	3.272868630000000e-04
2.296384089998901e+01	3.393763620000000e-04
2.298705029999837e+01	3.473017130000000e-04
2.301600459963083e+01	3.538454480000000e-04
2.303999609965831e+01	3.632868170000000e-04
2.306860629981384e+01	3.736301150000000e-04
2.311472029983997e+01	3.979626930000000e-04
2.313867509970441e+01	4.101289670000000e-04
2.316566099971533e+01	4.191481570000000e-04
2.320079030003399e+01	4.307963830000000e-04
2.322400479996577e+01	4.497366320000000e-04
2.326808789977804e+01	4.616918450000000e-04
2.332658419990912e+01	5.159412390000000e-04
2.336775669967756e+01	5.403506220000000e-04
2.341307020001113e+01	5.912226620000000e-04
2.345195439970121e+01	6.306576540000000e-04
2.347531599970534e+01	6.524955970000000e-04
2.349853720003739e+01	6.731437170000000e-04
2.353013599989936e+01	7.089901480000000e-04
2.357653689989820e+01	7.555253110000000e-04
2.361600609961897e+01	7.790903330000000e-04
2.365471339970827e+01	8.211927490000000e-04
2.368654550006613e+01	9.353058410000000e-04
2.381054209964350e+01	9.412601360000000e-04
2.383380369981751e+01	9.485590850000000e-04
2.385690229991451e+01	9.564341160000000e-04
2.388229699991643e+01	9.693031320000000e-04
2.391564300004393e+01	9.775625080000001e-04
2.395000589964911e+01	9.856295069999999e-04
2.397445390000939e+01	9.958096780000000e-04
2.401526689995080e+01	1.005989500000000e-03
2.403921199962497e+01	1.015977350000000e-03
2.407625029981136e+01	1.056505250000000e-03
2.411685450002551e+01	1.084740270000000e-03
2.416412179963663e+01	1.146396270000000e-03
2.418721049977466e+01	1.186924170000000e-03
2.421889959974214e+01	1.221689860000000e-03
2.426759309973568e+01	1.276815430000000e-03
2.431472569983453e+01	1.323489710000000e-03
2.434427889995277e+01	1.352108780000000e-03
2.436781580001116e+01	1.372468770000000e-03
2.441419250005856e+01	1.428170480000000e-03
2.443926079990342e+01	1.475805070000000e-03
2.446916399989277e+01	1.510378670000000e-03
2.451503610005602e+01	1.561470560000000e-03
2.453905469970778e+01	1.584327550000000e-03
2.456577809993178e+01	1.604879620000000e-03
2.459626429993659e+01	1.630233480000000e-03
2.462827749969438e+01	1.657700170000000e-03
2.465230139996856e+01	1.678060160000000e-03
2.467565329978243e+01	1.707639780000000e-03
2.472230429993942e+01	1.742597200000000e-03
2.476632219972089e+01	1.754890080000000e-03
2.479022369999439e+01	1.765646270000000e-03
2.481537769967690e+01	1.775634130000000e-03
2.483859089994803e+01	1.785622210000000e-03
2.486748129967600e+01	1.794457670000000e-03
2.491300559975207e+01	1.808863370000000e-03
2.494093739986420e+01	1.818274850000000e-03
2.497296330006793e+01	1.831912200000000e-03
2.501561909960583e+01	1.837290360000000e-03
2.504032139992341e+01	1.845165390000000e-03
2.506858399976045e+01	1.854769190000000e-03
2.511402179999277e+01	1.875705320000000e-03
2.514766749972478e+01	1.894336890000000e-03
2.518011529976502e+01	1.923147710000000e-03
2.522672289982438e+01	1.947157430000000e-03
2.525078909983858e+01	1.964059660000000e-03
2.527396379970014e+01	1.993063140000000e-03
2.531545939994976e+01	2.004971730000000e-03
2.535031550005078e+01	2.020145770000000e-03
2.537364989984781e+01	2.038008530000000e-03
2.541531979991123e+01	2.050301760000000e-03
2.544269329961389e+01	2.062786370000000e-03
2.546814000001177e+01	2.076039790000000e-03
2.551592110004276e+01	2.106387630000000e-03
2.555287719983608e+01	2.131741490000000e-03
2.557581679988652e+01	2.155366820000000e-03
2.561633739992976e+01	2.168427450000000e-03
2.564072499983013e+01	2.186674860000000e-03
2.567685979977250e+01	2.223361280000000e-03
2.572304509999231e+01	2.266770230000000e-03
2.577008439972997e+01	2.314981070000000e-03
2.581597789982334e+01	2.335148860000000e-03
2.583951659966260e+01	2.351859580000000e-03
2.586300269979984e+01	2.364536750000000e-03
2.589525209972635e+01	2.377789470000000e-03
2.591920410003513e+01	2.386241220000000e-03
2.596624099975452e+01	2.399493940000000e-03
2.599041999969631e+01	2.405064180000000e-03
2.601539669977501e+01	2.408329630000000e-03
2.603909710003063e+01	2.412747130000000e-03
2.606775029981509e+01	2.415628640000000e-03
2.611395869962871e+01	2.424655720000000e-03
2.613790969969705e+01	2.428689270000000e-03
2.616126699978486e+01	2.432530750000000e-03
2.619157919986174e+01	2.438485620000000e-03
2.621584309963509e+01	2.442519180000000e-03
2.623960509989411e+01	2.451354400000000e-03
2.626858569961041e+01	2.464991760000000e-03
2.631500539975241e+01	2.508400470000000e-03
2.634820899972692e+01	2.538748550000000e-03
2.637771919975057e+01	2.566215120000000e-03
2.641476799966767e+01	2.578123710000000e-03
2.643867959966883e+01	2.590224850000000e-03
2.647279440006241e+01	2.619035770000000e-03
2.651503570005298e+01	2.632097110000000e-03
2.653904989967123e+01	2.646310490000000e-03
2.656684499979019e+01	2.659371590000000e-03
2.661270779976621e+01	2.678387100000000e-03
2.664668119978160e+01	2.687799050000000e-03
2.667017549974844e+01	2.699899490000000e-03
2.672402979992330e+01	2.715457700000000e-03
2.675455289985985e+01	2.731399840000000e-03
2.677784529980272e+01	2.748494500000000e-03
2.681492899963632e+01	2.765205220000000e-03
2.685019639972597e+01	2.799394310000000e-03
2.687445249967277e+01	2.845108510000000e-03
2.692829719977453e+01	2.900233960000000e-03
2.697556230006739e+01	2.954398980000000e-03
2.701614899979904e+01	2.977640140000000e-03
2.705430059973150e+01	3.008564240000000e-03
2.708613999979571e+01	3.044482090000000e-03
2.711622259998694e+01	3.066570500000000e-03
2.713995340000838e+01	3.086354820000000e-03
2.718043219996616e+01	3.116126170000000e-03
2.722592659993097e+01	3.147050270000000e-03
2.726812110003084e+01	3.160111610000000e-03
2.731422559963539e+01	3.182776040000000e-03
2.735062879975885e+01	3.211395350000000e-03
2.737414109986275e+01	3.249234050000000e-03
2.742785670002922e+01	3.291682570000000e-03
2.746886789985001e+01	3.312235000000000e-03
2.752166659990326e+01	3.365823530000000e-03
2.756499189976603e+01	3.385223220000000e-03
2.760095759993419e+01	3.412113760000000e-03
2.763293999992311e+01	3.433818230000000e-03
2.765694289980456e+01	3.447071420000000e-03
2.768062159977853e+01	3.470696510000000e-03
2.771572509966791e+01	3.485678700000000e-03
2.774178459960967e+01	3.502773350000000e-03
2.776695710001513e+01	3.517178820000000e-03
2.781341419974342e+01	3.539843950000000e-03
2.783643089979887e+01	3.550984430000000e-03
2.788220199989155e+01	3.572112180000000e-03
2.791621749987826e+01	3.584213320000000e-03
2.793980759987608e+01	3.593432480000000e-03
2.797660279972479e+01	3.618018240000000e-03
2.802310219965875e+01	3.645485030000000e-03
2.806918759969994e+01	3.657970110000000e-03
2.811513919988647e+01	3.687933550000000e-03
2.813807979971170e+01	3.707909260000000e-03
2.818080780003220e+01	3.740754210000000e-03
2.822706909989938e+01	3.759385790000000e-03
2.825108619965613e+01	3.770717650000000e-03
2.827482869988307e+01	3.785891690000000e-03
2.831596169993281e+01	3.795687570000000e-03
2.835302769998088e+01	3.812398300000000e-03
2.837662629969418e+01	3.830645230000000e-03
2.841527589969337e+01	3.840632970000000e-03
2.844686769973487e+01	3.854270330000000e-03
2.847321609966457e+01	3.876551290000000e-03
2.852521179988980e+01	3.895182400000000e-03
2.855752289993688e+01	3.911316860000000e-03
2.858127720002085e+01	3.928219430000000e-03
2.861612979974598e+01	3.943393470000000e-03
2.863925489969552e+01	3.958375190000000e-03
2.866933559998870e+01	3.971051890000000e-03
2.873011539969593e+01	4.017726050000000e-03
2.876597019983456e+01	4.033477050000000e-03
2.879406629968435e+01	4.049803130000000e-03
2.881774269975722e+01	4.062287510000000e-03
2.884408439975232e+01	4.075156990000000e-03
2.886736639961600e+01	4.089370370000000e-03
2.891904089972377e+01	4.118565940000000e-03
2.896590479975566e+01	4.152179230000000e-03
2.898922949982807e+01	4.171002190000000e-03
2.903099779970944e+01	4.198468760000000e-03
2.907734259963036e+01	4.225743470000000e-03
2.912451579980552e+01	4.244183190000000e-03
2.915599829982966e+01	4.264927470000000e-03
2.917923199990764e+01	4.293161910000000e-03
2.921830069972202e+01	4.315250550000000e-03
2.928042989969254e+01	4.382477140000000e-03
2.932632419979200e+01	4.427806470000000e-03
2.936664219992235e+01	4.449319090000000e-03
2.941246009990573e+01	4.485621120000000e-03
2.943567280005664e+01	4.505981690000000e-03
2.945964429993182e+01	4.533640110000000e-03
2.949825669964775e+01	4.573591520000000e-03
2.953026299970224e+01	4.610661880000000e-03
2.956656989967450e+01	4.628717430000000e-03
2.961242819996551e+01	4.655799830000000e-03
2.964043079968542e+01	4.674046770000000e-03
2.967197409970686e+01	4.701321480000000e-03
2.971539019979537e+01	4.714958840000000e-03
2.973909269971773e+01	4.724562630000000e-03
2.976476150006056e+01	4.735895430000000e-03
2.978785739978775e+01	4.743001890000000e-03
2.981564799975604e+01	4.747419620000000e-03
2.984147299965844e+01	4.751261320000000e-03
2.987465959973633e+01	4.763362000000000e-03
2.991532259993255e+01	4.771236800000000e-03
2.993889959994704e+01	4.780456890000000e-03
2.996807429986075e+01	4.791404590000000e-03
3.001467189984396e+01	4.806962800000000e-03
3.003883299976587e+01	4.816374280000000e-03
3.007666569994763e+01	4.834237510000000e-03
3.011604249989614e+01	4.839615430000000e-03
3.014031349960715e+01	4.846530500000000e-03
3.017142749996856e+01	4.856902640000000e-03
3.021496659982949e+01	4.861128050000000e-03
3.023850840004161e+01	4.868426830000000e-03
3.027955209976062e+01	4.884176890000000e-03
3.031491589965299e+01	4.893588830000000e-03
3.034257139964029e+01	4.903576800000000e-03
3.037409999966621e+01	4.917021840000000e-03
3.041956869978458e+01	4.930851520000000e-03
3.046866939961910e+01	4.936037590000000e-03
3.051420139987022e+01	4.949290310000000e-03
3.054067929973826e+01	4.957742060000000e-03
3.056626940006390e+01	4.966001030000000e-03
3.059225149964914e+01	4.977333360000000e-03
3.061623079981655e+01	4.985016300000000e-03
3.064028239995241e+01	4.996733270000000e-03
3.066340969968587e+01	5.007873750000000e-03
3.068669389979914e+01	5.021318330000000e-03
3.071698659984395e+01	5.039949900000000e-03
3.076416020002216e+01	5.072986710000000e-03
3.078797379974276e+01	5.095651840000000e-03
3.082529739988968e+01	5.125423430000000e-03
3.086814749985933e+01	5.135603250000000e-03
3.091725090006366e+01	5.158844400000000e-03
3.094877219991758e+01	5.178435710000000e-03
3.097213529981673e+01	5.203981880000000e-03
3.101620720000938e+01	5.217426920000000e-03
3.104020299995318e+01	5.231448910000000e-03
3.107516779983416e+01	5.256802770000000e-03
3.111515429988503e+01	5.276394540000000e-03
3.115374039998278e+01	5.303476940000000e-03
3.117736769979820e+01	5.323452880000000e-03
3.121526659978554e+01	5.333248530000000e-03
3.123857309995219e+01	5.345925220000000e-03
3.126182879973203e+01	5.357258020000000e-03
3.128513569990173e+01	5.370318890000000e-03
3.132387659978122e+01	5.391447340000000e-03
3.137038300000131e+01	5.407197400000000e-03
3.141842760005966e+01	5.414688490000000e-03
3.146651499997824e+01	5.426596850000000e-03
3.149072670005262e+01	5.434472110000000e-03
3.151585539989173e+01	5.444651940000000e-03
3.154083839990199e+01	5.455408250000000e-03
3.157412229990587e+01	5.491902120000000e-03
3.161585309961811e+01	5.507844970000000e-03
3.165260310005397e+01	5.528780630000000e-03
3.167570979986340e+01	5.553558470000000e-03
3.171547489985824e+01	5.563546440000000e-03
3.173874249961227e+01	5.579681140000000e-03
3.176581409992650e+01	5.592357830000000e-03
3.179282910004258e+01	5.608683920000000e-03
3.181640699971467e+01	5.620785060000000e-03
3.184048380004242e+01	5.630580710000000e-03
3.186438749963418e+01	5.640760530000000e-03
3.188773550000042e+01	5.652669350000000e-03
3.191829549986869e+01	5.668419410000000e-03
3.196526189986616e+01	5.696846640000000e-03
3.198938429960981e+01	5.711636040000000e-03
3.202976309973747e+01	5.740255580000000e-03
3.207560359966010e+01	5.770411340000000e-03
3.211528889974579e+01	5.784048700000000e-03
3.213893059967086e+01	5.799606910000000e-03
3.216234199982136e+01	5.811707580000000e-03
3.218558299960569e+01	5.826305130000000e-03
3.221593479998410e+01	5.838982300000000e-03
3.224635139992461e+01	5.849930460000000e-03
3.226943639991805e+01	5.861454640000000e-03
3.231602279981598e+01	5.880470390000000e-03
3.234038539975882e+01	5.890074190000000e-03
3.236712839966640e+01	5.901214670000000e-03
3.241350239980966e+01	5.926376210000000e-03
3.243734109960496e+01	5.941358390000000e-03
3.246539240004495e+01	5.955571770000000e-03
3.249696849985048e+01	5.970361180000000e-03
3.252036589989439e+01	5.996675700000000e-03
3.257536169979721e+01	6.022413730000000e-03
3.262332460004836e+01	6.043542180000000e-03
3.266744789993390e+01	6.055258680000000e-03
3.271712559973821e+01	6.073697940000000e-03
3.274163000006229e+01	6.087910850000000e-03
3.277900350000709e+01	6.123253610000000e-03
3.281610669987276e+01	6.139772010000000e-03
3.284211659990251e+01	6.154177240000000e-03
3.287400079984218e+01	6.172040010000000e-03
3.291651370003819e+01	6.179915740000000e-03
3.296775529999286e+01	6.194128650000000e-03
3.301430189982057e+01	6.207958330000000e-03
3.304071019962430e+01	6.219290660000000e-03
3.307850639987737e+01	6.236577870000000e-03
3.311586319981143e+01	6.245412860000000e-03
3.314022679999471e+01	6.251751450000000e-03
3.316706629982218e+01	6.259434390000000e-03
3.322165139997378e+01	6.280370520000000e-03
3.328358459984884e+01	6.292279340000000e-03
3.331546679977328e+01	6.299194410000000e-03
3.334405669989064e+01	6.307452920000000e-03
3.336731989961118e+01	6.312638990000000e-03
3.341316520003602e+01	6.324547810000000e-03
3.343902369961143e+01	6.334152070000000e-03
3.348213849961758e+01	6.351630670000000e-03
3.351496449997649e+01	6.361234000000000e-03
3.354033460002393e+01	6.371606610000000e-03
3.357439429964870e+01	6.384667010000000e-03
3.362217019964010e+01	6.394271270000000e-03
3.364637009985745e+01	6.400033370000000e-03
3.366952169965953e+01	6.407716310000000e-03
3.371682369988412e+01	6.412902380000000e-03
3.376440239977092e+01	6.422505710000000e-03
3.378752159979194e+01	6.430188660000000e-03
3.381663319980726e+01	6.431725810000000e-03
3.386761089973152e+01	6.438448560000000e-03
3.391378269996494e+01	6.447092160000000e-03
3.394815670000389e+01	6.449972750000000e-03
3.397167919995263e+01	6.454966500000000e-03
3.401709900004789e+01	6.457655690000000e-03
3.406698790006340e+01	6.462842230000000e-03
3.411287149973214e+01	6.467451810000000e-03
3.413631009962410e+01	6.471677220000000e-03
3.416781089967117e+01	6.472637880000000e-03
3.421412459993735e+01	6.474366410000000e-03
3.423838920006528e+01	6.475711240000000e-03
3.427685419982299e+01	6.475327070000000e-03
3.431595269963145e+01	6.476670970000000e-03
3.433913599979132e+01	6.473982710000000e-03
3.437081059999764e+01	6.465146320000000e-03
3.441686009988189e+01	6.458232640000000e-03
3.447843439970165e+01	6.429613100000000e-03
3.451653579995036e+01	6.420008840000000e-03
3.454060049960390e+01	6.408484190000000e-03
3.457469059992582e+01	6.385051180000000e-03
3.461579169984907e+01	6.375255530000000e-03
3.463920089974999e+01	6.360466130000000e-03
3.466886019986123e+01	6.347980820000000e-03
3.471587969968095e+01	6.316096520000000e-03
3.474846729962155e+01	6.296504750000000e-03
3.477253499999642e+01	6.270190700000000e-03
3.481554049998522e+01	6.255785470000000e-03
3.484077089978382e+01	6.239266130000000e-03
3.486492479965091e+01	6.224669050000000e-03
3.488851159997284e+01	6.208534350000000e-03
3.491872429987416e+01	6.187982860000000e-03
3.496520389989018e+01	6.153025200000000e-03
3.498850309988484e+01	6.134777330000000e-03
3.501658219983801e+01	6.122868510000000e-03
3.504460510006174e+01	6.108463280000000e-03
3.507660199981183e+01	6.085606760000000e-03
3.511574220005423e+01	6.073505620000000e-03
3.514013269962743e+01	6.056026560000000e-03
3.516342239966616e+01	6.042197350000000e-03
3.518645769963041e+01	6.020877040000000e-03
3.521775079984218e+01	6.003590770000000e-03
3.526600489998236e+01	5.972666670000000e-03
3.528906079987064e+01	5.950769880000000e-03
3.531458069989458e+01	5.926760380000000e-03
3.534145409986377e+01	5.906976760000000e-03
3.536620889976621e+01	5.890650210000000e-03
3.539035229990259e+01	5.869137590000000e-03
3.541486379969865e+01	5.848777950000000e-03
3.545024459995329e+01	5.821887400000000e-03
3.547354339994490e+01	5.785584920000000e-03
3.551606689998880e+01	5.765033420000000e-03
3.554218559991568e+01	5.742176440000000e-03
3.557810979988426e+01	5.700880200000000e-03
3.561556999990717e+01	5.677831360000000e-03
3.563947069970891e+01	5.652285180000000e-03
3.566698500001803e+01	5.629044030000000e-03
3.571249930001795e+01	5.584290720000000e-03
3.575040559982881e+01	5.550293250000000e-03
3.577480529993773e+01	5.511686210000000e-03
3.581611409969628e+01	5.489405710000000e-03
3.584011679980904e+01	5.462131000000000e-03
3.587607580004260e+01	5.423715800000000e-03
3.592406899994239e+01	5.364556800000000e-03
3.596602940000594e+01	5.334785210000000e-03
3.599000309966505e+01	5.307318640000000e-03
3.601596560003236e+01	5.280619950000000e-03
3.603980809962377e+01	5.254305430000000e-03
3.606513800006360e+01	5.222421140000000e-03
3.610019230004400e+01	5.175746980000000e-03
3.613196589984000e+01	5.119853190000000e-03
3.618099769996479e+01	5.059925370000000e-03
3.621587039995939e+01	5.030537960000000e-03
3.623984869988635e+01	4.999806170000000e-03
3.627584519982338e+01	4.951979500000000e-03
3.631583149963990e+01	4.925664980000000e-03
3.634015679964796e+01	4.895509690000000e-03
3.637179629970342e+01	4.825594370000000e-03
3.642046749964356e+01	4.759520290000000e-03
3.648384199989960e+01	4.700937770000000e-03
3.653073569992557e+01	4.632366820000000e-03
3.656564849987626e+01	4.593759780000000e-03
3.658963379962370e+01	4.555920600000000e-03
3.661565109994262e+01	4.511551470000000e-03
3.663967649964616e+01	4.469103180000000e-03
3.666260819975287e+01	4.429151300000000e-03
3.668659709999338e+01	4.377290610000000e-03
3.671660889964551e+01	4.332537300000000e-03
3.674083389993757e+01	4.289512520000000e-03
3.677885899972171e+01	4.227088300000000e-03
3.681552919978276e+01	4.200966100000000e-03
3.684053099993616e+01	4.167929290000000e-03
3.687248410005122e+01	4.100702700000000e-03
3.691569659998640e+01	4.063632340000000e-03
3.693866889970377e+01	4.029443490000000e-03
3.696264160005376e+01	3.993332850000000e-03
3.698569789994508e+01	3.954725810000000e-03
3.701563239982352e+01	3.921689000000000e-03
3.703973179962486e+01	3.885771150000000e-03
3.707658169977367e+01	3.832950020000000e-03
3.712456229981035e+01	3.778400830000000e-03
3.716453099995852e+01	3.750165920000000e-03
3.718853250006214e+01	3.718089310000000e-03
3.721499239979312e+01	3.685436910000000e-03
3.723850489966571e+01	3.651055270000000e-03
3.726849639974535e+01	3.608414440000000e-03
3.731352289998904e+01	3.545990210000000e-03
3.733687580004334e+01	3.512185070000000e-03
3.737812329968438e+01	3.441117240000000e-03
3.742398099973798e+01	3.357372480000000e-03
3.746993359969929e+01	3.283999630000000e-03
3.751604019990191e+01	3.251346760000000e-03
3.754103569965810e+01	3.218886440000000e-03
3.756607129983604e+01	3.189306940000000e-03
3.759701559972018e+01	3.156846160000000e-03
3.762113919993863e+01	3.100952130000000e-03
3.766895199986175e+01	3.068107410000000e-03
3.772395200002939e+01	2.946716030000000e-03
3.776590709993616e+01	2.905227940000000e-03
3.780390689987689e+01	2.845684530000000e-03
3.783632759982720e+01	2.805540800000000e-03
3.786002200003713e+01	2.775577130000000e-03
3.788385029975325e+01	2.736778000000000e-03
3.791593909962103e+01	2.706237840000000e-03
3.794683180004358e+01	2.672048750000000e-03
3.797878369968385e+01	2.618267670000000e-03
3.801575580006465e+01	2.589072330000000e-03
3.804121969966218e+01	2.550081120000000e-03
3.807373869977891e+01	2.484199130000000e-03
3.811571219982579e+01	2.449817720000000e-03
3.813969719968736e+01	2.418701540000000e-03
3.816367859998718e+01	2.388737860000000e-03
3.820064909989014e+01	2.338798250000000e-03
3.822363319993019e+01	2.276565880000000e-03
3.826961579965428e+01	2.218943320000000e-03
3.831560129998252e+01	2.186483010000000e-03
3.834060669969767e+01	2.144418420000000e-03
3.836657339986414e+01	2.113110150000000e-03
3.839054209971800e+01	2.079305010000000e-03
3.842060169996694e+01	2.039545220000000e-03
3.844550389982760e+01	2.007660920000000e-03
3.846949089970440e+01	1.940626650000000e-03
3.851547089964151e+01	1.911815260000000e-03
3.854562139976770e+01	1.867638200000000e-03
3.856999879982322e+01	1.792728900000000e-03
3.861572609981522e+01	1.759115720000000e-03
3.863947819964960e+01	1.718972110000000e-03
3.867037559999153e+01	1.648288340000000e-03
3.871835229964927e+01	1.611986310000000e-03
3.874233559984714e+01	1.585095890000000e-03
3.876633229991421e+01	1.564159640000000e-03
3.878930759988725e+01	1.542070880000000e-03
3.881531440000981e+01	1.520942780000000e-03
3.883827809989452e+01	1.498854140000000e-03
3.887827719980851e+01	1.469658690000000e-03
3.891530329966918e+01	1.454869050000000e-03
3.894171469984576e+01	1.439310960000000e-03
3.897232679976150e+01	1.405313610000000e-03
3.901540069980547e+01	1.389755520000000e-03
3.904000299982727e+01	1.373621170000000e-03
3.906684129964560e+01	1.353645460000000e-03
3.911242249980569e+01	1.312733280000000e-03
3.913592119980603e+01	1.285650880000000e-03
3.917593109980226e+01	1.241857770000000e-03
3.921526199998334e+01	1.216503680000000e-03
3.925412239972502e+01	1.170597740000000e-03
3.928615199960768e+01	1.123155470000000e-03
3.931542130000889e+01	1.093575730000000e-03
3.934826319990680e+01	1.059578380000000e-03
3.937218169961125e+01	1.026157410000000e-03
3.942750039976090e+01	9.804435540000001e-04
3.946917109983042e+01	9.566261430000000e-04
3.951523109991103e+01	9.197477480000000e-04
3.954341449961066e+01	8.980433340000000e-04
3.956839559972286e+01	8.805645050000000e-04
3.961464089993387e+01	8.525215090000000e-04
3.964616169966757e+01	8.292804120000000e-04
3.966948089981452e+01	7.902891960000000e-04
3.972339599998668e+01	7.507218980000000e-04
3.976664399961010e+01	7.299776189999999e-04
3.981180549971759e+01	6.973249840000000e-04
3.983587649976835e+01	6.819589180000000e-04
3.986739229969680e+01	6.706264100000000e-04
3.991296869982034e+01	6.431597280000000e-04
3.994198019988835e+01	6.254888720000000e-04
3.996584589965641e+01	6.114672870000000e-04
3.998939420003444e+01	5.989825590000000e-04
4.001498400000855e+01	5.469327440000000e-04
4.012577409995720e+01	5.356491310000000e-04
4.014981639990583e+01	5.258239689999999e-04
4.017503089969978e+01	5.103187290000000e-04
4.021559619996697e+01	4.991119490000000e-04
4.023923539975658e+01	4.860628400000000e-04
4.026883869990706e+01	4.703464220000000e-04
4.031490310002118e+01	4.455532760000000e-04
4.033901449991390e+01	4.297792910000000e-04
4.036701099993661e+01	4.205873990000000e-04
4.042405899986625e+01	4.135063790000000e-04
4.047095499979332e+01	4.052931910000000e-04
4.051494869962335e+01	4.016087330000000e-04
4.053855699999258e+01	3.969840180000000e-04
4.056298879999667e+01	3.926087520000000e-04
4.058590299962088e+01	3.882910530000000e-04
4.061524339998141e+01	3.863528550000000e-04
4.064671049965546e+01	3.857772100000000e-04
4.067007160000503e+01	3.855469110000000e-04
4.071495899977162e+01	3.855277320000000e-04
4.073885699966922e+01	3.854317770000000e-04
4.077136219991371e+01	3.841076980000000e-04
4.081516460003331e+01	3.840308930000000e-04
4.084973769960925e+01	3.843763550000000e-04
4.087889039982110e+01	3.890969970000000e-04
4.092540009971708e+01	3.949691020000000e-04
4.096590409986675e+01	3.977708110000000e-04
4.098894649976864e+01	4.004381770000000e-04
4.101605380000547e+01	4.020501220000000e-04
4.104064220003784e+01	4.027409600000000e-04
4.106899919966236e+01	4.029903790000000e-04
4.111500709969550e+01	4.030479470000000e-04
4.114505979977548e+01	4.031055140000000e-04
4.116848169965670e+01	4.031631400000000e-04
4.122406829986721e+01	4.031822900000000e-04
4.126834589987993e+01	4.034701270000000e-04
4.131560459965840e+01	4.037387840000000e-04
4.134845499973744e+01	4.038347400000000e-04
4.138073619967327e+01	4.038539480000000e-04
4.142751589976251e+01	4.040074710000000e-04
4.145957119995728e+01	4.041417850000000e-04
4.148298029974103e+01	4.040842180000000e-04
4.151516049960628e+01	4.055426690000000e-04
4.154393899999559e+01	4.059264320000000e-04
4.158521509962156e+01	4.059648490000000e-04
4.161538659967482e+01	4.060991340000000e-04
4.163892779964954e+01	4.061375220000000e-04
4.166870020003989e+01	4.061567020000000e-04
4.172646889975294e+01	4.061375220000000e-04
4.175078229978681e+01	4.061950890000000e-04
4.178773119999096e+01	4.062334770000000e-04
4.181590599985793e+01	4.062334770000000e-04
4.183892409969121e+01	4.062526570000000e-04
4.186716429982334e+01	4.062526570000000e-04
4.191526789963245e+01	4.063294330000000e-04
4.193894719984382e+01	4.064445670000000e-04
4.197592379990965e+01	4.063870000000000e-04
4.201522489963099e+01	4.063294330000000e-04
4.203913519997150e+01	4.063294330000000e-04
4.207119869999588e+01	4.063294330000000e-04
4.211522200005129e+01	4.064061800000000e-04
4.213823799975216e+01	4.064061800000000e-04
4.216631249990314e+01	4.065021350000000e-04
4.218999189976603e+01	4.064829260000000e-04
4.221550599997863e+01	4.065021350000000e-04
4.223876079963520e+01	4.064445670000000e-04
4.226840309984982e+01	4.066748370000000e-04
4.231461229966953e+01	4.066364490000000e-04
4.235201919963583e+01	4.066748370000000e-04
4.237560549983755e+01	4.068475390000000e-04
4.242897929996252e+01	4.070778380000000e-04
4.247610809979960e+01	4.071161670000000e-04
4.251541469991207e+01	4.072889280000000e-04
4.254006999963894e+01	4.073848250000000e-04
4.256737989978865e+01	4.073656460000000e-04
4.261391319986433e+01	4.075000180000000e-04
4.264864479983225e+01	4.074424510000000e-04
4.267267420003191e+01	4.073656460000000e-04
4.272706929966807e+01	4.072696900000000e-04
4.276610059989616e+01	4.072121230000000e-04
4.279010850004852e+01	4.071929720000000e-04
4.282100939983502e+01	4.070202700000000e-04
4.286871830001473e+01	4.069243150000000e-04
4.291400919994339e+01	4.068667480000000e-04
4.294691569963470e+01	4.068859270000000e-04
4.297059659985825e+01	4.067899720000000e-04
4.301596400002018e+01	4.067516130000000e-04
4.304010410001501e+01	4.068859270000000e-04
4.307475589960814e+01	4.068283600000000e-04
4.311492409976199e+01	4.067132250000000e-04
4.313811449985951e+01	4.066556580000000e-04
4.316864439984784e+01	4.067516130000000e-04
4.322847709991038e+01	4.066939870000000e-04
4.325278279976919e+01	4.066748370000000e-04
4.328985029971227e+01	4.067899720000000e-04
4.332115269964561e+01	4.067516130000000e-04
4.336739100003615e+01	4.067707920000000e-04
4.341339669981971e+01	4.068091800000000e-04
4.343739979993552e+01	4.068283600000000e-04
4.347152499994263e+01	4.069626450000000e-04
4.351624809997156e+01	4.068859270000000e-04
4.355509099969640e+01	4.069434940000000e-04
4.358705399977043e+01	4.069434940000000e-04
4.361565979989246e+01	4.067516130000000e-04
4.363870549993590e+01	4.070010620000000e-04
4.366812240006402e+01	4.068667480000000e-04
4.372733769984916e+01	4.069626450000000e-04
4.377530029974878e+01	4.069818820000000e-04
4.381737239984795e+01	4.069050770000000e-04
4.385379129974172e+01	4.069243150000000e-04
4.388501299964264e+01	4.070010620000000e-04
4.391626970004290e+01	4.069050770000000e-04
4.393995129968971e+01	4.068091800000000e-04
4.397913159988821e+01	4.069243150000000e-04
4.401623649988323e+01	4.067516130000000e-04
4.404323739977553e+01	4.067899720000000e-04
4.407954199984670e+01	4.065980900000000e-04
4.411504459986463e+01	4.066556580000000e-04
4.413855380006135e+01	4.066556580000000e-04
4.417066209996119e+01	4.066172700000000e-04
4.421647930005565e+01	4.065980900000000e-04
4.423995149973780e+01	4.065980900000000e-04
4.426842139987275e+01	4.065021350000000e-04
4.431433560000733e+01	4.065980900000000e-04
4.434139439975843e+01	4.066939870000000e-04
4.437211509980261e+01	4.065597020000000e-04
4.441932819969952e+01	4.065597020000000e-04
4.444554309966043e+01	4.065980900000000e-04
4.446863429993391e+01	4.065788820000000e-04
4.452967729978263e+01	4.065021350000000e-04
4.456621519988403e+01	4.064445670000000e-04
4.459007799997926e+01	4.064253590000000e-04
4.461533269984648e+01	4.063677920000000e-04
4.463895539985970e+01	4.064253590000000e-04
4.466831929981709e+01	4.065597020000000e-04
4.471656209975481e+01	4.064061800000000e-04
4.474118379969150e+01	4.063677920000000e-04
4.476499950001016e+01	4.062910450000000e-04
4.478826729999855e+01	4.063486120000000e-04
4.481589029962197e+01	4.064637470000000e-04
4.484106560004875e+01	4.064637470000000e-04
4.486772139975801e+01	4.064061800000000e-04
4.491353709995747e+01	4.064637470000000e-04
4.493701379979029e+01	4.064061800000000e-04
4.496602169983089e+01	4.063677920000000e-04
4.499704879987985e+01	4.064637470000000e-04
4.502904369961470e+01	4.065597020000000e-04
4.505320139974356e+01	4.066172700000000e-04
4.507687539979815e+01	4.065980900000000e-04
4.511530099995434e+01	4.065788820000000e-04
4.513838039990515e+01	4.066556580000000e-04
4.516943260002881e+01	4.066748370000000e-04
4.521529409987852e+01	4.067707920000000e-04
4.523879379965365e+01	4.067899720000000e-04
4.526989230001345e+01	4.066748370000000e-04
4.531491169985384e+01	4.066556580000000e-04
4.533833499997854e+01	4.066748370000000e-04
4.536234849970788e+01	4.067132250000000e-04
4.538748559961095e+01	4.065980900000000e-04
4.541701289964840e+01	4.068667480000000e-04
4.548062219982967e+01	4.067324040000000e-04
4.552656749961898e+01	4.068475390000000e-04
4.557634809985757e+01	4.067516130000000e-04
4.561578439967707e+01	4.068283600000000e-04
4.565450709965080e+01	4.068091800000000e-04
4.567772959964350e+01	4.067707920000000e-04
4.571569869993255e+01	4.067899720000000e-04
4.573882679967210e+01	4.067707920000000e-04
4.576564919995144e+01	4.066364490000000e-04
4.578919749986380e+01	4.065788820000000e-04
4.581571140000597e+01	4.067324040000000e-04
4.584162339987233e+01	4.066939870000000e-04
4.586904869973660e+01	4.066364490000000e-04
4.591532779997215e+01	4.065597020000000e-04
4.594109169999138e+01	4.065021350000000e-04
4.596515559963882e+01	4.066172700000000e-04
4.598973779985681e+01	4.066939870000000e-04
4.602834359975532e+01	4.065980900000000e-04
4.607279179990292e+01	4.067707920000000e-04
4.611499329982325e+01	4.065788820000000e-04
4.613891669968143e+01	4.067324040000000e-04
4.616630079969764e+01	4.067707920000000e-04
4.621301769977435e+01	4.067516130000000e-04
4.623685849970207e+01	4.068667480000000e-04
4.626138639962301e+01	4.068667480000000e-04
4.628551249997690e+01	4.069818820000000e-04
4.631743329996243e+01	4.070586000000000e-04
4.637168109975755e+01	4.070010620000000e-04
4.641892569977790e+01	4.069050770000000e-04
4.646859529986978e+01	4.066556580000000e-04
4.651405999995768e+01	4.062142690000000e-04
4.653912679990754e+01	4.061183720000000e-04
4.657727460004389e+01	4.056002360000000e-04
4.661606789985672e+01	4.055426690000000e-04
4.664006249979138e+01	4.055426690000000e-04
4.666842800006270e+01	4.055234310000000e-04
4.671523389965296e+01	4.056002360000000e-04
4.673870079964399e+01	4.057345210000000e-04
4.676559589989483e+01	4.058304770000000e-04
4.678905589971691e+01	4.059456110000000e-04
4.681617959961295e+01	4.060031790000000e-04
4.683979479968548e+01	4.060223870000000e-04
4.686330259963870e+01	4.060607460000000e-04
4.688712179986760e+01	4.061375220000000e-04
4.692132879979908e+01	4.061950890000000e-04
4.697006569989026e+01	4.061759100000000e-04
4.701502419961616e+01	4.062526570000000e-04
4.704283309960738e+01	4.062910450000000e-04
