# [General]
# timestamp=2025-04-09T13:22:38.908936
# comments='# '
# delimiter='\t'
# column_dtypes=float;;float
# column_headers='Time (s);;Power (W)'
# 
# [Metadata]
# scanner_x=-5.0978161682
# scanner_y=3.5706164072
# start recoding time='09.04.2025, 13:21:38.866373'
# sample rate (hz)=50.0
# sample timing='TIMESTAMP'
# 
# ---- END HEADER ----
2.487600315362215e-03	3.788618050000000e-05
4.066610010340810e-02	2.875186690000000e-05
8.595350012183189e-02	2.437659170000000e-05
1.358920000493526e-01	8.488873390000000e-06
2.590053998865187e-01	7.332326280000000e-06
2.892113002017140e-01	6.669520640000000e-06
3.199800001457334e-01	6.369817130000000e-06
3.513394999317825e-01	6.323708480000000e-06
3.965743998996913e-01	6.844347810000000e-06
4.436932001262903e-01	8.446607350000000e-06
4.896252001635730e-01	1.275580420000000e-05
5.357764000073075e-01	1.658470680000000e-05
5.677426001057029e-01	2.166429290000000e-05
5.985946003347635e-01	2.585822040000000e-05
6.307637998834252e-01	2.965254130000000e-05
6.605485002510250e-01	3.257849310000000e-05
6.919257999397814e-01	3.692035170000000e-05
7.375841001048684e-01	3.939866660000000e-05
7.997183999978006e-01	4.779996740000000e-05
8.475009999237955e-01	5.711766790000000e-05
8.955337000079453e-01	6.413956000000000e-05
9.264223002828658e-01	7.073304000000000e-05
9.573238003067672e-01	7.825252400000000e-05
9.884470999240875e-01	8.339550550000000e-05
1.035419700201601e+00	1.106153580000000e-04
1.128173199947923e+00	1.168711900000000e-04
1.160148700233549e+00	1.255257810000000e-04
1.190744400024414e+00	1.433146680000000e-04
1.236826700158417e+00	1.515278850000000e-04
1.303611400071532e+00	1.753231920000000e-04
1.345230200327933e+00	1.842848000000000e-04
1.376436099875718e+00	1.911355360000000e-04
1.408512900117785e+00	1.980438540000000e-04
1.440940400119871e+00	2.078498070000000e-04
1.486516300123185e+00	2.132229270000000e-04
1.532838399987668e+00	2.235662250000000e-04
1.564408100210130e+00	2.305896780000000e-04
1.596576600335538e+00	2.416621570000000e-04
1.643538299947977e+00	2.498369720000000e-04
1.674730900209397e+00	2.592208040000000e-04
1.705765800084919e+00	2.702932690000000e-04
1.736267399974167e+00	2.770864520000000e-04
1.797798300161958e+00	2.933017970000000e-04
1.845541900023818e+00	3.043934410000000e-04
1.891474599950016e+00	3.143337670000000e-04
1.937349400017411e+00	3.192654990000000e-04
1.969140300061554e+00	3.255405750000000e-04
2.000754900276661e+00	3.347516470000000e-04
2.047535700257868e+00	3.448838540000000e-04
2.094819200225174e+00	3.547857340000000e-04
2.141794099938124e+00	3.649563000000000e-04
2.188551300205290e+00	3.690245210000000e-04
2.234538000077009e+00	3.755874640000000e-04
2.264835800044239e+00	3.796556850000000e-04
2.296070400159806e+00	3.855277320000000e-04
2.341233199927956e+00	3.949115050000000e-04
2.403100300114602e+00	4.093998000000000e-04
2.449603000190109e+00	4.285319880000000e-04
2.495421099942178e+00	4.441716300000000e-04
2.541180999949574e+00	4.556662460000000e-04
2.572482299990952e+00	4.683890730000000e-04
2.604206600226462e+00	4.809967360000000e-04
2.635099499952048e+00	4.864082150000000e-04
2.665061800274998e+00	4.921460060000000e-04
2.696045100223273e+00	4.985553680000000e-04
2.742776900064200e+00	5.047536690000000e-04
2.789635000284761e+00	5.102803119999999e-04
2.836120800115168e+00	5.140030410000000e-04
2.866355299949646e+00	5.179177970000000e-04
2.896307700313628e+00	5.240776810000000e-04
2.943147399928421e+00	5.334230950000000e-04
2.989086499903351e+00	5.379326760000000e-04
3.035059100016952e+00	5.391416490000000e-04
3.066479200031608e+00	5.407152350000000e-04
3.098082600161433e+00	5.420969100000000e-04
3.145009499974549e+00	5.421544190000000e-04
3.175736899953336e+00	5.421353270000000e-04
3.207555599976331e+00	5.421161190000000e-04
3.238980900030583e+00	5.419049410000000e-04
3.301531100180000e+00	5.403890970000000e-04
3.347472700290382e+00	5.335957980000001e-04
3.395466300193220e+00	5.227152720000000e-04
3.442054400220513e+00	5.136961120000000e-04
3.473543600179255e+00	5.029306050000000e-04
3.504377699922770e+00	4.878474280000000e-04
3.549279800150543e+00	4.650692280000000e-04
3.596142299938947e+00	4.475681930000000e-04
3.641404400113970e+00	4.300671570000000e-04
3.687519600149244e+00	4.197238600000000e-04
3.733545700088143e+00	4.020884810000000e-04
3.764706700108945e+00	3.904978800000000e-04
3.795459900051355e+00	3.722867990000000e-04
3.841616800054908e+00	3.532505650000000e-04
3.889613800216466e+00	3.328518650000000e-04
3.934664300177246e+00	3.227388660000000e-04
3.965622100047767e+00	3.113401470000000e-04
3.997589100152254e+00	2.956813260000000e-04
4.045183400157839e+00	2.851653260000000e-04
4.076644900254905e+00	2.765491370000000e-04
4.107541800010949e+00	2.678561430000000e-04
4.138802600093186e+00	2.544233580000000e-04
4.199970700312406e+00	2.426600260000000e-04
4.245578200090677e+00	2.302250650000000e-04
4.293380999937654e+00	2.193252730000000e-04
4.339457300025970e+00	2.133380910000000e-04
4.370461000129580e+00	2.077922550000000e-04
4.401608900167048e+00	2.005769060000000e-04
4.447836400009692e+00	1.921909720000000e-04
4.494285600259900e+00	1.834404540000000e-04
4.540121300145984e+00	1.750545340000000e-04
4.587104300037026e+00	1.715236140000000e-04
4.632629100233316e+00	1.637517710000000e-04
4.664586500264704e+00	1.577837540000000e-04
4.696130500175059e+00	1.500886720000000e-04
4.742680900264531e+00	1.408967800000000e-04
4.789879499934614e+00	1.326835630000000e-04
4.835961800068617e+00	1.282891170000000e-04
4.882403800264001e+00	1.205556400000000e-04
4.914565900340676e+00	1.155471040000000e-04
4.946626800112426e+00	1.108648070000000e-04
4.977435000240803e+00	1.063168460000000e-04
5.009530500043184e+00	1.018840050000000e-04
5.040219500195235e+00	9.507164210000000e-05
5.085564000066370e+00	9.215480530000000e-05
5.115846300031990e+00	8.854712360000000e-05
5.145463800057769e+00	8.321236959999999e-05
5.191272400319576e+00	7.810789980000000e-05
5.237583700101823e+00	7.540214570000001e-05
5.268537200056016e+00	7.229341280000000e-05
5.299275199882686e+00	6.811004280000000e-05
5.345547700300813e+00	6.281366950000000e-05
5.391520900186151e+00	5.861111280000000e-05
5.439067299943417e+00	5.467721350000000e-05
5.486334000248462e+00	5.250877080000000e-05
5.532528900075704e+00	4.261471620000000e-05
5.642435800284147e+00	4.003265350000000e-05
5.674020499922335e+00	3.737951190000000e-05
5.705537599977106e+00	3.473405010000000e-05
5.736992700025439e+00	3.266494240000000e-05
5.783566100057214e+00	2.958337790000000e-05
5.813370400108397e+00	2.768525880000000e-05
5.845610000193119e+00	2.510511880000000e-05
5.889615400228649e+00	2.256532570000000e-05
5.934575800318271e+00	2.134153690000000e-05
5.966056900098920e+00	1.998518750000000e-05
5.996924200095236e+00	1.799100760000000e-05
6.044197699986398e+00	1.603717280000000e-05
6.090218900237232e+00	1.503623930000000e-05
6.121524500194937e+00	1.406988850000000e-05
6.153534499928355e+00	1.290373530000000e-05
6.200761100277305e+00	1.187782620000000e-05
6.247090700082481e+00	1.093837270000000e-05
6.294922499917448e+00	1.014876940000000e-05
6.341418799944222e+00	9.405273890000000e-06
6.387284200172871e+00	9.088280420000000e-06
6.418760800268501e+00	8.719414840000000e-06
6.448925199918449e+00	8.281385820000000e-06
6.495386300142854e+00	7.739614380000000e-06
6.541561000049114e+00	7.249714600000000e-06
6.588283000048250e+00	7.055675720000000e-06
6.633922100067139e+00	6.775185740000000e-06
6.664742700289935e+00	6.625333750000000e-06
6.696517799980938e+00	6.525432580000000e-06
6.726477900054306e+00	6.465876140000000e-06
6.757244300097227e+00	6.404397940000000e-06
6.788388799875975e+00	6.379422760000000e-06
6.850547700189054e+00	6.384301290000000e-06
6.928585400339216e+00	6.410500190000000e-06
6.958944800309837e+00	6.446331100000000e-06
6.989752900321037e+00	6.504315020000000e-06
7.036678500007838e+00	6.544384180000000e-06
7.088188400026411e+00	6.692524040000000e-06
7.146042900159955e+00	6.986877450000000e-06
7.177577999886125e+00	7.187993110000000e-06
7.209474599920213e+00	7.390264270000000e-06
7.240523300133646e+00	7.833335990000000e-06
7.302905300166458e+00	8.290854570000000e-06
7.349039699882269e+00	9.893252350000000e-06
7.456488800235093e+00	1.014876940000000e-05
7.487839200068265e+00	1.058487670000000e-05
7.519370600115508e+00	1.105364390000000e-05
7.549236699938774e+00	1.184708710000000e-05
7.595914400182664e+00	1.290757790000000e-05
7.642587100155652e+00	1.394501210000000e-05
7.689466000068933e+00	1.530135890000000e-05
7.736408799886703e+00	1.607367450000000e-05
7.796830100007355e+00	1.807938130000000e-05
7.827547700144351e+00	1.917252850000000e-05
7.858583299908787e+00	2.043282070000000e-05
7.889558200258762e+00	2.278049580000000e-05
7.936004300136119e+00	2.430399040000000e-05
7.998009100090712e+00	2.911653430000000e-05
8.044986099936068e+00	3.239021680000000e-05
8.091560299973935e+00	3.448814100000000e-05
8.122993400320411e+00	3.663793540000000e-05
8.153706199955195e+00	3.922383980000000e-05
8.200160200241953e+00	4.214210280000000e-05
8.246883499901742e+00	4.572317990000000e-05
8.293883600272238e+00	4.958473800000000e-05
8.341434500180185e+00	5.370566210000000e-05
8.388480700086802e+00	5.569599670000000e-05
8.418522300198674e+00	5.820505250000000e-05
8.449254900217056e+00	6.156902960000000e-05
8.495310199912637e+00	6.563807980000001e-05
8.542303400114179e+00	7.106156410000000e-05
8.588259600102901e+00	7.348608050000000e-05
8.635539500042796e+00	7.767617350000000e-05
8.666426000185311e+00	8.060980330000001e-05
8.697145600337535e+00	8.396609340000000e-05
8.728578200098127e+00	9.455353570000000e-05
8.838165200315416e+00	9.576246520000000e-05
8.868554899934679e+00	9.775820940000001e-05
8.899831000249833e+00	1.006366800000000e-04
8.945982400327921e+00	1.038029880000000e-04
8.991578199900687e+00	1.053189700000000e-04
9.022796500008553e+00	1.069884750000000e-04
9.053948400076479e+00	1.090609800000000e-04
9.086148600094020e+00	1.105961560000000e-04
9.146777400281280e+00	1.162187620000000e-04
9.194490599911660e+00	1.196153320000000e-04
9.241318200249225e+00	1.241249270000000e-04
9.287491499911994e+00	1.262358130000000e-04
9.318622100166976e+00	1.288647910000000e-04
9.349212500266731e+00	1.332784300000000e-04
9.394623700063676e+00	1.394959250000000e-04
9.440710499882698e+00	1.461547650000000e-04
9.488930100109428e+00	1.528328140000000e-04
9.550522299949080e+00	1.599713870000000e-04
9.597717400174588e+00	1.641547420000000e-04
9.624514000024647e+00	1.671483330000000e-04
9.654566000215709e+00	1.713509260000000e-04
9.685409900266677e+00	1.744788460000000e-04
9.717033000197262e+00	1.782016480000000e-04
9.747148599941283e+00	1.838818130000000e-04
9.793873500078917e+00	1.898498300000000e-04
9.840831399895251e+00	1.964511180000000e-04
9.886270500253886e+00	1.994830670000000e-04
9.917500900104642e+00	2.033786150000000e-04
9.949307499919087e+00	2.098839320000000e-04
9.995667200069875e+00	2.162933090000000e-04
1.004250690015033e+01	2.236045840000000e-04
1.008980259997770e+01	2.322975490000000e-04
1.013614120008424e+01	2.366728150000000e-04
1.019851149991155e+01	2.490502370000000e-04
1.022946420032531e+01	2.558817500000000e-04
1.026067560026422e+01	2.635384740000000e-04
1.029152400000021e+01	2.751291030000000e-04
1.033772230008617e+01	2.814425100000000e-04
1.039892250020057e+01	2.976770340000000e-04
1.044643400004134e+01	3.078668090000000e-04
1.049186960002407e+01	3.151972780000000e-04
1.052278540004045e+01	3.228731800000000e-04
1.055395520012826e+01	3.317580270000000e-04
1.060124000022188e+01	3.420629360000000e-04
1.064816209999844e+01	3.530778630000000e-04
1.069410480000079e+01	3.621929790000000e-04
1.074056980013847e+01	3.709819280000000e-04
1.080201489990577e+01	3.770074980000000e-04
1.083302000025287e+01	3.794637740000000e-04
1.086380880000070e+01	3.800970150000000e-04
1.089534620009363e+01	3.801545830000000e-04
1.094070270005614e+01	3.780629490000000e-04
1.100208980031312e+01	3.757217490000000e-04
1.104866590024903e+01	3.717878720000000e-04
1.109586100000888e+01	3.682377860000000e-04
1.112580979987979e+01	3.634211030000000e-04
1.115759490011260e+01	3.552270940000000e-04
1.118837109999731e+01	3.489136870000000e-04
1.123440079996362e+01	3.354040960000000e-04
1.126485290005803e+01	3.244659160000000e-04
1.129612400010228e+01	3.083657360000000e-04
1.134359190007672e+01	2.953550720000000e-04
1.139080470008776e+01	2.882164840000000e-04
1.142265379987657e+01	2.796770710000000e-04
1.145466190017760e+01	2.724233200000000e-04
1.149926909990609e+01	2.675875150000000e-04
1.154578300006688e+01	2.640757880000000e-04
1.159300049999729e+01	2.602762250000000e-04
1.164023410016671e+01	2.541547000000000e-04
1.168621850013733e+01	2.488966860000000e-04
1.171688200021163e+01	2.397048080000000e-04
1.174719640007243e+01	2.220694150000000e-04
1.179424889991060e+01	1.971035530000000e-04
1.184047520020977e+01	1.694319360000000e-04
1.188612020015717e+01	1.566899450000000e-04
1.193279170012102e+01	1.359458110000000e-04
1.196440220018849e+01	1.240289710000000e-04
1.199533590022475e+01	1.110950980000000e-04
1.202551080007106e+01	9.862176380000000e-05
1.205650199996307e+01	8.626354250000000e-05
1.208739040000364e+01	7.843413190000000e-05
1.213506470015272e+01	6.803327410000000e-05
1.216516799991950e+01	6.325503640000000e-05
1.219613620033488e+01	5.542561850000000e-05
1.224389260029420e+01	4.471772990000000e-05
1.228896490018815e+01	3.967082740000000e-05
1.231974590010941e+01	3.498853400000000e-05
1.235051670018584e+01	2.781155670000000e-05
1.239698310010135e+01	7.685822310000000e-06
1.252367290016264e+01	6.492771720000000e-06
1.255408419994637e+01	6.919273800000000e-06
1.258450580015779e+01	8.362075279999999e-06
1.261492760013789e+01	1.043694460000000e-05
1.264594390010461e+01	1.496131150000000e-05
1.269299740018323e+01	2.252113700000000e-05
1.273987929988652e+01	3.006943920000000e-05
1.278725130017847e+01	3.386375830000000e-05
1.281848780019209e+01	3.868975180000000e-05
1.284927130024880e+01	4.600174730000000e-05
1.289600139996037e+01	5.379787400000000e-05
1.294406210025772e+01	6.174194279999999e-05
1.298999859998003e+01	6.805299930000000e-05
1.303649369999766e+01	7.139392980000000e-05
1.308392530027777e+01	7.721316070000000e-05
1.311383000016212e+01	8.092871580000000e-05
1.314503320027143e+01	9.806523299999999e-05
1.328461159998551e+01	1.016537210000000e-04
1.331600590003654e+01	1.048967970000000e-04
1.334741900023073e+01	1.105961560000000e-04
1.339363529998809e+01	1.170822800000000e-04
1.343982709990814e+01	1.249692870000000e-04
1.348583680018783e+01	1.310908260000000e-04
1.351582129998133e+01	1.411270350000000e-04
1.354563090018928e+01	1.536387570000000e-04
1.357649140013382e+01	1.669756460000000e-04
1.360783040011302e+01	1.816558220000000e-04
1.363922580005601e+01	2.005961000000000e-04
1.368393300008029e+01	2.096344690000000e-04
1.371506580011919e+01	2.212442630000000e-04
1.374630480026826e+01	2.384190880000000e-04
1.379301339993253e+01	2.554212110000000e-04
1.384110040031374e+01	2.654382550000000e-04
1.386959209991619e+01	2.747452820000000e-04
1.390012510027736e+01	2.880629620000000e-04
1.394720820011571e+01	3.059670270000000e-04
1.399442010000348e+01	3.244659160000000e-04
1.404206759994850e+01	3.451332740000000e-04
1.408663040027022e+01	3.570309200000000e-04
1.413307570014149e+01	3.772185880000000e-04
1.416469869995490e+01	3.918219590000000e-04
1.419630549987778e+01	4.147728910000000e-04
1.424328870000318e+01	4.389328240000000e-04
1.428953560022637e+01	4.616726660000000e-04
1.433653110032901e+01	4.749519280000000e-04
1.439876409992576e+01	5.149817440000000e-04
1.444472909998149e+01	5.341906800000000e-04
1.447580490028486e+01	5.519220140000000e-04
1.450650979997590e+01	5.713037680000000e-04
1.453748909989372e+01	5.854658080000000e-04
1.460001550009474e+01	6.256491180000000e-04
1.464928560005501e+01	6.593655560000000e-04
1.469149960018694e+01	6.934848500000000e-04
1.474008870031685e+01	7.139219090000000e-04
1.476947120018303e+01	7.311735540000000e-04
1.480009629996493e+01	7.549496950000000e-04
1.484717460023239e+01	7.795892889999999e-04
1.489367430005223e+01	8.028089650000000e-04
1.493981670029461e+01	8.301926430000000e-04
1.500188780017197e+01	9.038056010000000e-04
1.514031710010022e+01	9.074551050000000e-04
1.517078720033169e+01	9.139854810000000e-04
1.520154919987544e+01	9.233971940000000e-04
1.524921789998189e+01	9.339613610000000e-04
1.529523420007899e+01	9.460620350000000e-04
1.534131570020691e+01	9.562420890000000e-04
1.537250120006502e+01	9.660379150000000e-04
1.540321019990370e+01	9.781385310000000e-04
1.544949869997799e+01	9.942729960000000e-04
1.549529629992321e+01	1.012135880000000e-03
1.554124830011278e+01	1.032495750000000e-03
1.560273390030488e+01	1.049974700000000e-03
1.564816399989650e+01	1.065340710000000e-03
1.567969370028004e+01	1.078401690000000e-03
1.571057819994166e+01	1.092039280000000e-03
1.574630990019068e+01	1.113551670000000e-03
1.578850700007752e+01	1.132374860000000e-03
1.583400209993124e+01	1.141594370000000e-03
1.586429039994255e+01	1.152350800000000e-03
1.589602930005640e+01	1.167524610000000e-03
1.594297040021047e+01	1.179625510000000e-03
1.597399620013312e+01	1.190957730000000e-03
1.600527850026265e+01	1.204211030000000e-03
1.603725170018151e+01	1.215735570000000e-03
1.608477970026433e+01	1.233790420000000e-03
1.611375989997759e+01	1.245699240000000e-03
1.614468620019034e+01	1.265482980000000e-03
1.619061330007389e+01	1.284498260000000e-03
1.623708900017664e+01	1.294678310000000e-03
1.626747919991612e+01	1.306586900000000e-03
1.629827360017225e+01	1.322144990000000e-03
1.634499010024592e+01	1.343465410000000e-03
1.639166900003329e+01	1.359407560000000e-03
1.643949800031260e+01	1.375925960000000e-03
1.648465180024505e+01	1.383801220000000e-03
1.651474160002545e+01	1.393404790000000e-03
1.654615300009027e+01	1.404353300000000e-03
1.657649450004101e+01	1.415493550000000e-03
1.660761990025640e+01	1.429130790000000e-03
1.663992669992149e+01	1.451219550000000e-03
1.670013840030879e+01	1.475421010000000e-03
1.674567760014907e+01	1.500774870000000e-03
1.679153290018439e+01	1.523631740000000e-03
1.683911819988862e+01	1.534964190000000e-03
1.686937509989366e+01	1.550138230000000e-03
1.689936570031568e+01	1.570305900000000e-03
1.694563030032441e+01	1.591050180000000e-03
1.699162949994206e+01	1.610449750000000e-03
1.704016370000318e+01	1.631770170000000e-03
1.708529550023377e+01	1.642526360000000e-03
1.711612890008837e+01	1.654242860000000e-03
1.714720650017262e+01	1.666919910000000e-03
1.717866430012509e+01	1.677868070000000e-03
1.720926359994337e+01	1.688816350000000e-03
1.724054920021445e+01	1.705911130000000e-03
1.730119050014764e+01	1.723197870000000e-03
1.734729390032589e+01	1.743749830000000e-03
1.739406820014119e+01	1.763725540000000e-03
1.744003520021215e+01	1.775442160000000e-03
1.747143119992688e+01	1.789079400000000e-03
1.750217129988596e+01	1.807134600000000e-03
1.754912790004164e+01	1.831912200000000e-03
1.759577090013772e+01	1.852464160000000e-03
1.764301510015503e+01	1.875513230000000e-03
1.769082870008424e+01	1.897793850000000e-03
1.773757580015808e+01	1.907974130000000e-03
1.776851490000263e+01	1.918922180000000e-03
1.779975969996303e+01	1.934672240000000e-03
1.784580800030380e+01	1.955032580000000e-03
1.789177339989692e+01	1.974816200000000e-03
1.793818840011954e+01	1.986340620000000e-03
1.800109239993617e+01	2.014383440000000e-03
1.804850370017812e+01	2.030133500000000e-03
1.808001560019329e+01	2.042042090000000e-03
1.811011420004070e+01	2.054719250000000e-03
1.814183630002663e+01	2.075271450000000e-03
1.818792570009828e+01	2.085259420000000e-03
1.823454309999943e+01	2.104659100000000e-03
1.826654010033235e+01	2.119640590000000e-03
1.829806540021673e+01	2.142305490000000e-03
1.834525840030983e+01	2.161129140000000e-03
1.837529310025275e+01	2.178799830000000e-03
1.840573960030451e+01	2.201464490000000e-03
1.843828730005771e+01	2.218751240000000e-03
1.849856139998883e+01	2.259279140000000e-03
1.854560310021043e+01	2.285209250000000e-03
1.859218539996073e+01	2.304416620000000e-03
1.863912370009348e+01	2.315941730000000e-03
1.866992710018530e+01	2.328042410000000e-03
1.870155410002917e+01	2.344944750000000e-03
1.874820320028812e+01	2.371451120000000e-03
1.879497070005164e+01	2.397189150000000e-03
1.884136770013720e+01	2.430418040000000e-03
1.888905079988763e+01	2.459805460000000e-03
1.893462250009179e+01	2.475363670000000e-03
1.896439830027521e+01	2.494379180000000e-03
1.899599780002609e+01	2.522806400000000e-03
1.904232429992408e+01	2.556035300000000e-03
1.908962900005281e+01	2.585422710000000e-03
1.913503549993038e+01	2.600788840000000e-03
1.916685990011320e+01	2.619804350000000e-03
1.919811230013147e+01	2.643045500000000e-03
1.924530790001154e+01	2.663981400000000e-03
1.927627580007538e+01	2.685494020000000e-03
1.930710750026628e+01	2.716033720000000e-03
1.933854959998280e+01	2.762131860000000e-03
1.940347720030695e+01	2.801507250000000e-03
1.944840570027009e+01	2.841267040000000e-03
1.949442020012066e+01	2.889669970000000e-03
1.954056779993698e+01	2.918288810000000e-03
1.957179700024426e+01	2.942298540000000e-03
1.960153630003333e+01	2.972069890000000e-03
1.964718900015578e+01	3.016247410000000e-03
1.969365569995716e+01	3.059656130000000e-03
1.974071730021387e+01	3.097110660000000e-03
1.978751179995015e+01	3.111708680000000e-03
1.983425180008635e+01	3.137830640000000e-03
1.986487430008128e+01	3.154156730000000e-03
1.989569070003927e+01	3.172404130000000e-03
1.994169070012867e+01	3.193340500000000e-03
2.000289970031008e+01	3.207361790000000e-03
2.004970570001751e+01	3.218886440000000e-03
2.009604960028082e+01	3.231371050000000e-03
2.014271200029179e+01	3.238094040000000e-03
2.017397540016100e+01	3.245392580000000e-03
2.020475109992549e+01	3.254036190000000e-03
2.025023990031332e+01	3.265752690000000e-03
2.029616470029578e+01	3.277661280000000e-03
2.034356580022722e+01	3.288801760000000e-03
2.039082950027660e+01	3.303975800000000e-03
2.043792370008305e+01	3.313771680000000e-03
2.046949920011684e+01	3.324719610000000e-03
2.050042300019413e+01	3.335091980000000e-03
2.054715860029683e+01	3.350457640000000e-03
2.059334530029446e+01	3.362558550000000e-03
2.064338840031996e+01	3.381381740000000e-03
2.068568330025300e+01	3.394442840000000e-03
2.071786219999194e+01	3.408848310000000e-03
2.074721400020644e+01	3.421525470000000e-03
2.077863220032305e+01	3.436123020000000e-03
2.080959059996530e+01	3.452257720000000e-03
2.084025490004569e+01	3.484525950000000e-03
2.088650060025975e+01	3.498355390000000e-03
2.093272599996999e+01	3.522941140000000e-03
2.096389089990407e+01	3.539843950000000e-03
2.099541709991172e+01	3.560203590000000e-03
2.104160339990631e+01	3.573264930000000e-03
2.107255310006440e+01	3.586518110000000e-03
2.110352719994262e+01	3.601692150000000e-03
2.113496119994670e+01	3.611103400000000e-03
2.116625830018893e+01	3.623588480000000e-03
2.119692669995129e+01	3.642412140000000e-03
2.124284880002961e+01	3.662003670000000e-03
2.128883629990742e+01	3.677177240000000e-03
2.134880240028724e+01	3.691583170000000e-03
2.138047390012071e+01	3.703107590000000e-03
2.141188320005313e+01	3.714440160000000e-03
2.144215720007196e+01	3.734415860000000e-03
2.148759700031951e+01	3.747861130000000e-03
2.153457539994270e+01	3.778016660000000e-03
2.156567770009860e+01	3.797032170000000e-03
2.159732640022412e+01	3.824114800000000e-03
2.164292669994757e+01	3.844474680000000e-03
2.167388370027766e+01	3.861377250000000e-03
2.170554500026628e+01	3.880392760000000e-03
2.173719910020009e+01	3.895758880000000e-03
2.180019340012223e+01	3.935134040000000e-03
2.184616299998015e+01	3.956262490000000e-03
2.189273770013824e+01	3.978158810000000e-03
2.193964490015060e+01	3.989875320000000e-03
2.197099719988182e+01	4.002552480000000e-03
2.200200340012088e+01	4.020031540000000e-03
2.204664169996977e+01	4.042696210000000e-03
2.209369580028579e+01	4.060174800000000e-03
2.214001500001177e+01	4.080534910000000e-03
2.220159070007503e+01	4.098974170000000e-03
2.224811210017651e+01	4.113572180000000e-03
2.227864179993048e+01	4.126825370000000e-03
2.230971419997513e+01	4.140846900000000e-03
2.234148090006784e+01	4.166008440000000e-03
2.240321419993415e+01	4.189057740000000e-03
2.244823369989172e+01	4.212490750000000e-03
2.249540799995884e+01	4.234387070000000e-03
2.254321840032935e+01	4.250905480000000e-03
2.257581110019237e+01	4.267616200000000e-03
2.260439820028841e+01	4.288168160000000e-03
2.263505819998682e+01	4.304302390000000e-03
2.266492630029097e+01	4.324854350000000e-03
2.269564109994099e+01	4.359427840000000e-03
2.274359739990905e+01	4.394001330000000e-03
2.279059270024300e+01	4.426654430000000e-03
2.283652430027723e+01	4.444901370000000e-03
2.286652459995821e+01	4.467182330000000e-03
2.289721280010417e+01	4.496377890000000e-03
2.294403039989993e+01	4.539402670000000e-03
2.298941020015627e+01	4.579353610000000e-03
2.305136070027947e+01	4.617768810000000e-03
2.309827199997380e+01	4.654647320000000e-03
2.314381670020521e+01	4.681153690000000e-03
2.317455139989033e+01	4.707467740000000e-03
2.320652570016682e+01	4.745499230000000e-03
2.323669290030375e+01	4.776038700000000e-03
2.329817799990997e+01	4.852292590000000e-03
2.334378200024366e+01	4.903576800000000e-03
2.339263190003112e+01	4.950442820000000e-03
2.343849570024759e+01	4.977333360000000e-03
2.346745500015095e+01	5.001150540000000e-03
2.349815470026806e+01	5.033419470000000e-03
2.354532220028341e+01	5.074715710000000e-03
2.359224219992757e+01	5.107368340000000e-03
2.363869740022346e+01	5.144631020000000e-03
2.368696069996804e+01	5.166719200000000e-03
2.374724869988859e+01	5.226262850000000e-03
2.377840579999611e+01	5.259875670000000e-03
2.381023900024593e+01	5.291375800000000e-03
2.384116529999301e+01	5.338626910000000e-03
2.388751870021224e+01	5.361675280000000e-03
2.393361090030521e+01	5.402395500000000e-03
2.396503499988467e+01	5.425636660000000e-03
2.399641110002995e+01	5.455792420000000e-03
2.404224860016257e+01	5.479225420000000e-03
2.407224019989371e+01	5.500738040000000e-03
2.410340430028737e+01	5.526859780000000e-03
2.413427110016346e+01	5.542994480000000e-03
2.416486839996651e+01	5.563546440000000e-03
2.419765269989148e+01	5.592165510000000e-03
2.424535629991442e+01	5.623857960000000e-03
2.429021340003237e+01	5.649403670000000e-03
2.433762380015105e+01	5.664385860000000e-03
2.436857590032741e+01	5.679368040000000e-03
2.439865190023556e+01	5.699919540000000e-03
2.444687579991296e+01	5.727386570000000e-03
2.449200260033831e+01	5.753892940000000e-03
2.454293240001425e+01	5.786545570000000e-03
2.460131580010056e+01	5.821695550000000e-03
2.464698830014095e+01	5.850122780000000e-03
2.467776860017329e+01	5.872979290000000e-03
2.470856099994853e+01	5.895452110000000e-03
2.473978780023754e+01	5.932330620000000e-03
2.480206240015104e+01	5.965559740000000e-03
2.484764350019395e+01	6.004935130000000e-03
2.489643310010433e+01	6.046999710000000e-03
2.494274750025943e+01	6.071584760000000e-03
2.497374030016363e+01	6.089832170000000e-03
2.500417189998552e+01	6.110384590000000e-03
2.503482259996235e+01	6.126326040000000e-03
2.506518039992079e+01	6.147454960000000e-03
2.509810910001397e+01	6.173000670000000e-03
2.514172670012340e+01	6.202004380000000e-03
2.518854540027678e+01	6.229662800000000e-03
2.523556850012392e+01	6.243492010000000e-03
2.526695269998163e+01	6.260779220000000e-03
2.529823470022529e+01	6.284019910000000e-03
2.534532040031627e+01	6.311678330000000e-03
2.539135610032827e+01	6.334727630000000e-03
2.543750610016286e+01	6.347789430000000e-03
2.548392080003396e+01	6.367380730000000e-03
2.551533200033009e+01	6.381593640000000e-03
2.554618540033698e+01	6.395807490000000e-03
2.557753660017624e+01	6.408868360000000e-03
2.560857819998637e+01	6.423466370000000e-03
2.564115260029212e+01	6.450165530000000e-03
2.568573530018330e+01	6.463994270000000e-03
2.573248009989038e+01	6.491077130000000e-03
2.576389380032197e+01	6.506250710000000e-03
2.579529280029237e+01	6.527571470000000e-03
2.584235779987648e+01	6.539287510000000e-03
2.587359039997682e+01	6.551388650000000e-03
2.590374940028414e+01	6.565218330000000e-03
2.595001910021529e+01	6.585962140000000e-03
2.599616510001943e+01	6.605937610000000e-03
2.604297140007839e+01	6.633404640000000e-03
2.609097940009087e+01	6.662215570000000e-03
2.613605000032112e+01	6.675661540000000e-03
2.616750540025532e+01	6.690450940000000e-03
2.619830769998953e+01	6.713307460000000e-03
2.624492370011285e+01	6.744039710000000e-03
2.629246050026268e+01	6.768817550000000e-03
2.633893539989367e+01	6.794363260000000e-03
2.640010120021179e+01	6.812610200000000e-03
2.644583060033619e+01	6.826056170000000e-03
2.647959059989080e+01	6.837196650000000e-03
2.650854930002242e+01	6.847376470000000e-03
2.653938150033355e+01	6.866391750000000e-03
2.660269720014185e+01	6.881949960000000e-03
2.664823270030320e+01	6.903846280000000e-03
2.669485779991373e+01	6.923437580000000e-03
2.674100670032203e+01	6.933617410000000e-03
2.677157089998946e+01	6.947638930000000e-03
2.680224770028144e+01	6.963388990000000e-03
2.684824520023540e+01	6.986246440000000e-03
2.689546900009736e+01	7.010256410000000e-03
2.694298970000818e+01	7.034073580000000e-03
2.698849420016631e+01	7.058274470000000e-03
2.703462029993534e+01	7.071719500000000e-03
2.706494359998032e+01	7.086894010000000e-03
2.709658499993384e+01	7.113400380000000e-03
2.714446910005063e+01	7.149126380000000e-03
2.719066810002550e+01	7.186772300000000e-03
2.723743640026078e+01	7.211934310000000e-03
2.729926740005612e+01	7.301633710000000e-03
2.734626320004463e+01	7.355990350000000e-03
2.737645970005542e+01	7.401897110000000e-03
2.740759410010651e+01	7.449915630000000e-03
2.743929920019582e+01	7.513492370000000e-03
2.748631360009313e+01	7.543263960000000e-03
2.753367700008675e+01	7.586672900000000e-03
2.756492150016129e+01	7.609914520000000e-03
2.760381070012227e+01	7.640453990000000e-03
2.764482280006632e+01	7.663119120000000e-03
2.769067759998143e+01	7.700765970000000e-03
2.773527570022270e+01	7.713634520000000e-03
2.776566480007023e+01	7.729384580000000e-03
2.779629389988258e+01	7.753202690000000e-03
2.784281100006774e+01	7.776635700000000e-03
2.789183269999921e+01	7.797763680000000e-03
2.793537120008841e+01	7.807751650000000e-03
2.796872289991006e+01	7.817547770000001e-03
2.799780240003020e+01	7.831376980000001e-03
2.804349699988961e+01	7.847126570000000e-03
2.808971380023286e+01	7.863837290000000e-03
2.813838780019432e+01	7.887078450000000e-03
2.819883130025119e+01	7.908398290000000e-03
2.824473199993372e+01	7.924340670000000e-03
2.827467780001462e+01	7.938939149999999e-03
2.830524050025269e+01	7.956225430000000e-03
2.833648109994829e+01	7.968901660000000e-03
2.839838979998603e+01	8.007316850000000e-03
2.844621780002490e+01	8.024795910000000e-03
2.849200920015574e+01	8.042466829999999e-03
2.853852030029520e+01	8.050342090000001e-03
2.856864820001647e+01	8.059754040000000e-03
2.860027959989384e+01	8.077808660000000e-03
2.864785520033911e+01	8.099705909999999e-03
2.869481889996678e+01	8.120833900000001e-03
2.874152210028842e+01	8.147723970000000e-03
2.878753599990159e+01	8.163281720000000e-03
2.883457679999992e+01	8.194590920000000e-03
2.886491450015455e+01	8.217062799999999e-03
2.889620129996911e+01	8.252020929999999e-03
2.894338340032846e+01	8.291012610000001e-03
2.898907360015437e+01	8.330003359999999e-03
2.903537240019068e+01	8.353052660000001e-03
2.909679759992287e+01	8.448897860000000e-03
2.914299990003929e+01	8.484431540000000e-03
2.917369670001790e+01	8.758330720000001e-03
2.929614550014958e+01	8.682139219999999e-03
2.932745590014383e+01	8.674520999999999e-03
2.936022630007938e+01	8.682139219999999e-03
2.939052319992334e+01	8.697377520000001e-03
2.943687470024452e+01	8.712615820000000e-03
2.946818799991161e+01	8.724044080000000e-03
2.949827190022916e+01	8.760235270000000e-03
2.954470980027691e+01	8.798330090000001e-03
2.959347940003499e+01	8.849758649999999e-03
2.963987109996378e+01	8.897379040000000e-03
2.968695140024647e+01	8.920235560000000e-03
2.973463380010799e+01	8.981188760000000e-03
2.976719240006059e+01	9.015473540000001e-03
2.979586359998211e+01	9.044045580000000e-03
2.984335760027170e+01	9.080236780000001e-03
2.988950770022348e+01	9.118331600000000e-03
2.995012470008805e+01	9.152616370000000e-03
2.999772580014542e+01	9.190713059999999e-03
3.004394860006869e+01	9.200236759999999e-03
3.007470409991220e+01	9.226903320000000e-03
3.010819920012727e+01	9.240236129999999e-03
3.013571629999205e+01	9.257379919999999e-03
3.019725520024076e+01	9.299284780000000e-03
3.024424430029467e+01	9.331666860000001e-03
3.029040609998628e+01	9.350713340000000e-03
3.033750980021432e+01	9.352617900000000e-03
3.036781889991835e+01	9.358333420000000e-03
3.039959549997002e+01	9.375474420000000e-03
3.044623970007524e+01	9.396428240000001e-03
3.049247319996357e+01	9.413571100000000e-03
3.053972150012851e+01	9.430713020000000e-03
3.058647400001064e+01	9.436427620000000e-03
3.070504319993779e+01	9.461189619999999e-03
3.074462810019031e+01	9.461189619999999e-03
3.079095369996503e+01	9.457379580000000e-03
3.083761070016772e+01	9.459285070000000e-03
3.089721950003877e+01	9.453571399999999e-03
3.094382880022749e+01	9.451665920000000e-03
3.097494830004871e+01	9.466905150000000e-03
3.100548560032621e+01	9.459285070000000e-03
3.103646210022271e+01	9.463095110000000e-03
3.109841419989243e+01	9.461189619999999e-03
3.114719960000366e+01	9.470713320000001e-03
3.119168450031430e+01	9.495476260000000e-03
3.123754310002550e+01	9.506904520000000e-03
3.126854370022193e+01	9.524048310000000e-03
3.129959290008992e+01	9.565953170000000e-03
3.134580260002986e+01	9.600237940000001e-03
3.139292280003428e+01	9.644047360000000e-03
3.144126489991322e+01	9.685953149999999e-03
3.148650270001963e+01	9.708809670000000e-03
3.153242480009794e+01	9.745000860000000e-03
3.156389390025288e+01	9.773572910000000e-03
3.159489120030776e+01	9.804047640000001e-03
3.164181949989870e+01	9.844047020000000e-03
3.168878920003772e+01	9.868810880000000e-03
3.174932070029899e+01	9.905001150000000e-03
3.179621390020475e+01	9.931667710000000e-03
3.184260379988700e+01	9.948810560000000e-03
3.187334540020674e+01	9.954526090000001e-03
3.190381970023736e+01	9.981192650000000e-03
3.193478520028293e+01	9.992620910000000e-03
3.196635490003973e+01	1.001166740000000e-02
3.199729799991474e+01	1.002309750000000e-02
3.204348770016804e+01	1.004404850000000e-02
3.209078350011259e+01	1.006500240000000e-02
3.213834320008755e+01	1.008023880000000e-02
3.216913750022650e+01	1.008976440000000e-02
3.220032500009984e+01	1.010881080000000e-02
3.224726299988106e+01	1.012785920000000e-02
3.229486500006169e+01	1.014500200000000e-02
3.234189220005646e+01	1.016214400000000e-02
3.238908190000802e+01	1.018690690000000e-02
3.243393919989467e+01	1.019452510000000e-02
3.246472899988294e+01	1.020024060000000e-02
3.249656810006127e+01	1.021547890000000e-02
3.254288280010223e+01	1.024024000000000e-02
3.258961000014096e+01	1.025166830000000e-02
3.263598070014268e+01	1.026881210000000e-02
3.269838749989867e+01	1.029357410000000e-02
3.274500850029290e+01	1.030309680000000e-02
3.277630189992487e+01	1.032595520000000e-02
3.280755060026422e+01	1.033166890000000e-02
3.283822400029749e+01	1.034881170000000e-02
3.288485610019416e+01	1.036405000000000e-02
3.291598829999566e+01	1.036786010000000e-02
3.294673050008714e+01	1.039071660000000e-02
3.299357650009915e+01	1.039833480000000e-02
3.303949340013787e+01	1.039643210000000e-02
3.307017390010878e+01	1.041166860000000e-02
3.310054180026054e+01	1.042690690000000e-02
3.314737590029836e+01	1.043452700000000e-02
3.319392069987953e+01	1.045738350000000e-02
3.324038220010698e+01	1.046690720000000e-02
3.328757600020617e+01	1.046881170000000e-02
3.333375099999830e+01	1.048214550000000e-02
3.336394370021299e+01	1.048976560000000e-02
3.339537400007248e+01	1.051643210000000e-02
3.344124499987811e+01	1.053738310000000e-02
3.348750580009073e+01	1.054500320000000e-02
3.353405119990930e+01	1.055643150000000e-02
3.356535860011354e+01	1.056024150000000e-02
3.359569799993187e+01	1.057547980000000e-02
3.364354480011389e+01	1.057928800000000e-02
3.367370179994032e+01	1.058500350000000e-02
3.370560309989378e+01	1.059643180000000e-02
3.373627550015226e+01	1.059833630000000e-02
3.379821240017191e+01	1.062309840000000e-02
3.384482500003651e+01	1.062500290000000e-02
3.389062820002437e+01	1.063833670000000e-02
3.393650360032916e+01	1.064405120000000e-02
3.396782630030066e+01	1.064595670000000e-02
3.399826160026714e+01	1.065738500000000e-02
3.404535350017250e+01	1.066500320000000e-02
3.409145969990641e+01	1.067643150000000e-02
3.413849640032277e+01	1.068405160000000e-02
3.420153680024669e+01	1.069738530000000e-02
3.424728280026466e+01	1.071071810000000e-02
3.427869090018794e+01	1.071452820000000e-02
3.430956079997122e+01	1.071833630000000e-02
3.434055930003524e+01	1.072405190000000e-02
3.440113680018112e+01	1.074500290000000e-02
3.444831090001389e+01	1.074119470000000e-02
3.449510690011084e+01	1.075452850000000e-02
3.454162360029295e+01	1.076405120000000e-02
3.457157810032368e+01	1.076405120000000e-02
3.460315470024943e+01	1.076786130000000e-02
3.464907620009035e+01	1.078309960000000e-02
3.469653670024127e+01	1.078500320000000e-02
3.474359339987859e+01	1.079643330000000e-02
3.479151700017974e+01	1.079643330000000e-02
3.483857950009406e+01	1.080214600000000e-02
3.487008480029181e+01	1.080595610000000e-02
3.490052280016243e+01	1.081357430000000e-02
3.494628270016983e+01	1.080405150000000e-02
3.499550900002941e+01	1.081928980000000e-02
3.503959659999236e+01	1.081357430000000e-02
3.508611820032820e+01	1.081167160000000e-02
3.513255470013246e+01	1.082119440000000e-02
3.516398950014263e+01	1.081547980000000e-02
3.520268419990316e+01	1.082881260000000e-02
3.524350710026920e+01	1.081928980000000e-02
3.528891499992460e+01	1.081547980000000e-02
3.533576710009947e+01	1.081738430000000e-02
3.539727840013802e+01	1.082500440000000e-02
3.544260860001668e+01	1.081167160000000e-02
3.547344110021368e+01	1.081547980000000e-02
3.550418720021844e+01	1.081167160000000e-02
3.553550080023706e+01	1.081928980000000e-02
3.556738130003214e+01	1.080405150000000e-02
3.559832450002432e+01	1.080786160000000e-02
3.564504839992151e+01	1.080786160000000e-02
3.569112470000982e+01	1.080214600000000e-02
3.573759120004252e+01	1.079833790000000e-02
3.576853850018233e+01	1.080024150000000e-02
3.580021410016343e+01	1.080595610000000e-02
3.584813220007345e+01	1.080214600000000e-02
3.589432890014723e+01	1.080595610000000e-02
3.594030439993367e+01	1.078881320000000e-02
3.598794620018452e+01	1.078881320000000e-02
3.603440110012889e+01	1.078690770000000e-02
3.606494930014014e+01	1.078500320000000e-02
3.609480739990249e+01	1.078309960000000e-02
3.614145029988140e+01	1.078881320000000e-02
3.618748919991776e+01	1.078881320000000e-02
3.623463870026171e+01	1.078500320000000e-02
3.626693599997088e+01	1.077738500000000e-02
3.629854510026053e+01	1.077357490000000e-02
3.634463259996846e+01	1.076405120000000e-02
3.637487570010126e+01	1.076786130000000e-02
3.640570450015366e+01	1.075833660000000e-02
3.643760750023648e+01	1.076786130000000e-02
3.648472720012069e+01	1.074881290000000e-02
3.651614500023425e+01	1.074881290000000e-02
3.654738759994507e+01	1.075262300000000e-02
3.659426050027832e+01	1.073357460000000e-02
3.664140790002421e+01	1.073548010000000e-02
3.667434399994090e+01	1.072595640000000e-02
3.670350990025327e+01	1.072024180000000e-02
3.674816820025444e+01	1.070690810000000e-02
3.679675849992782e+01	1.069547980000000e-02
3.683942459989339e+01	1.068976520000000e-02
3.688545970013365e+01	1.068785970000000e-02
3.691550430003554e+01	1.067643150000000e-02
3.694607960013673e+01	1.067452690000000e-02
3.697755180019885e+01	1.065738500000000e-02
3.700909150019288e+01	1.064785940000000e-02
3.704033380001783e+01	1.063262110000000e-02
3.708675600029528e+01	1.061928830000000e-02
3.714727210020646e+01	1.057928800000000e-02
3.719381309999153e+01	1.056785970000000e-02
3.724048990011215e+01	1.054309870000000e-02
3.727166189998388e+01	1.052405030000000e-02
3.730232560029253e+01	1.050690840000000e-02
3.734730490017682e+01	1.046881170000000e-02
3.739464589999989e+01	1.044595520000000e-02
3.744106520013884e+01	1.040786040000000e-02
3.748856190033257e+01	1.036786010000000e-02
3.753479100018740e+01	1.034881170000000e-02
3.756488880002871e+01	1.030690690000000e-02
3.759584890026599e+01	1.024976370000000e-02
3.764202960021794e+01	1.021928710000000e-02
3.769129429990426e+01	1.018119230000000e-02
3.775033179996535e+01	1.015452570000000e-02
3.779580429987982e+01	1.012404910000000e-02
3.784188040019944e+01	1.009928710000000e-02
3.787230879999697e+01	1.009357250000000e-02
3.790460740029812e+01	1.007071600000000e-02
3.794902769988403e+01	1.004976410000000e-02
3.799631599988788e+01	1.002690570000000e-02
3.804401620011777e+01	1.000595370000000e-02
3.809090790012851e+01	9.988810870000000e-03
3.813759630033746e+01	9.965954350000000e-03
3.816849080007523e+01	9.946906009999999e-03
3.819825199991465e+01	9.939287789999999e-03
3.824632150027901e+01	9.901191110000001e-03
3.828991820011288e+01	9.872619060000001e-03
3.833624120010063e+01	9.861190800000001e-03
3.839726680004969e+01	9.826906030000001e-03
3.844406600017101e+01	9.830714200000000e-03
3.847536600008607e+01	9.815477770000001e-03
3.850580909987912e+01	9.809762240000000e-03
3.853682469995692e+01	9.815477770000001e-03
3.859930180013180e+01	9.823095980000000e-03
3.864685960020870e+01	9.849762539999999e-03
3.869377609994262e+01	9.922144000000001e-03
3.873992560012266e+01	9.950716050000001e-03
3.877045110007748e+01	9.981192650000000e-03
3.880126690026373e+01	1.002881020000000e-02
3.884753950033337e+01	1.006690600000000e-02
3.889402880007401e+01	1.010881080000000e-02
3.894127440033481e+01	1.016785860000000e-02
3.898775080032647e+01	1.019452510000000e-02
3.905147599987686e+01	1.028024030000000e-02
3.908059830032289e+01	1.032786070000000e-02
3.911275380011648e+01	1.036405000000000e-02
3.914372530020773e+01	1.042881140000000e-02
3.919023160031065e+01	1.050500390000000e-02
3.923613870004192e+01	1.053357500000000e-02
3.929767849994823e+01	1.062690840000000e-02
3.934324679989368e+01	1.066881330000000e-02
3.937383010005578e+01	1.068976520000000e-02
3.940481969993562e+01	1.071643180000000e-02
3.943530600005761e+01	1.072595640000000e-02
3.946647580014542e+01	1.074310020000000e-02
3.949728980008513e+01	1.075643300000000e-02
3.954331720015034e+01	1.078119500000000e-02
3.958972020028159e+01	1.079071780000000e-02
3.963642580015585e+01	1.079833790000000e-02
3.967579609993845e+01	1.080214600000000e-02
3.971399459987879e+01	1.080405150000000e-02
3.974500200012699e+01	1.081167160000000e-02
3.979126590024680e+01	1.081167160000000e-02
3.983758060028777e+01	1.082309990000000e-02
3.988374020019546e+01	1.082500440000000e-02
3.991497360030189e+01	1.082500440000000e-02
3.995076850010082e+01	1.082881260000000e-02
3.997793620033190e+01	1.082500440000000e-02
4.000923720002174e+01	1.082881260000000e-02
4.004082750016823e+01	1.082500440000000e-02
4.008645500009879e+01	1.082309990000000e-02
4.014741310011595e+01	1.081928980000000e-02
4.019438000023365e+01	1.080786160000000e-02
4.024782830011100e+01	1.080595610000000e-02
4.027296700002626e+01	1.079262330000000e-02
4.030322870006785e+01	1.079262330000000e-02
4.034927710006014e+01	1.078119500000000e-02
4.039592589996755e+01	1.076405120000000e-02
4.044265670003369e+01	1.075071840000000e-02
4.048961340030655e+01	1.073548010000000e-02
4.053599590016529e+01	1.071262360000000e-02
4.056638860004023e+01	1.071071810000000e-02
4.059769120020792e+01	1.067833700000000e-02
4.064394070021808e+01	1.065738500000000e-02
4.069056040002033e+01	1.063643120000000e-02
4.073802589997649e+01	1.061928830000000e-02
4.080111510027200e+01	1.058119350000000e-02
4.084618799993768e+01	1.056214700000000e-02
4.087752200011164e+01	1.054690870000000e-02
4.090846690023318e+01	1.052595490000000e-02
4.093971710000187e+01	1.050119380000000e-02
4.100100699998438e+01	1.048214550000000e-02
4.104737870022655e+01	1.045738350000000e-02
4.109542619995773e+01	1.043833700000000e-02
4.114146819990128e+01	1.042500140000000e-02
4.117319469992071e+01	1.041547860000000e-02
4.120527760032564e+01	1.040976490000000e-02
4.123559110006317e+01	1.039833480000000e-02
4.129943619994447e+01	1.037357380000000e-02
4.134489280031994e+01	1.036024000000000e-02
4.139190579997376e+01	1.034690720000000e-02
4.143847900023684e+01	1.033357340000000e-02
4.147015789989382e+01	1.031643060000000e-02
4.150094579998404e+01	1.029166860000000e-02
4.154718280024827e+01	1.026119200000000e-02
4.159297139989212e+01	1.022690720000000e-02
4.163885689992458e+01	1.019262060000000e-02
4.168444229988381e+01	1.017738230000000e-02
4.171396209998056e+01	1.016214400000000e-02
4.174500099988654e+01	1.014309750000000e-02
4.177505940012634e+01	1.010881080000000e-02
4.180584389995784e+01	1.008023880000000e-02
4.183645569998771e+01	1.006690600000000e-02
4.189718169998378e+01	9.998333640000001e-03
4.194398189987987e+01	9.952620600000000e-03
4.198980790004134e+01	9.908811190000000e-03
4.203581840032712e+01	9.891667400000000e-03
4.206582310004160e+01	9.857382630000000e-03
4.209674380021170e+01	9.821190500000000e-03
4.214308630023152e+01	9.767857380000000e-03
4.219032960012555e+01	9.724047970000000e-03
4.223711779993027e+01	9.687857700000000e-03
4.228586969990283e+01	9.638332760000000e-03
4.234647569991648e+01	9.554523040000000e-03
4.237743670027703e+01	9.522142819999999e-03
4.240855249995366e+01	9.482143449999999e-03
4.243862410029396e+01	9.411666540000000e-03
4.248675859998912e+01	9.369761680000000e-03
4.254735370026901e+01	9.293570180000000e-03
4.259481270005926e+01	9.251665320000000e-03
4.264491430018097e+01	9.224997830000000e-03
4.267467100033537e+01	9.204046800000001e-03
4.270516199991107e+01	9.177380240000000e-03
4.273719180002809e+01	9.154521860000001e-03
4.279891039989889e+01	9.104998780000000e-03
4.284627530025318e+01	9.072616699999999e-03
4.289292480004951e+01	9.040236470000001e-03
4.294056949997321e+01	9.023093620000000e-03
4.296930800005794e+01	9.005949830000000e-03
4.300028910022229e+01	8.973568680000000e-03
4.304730649990961e+01	8.941188450000000e-03
4.309396880026907e+01	8.899283600000000e-03
4.313998900027946e+01	8.849758649999999e-03
4.318630880024284e+01	8.826902140000000e-03
4.323189390031621e+01	8.771663529999999e-03
4.326235420024022e+01	8.725948630000001e-03
4.329298090003431e+01	8.630710650000000e-03
4.333949259994552e+01	8.491662330000000e-03
4.340131270000711e+01	8.373567829999999e-03
4.344831830030307e+01	8.263091560000000e-03
4.349495080020279e+01	8.148804310000000e-03
4.354093050025403e+01	8.076422850000001e-03
4.357197070028633e+01	8.015471510000000e-03
4.360310820024461e+01	7.931661790000001e-03
4.364909370010719e+01	7.838326510000000e-03
4.369515760010108e+01	7.737374860000000e-03
4.374118959996849e+01	7.638326850000000e-03
4.378763170028105e+01	7.583088710000000e-03
4.383528000023216e+01	7.491660300000000e-03
4.386586529994383e+01	7.436422170000000e-03
4.389654950005934e+01	7.358325650000000e-03
4.394356560008600e+01	7.257372140000000e-03
4.399068950023502e+01	7.057122420000000e-03
4.409840700030327e+01	7.021395960000000e-03
4.413138320017606e+01	6.974529470000000e-03
4.416169680003077e+01	6.929200610000000e-03
4.419282440003008e+01	6.880989300000000e-03
4.422475290019065e+01	6.830473430000000e-03
4.425576140033081e+01	6.767089010000000e-03
4.428756459988654e+01	6.719070490000000e-03
4.433498390018940e+01	6.631291940000000e-03
4.436395110003650e+01	6.575782320000000e-03
4.439552140003070e+01	6.484930400000000e-03
4.444455830007792e+01	6.400609850000000e-03
4.448841449990869e+01	6.354318930000000e-03
4.451936150016263e+01	6.304187700000000e-03
4.454927380010486e+01	6.235040720000000e-03
4.459625530010089e+01	6.162436680000000e-03
4.464382730005309e+01	6.086567420000000e-03
4.469772080006078e+01	6.011465560000000e-03
4.473738030018285e+01	5.973626860000000e-03
4.479934820020571e+01	5.883927920000000e-03
4.483065919997171e+01	5.834179930000000e-03
4.486186500033364e+01	5.786737890000000e-03
4.489295660005882e+01	5.712596700000000e-03
4.494132520025596e+01	5.631540900000000e-03
4.500119150010869e+01	5.547988230000000e-03
4.504831079998985e+01	5.459634120000000e-03
4.509534410014749e+01	5.390486680000000e-03
4.512734019989148e+01	5.308663010000000e-03
4.515623770002276e+01	5.203405860000000e-03
4.520180490007624e+01	5.045328290000000e-03
4.524928590003401e+01	4.841344430000000e-03
4.529564200015739e+01	4.611622540000000e-03
4.534238440031186e+01	4.381132310000000e-03
4.538859230000526e+01	4.268576390000000e-03
4.541893969988450e+01	4.146800840000000e-03
4.545016949996352e+01	3.991988490000000e-03
4.549756570020691e+01	3.821041440000000e-03
4.554421119997278e+01	3.635881240000000e-03
4.559078470012173e+01	3.481453050000000e-03
4.563863730011508e+01	3.346808490000000e-03
4.570239470014349e+01	3.246545090000000e-03
4.573062010016292e+01	3.183736700000000e-03
4.576156250014901e+01	3.116510340000000e-03
4.579330760007724e+01	3.025851210000000e-03
4.583900779997930e+01	2.927508440000000e-03
4.588543329993263e+01	2.877953000000000e-03
4.591640220023692e+01	2.819754650000000e-03
4.594733119988814e+01	2.736009420000000e-03
4.599552550027147e+01	2.683188770000000e-03
4.602591409999877e+01	2.634978390000000e-03
4.605699509987608e+01	2.577355600000000e-03
4.608767510019243e+01	2.531641630000000e-03
4.614967889990658e+01	2.383167620000000e-03
4.619545980030671e+01	2.271956300000000e-03
4.624132920010015e+01	2.167467490000000e-03
4.628752320026979e+01	2.115990970000000e-03
4.631758829997852e+01	2.052414460000000e-03
4.634829250024632e+01	1.955032580000000e-03
4.639557990012690e+01	1.856689920000000e-03
4.644348140014336e+01	1.774673820000000e-03
4.648962890030816e+01	1.699572430000000e-03
4.653619639994577e+01	1.658276420000000e-03
4.659837430017069e+01	1.553403450000000e-03
4.663006079988554e+01	1.502887700000000e-03
4.666082420013845e+01	1.453716420000000e-03
4.669466120004654e+01	1.369779700000000e-03
4.673702740017325e+01	1.320416340000000e-03
4.679974350007251e+01	1.191534100000000e-03
4.684728890005499e+01	1.108173400000000e-03
4.689311140030622e+01	1.053432120000000e-03
4.692456860002130e+01	1.005413240000000e-03
4.695558409998193e+01	9.575865700000000e-04
4.698647450003773e+01	9.257020430000000e-04
4.703351239999756e+01	8.567472690000001e-04
4.706399560021237e+01	8.139145790000000e-04
4.709556360030547e+01	7.551394520000000e-04
4.714237440004945e+01	6.938675070000000e-04
4.718857190012932e+01	6.592941350000001e-04
4.721956920018420e+01	6.233761090000000e-04
4.724970890022814e+01	5.759334890000000e-04
4.729575740033761e+01	5.231127140000000e-04
4.734248160012066e+01	4.649141630000000e-04
4.738861180003732e+01	3.335810910000000e-04
4.752833379991353e+01	3.049307850000000e-04
4.755927539989352e+01	2.811162850000000e-04
4.759064490022138e+01	2.419500090000000e-04
4.763750200020149e+01	2.216856370000000e-04
4.770190929993987e+01	1.610268230000000e-04
4.774537330027670e+01	1.151633260000000e-04
4.779166450025514e+01	9.073475670000000e-05
4.782292880024761e+01	6.903114990000000e-05
4.785510980011895e+01	4.677104150000000e-05
4.788537169992924e+01	3.477744760000000e-05
4.791532950010151e+01	2.312926520000000e-05
4.794593570008874e+01	1.100134340000000e-05
4.799298819992691e+01	7.201767400000000e-06
4.803969700029120e+01	1.107810480000000e-05
4.808699720026925e+01	1.474334110000000e-05
4.811748669994995e+01	3.385031230000000e-05
4.824277910031378e+01	3.685310730000000e-05
4.827381370030344e+01	3.866669790000000e-05
4.830459839990363e+01	3.993083370000000e-05
4.833533939998597e+01	4.046107640000000e-05
4.836621139990166e+01	4.067240660000000e-05
4.839731639996171e+01	4.068201450000000e-05
4.842869829991832e+01	4.018442630000000e-05
4.845938879996538e+01	3.673975880000000e-05
4.848967080004513e+01	2.786584990000000e-05
4.853655040031299e+01	2.416374450000000e-05
4.859828130016103e+01	2.116286850000000e-05
4.864461810002103e+01	2.165084700000000e-05
4.869081810023636e+01	2.227522780000000e-05
4.872252100007609e+01	2.322236650000000e-05
4.875339630013332e+01	2.474585930000000e-05
4.880121320020407e+01	2.643072910000000e-05
4.884616379998624e+01	2.895323630000000e-05
4.889173460006714e+01	3.223268140000000e-05
4.893940140027553e+01	3.711054520000000e-05
4.898602840024978e+01	4.019018890000000e-05
4.901716070016846e+01	4.479525160000000e-05
4.904834880027920e+01	5.395157500000000e-05
4.909524470008910e+01	7.025466769999999e-05
4.914088070020080e+01	1.374809800000000e-04
4.927960860030726e+01	1.560182860000000e-04
4.931108839996159e+01	1.744980400000000e-04
4.934172780020162e+01	2.029564350000000e-04
4.938807690003887e+01	2.279606710000000e-04
4.943440099991858e+01	2.419692030000000e-04
4.946500260010362e+01	2.582612800000000e-04
4.949640880012885e+01	2.751674620000000e-04
4.952755340002477e+01	2.931098860000000e-04
4.955855370033532e+01	3.114168940000000e-04
4.959190530003980e+01	3.322953420000000e-04
4.963780779996887e+01	3.441354200000000e-04
4.969925819989294e+01	3.680650260000000e-04
4.974620330007747e+01	3.792335050000000e-04
4.979292140016332e+01	3.837046970000000e-04
4.982418020023033e+01	3.860650470000000e-04
4.985527170030400e+01	3.881567390000000e-04
4.988573209987953e+01	3.892697570000000e-04
4.993324299994856e+01	3.917260040000000e-04
4.996648610010743e+01	3.927814540000000e-04
4.999577989988029e+01	3.926279310000000e-04
5.004343659989536e+01	3.786769810000000e-04
5.008964650006965e+01	3.563784990000000e-04
5.012054890021682e+01	3.225277760000000e-04
5.015076310001314e+01	2.727879330000000e-04
5.019758090004325e+01	2.172144300000000e-04
5.024363530008122e+01	1.582442930000000e-04
5.029093880020082e+01	1.066238620000000e-04
5.033654269995168e+01	8.200342560000001e-05
5.039831760013476e+01	3.698426740000000e-05
5.042957270005718e+01	2.151732590000000e-05
5.046022060001269e+01	1.228705240000000e-05
5.049162240000442e+01	7.374474080000000e-06
5.053851620014757e+01	1.529984180000000e-05
5.060140700032935e+01	3.665803520000000e-05
5.064748800033703e+01	2.337943590000000e-04
5.087948179990053e+01	2.682016060000000e-04
5.091000339994207e+01	2.976578540000000e-04
5.093986369995400e+01	3.476279960000000e-04
5.098652640031651e+01	3.714616760000000e-04
5.103301799995825e+01	4.241183050000000e-04
5.106297420011833e+01	4.625937440000000e-04
5.109425379987806e+01	5.301800560000000e-04
5.114185870019719e+01	5.818964560000000e-04
5.117194289993495e+01	6.354359210000000e-04
5.120302770007402e+01	7.082801890000000e-04
5.124993989989161e+01	8.108493640000001e-04
5.129540600022301e+01	1.084932360000000e-03
5.141984539991245e+01	1.154463620000000e-03
5.144997650012374e+01	1.210165330000000e-03
5.147964130016044e+01	1.269132480000000e-03
5.151170120015740e+01	1.337895170000000e-03
5.154346799990162e+01	1.433740720000000e-03
5.158990080002695e+01	1.512491490000000e-03
5.163588170008734e+01	1.547449150000000e-03
5.169629399990663e+01	1.664614770000000e-03
5.174371650023386e+01	1.705334750000000e-03
5.177421130007133e+01	1.735298550000000e-03
5.180542410025373e+01	1.770064120000000e-03
5.183631640020758e+01	1.801564360000000e-03
5.188337020017207e+01	1.862260160000000e-03
5.191503750020638e+01	1.900867210000000e-03
5.194648270029575e+01	1.952727670000000e-03
5.199270060006529e+01	2.008813200000000e-03
5.203856500005350e+01	2.048189050000000e-03
5.206956940004602e+01	2.092173790000000e-03
5.210030950000510e+01	2.142305490000000e-03
5.214778510015458e+01	2.203961830000000e-03
5.219517720025033e+01	2.260431880000000e-03
5.224065280007198e+01	2.322472170000000e-03
5.230215039988980e+01	2.373371970000000e-03
5.234952790010720e+01	2.405640670000000e-03
5.238036369998008e+01	2.434067430000000e-03
5.241221980005503e+01	2.460574030000000e-03
5.244263780023903e+01	2.497644630000000e-03
5.248855399992317e+01	2.533754800000000e-03
5.253433499997482e+01	2.552193820000000e-03
5.256548590026796e+01	2.575818910000000e-03
5.259630129998550e+01	2.604054290000000e-03
5.271619090018794e+01	2.649383850000000e-03
5.275221170019358e+01	2.676850420000000e-03
5.279944600025192e+01	2.700667600000000e-03
5.284559229994193e+01	2.729286910000000e-03
5.289352220017463e+01	2.760787260000000e-03
5.293947230000049e+01	2.782876140000000e-03
5.297069230023772e+01	2.809766210000000e-03
5.300118050025776e+01	2.847413300000000e-03
5.304758189991117e+01	2.899657700000000e-03
5.309348830021918e+01	2.951709790000000e-03
5.315157649992034e+01	3.009524430000000e-03
5.318744700029492e+01	3.037951650000000e-03
5.323503720015287e+01	3.087314780000000e-03
5.326404280029237e+01	3.117086370000000e-03
5.329570259992033e+01	3.169330770000000e-03
5.334170900005847e+01	3.231179200000000e-03
5.338866400020197e+01	3.282462950000000e-03
5.343430310022086e+01	3.307624720000000e-03
5.346499609993771e+01	3.338932990000000e-03
5.349777670018375e+01	3.386183870000000e-03
5.354174700006843e+01	3.418836740000000e-03
5.357277119997889e+01	3.446879330000000e-03
5.360382710024714e+01	3.481645140000000e-03
5.363447519997135e+01	3.506806910000000e-03
5.366516310023144e+01	3.536578500000000e-03
5.369639499997720e+01	3.575953650000000e-03
5.374246169999242e+01	3.616673640000000e-03
5.378854770027101e+01	3.655280690000000e-03
5.383677930012345e+01	3.673912260000000e-03
5.386806790018454e+01	3.695424650000000e-03
5.389697880018502e+01	3.723467470000000e-03
5.394357440015301e+01	3.761690580000000e-03
5.399157109996304e+01	3.801257820000000e-03
5.403702650032938e+01	3.824882910000000e-03
5.408514040010050e+01	3.865987060000000e-03
5.413200409989804e+01	3.903249980000000e-03
5.416242430033162e+01	3.929563800000000e-03
5.419460160005838e+01	3.984497390000000e-03
5.424098680028692e+01	4.061519630000000e-03
5.428755140025169e+01	4.101663360000000e-03
5.433439789991826e+01	4.163895730000000e-03
5.436541960015893e+01	4.194435200000000e-03
5.439740120014176e+01	4.229009150000000e-03
5.444398620026186e+01	4.250713620000000e-03
5.447528530005366e+01	4.275107290000000e-03
5.450626150006428e+01	4.308911970000000e-03
5.453716020006686e+01	4.334073980000000e-03
5.459939130023122e+01	4.403989300000000e-03
5.464737780019641e+01	4.449126780000000e-03
5.469572920026258e+01	4.495800940000000e-03
5.474133619992062e+01	4.531527400000000e-03
5.477170239994302e+01	4.573015500000000e-03
5.480297450022772e+01	4.626604730000000e-03
5.483620710019022e+01	4.664251120000000e-03
5.488159380014986e+01	4.729172210000000e-03
5.491274890024215e+01	4.778151400000000e-03
5.494322560029104e+01	4.855941980000000e-03
5.498857189994305e+01	4.915293310000000e-03
5.503558119991794e+01	4.942759870000000e-03
5.506738010002300e+01	4.976949650000000e-03
5.509781320020556e+01	5.023047330000000e-03
5.514385790005326e+01	5.074715710000000e-03
5.519067519996315e+01	5.117740480000000e-03
5.523830049997196e+01	5.169024230000000e-03
5.529870779998600e+01	5.216659050000000e-03
5.534503380022943e+01	5.248735190000000e-03
5.537588750012219e+01	5.285613700000000e-03
5.540705520007759e+01	5.331903700000000e-03
5.543765160022303e+01	5.371087230000000e-03
5.549812000012025e+01	5.466932900000000e-03
5.554490160010755e+01	5.534543190000000e-03
5.559069309988990e+01	5.601769310000000e-03
5.563892910024151e+01	5.643257410000000e-03
5.567377430014312e+01	5.689547860000000e-03
5.570032340008765e+01	5.739487240000000e-03
5.574624769994989e+01	5.811899430000000e-03
5.579360250011086e+01	5.879317880000000e-03
5.584156210022047e+01	5.947888830000000e-03
5.588853550003842e+01	6.018188320000000e-03
5.594965850003064e+01	6.066591010000000e-03
5.598070110008121e+01	6.103660910000000e-03
5.601165609993041e+01	6.140539890000000e-03
5.604244340024889e+01	6.197970360000000e-03
5.608755649998784e+01	6.229662800000000e-03
5.613722310028970e+01	6.282867400000000e-03
5.619545740028843e+01	6.358352960000000e-03
5.624329770030454e+01	6.392542740000000e-03
5.627443409990519e+01	6.422314330000000e-03
5.630484519992024e+01	6.453622130000000e-03
5.633521770033985e+01	6.475518920000000e-03
5.636587690003216e+01	6.497799880000000e-03
5.639729180000722e+01	6.532181050000000e-03
5.644362690020353e+01	6.570019290000000e-03
5.648967400006950e+01	6.606514100000000e-03
5.653571660025045e+01	6.622071840000000e-03
5.656621160032228e+01	6.642047780000000e-03
5.659737400012091e+01	6.670859180000000e-03
5.664422730030492e+01	6.706777490000000e-03
5.668993290001526e+01	6.746536590000000e-03
5.673542550019920e+01	6.766896230000000e-03
5.679736620001495e+01	6.837388030000000e-03
5.684364579990506e+01	6.870040670000000e-03
5.687454369990155e+01	6.900196900000000e-03
5.690542580001056e+01	6.936114280000000e-03
5.693630050029606e+01	6.962813440000000e-03
5.699841020023450e+01	7.044060620000000e-03
5.704622860020027e+01	7.106677160000000e-03
5.709036030014977e+01	7.182546890000000e-03
5.713790909992531e+01	7.226916500000000e-03
5.716845000023022e+01	7.275703830000000e-03
5.719895840017125e+01	7.340816780000000e-03
5.724479970009997e+01	7.428979500000000e-03
5.729094299999997e+01	7.501968180000000e-03
5.733745660027489e+01	7.538077890000000e-03
5.739940869994462e+01	7.637380620000000e-03
5.744679850013927e+01	7.681750230000000e-03
5.747755800001323e+01	7.722086270000000e-03
5.750855810008943e+01	7.767607920000000e-03
5.753960040025413e+01	7.826766930000000e-03
5.760032310010865e+01	7.886693810000000e-03
5.765018439991400e+01	7.940283980000001e-03
5.769448950001970e+01	7.976777850000000e-03
5.774147980008274e+01	7.994640620000000e-03
5.777272350015119e+01	8.007893340000001e-03
5.780459460010752e+01	8.022875529999999e-03
5.783629860030487e+01	8.032094690000000e-03
5.788303800020367e+01	8.046308530000001e-03
5.791405049990863e+01	8.058601060000000e-03
5.794500190019608e+01	8.080882019999999e-03
5.799159049987793e+01	8.107773029999999e-03
5.803753020009026e+01	8.128516380000001e-03
5.806851200014353e+01	8.156944070000000e-03
5.809875559993088e+01	8.201505059999999e-03
5.814763170015067e+01	8.255862629999999e-03
5.819274040032178e+01	8.313100790000000e-03
5.823852570028976e+01	8.365537040000001e-03
5.830058100027964e+01	8.409714330000000e-03
5.834740559989586e+01	8.437181820000000e-03
5.837851769989356e+01	8.458693510000000e-03
5.840982960024849e+01	8.490578270000000e-03
5.844165290007368e+01	8.796425540000000e-03
5.854925179993734e+01	8.739282379999999e-03
5.857948970003054e+01	8.746902460000001e-03
5.861062820022926e+01	8.771663529999999e-03
5.864218920003623e+01	8.805950170000000e-03
5.868852580012754e+01	8.826902140000000e-03
5.871994609991089e+01	8.849758649999999e-03
5.874995859991759e+01	8.885950780000000e-03
5.879583070008084e+01	8.916427380000000e-03
5.884165750024840e+01	8.944996630000000e-03
5.888850439991802e+01	8.971665050000001e-03
5.893536980031058e+01	8.983093310000001e-03
5.899833100009710e+01	9.017378090000000e-03
5.903012960031629e+01	9.021188130000000e-03
5.906224970007315e+01	9.040236470000001e-03
5.909261570032686e+01	9.063093919999999e-03
5.913971670018509e+01	9.089760480000000e-03
5.919977329997346e+01	9.124047119999999e-03
5.924637390021235e+01	9.146903640000001e-03
5.929356110002846e+01	9.164046500000000e-03
5.932399399997666e+01	9.177380240000000e-03
5.935498350020498e+01	9.205951360000001e-03
5.938651930028573e+01	9.221189660000000e-03
5.943175800004974e+01	9.249759840000000e-03
5.946364990016446e+01	9.261189959999999e-03
5.949601490003988e+01	9.280236440000001e-03
5.954161299997941e+01	9.314523080000000e-03
5.958744830032811e+01	9.327856819999999e-03
5.961857599997893e+01	9.344999680000000e-03
5.964972410025075e+01	9.360236120000000e-03
5.969977850001305e+01	9.386904539999999e-03
5.974164379993454e+01	9.417379270000000e-03
5.978953720023856e+01	9.442143140000000e-03
5.983680210029706e+01	9.453571399999999e-03
5.988403209997341e+01	9.468809700000001e-03
5.991492439992726e+01	9.474523370000000e-03
5.994612940028310e+01	9.484048000000000e-03
5.999148879991844e+01	9.501189920000000e-03
