# [General]
# timestamp=2025-04-09T15:25:49.920959
# comments='# '
# delimiter='\t'
# column_dtypes=float;;float
# column_headers='Time (s);;Power (W)'
# 
# [Metadata]
# scanner_x=-5.0978161682
# scanner_y=3.5706164072
# start recoding time='09.04.2025, 15:25:07.495295'
# sample rate (hz)=50.0
# sample timing='TIMESTAMP'
# 
# ---- END HEADER ----
3.085699863731861e-03	1.583943260000000e-03
3.698389977216721e-02	1.523631740000000e-03
6.891889963299036e-02	1.533619830000000e-03
9.981229994446039e-02	1.590665900000000e-03
1.309398999437690e-01	1.519598180000000e-03
1.613332000561059e-01	1.627160240000000e-03
2.077579996548593e-01	1.595852080000000e-03
2.388895000331104e-01	1.619477290000000e-03
2.699111998081207e-01	1.648672620000000e-03
3.156383000314236e-01	1.577797000000000e-03
3.625834998674691e-01	1.692657820000000e-03
3.933178000152111e-01	1.594123430000000e-03
4.244202999398112e-01	1.653282550000000e-03
4.698930997401476e-01	1.725886720000000e-03
5.195479998365045e-01	1.656547770000000e-03
5.650434996932745e-01	1.758347610000000e-03
6.135142999701202e-01	1.699572430000000e-03
6.750357998535037e-01	1.693618130000000e-03
7.049118997529149e-01	1.788887430000000e-03
7.363459998741746e-01	1.732609350000000e-03
7.663914998993278e-01	1.819043190000000e-03
8.126612999476492e-01	1.771600570000000e-03
8.749206000939012e-01	1.854000850000000e-03
9.214860000647604e-01	1.772945280000000e-03
9.686455996707082e-01	1.815201710000000e-03
9.999469998292625e-01	1.879546790000000e-03
1.030210999771953e+00	1.850351340000000e-03
1.077578299678862e+00	1.897601880000000e-03
1.124394599813968e+00	1.835753680000000e-03
1.170505299698561e+00	1.951959100000000e-03
1.217630299739540e+00	1.898562420000000e-03
1.264608799945563e+00	1.972895350000000e-03
1.296216299757361e+00	1.920074810000000e-03
1.325913900043815e+00	1.912775800000000e-03
1.372887799981982e+00	2.016688230000000e-03
1.419880500063300e+00	1.973855540000000e-03
1.466833999846131e+00	2.027444770000000e-03
1.513238399755210e+00	1.995752330000000e-03
1.575603500008583e+00	2.004587560000000e-03
1.606325199827552e+00	2.063554940000000e-03
1.637750299647450e+00	2.067395950000000e-03
1.668545299675316e+00	2.118488310000000e-03
1.719001799821854e+00	2.040890050000000e-03
1.762570200022310e+00	2.153253880000000e-03
1.809751399792731e+00	2.072006230000000e-03
1.871098499745131e+00	2.081801880000000e-03
1.902825799770653e+00	2.198775530000000e-03
1.934184100013226e+00	2.118488310000000e-03
1.967621000017971e+00	2.217983130000000e-03
2.011626899708062e+00	2.129436240000000e-03
2.073073499836028e+00	2.252940790000000e-03
2.118882599752396e+00	2.181680870000000e-03
2.165976199787110e+00	2.251980130000000e-03
2.196552099660039e+00	2.241800310000000e-03
2.227545799687505e+00	2.268114830000000e-03
2.275171800050884e+00	2.298846380000000e-03
2.321839299984276e+00	2.252940790000000e-03
2.368843199685216e+00	2.361847320000000e-03
2.415672800038010e+00	2.323048190000000e-03
2.462364299688488e+00	2.397957720000000e-03
2.494795099832118e+00	2.322088000000000e-03
2.525177499745041e+00	2.365112770000000e-03
2.576062500011176e+00	2.434259510000000e-03
2.618796499911696e+00	2.404296070000000e-03
2.665382300037891e+00	2.442711270000000e-03
2.727043999824673e+00	2.396804980000000e-03
2.758886199910194e+00	2.484775380000000e-03
2.789881699718535e+00	2.418125510000000e-03
2.819846000056714e+00	2.490153540000000e-03
2.866621199995279e+00	2.539901060000000e-03
2.912735799793154e+00	2.475555990000000e-03
2.958809900097549e+00	2.560260940000000e-03
2.988862799946219e+00	2.506864260000000e-03
3.019874099642038e+00	2.554690700000000e-03
3.066789399832487e+00	2.565639090000000e-03
3.098948899656534e+00	2.614618280000000e-03
3.130779199767858e+00	2.561413450000000e-03
3.162112900055945e+00	2.653033240000000e-03
3.209007000084966e+00	2.583886030000000e-03
3.239918999839574e+00	2.677618530000000e-03
3.272964099887758e+00	2.690487770000000e-03
3.316730499733239e+00	2.622877250000000e-03
3.365131299942732e+00	2.701052230000000e-03
3.395549600012600e+00	2.672625010000000e-03
3.426170599646866e+00	2.716417890000000e-03
3.473274199757725e+00	2.729671080000000e-03
3.518821899779141e+00	2.733320460000000e-03
3.568964099977165e+00	2.802659760000000e-03
3.614751799963415e+00	2.795744920000000e-03
3.662756999954581e+00	2.843187660000000e-03
3.694396399892867e+00	2.769046230000000e-03
3.724662699736655e+00	2.799970560000000e-03
3.770938799716532e+00	2.878529490000000e-03
3.817116399761289e+00	2.866236260000000e-03
3.866477000061423e+00	2.885635940000000e-03
3.926156200002879e+00	2.866428810000000e-03
3.975104199722409e+00	2.897928930000000e-03
4.003350399900228e+00	2.976295540000000e-03
4.036660599987954e+00	2.960929410000000e-03
4.067213099915534e+00	2.995695220000000e-03
4.115005800034851e+00	2.944026840000000e-03
4.162112100049853e+00	3.034878290000000e-03
4.208285199943930e+00	2.979368900000000e-03
4.239977799821645e+00	3.073869510000000e-03
4.271060599945486e+00	2.978216160000000e-03
4.301969700027257e+00	3.100184030000000e-03
4.334245999809355e+00	3.044674170000000e-03
4.364783199969679e+00	3.116318260000000e-03
4.411672499962151e+00	3.037567720000000e-03
4.474235299974680e+00	3.155117390000000e-03
4.520933399908245e+00	3.138406670000000e-03
4.568255099933594e+00	3.121312470000000e-03
4.599727499764413e+00	3.215813080000000e-03
4.630973299965262e+00	3.211779520000000e-03
4.662779399659485e+00	3.197566140000000e-03
4.724626899696887e+00	3.196989880000000e-03
4.770473700016737e+00	3.270746440000000e-03
4.817642800044268e+00	3.281118810000000e-03
4.864720199722797e+00	3.296868880000000e-03
4.895809799898416e+00	3.287841100000000e-03
4.926889199763536e+00	3.285920480000000e-03
4.972653300035745e+00	3.363134810000000e-03
5.018249199725688e+00	3.358909160000000e-03
5.067193700000644e+00	3.370049180000000e-03
5.114067499991506e+00	3.354683520000000e-03
5.162176100071520e+00	3.450336870000000e-03
5.192357299849391e+00	3.364479400000000e-03
5.222232299856842e+00	3.464166310000000e-03
5.268863899633288e+00	3.476650920000000e-03
5.316618599928916e+00	3.457827960000000e-03
5.364173899870366e+00	3.516602800000000e-03
5.411420399788767e+00	3.453601850000000e-03
5.474513399880379e+00	3.512569240000000e-03
5.504964099731296e+00	3.562316300000000e-03
5.537387599702924e+00	3.588054790000000e-03
5.566091799642891e+00	3.608030500000000e-03
5.612121299840510e+00	3.621475770000000e-03
5.674975200090557e+00	3.649134420000000e-03
5.721571899950504e+00	3.616481550000000e-03
5.767893999814987e+00	3.623204540000000e-03
5.798875699751079e+00	3.718089310000000e-03
5.829975999891758e+00	3.723275380000000e-03
5.876002799719572e+00	3.695232560000000e-03
5.922971199732274e+00	3.710790770000000e-03
5.970708899665624e+00	3.771102290000000e-03
6.017114199697971e+00	3.796840320000000e-03
6.063677199650556e+00	3.816239770000000e-03
6.094592599663883e+00	3.784162920000000e-03
6.126690799836069e+00	3.805867860000000e-03
6.173419499769807e+00	3.866755640000000e-03
6.219910099636763e+00	3.872901900000000e-03
6.265369100030512e+00	3.879048160000000e-03
6.311968300025910e+00	3.845819270000000e-03
6.358940599951893e+00	3.965674430000000e-03
6.391878399997950e+00	3.880392760000000e-03
6.422024100087583e+00	3.985265740000000e-03
6.469914899673313e+00	3.987954930000000e-03
6.515124199911952e+00	4.010235890000000e-03
6.561498099938035e+00	4.058446270000000e-03
6.607709100004286e+00	3.988338630000000e-03
6.638865599874407e+00	4.091867710000000e-03
6.669914499856532e+00	3.999095410000000e-03
6.700923899654299e+00	4.122983660000000e-03
6.731738899834454e+00	4.088986200000000e-03
6.763870900031179e+00	4.119142420000000e-03
6.810786599759012e+00	4.065360870000000e-03
6.874105500057340e+00	4.163895730000000e-03
6.918867699801922e+00	4.161398390000000e-03
6.965380199719220e+00	4.180797840000000e-03
6.996623700018972e+00	4.221902230000000e-03
7.027597799897194e+00	4.246295900000000e-03
7.077027499675751e+00	4.231506030000000e-03
7.122184599749744e+00	4.242838360000000e-03
7.168938599992543e+00	4.308144100000000e-03
7.214704599697143e+00	4.328311890000000e-03
7.262011299841106e+00	4.364806230000000e-03
7.293269099667668e+00	4.304302390000000e-03
7.323683700058609e+00	4.351744890000000e-03
7.369646799750626e+00	4.398803230000000e-03
7.416719499975443e+00	4.421276040000000e-03
7.462986099999398e+00	4.411480390000000e-03
7.509881499689072e+00	4.379787950000000e-03
7.557195599656552e+00	4.492920360000000e-03
7.588855199981481e+00	4.418971480000000e-03
7.619903999846429e+00	4.532679450000000e-03
7.666713899932802e+00	4.528838210000000e-03
7.713470099959522e+00	4.533448260000000e-03
7.761967899743468e+00	4.599137700000000e-03
7.809777999762446e+00	4.517698190000000e-03
7.869914900045842e+00	4.546700980000000e-03
7.900980599690229e+00	4.669821360000000e-03
7.932784500066191e+00	4.633711190000000e-03
7.963847399689257e+00	4.666939840000000e-03
8.011011399794370e+00	4.615848420000000e-03
8.073865499813110e+00	4.713230300000000e-03
8.121171100065112e+00	4.715343010000000e-03
8.168057299684733e+00	4.690565170000000e-03
8.199722799938172e+00	4.811957010000000e-03
8.230896600056440e+00	4.816758450000000e-03
8.261884499806911e+00	4.831740630000000e-03
8.324589199852198e+00	4.816950760000000e-03
8.370797999668866e+00	4.850755910000000e-03
8.417667800094932e+00	4.898967220000000e-03
8.462920200079679e+00	4.906842020000000e-03
8.494250699877739e+00	4.886866080000000e-03
8.525355099700391e+00	4.946409260000000e-03
8.578640599735081e+00	4.953516180000000e-03
8.618511899840087e+00	5.004032050000000e-03
8.665059499908239e+00	4.967537710000000e-03
8.710866899695247e+00	4.946409260000000e-03
8.759637499693781e+00	5.077404440000000e-03
8.789819399826229e+00	4.980599040000000e-03
8.821567100007087e+00	5.106407680000000e-03
8.868897499982268e+00	5.088929090000000e-03
8.915356299839914e+00	5.106215830000000e-03
8.962545800022781e+00	5.135795100000000e-03
9.010259399656206e+00	5.090657620000000e-03
9.070627099834383e+00	5.120429210000000e-03
9.102280799765140e+00	5.225686820000000e-03
9.133354299701750e+00	5.211856680000000e-03
9.164161799941212e+00	5.229335740000000e-03
9.210428999736905e+00	5.183238070000000e-03
9.273337899707258e+00	5.276778710000000e-03
9.320555199868977e+00	5.293873140000000e-03
9.366623099893332e+00	5.274857860000000e-03
9.397828899789602e+00	5.377425810000000e-03
9.429852100089192e+00	5.392791700000000e-03
9.476708899717778e+00	5.335937250000000e-03
9.521685699932277e+00	5.426213150000000e-03
9.567625799681991e+00	5.418530200000000e-03
9.615562200080603e+00	5.485755860000000e-03
9.661922399885952e+00	5.499969700000000e-03
9.692280699964613e+00	5.436008800000000e-03
9.723891099914908e+00	5.507268480000000e-03
9.770234100054950e+00	5.514567250000000e-03
9.818376499693841e+00	5.583906550000000e-03
9.863454000093043e+00	5.532430020000000e-03
9.924665399827063e+00	5.595431200000000e-03
9.970530800055712e+00	5.554710980000000e-03
1.000174300000072e+01	5.663425660000000e-03
1.003234929963946e+01	5.693005400000000e-03
1.006367750000209e+01	5.667651070000000e-03
1.011220570001751e+01	5.696078300000000e-03
1.015783389983699e+01	5.754468960000000e-03
1.018991529988125e+01	5.660928320000000e-03
1.021991400001571e+01	5.775597410000000e-03
1.026669899979606e+01	5.713556890000000e-03
1.029684219975024e+01	5.811515730000000e-03
1.032835129974410e+01	5.805753170000000e-03
1.037412799987942e+01	5.811515730000000e-03
1.042100889980793e+01	5.881046880000000e-03
1.046789299976081e+01	5.860878620000000e-03
1.051478919992223e+01	5.916196390000000e-03
1.056070449994877e+01	5.950577560000000e-03
1.059249249985442e+01	5.886040630000000e-03
1.062338849995285e+01	5.989376920000000e-03
1.066985059995204e+01	5.930217910000000e-03
1.071672890009359e+01	5.988416730000000e-03
1.076281969994307e+01	6.010505370000000e-03
1.080986170005053e+01	5.973242690000000e-03
1.087188920006156e+01	6.017612290000000e-03
1.090296059986576e+01	6.087335290000000e-03
1.093394939973950e+01	6.101356820000000e-03
1.098364059999585e+01	6.110768300000000e-03
1.101083049969748e+01	6.076770830000000e-03
1.107318069972098e+01	6.135737990000000e-03
1.111963349999860e+01	6.186829880000000e-03
1.116699629975483e+01	6.154753730000000e-03
1.119749529985711e+01	6.273071750000000e-03
1.122898199968040e+01	6.292279340000000e-03
1.127877460001037e+01	6.259626710000000e-03
1.132288779970258e+01	6.292279340000000e-03
1.136938440008089e+01	6.307645240000000e-03
1.141818289970979e+01	6.380250210000000e-03
1.146416319999844e+01	6.344523280000000e-03
1.149523149989545e+01	6.388701030000000e-03
1.152654179977253e+01	6.436335390000000e-03
1.157332509988919e+01	6.405603610000000e-03
1.162090659979731e+01	6.487620060000000e-03
1.166849349997938e+01	6.462073880000000e-03
1.171526050008833e+01	6.496839230000000e-03
1.176108569977805e+01	6.551004480000000e-03
1.179357649991289e+01	6.516430990000000e-03
1.182361339963973e+01	6.595565470000000e-03
1.187004099972546e+01	6.529684180000000e-03
1.191673619998619e+01	6.605361120000000e-03
1.196306949993595e+01	6.613236850000000e-03
1.200880640000105e+01	6.572901270000000e-03
1.203978879982606e+01	6.702359770000000e-03
1.207005660003051e+01	6.609587460000000e-03
1.210203700000420e+01	6.708313710000000e-03
1.213378649996594e+01	6.719261870000000e-03
1.216468250006437e+01	6.709658540000000e-03
1.221178920008242e+01	6.699094550000000e-03
1.227255679992959e+01	6.727521310000000e-03
1.232055749977008e+01	6.810497490000000e-03
1.236675309995189e+01	6.765936500000000e-03
1.239887559972703e+01	6.887327880000000e-03
1.242991429986432e+01	6.905574820000000e-03
1.246125459996983e+01	6.904038600000000e-03
1.250830399990082e+01	6.826631720000000e-03
1.253971899999306e+01	6.955898370000000e-03
1.257072689989582e+01	6.916715300000000e-03
1.261710589984432e+01	6.994697730000000e-03
1.266397950006649e+01	6.950520910000000e-03
1.269577339990065e+01	7.015825710000000e-03
1.272663979977369e+01	7.036377680000000e-03
1.277514139981940e+01	7.008911580000000e-03
1.281880459981039e+01	7.107637820000000e-03
1.286618189979345e+01	7.059235130000000e-03
1.291211170004681e+01	7.126653100000000e-03
1.297401369968429e+01	7.135296710000000e-03
1.300629809964448e+01	7.097265680000000e-03
1.303573710005730e+01	7.213087290000000e-03
1.306838759966195e+01	7.147973400000000e-03
1.311469030007720e+01	7.220001430000000e-03
1.316079059988260e+01	7.268596440000000e-03
1.320727039966732e+01	7.190806330000000e-03
1.323768249992281e+01	7.318535820000000e-03
1.326886119972914e+01	7.217120380000000e-03
1.329991089971736e+01	7.344274320000000e-03
1.333051540004089e+01	7.332557350000000e-03
1.336183349974453e+01	7.355798970000000e-03
1.340914959972724e+01	7.293374280000000e-03
1.344051439967006e+01	7.414189630000000e-03
1.347148519987240e+01	7.345042660000000e-03
1.351789469970390e+01	7.450876290000000e-03
1.356479729991406e+01	7.401512940000000e-03
1.360088359983638e+01	7.490251210000000e-03
1.362806880008429e+01	7.520791610000000e-03
1.367459789989516e+01	7.484296800000000e-03
1.372015929967165e+01	7.523672190000000e-03
1.376696769986302e+01	7.538845760000000e-03
1.381441849982366e+01	7.613179270000000e-03
1.385987529996783e+01	7.636612750000000e-03
1.389141799975187e+01	7.563048040000000e-03
1.392170609999448e+01	7.649673150000000e-03
1.396837210003287e+01	7.635267920000000e-03
1.401863159984350e+01	7.723046000000000e-03
1.406307369982824e+01	7.685400080000000e-03
1.410955579997972e+01	7.659085090000000e-03
1.415901129972190e+01	7.794114300000000e-03
1.418867870001122e+01	7.695579900000000e-03
1.421984399994835e+01	7.834257560000000e-03
1.426678569987416e+01	7.753394080000000e-03
1.431411929987371e+01	7.847319360000000e-03
1.436050189984962e+01	7.889190690000001e-03
1.440622529992834e+01	7.822156880000000e-03
1.443714389996603e+01	7.936825979999999e-03
1.446775799989700e+01	7.838291120000000e-03
1.449900180008262e+01	7.968710739999999e-03
1.453018900007010e+01	7.981963460000000e-03
1.456194179970771e+01	7.948542010000000e-03
1.460861849971116e+01	7.912816479999999e-03
1.463933259993792e+01	8.040354590000000e-03
1.466994399996474e+01	7.971015760000000e-03
1.471716269990429e+01	8.043427949999999e-03
1.476399759994820e+01	8.035936390000000e-03
1.479452899983153e+01	8.092598059999999e-03
1.482527969963849e+01	8.144459690000000e-03
1.487179439980537e+01	8.101434450000000e-03
1.491787909995764e+01	8.155214600000000e-03
1.496769999992102e+01	8.157135919999999e-03
1.501196119980887e+01	8.243953809999999e-03
1.507354829972610e+01	8.223594169999999e-03
1.510410190001130e+01	8.214374999999999e-03
1.513405329966918e+01	8.276606910000000e-03
1.516526409983635e+01	8.255862629999999e-03
1.521281759999692e+01	8.351132270000000e-03
1.527491790009663e+01	8.305994790000000e-03
1.532089229999110e+01	8.363424800000000e-03
1.536784649966285e+01	8.305225520000001e-03
1.539974740007892e+01	8.433916610000000e-03
1.543092509964481e+01	8.459462780000000e-03
1.546239400003105e+01	8.371491920000000e-03
1.552494469983503e+01	8.710710330000000e-03
1.564909019973129e+01	8.539282719999999e-03
1.567977479984984e+01	8.634520690000000e-03
1.571103650005534e+01	8.550710980000001e-03
1.575777999963611e+01	8.649758990000001e-03
1.578890480007976e+01	8.548805490000000e-03
1.581986199971288e+01	8.674520999999999e-03
1.586643250007182e+01	8.613566870000000e-03
1.591301849996671e+01	8.659282700000000e-03
1.594558569975197e+01	8.645948949999999e-03
1.597457719966769e+01	8.684043770000000e-03
1.602166189998388e+01	8.762140760000000e-03
1.606794969970360e+01	8.748807010000000e-03
1.611806839983910e+01	8.784997280000000e-03
1.616347249969840e+01	8.792617359999999e-03
1.621112529980019e+01	8.771663529999999e-03
1.624287159973755e+01	8.834520350000000e-03
1.627439949987456e+01	8.826902140000000e-03
1.631996569968760e+01	8.916427380000000e-03
1.636698669986799e+01	8.885950780000000e-03
1.641387340007350e+01	8.964044970000000e-03
1.645982129964978e+01	8.996427059999999e-03
1.650668219989166e+01	8.906901809999999e-03
1.654020339995623e+01	9.023093620000000e-03
1.656962849991396e+01	8.975473229999999e-03
1.661626849975437e+01	9.078332220000001e-03
1.666391379991546e+01	9.036426429999999e-03
1.670881159976125e+01	9.013569910000000e-03
1.673991659982130e+01	9.135475380000001e-03
1.677013959968463e+01	9.064998479999999e-03
1.681679919967428e+01	9.169760160000000e-03
1.684821589989588e+01	9.084044960000001e-03
1.687943589966744e+01	9.133569899999999e-03
1.691397510003299e+01	9.192618539999999e-03
1.695757470000535e+01	9.253569880000000e-03
1.698784639965743e+01	9.150713680000000e-03
1.701891179988161e+01	9.276428260000000e-03
1.706501609971747e+01	9.251665320000000e-03
1.711186509998515e+01	9.251665320000000e-03
1.714327539969236e+01	9.289762010000001e-03
1.717389580002055e+01	9.282141920000000e-03
1.721979400003329e+01	9.381189940000000e-03
1.726499369973317e+01	9.316428559999999e-03
1.731158289965242e+01	9.344999680000000e-03
1.735793429985642e+01	9.457379580000000e-03
1.738986729970202e+01	9.367856200000000e-03
1.742101289983839e+01	9.457379580000000e-03
1.745095769967884e+01	9.405951020000001e-03
1.748193439980969e+01	9.432617569999999e-03
1.751352019980550e+01	9.520238270000000e-03
1.755954489996657e+01	9.554523040000000e-03
1.760998549964279e+01	9.476427920000001e-03
1.766960719972849e+01	9.550714869999999e-03
1.771667859982699e+01	9.632619100000000e-03
1.774761479999870e+01	9.546904820000000e-03
1.777873189980164e+01	9.565953170000000e-03
1.782434049993753e+01	9.687857700000000e-03
1.787083039991558e+01	9.655476550000000e-03
1.791676729964092e+01	9.705001490000000e-03
1.796340449992567e+01	9.705001490000000e-03
1.800984469987452e+01	9.697381410000001e-03
1.804270489979535e+01	9.754524570000001e-03
1.807256009988487e+01	9.735476230000000e-03
1.812214150000364e+01	9.809762240000000e-03
1.816626949980855e+01	9.809762240000000e-03
1.821273359982297e+01	9.891667400000000e-03
1.827530970005319e+01	9.857382630000000e-03
1.832206619996578e+01	9.905001150000000e-03
1.835253679985180e+01	9.901191110000001e-03
1.838162990007550e+01	9.895477440000000e-03
1.841341409971938e+01	9.996429090000000e-03
1.846026160009205e+01	1.000214370000000e-02
1.850767139997333e+01	9.925954040000001e-03
1.853952919971198e+01	1.005357220000000e-02
1.856939650001004e+01	1.000404920000000e-02
1.861592529993504e+01	1.008595430000000e-02
1.864694859972224e+01	1.000023910000000e-02
1.867887599999085e+01	1.004976410000000e-02
1.870985759980977e+01	1.003452580000000e-02
1.875701439986005e+01	1.015643030000000e-02
1.878755280002952e+01	1.006500240000000e-02
1.881862329971045e+01	1.019833520000000e-02
1.886434979969636e+01	1.015833580000000e-02
1.890992449969053e+01	1.014500200000000e-02
1.894112289976329e+01	1.024024000000000e-02
1.897206369973719e+01	1.020024060000000e-02
1.901888970006257e+01	1.029928870000000e-02
1.906579530006275e+01	1.026881210000000e-02
1.911190119991079e+01	1.031262240000000e-02
1.915770079987124e+01	1.037547830000000e-02
1.918734749965370e+01	1.027071660000000e-02
1.921781069971621e+01	1.039262210000000e-02
1.924932899978012e+01	1.031452510000000e-02
1.927990689966828e+01	1.035643000000000e-02
1.931096189981326e+01	1.035452730000000e-02
1.935777039965615e+01	1.046881170000000e-02
1.938987509999424e+01	1.038119380000000e-02
1.942099720006809e+01	1.050119380000000e-02
1.946785879973322e+01	1.046690720000000e-02
1.951421329984441e+01	1.051643210000000e-02
1.954465059982613e+01	1.047833730000000e-02
1.957767089968547e+01	1.049928830000000e-02
1.962284389976412e+01	1.060405190000000e-02
1.966791020007804e+01	1.056024150000000e-02
1.971546289976686e+01	1.064214670000000e-02
1.976205400004983e+01	1.060786010000000e-02
1.980838529998437e+01	1.058881360000000e-02
1.983991219988093e+01	1.069357530000000e-02
1.987061710003763e+01	1.064976490000000e-02
1.991747179999948e+01	1.071643180000000e-02
1.996476149978116e+01	1.070500350000000e-02
2.001118859974667e+01	1.071833630000000e-02
2.007223549997434e+01	1.075833660000000e-02
2.011986029986292e+01	1.084405090000000e-02
2.014960590004921e+01	1.076595670000000e-02
2.018112930003554e+01	1.080786160000000e-02
2.021196589991450e+01	1.089928950000000e-02
2.027326869964600e+01	1.083071810000000e-02
2.032001019967720e+01	1.091262330000000e-02
2.036707919975743e+01	1.090690960000000e-02
2.041339389979839e+01	1.097167100000000e-02
2.044543879991397e+01	1.091452780000000e-02
2.047646569972858e+01	1.094881450000000e-02
2.051346169970930e+01	1.103833780000000e-02
2.057108759973198e+01	1.101548130000000e-02
2.061791469994932e+01	1.110309920000000e-02
2.066384389996529e+01	1.105738620000000e-02
2.071048850007355e+01	1.104405240000000e-02
2.074129159981385e+01	1.112405300000000e-02
2.077220939984545e+01	1.106309890000000e-02
2.081771359965205e+01	1.119643450000000e-02
2.086483119986951e+01	1.116405240000000e-02
2.091126960003749e+01	1.116214790000000e-02
2.095837310003117e+01	1.125548030000000e-02
2.098991549992934e+01	1.117738620000000e-02
2.101998770004138e+01	1.128405240000000e-02
2.105107539985329e+01	1.121548100000000e-02
2.108278439985588e+01	1.125167220000000e-02
2.111441959999502e+01	1.130310070000000e-02
2.115989679982886e+01	1.135072110000000e-02
2.120580839971080e+01	1.128024420000000e-02
2.123733610007912e+01	1.140024420000000e-02
2.126779159996659e+01	1.132405460000000e-02
2.131388109968975e+01	1.140024420000000e-02
2.134467849973589e+01	1.135833930000000e-02
2.137503519980237e+01	1.137929220000000e-02
2.142201349977404e+01	1.148405390000000e-02
2.146891449997202e+01	1.144595910000000e-02
2.151492049964145e+01	1.152024420000000e-02
2.156213699979708e+01	1.148595940000000e-02
2.161143299983814e+01	1.149929220000000e-02
2.164180109975860e+01	1.154691070000000e-02
2.167213029973209e+01	1.152976880000000e-02
2.171893589990214e+01	1.158881560000000e-02
2.176519249984995e+01	1.155453080000000e-02
2.181168389972299e+01	1.159643570000000e-02
2.187368980003521e+01	1.162881500000000e-02
2.191993509978056e+01	1.171262560000000e-02
2.195092259999365e+01	1.164595880000000e-02
2.198200599988922e+01	1.166310160000000e-02
2.201382059976459e+01	1.178119700000000e-02
2.206220109993592e+01	1.173167400000000e-02
2.212262209970504e+01	1.178310160000000e-02
2.216933179972693e+01	1.177357880000000e-02
2.221528089977801e+01	1.184976850000000e-02
2.224695339985192e+01	1.176405510000000e-02
2.227791719976813e+01	1.178500710000000e-02
2.232493499992415e+01	1.187262680000000e-02
2.237201990000904e+01	1.187834050000000e-02
2.241787789994851e+01	1.196024660000000e-02
2.246559239970520e+01	1.191072170000000e-02
2.251296429987997e+01	1.196977030000000e-02
2.254316179966554e+01	1.194119830000000e-02
2.257788460003212e+01	1.194119830000000e-02
2.262382879992947e+01	1.205929280000000e-02
2.266866249963641e+01	1.200214960000000e-02
2.271653690002859e+01	1.207262650000000e-02
2.276244209986180e+01	1.202119790000000e-02
2.282416709978133e+01	1.205738820000000e-02
2.285543109988794e+01	1.215072350000000e-02
2.288646949967369e+01	1.205929280000000e-02
2.291845409991220e+01	1.215834170000000e-02
2.296613259986043e+01	1.213548520000000e-02
2.301339760003611e+01	1.224596150000000e-02
2.306050639972091e+01	1.222500760000000e-02
2.310784409986809e+01	1.216977000000000e-02
2.313952700002119e+01	1.227072250000000e-02
2.316857460001484e+01	1.222881770000000e-02
2.321565329981968e+01	1.232977120000000e-02
2.326197770005092e+01	1.228024620000000e-02
2.330893659964204e+01	1.225738970000000e-02
2.333922760002315e+01	1.236977150000000e-02
2.337013619998470e+01	1.232405660000000e-02
2.341548279998824e+01	1.240786630000000e-02
2.344611699972302e+01	1.232786660000000e-02
2.347712779976428e+01	1.235834320000000e-02
2.352322559989989e+01	1.245929390000000e-02
2.356958139967173e+01	1.241738910000000e-02
2.361581530002877e+01	1.251453250000000e-02
2.366276019997895e+01	1.246119940000000e-02
2.370986089995131e+01	1.245548580000000e-02
2.374077579984441e+01	1.251834260000000e-02
2.377236659964547e+01	1.248596240000000e-02
2.381906599970534e+01	1.260596230000000e-02
2.386452879989520e+01	1.251643800000000e-02
2.391086310008541e+01	1.255453470000000e-02
2.395721339993179e+01	1.265167720000000e-02
2.398942189989612e+01	1.257167570000000e-02
2.401926739979535e+01	1.266310550000000e-02
2.405072749964893e+01	1.262691430000000e-02
2.408279319992289e+01	1.262120060000000e-02
2.411279310006648e+01	1.270120130000000e-02
2.415967609966174e+01	1.273739060000000e-02
2.422857319982722e+01	1.277929540000000e-02
2.426672150008380e+01	1.271262950000000e-02
2.431398289976642e+01	1.278120090000000e-02
2.434529979992658e+01	1.272596230000000e-02
2.437637740001082e+01	1.273167790000000e-02
2.442281899973750e+01	1.286120060000000e-02
2.446983829978853e+01	1.279262920000000e-02
2.451615179982036e+01	1.290501100000000e-02
2.456373769976199e+01	1.284596230000000e-02
2.461185609968379e+01	1.293548760000000e-02
2.464180169999599e+01	1.290691550000000e-02
2.467279309965670e+01	1.287453340000000e-02
2.471889659995213e+01	1.297167690000000e-02
2.476602889969945e+01	1.293167750000000e-02
2.481256939982995e+01	1.303072550000000e-02
2.487497369991615e+01	1.295453590000000e-02
2.492137039965019e+01	1.302501190000000e-02
2.495282839983702e+01	1.305548660000000e-02
2.498366579972208e+01	1.300786900000000e-02
2.501461519999430e+01	1.312786900000000e-02
2.506162329996005e+01	1.305548660000000e-02
2.510842159995809e+01	1.305358200000000e-02
2.513988659996539e+01	1.314501180000000e-02
2.517098399996758e+01	1.309929690000000e-02
2.521784739987925e+01	1.319644040000000e-02
2.524889229983091e+01	1.310882070000000e-02
2.527989869983867e+01	1.312405900000000e-02
2.531073589995503e+01	1.317548840000000e-02
2.535700060008094e+01	1.325929820000000e-02
2.538668579980731e+01	1.315834560000000e-02
2.541795150004327e+01	1.330120300000000e-02
2.546412539994344e+01	1.321929690000000e-02
2.551063050003722e+01	1.324977350000000e-02
2.554238040000200e+01	1.326882190000000e-02
2.557179529964924e+01	1.325548810000000e-02
2.561912119993940e+01	1.336786990000000e-02
2.566552660008892e+01	1.331644040000000e-02
2.571177789987996e+01	1.338882190000000e-02
2.575868619978428e+01	1.341168020000000e-02
2.579068579990417e+01	1.336024980000000e-02
2.582087759999558e+01	1.340025010000000e-02
2.585176549991593e+01	1.341358290000000e-02
2.588324009999633e+01	1.336215530000000e-02
2.591403619991615e+01	1.347072610000000e-02
2.595994509989396e+01	1.347644160000000e-02
2.600605760002509e+01	1.341358290000000e-02
2.603747119987383e+01	1.353358480000000e-02
2.606872290000319e+01	1.346882150000000e-02
2.611515369964764e+01	1.355072860000000e-02
2.614984950004146e+01	1.348977440000000e-02
2.617776199989021e+01	1.348977440000000e-02
2.622448530001566e+01	1.361167990000000e-02
2.626940470002592e+01	1.354691850000000e-02
2.631669129990041e+01	1.365167930000000e-02
2.636356299975887e+01	1.358691790000000e-02
2.640934900008142e+01	1.359263340000000e-02
2.643999429978430e+01	1.367072760000000e-02
2.647103939997032e+01	1.361358450000000e-02
2.651677579991519e+01	1.372596620000000e-02
2.656438019964844e+01	1.366310750000000e-02
2.661289859982207e+01	1.377358470000000e-02
2.667423179978505e+01	1.370310970000000e-02
2.672029029997066e+01	1.376025100000000e-02
2.675202869996428e+01	1.377358470000000e-02
2.678311780001968e+01	1.372215620000000e-02
2.681482529966161e+01	1.385168080000000e-02
2.686065769987181e+01	1.382310970000000e-02
2.692255149967968e+01	1.387644280000000e-02
2.696846059989184e+01	1.381358600000000e-02
2.701587609993294e+01	1.392215770000000e-02
2.704768859967589e+01	1.383453790000000e-02
2.707831109967083e+01	1.384977620000000e-02
2.711000089999288e+01	1.388025280000000e-02
2.715666829980910e+01	1.397168080000000e-02
2.718758510006592e+01	1.388025280000000e-02
2.721774439979345e+01	1.400787100000000e-02
2.726486789993942e+01	1.392977590000000e-02
2.731187879992649e+01	1.399263460000000e-02
2.734166029980406e+01	1.397930090000000e-02
2.737218389986083e+01	1.395072970000000e-02
2.741886830003932e+01	1.407453880000000e-02
2.746498879976571e+01	1.399072910000000e-02
2.751117519987747e+01	1.404977590000000e-02
2.755888469982892e+01	1.410691910000000e-02
2.759092349978164e+01	1.407263430000000e-02
2.762463939981535e+01	1.403834760000000e-02
2.765179360006005e+01	1.411834920000000e-02
2.768332340009511e+01	1.406501420000000e-02
2.771430590003729e+01	1.416787230000000e-02
2.776111669978127e+01	1.413739570000000e-02
2.780890809977427e+01	1.412406280000000e-02
2.784001729963347e+01	1.419453880000000e-02
2.787042839964852e+01	1.413549110000000e-02
2.791784369992092e+01	1.424787190000000e-02
2.794887840002775e+01	1.418501600000000e-02
2.797991279978305e+01	1.417739600000000e-02
2.801091740000993e+01	1.422882550000000e-02
2.807177289994434e+01	1.423263360000000e-02
2.811818709969521e+01	1.431453880000000e-02
2.816647400008515e+01	1.425549200000000e-02
2.821297319978476e+01	1.435263550000000e-02
2.824399309977889e+01	1.427072850000000e-02
2.827430900000036e+01	1.428025400000000e-02
2.832091269968078e+01	1.438311020000000e-02
2.836793719977140e+01	1.431263420000000e-02
2.841472359979525e+01	1.444406340000000e-02
2.846135840006173e+01	1.438501570000000e-02
2.850787530001253e+01	1.436596920000000e-02
2.853883469989523e+01	1.445739720000000e-02
2.856969580007717e+01	1.438501570000000e-02
2.861666100006551e+01	1.450882570000000e-02
2.866297669988126e+01	1.442501510000000e-02
2.870856479974464e+01	1.444787350000000e-02
2.873988529993221e+01	1.450501660000000e-02
2.877043139981106e+01	1.446311180000000e-02
2.881772529985756e+01	1.455454060000000e-02
2.884883129969239e+01	1.449739650000000e-02
2.887991099990904e+01	1.448215820000000e-02
2.890990020008758e+01	1.452977860000000e-02
2.895613459963351e+01	1.461549380000000e-02
2.898711179988459e+01	1.452215850000000e-02
2.901768049970269e+01	1.464025490000000e-02
2.906430460000411e+01	1.456596890000000e-02
2.911183349974453e+01	1.464025490000000e-02
2.914313879981637e+01	1.458120720000000e-02
2.917518540006131e+01	1.458311170000000e-02
2.922214019997045e+01	1.471454000000000e-02
2.926774979988113e+01	1.463454030000000e-02
2.931446739984676e+01	1.473168380000000e-02
2.936108310008422e+01	1.468406520000000e-02
2.942373770009726e+01	1.466120690000000e-02
2.945426709996536e+01	1.478311140000000e-02
2.948510619997978e+01	1.468025520000000e-02
2.951617609988898e+01	1.480406520000000e-02
2.956273479992524e+01	1.472216010000000e-02
2.960971009964123e+01	1.475644480000000e-02
2.967076319968328e+01	1.475835030000000e-02
2.971784990001470e+01	1.484978010000000e-02
2.974891379987821e+01	1.479834970000000e-02
2.978117219964042e+01	1.479073150000000e-02
2.981213259976357e+01	1.490882600000000e-02
2.987393349967897e+01	1.481549350000000e-02
2.991991519974545e+01	1.492977980000000e-02
2.996746489964426e+01	1.484787460000000e-02
3.001346640009433e+01	1.496597010000000e-02
3.004473700001836e+01	1.485739830000000e-02
3.007513140002266e+01	1.488215940000000e-02
3.012070159986615e+01	1.498501840000000e-02
3.016757589997724e+01	1.491073150000000e-02
3.021316479984671e+01	1.502692330000000e-02
3.027473649987951e+01	1.493930350000000e-02
3.032143049966544e+01	1.498120840000000e-02
3.035218459973112e+01	1.503835150000000e-02
3.038362299976870e+01	1.496025640000000e-02
3.041409339988604e+01	1.508977920000000e-02
3.046095429966226e+01	1.503073330000000e-02
3.050664789974689e+01	1.500216130000000e-02
3.053839979972690e+01	1.509740020000000e-02
3.056886939983815e+01	1.502882780000000e-02
3.061891719978303e+01	1.510882660000000e-02
3.064776599965990e+01	1.506311260000000e-02
3.067951849987730e+01	1.505739990000000e-02
3.070963379973546e+01	1.509359010000000e-02
3.075618989998475e+01	1.518121080000000e-02
3.078755720006302e+01	1.509549380000000e-02
3.081910749990493e+01	1.521168370000000e-02
3.086892329994589e+01	1.511835030000000e-02
3.091514889989048e+01	1.523263660000000e-02
3.094679749989882e+01	1.513740050000000e-02
3.097768640005961e+01	1.513930410000000e-02
3.101054470008239e+01	1.521168370000000e-02
3.107100909994915e+01	1.517930350000000e-02
3.111810029996559e+01	1.529358980000000e-02
3.116481320001185e+01	1.520406730000000e-02
3.121146659972146e+01	1.528215970000000e-02
3.124240650003776e+01	1.522692390000000e-02
3.127285409998149e+01	1.522121020000000e-02
3.132001610007137e+01	1.534692380000000e-02
3.136692259972915e+01	1.525168680000000e-02
3.141224309988320e+01	1.538121050000000e-02
3.147672479972243e+01	1.528025700000000e-02
3.152006160002202e+01	1.532787640000000e-02
3.155112849967554e+01	1.537359040000000e-02
3.158080230001360e+01	1.530882720000000e-02
3.161475079972297e+01	1.543073360000000e-02
3.166094979969785e+01	1.536216400000000e-02
3.170708479965106e+01	1.534692380000000e-02
3.173797979997471e+01	1.542882990000000e-02
3.176913949986920e+01	1.535644660000000e-02
3.181542949983850e+01	1.547454300000000e-02
3.184687929973006e+01	1.538883060000000e-02
3.187787249963731e+01	1.538502050000000e-02
3.190915509965271e+01	1.543263630000000e-02
3.195574079966173e+01	1.551263970000000e-02
3.198582549998537e+01	1.541168710000000e-02
3.201684699999169e+01	1.552977970000000e-02
3.206224539969116e+01	1.542882990000000e-02
3.211171020008624e+01	1.553930620000000e-02
3.214144709985703e+01	1.547644660000000e-02
3.217108020000160e+01	1.545359010000000e-02
3.221684989985079e+01	1.556216370000000e-02
3.226302969967946e+01	1.549549680000000e-02
3.231203099992126e+01	1.560597310000000e-02
3.237203439977020e+01	1.551454330000000e-02
3.241992660006508e+01	1.556787640000000e-02
3.245135380001739e+01	1.561358940000000e-02
3.248257859982550e+01	1.553930620000000e-02
3.251308889966458e+01	1.566120980000000e-02
3.257582879997790e+01	1.556216370000000e-02
3.262048480007797e+01	1.568787540000000e-02
3.266736140009016e+01	1.558883020000000e-02
3.271453099977225e+01	1.569549550000000e-02
3.274565789988264e+01	1.560597310000000e-02
3.277726570004597e+01	1.560216300000000e-02
3.280946139991283e+01	1.567073350000000e-02
3.286999409971759e+01	1.562882960000000e-02
3.291677200002596e+01	1.575263960000000e-02
3.296374029992148e+01	1.565930620000000e-02
3.300892059970647e+01	1.570692290000000e-02
3.303991709975526e+01	1.571644660000000e-02
3.307097749970853e+01	1.567263900000000e-02
3.311805239971727e+01	1.579454350000000e-02
3.316542569966987e+01	1.571263930000000e-02
3.321253289980814e+01	1.581740010000000e-02
3.327494499972090e+01	1.572597210000000e-02
3.332143000001088e+01	1.575645060000000e-02
3.335258799977601e+01	1.583454200000000e-02
3.338227330008522e+01	1.573739950000000e-02
3.341291489964351e+01	1.585549670000000e-02
3.345992439985275e+01	1.580978370000000e-02
3.350649809977040e+01	1.577168700000000e-02
3.353799169976264e+01	1.584978220000000e-02
3.356858009984717e+01	1.578882900000000e-02
3.361739799985662e+01	1.588216240000000e-02
3.364982729963958e+01	1.586311680000000e-02
3.367985319998115e+01	1.579454350000000e-02
3.371089740004390e+01	1.588787510000000e-02
3.375734389992431e+01	1.590882990000000e-02
3.378994579985738e+01	1.590311530000000e-02
3.382068319991231e+01	1.594311560000000e-02
3.386768439970911e+01	1.584216210000000e-02
3.391360169975087e+01	1.596978310000000e-02
3.394752530008554e+01	1.588406600000000e-02
3.397684099990875e+01	1.587073320000000e-02
3.400986929982901e+01	1.593168640000000e-02
3.406962889991701e+01	1.588597330000000e-02
3.411662899982184e+01	1.600787600000000e-02
3.416339439991862e+01	1.590692620000000e-02
3.421009889990091e+01	1.598501950000000e-02
3.424171399977058e+01	1.593740280000000e-02
3.427278079977259e+01	1.592406630000000e-02
3.431789219984785e+01	1.605359280000000e-02
3.436398539971560e+01	1.594121010000000e-02
3.441106229973957e+01	1.603644900000000e-02
3.447395160002634e+01	1.596216300000000e-02
3.451990599976853e+01	1.600597240000000e-02
3.455189129989594e+01	1.607263830000000e-02
3.458333930000663e+01	1.598692690000000e-02
3.462069789972156e+01	1.609168570000000e-02
3.466192749980837e+01	1.599454320000000e-02
3.471038259984925e+01	1.608787850000000e-02
3.477076549967751e+01	1.601359250000000e-02
3.481713139964268e+01	1.611073500000000e-02
3.484753359993920e+01	1.605930550000000e-02
3.487891319999471e+01	1.603263990000000e-02
3.490989329991862e+01	1.610882950000000e-02
3.497243009973317e+01	1.604978180000000e-02
3.501852709986269e+01	1.612978240000000e-02
3.506584909977391e+01	1.606501830000000e-02
3.511165089998394e+01	1.617169010000000e-02
3.514369079982862e+01	1.607454570000000e-02
3.517455939995125e+01	1.608216200000000e-02
3.521989930002019e+01	1.619454660000000e-02
3.526679129991680e+01	1.608978210000000e-02
3.531457559997216e+01	1.622692500000000e-02
3.536067999992520e+01	1.613549520000000e-02
3.540626309998333e+01	1.612978240000000e-02
3.543751069996506e+01	1.619835570000000e-02
3.546866820007563e+01	1.613359340000000e-02
3.551504669990391e+01	1.622121220000000e-02
3.556164960004389e+01	1.615073530000000e-02
3.560949740000069e+01	1.621359210000000e-02
3.567078199982643e+01	1.616025900000000e-02
3.571678229980171e+01	1.625549980000000e-02
3.574878109991550e+01	1.622502320000000e-02
3.577911109989509e+01	1.617930640000000e-02
3.580952879972756e+01	1.624787970000000e-02
3.587215439975262e+01	1.618692650000000e-02
3.591774629987776e+01	1.631073470000000e-02
3.596435699984431e+01	1.620216300000000e-02
3.601148179965094e+01	1.630311460000000e-02
3.604264519969001e+01	1.621168850000000e-02
3.607257999991998e+01	1.621930490000000e-02
3.611808879999444e+01	1.634502220000000e-02
3.616610289970413e+01	1.622502320000000e-02
3.621300240000710e+01	1.633549850000000e-02
3.625985769974068e+01	1.627644900000000e-02
3.630651569971815e+01	1.626121250000000e-02
3.634019210003316e+01	1.628025810000000e-02
3.636909209983423e+01	1.626883260000000e-02
3.641612359974533e+01	1.636216600000000e-02
3.646309269964695e+01	1.628025810000000e-02
3.650976599985734e+01	1.634692590000000e-02
3.657222560001537e+01	1.628597270000000e-02
3.661926799966022e+01	1.632216570000000e-02
3.664981779968366e+01	1.636597510000000e-02
3.668170759966597e+01	1.630311460000000e-02
3.671248369989917e+01	1.641359180000000e-02
3.675982939964160e+01	1.633549850000000e-02
3.680750159965828e+01	1.634121310000000e-02
3.683808769984171e+01	1.637359150000000e-02
3.686882459977642e+01	1.631644930000000e-02
3.691476149996743e+01	1.642883200000000e-02
3.694539259979501e+01	1.633930580000000e-02
3.697618559980765e+01	1.632025840000000e-02
3.702199460007250e+01	1.639454630000000e-02
3.706825069990009e+01	1.633930580000000e-02
3.711654869979247e+01	1.645168850000000e-02
3.716290269978344e+01	1.634311490000000e-02
3.721029979968444e+01	1.643454470000000e-02
3.724088819976896e+01	1.636978240000000e-02
3.727198759978637e+01	1.636025870000000e-02
3.731882670009509e+01	1.647264140000000e-02
3.736554649984464e+01	1.636787880000000e-02
3.741177950007841e+01	1.646692490000000e-02
3.747316169971600e+01	1.639073530000000e-02
3.751988360006362e+01	1.639835540000000e-02
3.755155699979514e+01	1.648597610000000e-02
3.758273469982669e+01	1.638502260000000e-02
3.761438769986853e+01	1.648025770000000e-02
3.766032969998196e+01	1.641549920000000e-02
3.770943279983476e+01	1.646692490000000e-02
3.777173159969971e+01	1.639644800000000e-02
3.781580909993500e+01	1.649740150000000e-02
3.784742129966617e+01	1.644597580000000e-02
3.787863409984857e+01	1.640406810000000e-02
3.790892239985988e+01	1.648406870000000e-02
3.795704329991713e+01	1.649168880000000e-02
3.798733509983867e+01	1.644978110000000e-02
3.801786769973114e+01	1.650883260000000e-02
3.806382939964533e+01	1.642121190000000e-02
3.811126470007002e+01	1.652597450000000e-02
3.814186139963567e+01	1.642502290000000e-02
3.817331109987572e+01	1.643264290000000e-02
3.821890009986237e+01	1.653549820000000e-02
3.826529929973185e+01	1.643835570000000e-02
3.831197059992701e+01	1.655264200000000e-02
3.835883919987828e+01	1.648216510000000e-02
3.838988879974931e+01	1.652978550000000e-02
3.842097209999338e+01	1.645549950000000e-02
3.845158639969304e+01	1.655645300000000e-02
3.848274069977924e+01	1.645168850000000e-02
3.851293479977176e+01	1.655454560000000e-02
3.855995799973607e+01	1.647264140000000e-02
3.861065619997680e+01	1.655835470000000e-02
3.867005359986797e+01	1.646121220000000e-02
3.871621139999479e+01	1.655645300000000e-02
3.874686589976773e+01	1.649549790000000e-02
3.877891799993813e+01	1.646883230000000e-02
3.881061040004715e+01	1.656597480000000e-02
3.887275999970734e+01	1.647645240000000e-02
3.891891160001978e+01	1.657359490000000e-02
3.896495969966054e+01	1.647645240000000e-02
3.901075589982793e+01	1.657930950000000e-02
3.904271569987759e+01	1.647645240000000e-02
3.907370599964634e+01	1.648406870000000e-02
3.912098830007017e+01	1.659073490000000e-02
3.916775419982150e+01	1.648216510000000e-02
3.921449849987403e+01	1.658121120000000e-02
3.926120670000091e+01	1.648978520000000e-02
3.930835870001465e+01	1.654883290000000e-02
3.933901180000976e+01	1.651645270000000e-02
3.937000129977241e+01	1.649740150000000e-02
3.941679949965328e+01	1.654692550000000e-02
3.946204710006714e+01	1.648787780000000e-02
3.950800619972870e+01	1.654883290000000e-02
3.953979639988393e+01	1.651454530000000e-02
3.957072159973904e+01	1.649740150000000e-02
3.961810689978302e+01	1.654121280000000e-02
3.964973319973797e+01	1.658311860000000e-02
3.968088839994743e+01	1.649359240000000e-02
3.971192919975147e+01	1.660978610000000e-02
3.975889390008524e+01	1.653930920000000e-02
3.978979850001633e+01	1.658502220000000e-02
3.982092069974169e+01	1.658311860000000e-02
3.986872249981388e+01	1.651264170000000e-02
3.991500609973446e+01	1.660406780000000e-02
3.994636019971222e+01	1.654692550000000e-02
3.997904919972643e+01	1.650692520000000e-02
4.000882729981095e+01	1.657549850000000e-02
4.003986309980974e+01	1.652406900000000e-02
4.007103849994019e+01	1.649740150000000e-02
4.011780630005524e+01	1.660978610000000e-02
4.016522839991376e+01	1.650311800000000e-02
4.021181519981474e+01	1.660216600000000e-02
4.027337329974398e+01	1.651073620000000e-02
4.031983279995620e+01	1.658692960000000e-02
4.036616860004142e+01	1.650311800000000e-02
4.041275419993326e+01	1.657930950000000e-02
4.047469629999250e+01	1.650121250000000e-02
4.052062319964170e+01	1.650502160000000e-02
4.055188039969653e+01	1.661930790000000e-02
4.058313980000094e+01	1.650311800000000e-02
4.061358799971640e+01	1.658311860000000e-02
4.067463780008256e+01	1.649740150000000e-02
4.072059640008956e+01	1.660597510000000e-02
4.076768549997360e+01	1.648787780000000e-02
4.081316050002351e+01	1.657168940000000e-02
4.084382609976456e+01	1.649740150000000e-02
4.087503079976887e+01	1.650311800000000e-02
4.092037269985303e+01	1.660406780000000e-02
4.096645679976791e+01	1.649359240000000e-02
4.101281919982284e+01	1.657168940000000e-02
4.107408009981737e+01	1.649740150000000e-02
4.120666350005195e+01	1.652978550000000e-02
4.124822639999911e+01	1.655835470000000e-02
4.127756020007655e+01	1.650883260000000e-02
4.132412329968065e+01	1.658502220000000e-02
4.136957079963759e+01	1.648216510000000e-02
4.141686129989102e+01	1.654883290000000e-02
4.144808069989085e+01	1.654692550000000e-02
4.147985159978271e+01	1.648597610000000e-02
4.150996130006388e+01	1.657168940000000e-02
4.155713430000469e+01	1.652216540000000e-02
4.158846679981798e+01	1.655264200000000e-02
4.161923089995980e+01	1.654121280000000e-02
4.166570460004732e+01	1.646883230000000e-02
4.171267889998853e+01	1.657359490000000e-02
4.174345869990066e+01	1.646311950000000e-02
4.177416889974847e+01	1.649549790000000e-02
4.182079780008644e+01	1.652787810000000e-02
4.186942789983004e+01	1.645740120000000e-02
4.191595589974895e+01	1.655645300000000e-02
4.196402489999309e+01	1.646692490000000e-02
4.201035409979522e+01	1.656216570000000e-02
4.204143389966339e+01	1.644216480000000e-02
4.207194889988750e+01	1.645168850000000e-02
4.211787089984864e+01	1.655645300000000e-02
4.216506880009547e+01	1.644787940000000e-02
4.221062579983845e+01	1.654883290000000e-02
4.227103579975665e+01	1.644025930000000e-02
4.231736860005185e+01	1.647835600000000e-02
4.234887539967895e+01	1.651645270000000e-02
4.238144949963316e+01	1.644597580000000e-02
