# [General]
# timestamp=2025-04-09T12:32:03.445944
# comments='# '
# delimiter='\t'
# column_dtypes=float;;float
# column_headers='Time (s);;Power (W)'
# 
# [Metadata]
# scanner_y=3.570616407198321
# scanner_x=-5.097816168198413
# start recoding time='09.04.2025, 12:31:03.359979'
# sample rate (hz)=50.0
# sample timing='TIMESTAMP'
# 
# ---- END HEADER ----
1.471899915486574e-03	1.862131760000000e-04
4.153929976746440e-02	1.850607660000000e-04
8.198559982702136e-02	1.833320420000000e-04
1.185244997031987e-01	1.817954470000000e-04
1.417664000764489e-01	1.800667230000000e-04
1.813020999543369e-01	1.800667230000000e-04
2.048289999365807e-01	1.800667230000000e-04
2.431083000265062e-01	1.802588670000000e-04
2.741234996356070e-01	1.798746960000000e-04
3.054406996816397e-01	1.789143130000000e-04
3.354102000594139e-01	1.792984990000000e-04
3.804162996821105e-01	1.800667230000000e-04
4.142064000479877e-01	1.787222860000000e-04
4.381617000326514e-01	1.796826690000000e-04
4.902120996266603e-01	1.794905260000000e-04
5.377090997062624e-01	1.794905260000000e-04
5.612761997617781e-01	1.789143130000000e-04
5.848014000803232e-01	1.783381160000000e-04
6.337129999883473e-01	1.769935620000000e-04
6.940488000400364e-01	1.706550970000000e-04
7.404330000281334e-01	1.652770010000000e-04
7.823335998691618e-01	1.614354840000000e-04
8.057955000549555e-01	1.579781380000000e-04
8.336624996736646e-01	1.550970050000000e-04
8.640128998085856e-01	1.508713320000000e-04
8.945951000787318e-01	1.456853790000000e-04
9.348177998326719e-01	1.429962720000000e-04
9.796569999307394e-01	1.393468990000000e-04
1.003990399651229e+00	1.370419780000000e-04
1.034102899953723e+00	1.351212120000000e-04
1.081016199663281e+00	1.341608290000000e-04
1.104430799838156e+00	1.330084340000000e-04
1.133603400085121e+00	1.326242490000000e-04
1.159636199939996e+00	1.318559080000000e-04
1.183605799917132e+00	1.299351570000000e-04
1.234707399737090e+00	1.276303370000000e-04
1.279695000033826e+00	1.272461520000000e-04
1.312377099879086e+00	1.264778110000000e-04
1.335674999747425e+00	1.255174280000000e-04
1.380903699900955e+00	1.237888210000000e-04
1.404850400052965e+00	1.235966770000000e-04
1.431024299934506e+00	1.232126230000000e-04
1.454844600055367e+00	1.224442680000000e-04
1.478136599995196e+00	1.218680630000000e-04
1.502842899877578e+00	1.218680630000000e-04
1.535027099773288e+00	1.210997140000000e-04
1.593273999635130e+00	1.212918580000000e-04
1.640424399636686e+00	1.199473120000000e-04
1.681848499923944e+00	1.203314820000000e-04
1.705882299691439e+00	1.205235090000000e-04
1.733755100052804e+00	1.195631340000000e-04
1.758310900069773e+00	1.191789630000000e-04
1.796282599680126e+00	1.180265540000000e-04
1.834026499651372e+00	1.170661710000000e-04
1.879633099772036e+00	1.157216250000000e-04
1.904590699821711e+00	1.139930100000000e-04
1.935095099732280e+00	1.128404910000000e-04
1.982458599843085e+00	1.116880810000000e-04
2.006688300054520e+00	1.111118760000000e-04
2.031640499830246e+00	1.109197330000000e-04
2.055691099725664e+00	1.099593570000000e-04
2.091469199862331e+00	1.089989750000000e-04
2.135051799938083e+00	1.082307430000000e-04
2.183731199707836e+00	1.065020190000000e-04
2.229396999813616e+00	1.053496090000000e-04
2.252640400081873e+00	1.041970830000000e-04
2.281765699852258e+00	1.022763320000000e-04
2.306020699907094e+00	9.939530720000000e-05
2.333263499662280e+00	9.574582510000000e-05
2.356694200076163e+00	9.305683490000000e-05
2.384810899849981e+00	8.787077240000000e-05
2.431833100039512e+00	8.345305100000000e-05
2.455582399852574e+00	8.095609520000000e-05
2.492580499965698e+00	7.730661310000000e-05
2.535950999706984e+00	7.596205980000000e-05
2.586279399693012e+00	7.173648920000000e-05
2.631743399892002e+00	6.943156040000000e-05
2.662227199878544e+00	6.578207830000000e-05
2.685555699747056e+00	6.405346360000000e-05
2.740335499867797e+00	5.790701830000000e-05
2.787635199725628e+00	5.348930430000000e-05
2.833846899680793e+00	5.195272020000000e-05
2.879093799740076e+00	4.926361730000000e-05
2.902826800011098e+00	4.811120740000000e-05
2.944545699749142e+00	4.599842210000000e-05
2.968599000014365e+00	4.503804300000000e-05
2.992646399885416e+00	4.177273510000000e-05
3.035214399918914e+00	4.100438670000000e-05
3.081018199678510e+00	3.927577560000000e-05
3.104184699710459e+00	3.812336580000000e-05
3.134259999729693e+00	3.793122230000000e-05
3.180563199799508e+00	3.831539650000000e-05
3.211328699719161e+00	3.831539650000000e-05
3.235165299847722e+00	3.793122230000000e-05
3.259648399893194e+00	3.677881610000000e-05
3.288836999796331e+00	3.754704810000000e-05
3.335535400081426e+00	3.793122230000000e-05
3.380508000031114e+00	3.658667260000000e-05
3.414603599812835e+00	3.754704810000000e-05
3.444464999716729e+00	3.793122230000000e-05
3.491522099822760e+00	3.869957070000000e-05
3.533941099885851e+00	3.869957070000000e-05
3.569851099979132e+00	3.831539650000000e-05
3.593744999729097e+00	3.812336580000000e-05
3.633105800021440e+00	3.869957070000000e-05
3.657592999748886e+00	3.850742720000000e-05
3.693640599958599e+00	3.754704810000000e-05
3.734456699807197e+00	3.735502100000000e-05
3.786220099776983e+00	3.562629350000000e-05
3.834328599739820e+00	3.658667260000000e-05
3.858644499909133e+00	3.677881610000000e-05
3.882624499965459e+00	3.639464190000000e-05
3.905611499678344e+00	3.620261120000000e-05
3.938139499630779e+00	3.677881610000000e-05
3.990907199680805e+00	3.620261120000000e-05
4.032244599889964e+00	3.658667260000000e-05
4.055856099817902e+00	3.562629350000000e-05
4.081931599881500e+00	3.543426280000000e-05
4.106174599844962e+00	3.447388370000000e-05
4.134856400080025e+00	3.332147750000000e-05
4.158936599735171e+00	3.293730330000000e-05
4.182068499736488e+00	3.236109840000000e-05
4.206293399911374e+00	3.197692420000000e-05
4.236846799962223e+00	2.947996470000000e-05
4.282543499954045e+00	2.755920830000000e-05
4.305894999764860e+00	2.640668750000000e-05
4.335067899897695e+00	2.448604390000000e-05
4.381088799796999e+00	2.294934890000000e-05
4.405192799866199e+00	2.179693910000000e-05
4.431525199674070e+00	1.987618270000000e-05
4.469590699765831e+00	1.795542810000000e-05
4.493123599793762e+00	1.641884410000000e-05
4.546054299920797e+00	1.430605790000000e-05
4.582763100042939e+00	1.392188460000000e-05
4.606684399768710e+00	1.219315890000000e-05
4.640571099705994e+00	1.008037180000000e-05
4.686046799644828e+00	8.543789590000001e-06
4.734139999840409e+00	7.199237640000000e-06
4.758392299991101e+00	7.967585590000000e-06
4.782116699963808e+00	7.391268350000000e-06
4.811239500064403e+00	6.815063900000000e-06
4.834441199898720e+00	5.854686150000000e-06
4.879455599933863e+00	6.238859900000000e-06
4.903133099898696e+00	6.046829180000000e-06
4.933690299745649e+00	5.662655440000000e-06
4.979488299693912e+00	5.470512410000000e-06
5.011710199993104e+00	5.662655440000000e-06
5.043656299822032e+00	4.894307950000000e-06
5.075435899663717e+00	5.278481690000000e-06
5.099420499987900e+00	4.894307950000000e-06
5.135447499807924e+00	5.662655440000000e-06
5.181238799821585e+00	5.662655440000000e-06
5.204461799934506e+00	5.662655440000000e-06
5.246125599835068e+00	5.086450980000000e-06
5.292195299640298e+00	5.086450980000000e-06
5.334816999733448e+00	7.391268350000000e-06
5.370215899776667e+00	8.351646100000001e-06
5.394203299656510e+00	8.927962880000001e-06
5.447212799917907e+00	1.104075000000000e-05
5.494296699762344e+00	1.411391530000000e-05
5.534459399990737e+00	1.545846680000000e-05
5.579487899783999e+00	1.795542810000000e-05
5.617585300002247e+00	2.026035690000000e-05
5.649620799813420e+00	2.179693910000000e-05
5.673358799889684e+00	2.256528750000000e-05
5.697520900052041e+00	2.371769550000000e-05
5.735400300007313e+00	2.506224700000000e-05
5.781378599815071e+00	2.583048260000000e-05
5.805401199962944e+00	2.851958560000000e-05
5.837267199996859e+00	3.024819850000000e-05
5.881705899722874e+00	3.216895490000000e-05
5.905861299950629e+00	3.312933400000000e-05
5.947809499688447e+00	3.562629350000000e-05
5.971838199999183e+00	3.773919160000000e-05
5.995957899838686e+00	4.138856090000000e-05
6.041375599801540e+00	4.561424790000000e-05
6.081873700022697e+00	4.734297540000000e-05
6.104842599947006e+00	4.868741230000000e-05
6.134013799950480e+00	5.022399640000000e-05
6.179484100081027e+00	5.060817060000000e-05
6.211988199967891e+00	5.214475100000000e-05
6.235223100055009e+00	5.252892520000000e-05
6.259319299831986e+00	5.291309940000000e-05
6.282594999764115e+00	5.425765270000000e-05
6.305924899876118e+00	5.502588460000000e-05
6.335274999961257e+00	5.752284780000000e-05
6.384150399826467e+00	6.059612500000000e-05
6.430164800025523e+00	6.270891029999999e-05
6.453759399708360e+00	6.482169560000000e-05
6.493146100081503e+00	7.154434570000000e-05
6.533923699986190e+00	7.480965000000000e-05
6.557644099928439e+00	7.769078370000001e-05
6.582517399918288e+00	7.980357619999999e-05
6.616997600067407e+00	8.287685340000000e-05
6.640044899657369e+00	8.460546090000000e-05
6.681468199938536e+00	8.748659460000000e-05
6.711716199759394e+00	8.883114790000000e-05
6.735295499674976e+00	9.017570120000000e-05
6.781526099890471e+00	9.132811099999999e-05
6.820033299736679e+00	9.459341530000000e-05
6.844174599740654e+00	9.536165450000000e-05
6.867846499662846e+00	9.670620780000000e-05
6.897275699768215e+00	1.034288510000000e-04
6.935413199942559e+00	1.076545380000000e-04
6.992387800011784e+00	1.201393390000000e-04
7.041621599812061e+00	1.312796960000000e-04
7.082395799923688e+00	1.372340050000000e-04
7.118374200072140e+00	1.453011940000000e-04
7.142966199666262e+00	1.489505670000000e-04
7.167351000010967e+00	1.527920830000000e-04
7.190321099944413e+00	1.604751010000000e-04
7.232291900087148e+00	1.671977520000000e-04
7.255285399965942e+00	1.729600190000000e-04
7.290292999707162e+00	1.804509080000000e-04
7.333259199745953e+00	1.825638030000000e-04
7.378445199690759e+00	1.875577290000000e-04
7.415663099847734e+00	1.921674700000000e-04
7.439700999762863e+00	1.965851840000000e-04
7.464046199806035e+00	2.013870840000000e-04
7.487364099826664e+00	2.121432630000000e-04
7.534463899675757e+00	2.190580560000000e-04
7.579450800083578e+00	2.328874110000000e-04
7.603550399653614e+00	2.405704290000000e-04
7.631560599897057e+00	2.449881580000000e-04
7.667831900063902e+00	2.553601810000000e-04
7.690905799623579e+00	2.653481210000000e-04
7.746274400036782e+00	2.726469830000000e-04
7.769982199650258e+00	2.782171070000000e-04
7.807860499713570e+00	2.876288490000000e-04
7.835548699833453e+00	2.907020100000000e-04
7.881086099892855e+00	2.972325020000000e-04
7.918612899724394e+00	3.035709960000000e-04
7.942769299726933e+00	3.125985680000000e-04
7.981448699720204e+00	3.168242400000000e-04
8.006409999914467e+00	3.241231020000000e-04
8.032294199801981e+00	3.319981620000000e-04
8.059603299945593e+00	3.431385270000000e-04
8.091012699995190e+00	3.634984900000000e-04
8.135007400065660e+00	3.706052080000000e-04
8.180949899833649e+00	3.802089780000000e-04
8.204930400010198e+00	3.876998670000000e-04
8.246016999706626e+00	3.988402310000000e-04
8.281792900059372e+00	4.044104720000000e-04
8.305456799920648e+00	4.088281710000000e-04
8.339788399636745e+00	4.120934750000000e-04
8.365035399794579e+00	4.159350060000000e-04
8.402735899668187e+00	4.197763920000000e-04
8.434126100037247e+00	4.228496690000000e-04
8.479609499685466e+00	4.249624620000000e-04
8.503790499642491e+00	4.272673980000000e-04
8.535244899801910e+00	4.299565040000000e-04
8.591476500034332e+00	4.391759870000000e-04
8.631566700059921e+00	4.474353340000000e-04
8.668814499862492e+00	4.622250560000000e-04
8.692143499851227e+00	4.766307250000000e-04
8.735155699774623e+00	4.825850480000000e-04
8.792843400035053e+00	5.025606950000000e-04
8.838013299740851e+00	5.108200710000000e-04
8.881481599994004e+00	5.135091490000000e-04
8.905738200061023e+00	5.154299430000000e-04
8.948709799908102e+00	5.192714160000000e-04
8.972683599684387e+00	5.229206870000000e-04
8.996687799692154e+00	5.294512960000000e-04
9.042716799769551e+00	5.361739310000000e-04
9.081589499954134e+00	5.423202530000000e-04
9.104591199662536e+00	5.532684740000000e-04
9.133779499679804e+00	5.636406130000000e-04
9.179058299865574e+00	5.838085780000000e-04
9.213195799849927e+00	5.955251400000001e-04
9.244358299765736e+00	6.039764850000000e-04
9.268322699703276e+00	6.108912060000000e-04
9.292321200016886e+00	6.206869730000000e-04
9.335279899649322e+00	6.251045850000000e-04
9.381264699622989e+00	6.387419420000000e-04
9.416248199995607e+00	6.500744490000000e-04
9.439256699755788e+00	6.617910110000000e-04
9.495226599741727e+00	6.760046240000000e-04
9.534156600013375e+00	6.833033990000000e-04
9.559150099754333e+00	6.904103210000000e-04
9.590220399666578e+00	7.042396460000000e-04
9.633156899828464e+00	7.113463940000000e-04
9.657147800084203e+00	7.205660800000000e-04
9.681073599960655e+00	7.320903820000000e-04
9.705071799922734e+00	7.457277390000000e-04
9.734051599632949e+00	7.574443010000000e-04
9.794053399935365e+00	7.904812230000000e-04
9.841018799692392e+00	8.035424399999999e-04
9.864979299716651e+00	8.133382650000000e-04
9.903004100080580e+00	8.310091220000000e-04
9.934953500051051e+00	8.417653150000000e-04
9.982957799918950e+00	8.588600900000000e-04
1.000690509984270e+01	8.650064120000000e-04
1.003203799994662e+01	8.690399700000000e-04
1.005587060004473e+01	8.749942640000000e-04
1.009409189969301e+01	8.876711950000000e-04
1.013381449971348e+01	8.966989120000000e-04
1.015782759990543e+01	9.053422840000000e-04
1.018107659975067e+01	9.153301360000000e-04
1.020488390000537e+01	9.255100160000000e-04
1.023290299996734e+01	9.353058410000000e-04
1.025581619981676e+01	9.460620350000000e-04
1.028181000007316e+01	9.556657750000000e-04
1.030486200004816e+01	9.675745970000000e-04
1.034485089965165e+01	9.852454530000000e-04
1.039116169977933e+01	9.994589490000001e-04
1.043162039993331e+01	1.005989500000000e-03
1.046832729969174e+01	1.015785270000000e-03
1.049247159995139e+01	1.024236670000000e-03
1.053574039973319e+01	1.029999000000000e-03
1.059368079993874e+01	1.054584510000000e-03
1.063173800008371e+01	1.062075490000000e-03
1.065715819969773e+01	1.069950520000000e-03
1.068834850005805e+01	1.081282860000000e-03
1.073432069970295e+01	1.086276960000000e-03
1.075831989990547e+01	1.090310510000000e-03
1.078326479997486e+01	1.095112410000000e-03
1.083123519970104e+01	1.102987440000000e-03
1.085424709971994e+01	1.109325790000000e-03
1.088122799992561e+01	1.114127690000000e-03
1.090721349976957e+01	1.119890020000000e-03
1.093322589993477e+01	1.124499830000000e-03
1.097916190000251e+01	1.133719340000000e-03
1.100215029995888e+01	1.144667740000000e-03
1.103170070005581e+01	1.157920810000000e-03
1.105590049969032e+01	1.170982020000000e-03
1.107960359985009e+01	1.181161960000000e-03
1.110398959973827e+01	1.195567540000000e-03
1.113407419994473e+01	1.208244590000000e-03
1.117804219992831e+01	1.228988640000000e-03
1.120203049993142e+01	1.240897460000000e-03
1.123101749969646e+01	1.248004150000000e-03
1.125499460007995e+01	1.256455430000000e-03
1.128097549965605e+01	1.266827340000000e-03
1.130496370000765e+01	1.278928250000000e-03
1.133295989967883e+01	1.288532050000000e-03
1.135693319980055e+01	1.298519900000000e-03
1.137991969985887e+01	1.310620460000000e-03
1.140390899963677e+01	1.326562840000000e-03
1.143290499970317e+01	1.340584250000000e-03
1.145589709980413e+01	1.353453260000000e-03
1.148387870006263e+01	1.366514480000000e-03
1.153190369997174e+01	1.394365220000000e-03
1.156083149975166e+01	1.411075940000000e-03
1.158481459971517e+01	1.425865690000000e-03
1.162977400003001e+01	1.452756000000000e-03
1.165376099990681e+01	1.466585560000000e-03
1.167774740001187e+01	1.483104080000000e-03
1.170203340006992e+01	1.505192490000000e-03
1.173471440002322e+01	1.520366520000000e-03
1.177970089996234e+01	1.544760070000000e-03
1.180371369980276e+01	1.556476580000000e-03
1.183268009964377e+01	1.564927980000000e-03
1.185674949968234e+01	1.569345590000000e-03
1.188866169983521e+01	1.581062100000000e-03
1.193368709972128e+01	1.586248280000000e-03
1.196460609976202e+01	1.592202580000000e-03
1.198857869999483e+01	1.602574480000000e-03
1.204255770007148e+01	1.632730360000000e-03
1.208153139986098e+01	1.650785450000000e-03
1.210552969994023e+01	1.671721690000000e-03
1.213348509976640e+01	1.686511440000000e-03
1.217845709994435e+01	1.712633760000000e-03
1.220157080003992e+01	1.732225300000000e-03
1.223143529985100e+01	1.747975480000000e-03
1.225542380008847e+01	1.765646270000000e-03
1.229240089980885e+01	1.805213860000000e-03
1.234038939978927e+01	1.830375750000000e-03
1.238156710006297e+01	1.843436740000000e-03
1.241838629962876e+01	1.863412680000000e-03
1.244909119978547e+01	1.890687390000000e-03
1.248181359982118e+01	1.908742360000000e-03
1.250610319990665e+01	1.927949840000000e-03
1.254095049994066e+01	1.950230330000000e-03
1.256542039988562e+01	1.965980510000000e-03
1.258910169964656e+01	1.995367930000000e-03
1.263265520008281e+01	2.014191360000000e-03
1.265673579974100e+01	2.034935630000000e-03
1.268175480002537e+01	2.054719250000000e-03
1.270614139968529e+01	2.078920600000000e-03
1.273439039988443e+01	2.098320280000000e-03
1.279259129986167e+01	2.149988660000000e-03
1.283284329995513e+01	2.160552420000000e-03
1.287023419979960e+01	2.176302720000000e-03
1.290112589998171e+01	2.191284670000000e-03
1.294768460001796e+01	2.211836870000000e-03
1.299422629969195e+01	2.242568880000000e-03
1.304326070006937e+01	2.271379810000000e-03
1.308114189980552e+01	2.287898450000000e-03
1.311826059967279e+01	2.314788990000000e-03
1.314135959977284e+01	2.332651990000000e-03
1.316557980002835e+01	2.352243520000000e-03
1.318875829968601e+01	2.388929950000000e-03
1.324188069999218e+01	2.429457850000000e-03
1.328162499982864e+01	2.448665440000000e-03
1.330555059993640e+01	2.465760340000000e-03
1.333388629974797e+01	2.476708270000000e-03
1.337920219963416e+01	2.496876290000000e-03
1.341359409969300e+01	2.509553220000000e-03
1.344416809966788e+01	2.521845740000000e-03
1.347611889988184e+01	2.539901060000000e-03
1.350007089972496e+01	2.566215120000000e-03
1.353916989965364e+01	2.600212810000000e-03
1.358103520004079e+01	2.616923070000000e-03
1.360507799964398e+01	2.635362330000000e-03
1.363119849981740e+01	2.651496560000000e-03
1.366465079970658e+01	2.676274390000000e-03
1.368788019986823e+01	2.707390580000000e-03
1.373387289978564e+01	2.725253350000000e-03
1.375783760007471e+01	2.742732180000000e-03
1.378097519977018e+01	2.760403090000000e-03
1.380497979978099e+01	2.787485720000000e-03
1.383469659974799e+01	2.809382280000000e-03
1.388064979994670e+01	2.839538270000000e-03
1.390463049989194e+01	2.855288330000000e-03
1.394462869968265e+01	2.878145310000000e-03
1.399259679997340e+01	2.903691260000000e-03
1.403957889974117e+01	2.923666970000000e-03
1.406413749977946e+01	2.936536210000000e-03
1.408752589998767e+01	2.963618840000000e-03
1.413551109982654e+01	2.973606580000000e-03
1.418152790004387e+01	2.991469580000000e-03
1.421349859982729e+01	3.004530680000000e-03
1.423745779972523e+01	3.022009510000000e-03
1.428143249964342e+01	3.031228900000000e-03
1.430541529972106e+01	3.040256680000000e-03
1.433438309980556e+01	3.046978960000000e-03
1.435837529972196e+01	3.052741290000000e-03
1.438257869984955e+01	3.061000720000000e-03
1.441735020000488e+01	3.078287230000000e-03
1.444977009994909e+01	3.105754270000000e-03
1.449530289974064e+01	3.143976910000000e-03
1.453427439974621e+01	3.163568680000000e-03
1.458158939983696e+01	3.208514070000000e-03
1.461921979999170e+01	3.255956810000000e-03
1.464221079973504e+01	3.295908220000000e-03
1.466619329992682e+01	3.338740910000000e-03
1.468918139999732e+01	3.409808970000000e-03
1.473514920007437e+01	3.431897380000000e-03
1.479113949974999e+01	3.464358160000000e-03
1.483316299971193e+01	3.468199870000000e-03
1.487036790000275e+01	3.477227410000000e-03
1.490011679986492e+01	3.481260970000000e-03
1.494708839990199e+01	3.489328080000000e-03
1.497808889998123e+01	3.494898320000000e-03
1.501010699989274e+01	3.503157520000000e-03
1.504207869991660e+01	3.515834220000000e-03
1.508901409991086e+01	3.528127210000000e-03
1.513397819967940e+01	3.534657650000000e-03
1.517895579990000e+01	3.548102920000000e-03
1.520299579994753e+01	3.556554210000000e-03
1.524397309962660e+01	3.567886540000000e-03
1.526794679975137e+01	3.580179760000000e-03
1.529196289973333e+01	3.594585230000000e-03
1.533793370006606e+01	3.602652340000000e-03
1.538254079967737e+01	3.603612770000000e-03
1.540602289978415e+01	3.604765050000000e-03
1.543318989966065e+01	3.608222590000000e-03
1.545703449985012e+01	3.611487800000000e-03
1.549499799963087e+01	3.614560930000000e-03
1.553408609982580e+01	3.612256140000000e-03
1.555795549973845e+01	3.612256140000000e-03
1.558992879977450e+01	3.610527380000000e-03
1.563289560005069e+01	3.601499600000000e-03
1.565591689990833e+01	3.584597260000000e-03
1.568188649974763e+01	3.556938610000000e-03
1.570585179980844e+01	3.518907590000000e-03
1.574783759983256e+01	3.511032560000000e-03
1.578261489979923e+01	3.515257970000000e-03
1.580582259967923e+01	3.518523420000000e-03
1.583284439984709e+01	3.517754840000000e-03
1.585686019994318e+01	3.517562990000000e-03
1.587979270005599e+01	3.518523420000000e-03
1.591712879994884e+01	3.521596550000000e-03
1.594073979975656e+01	3.539843950000000e-03
1.599512029998004e+01	3.566157770000000e-03
1.604202059982345e+01	3.596505850000000e-03
1.608196819992736e+01	3.603804860000000e-03
1.611896670004353e+01	3.608798610000000e-03
1.614311000006273e+01	3.614944870000000e-03
1.616702169971541e+01	3.626277440000000e-03
1.619097679993138e+01	3.668534100000000e-03
1.623269869992509e+01	3.705988640000000e-03
1.625683179963380e+01	3.757272850000000e-03
1.629067379981279e+01	3.873093990000000e-03
1.633462789980695e+01	3.924185880000000e-03
1.638371209986508e+01	4.006778360000000e-03
1.642955440003425e+01	4.078230350000000e-03
1.645254139974713e+01	4.115300720000000e-03
1.647552899969742e+01	4.152947110000000e-03
1.650856979982927e+01	4.208264870000000e-03
1.653599469969049e+01	4.280292890000000e-03
1.658288199966773e+01	4.316595380000000e-03
1.660645650001243e+01	4.355586600000000e-03
1.663244119985029e+01	4.383821510000000e-03
1.666642359970137e+01	4.422236230000000e-03
1.668941579991952e+01	4.475633610000000e-03
1.673437749966979e+01	4.504060840000000e-03
1.675836589979008e+01	4.530182570000000e-03
1.678152839979157e+01	4.555728750000000e-03
1.680573470005766e+01	4.589533900000000e-03
1.683466689987108e+01	4.614888220000000e-03
1.687964719999582e+01	4.659833390000000e-03
1.691682939976454e+01	4.701705650000000e-03
1.694861859967932e+01	4.754526070000000e-03
1.699468709994107e+01	4.818679300000000e-03
1.703169510001317e+01	4.843841310000000e-03
1.705568119976670e+01	4.863432610000000e-03
1.707961330004036e+01	4.883600860000000e-03
1.710360139980912e+01	4.912604580000000e-03
1.713462839974090e+01	4.935652950000000e-03
1.718374669970945e+01	4.980790890000000e-03
1.722876559989527e+01	5.027849230000000e-03
1.725173359969631e+01	5.058581480000000e-03
1.729467989969999e+01	5.121197550000000e-03
1.733367859991267e+01	5.144631020000000e-03
1.735870340000838e+01	5.174786320000000e-03
1.738352159969509e+01	5.203981880000000e-03
1.743729119980708e+01	5.298866890000000e-03
1.748124029999599e+01	5.326910410000000e-03
1.751630580006167e+01	5.355913660000000e-03
1.754023139970377e+01	5.387221930000000e-03
1.758252940000966e+01	5.403356160000000e-03
1.760615530004725e+01	5.420066420000000e-03
1.763913469994441e+01	5.434472110000000e-03
1.766214339993894e+01	5.443499890000000e-03
1.768513990007341e+01	5.458289290000000e-03
1.773458459973335e+01	5.493055100000000e-03
1.779436279973015e+01	5.552021790000000e-03
1.783476800005883e+01	5.580257160000000e-03
1.788030659966171e+01	5.635766780000000e-03
1.790631869994104e+01	5.681096580000000e-03
1.793824839964509e+01	5.719127130000000e-03
1.796840719971806e+01	5.753508770000000e-03
1.799137659976259e+01	5.790579130000000e-03
1.804649039963260e+01	5.828417840000000e-03
1.809433569991961e+01	5.850314630000000e-03
1.813337489962578e+01	5.855308380000000e-03
1.817846419988200e+01	5.867217200000000e-03
1.820275609986857e+01	5.875476640000000e-03
1.823143199970946e+01	5.882007070000000e-03
1.825440629990771e+01	5.892378740000000e-03
1.828141519986093e+01	5.902943200000000e-03
1.830540369963273e+01	5.929257260000000e-03
1.833543929969892e+01	5.954419260000000e-03
1.838167329970747e+01	6.019148980000000e-03
1.840483469981700e+01	6.065630350000000e-03
1.843163920007646e+01	6.111344320000000e-03
1.845561269996688e+01	6.145342250000000e-03
1.848364980006590e+01	6.163780580000000e-03
1.853192899981514e+01	6.197202020000000e-03
1.855569599987939e+01	6.211031690000000e-03
1.859357760008425e+01	6.236193700000000e-03
1.863252389989793e+01	6.250022440000000e-03
1.865550009999424e+01	6.272111090000000e-03
1.868147729989141e+01	6.294392050000000e-03
1.871847279975191e+01	6.332614920000000e-03
1.874146259995177e+01	6.379480940000000e-03
1.878142719995230e+01	6.417127790000000e-03
1.880542679969221e+01	6.467835980000000e-03
1.883343639969826e+01	6.513165780000000e-03
1.885974139999598e+01	6.561568470000000e-03
1.888339289976284e+01	6.590187550000000e-03
1.893246829975396e+01	6.624184550000000e-03
1.896762369992211e+01	6.649923050000000e-03
1.899139579990879e+01	6.680271120000000e-03
1.903304289979860e+01	6.697941570000000e-03
1.905669739982113e+01	6.715997120000000e-03
1.908333769999444e+01	6.730018180000000e-03
1.913134919991717e+01	6.778613200000000e-03
1.915531559986994e+01	6.799357010000000e-03
1.917931109992787e+01	6.817220240000000e-03
1.920330390008166e+01	6.834314670000000e-03
1.923327900003642e+01	6.849681030000000e-03
1.927921859966591e+01	6.887712050000000e-03
1.930321120005101e+01	6.918635680000000e-03
1.933398599969223e+01	6.940341090000000e-03
1.937992879981175e+01	6.981636860000000e-03
1.940393419982865e+01	7.006606090000000e-03
1.943189609982073e+01	7.023124490000000e-03
1.945589579967782e+01	7.040603550000000e-03
1.947991089988500e+01	7.049823650000000e-03
1.951259779976681e+01	7.068454750000000e-03
1.954384210007265e+01	7.087662350000000e-03
1.958226719964296e+01	7.097073830000000e-03
1.960779809998348e+01	7.104756780000000e-03
1.963202909985557e+01	7.111287680000000e-03
1.966974829975516e+01	7.136641070000000e-03
1.970073350006714e+01	7.180242330000000e-03
1.973389909975231e+01	7.209053260000000e-03
1.975776989990845e+01	7.237288640000000e-03
1.978171500004828e+01	7.270901460000000e-03
1.980484999995679e+01	7.313349750000000e-03
1.983370549976826e+01	7.349076680000000e-03
1.987870199978352e+01	7.417454850000000e-03
1.990314029995352e+01	7.460095450000000e-03
1.993365459982306e+01	7.491788360000000e-03
1.997860680008307e+01	7.547489830000000e-03
2.001365299988538e+01	7.577069570000000e-03
2.004476259974763e+01	7.602807130000000e-03
2.006912859994918e+01	7.623359100000000e-03
2.010553529998288e+01	7.667537310000000e-03
2.013452650001273e+01	7.691161710000000e-03
2.017949769971892e+01	7.740525060000000e-03
2.021402439987287e+01	7.776827090000000e-03
2.023799429973587e+01	7.822541520000000e-03
2.028082429990172e+01	7.844436910000000e-03
2.030486629996449e+01	7.870752360000000e-03
2.033369689993560e+01	7.888998840000000e-03
2.036808010004461e+01	7.916658190000000e-03
2.039200809970498e+01	7.937210610000000e-03
2.043312449986115e+01	7.955073380000000e-03
2.045684169977903e+01	7.975816730000000e-03
2.048097450006753e+01	7.989070379999999e-03
2.051043029967695e+01	8.012696170000000e-03
2.054224089998752e+01	8.042851460000000e-03
2.058239779993892e+01	8.055336769999999e-03
2.060594559973106e+01	8.073583250000000e-03
2.063103619962931e+01	8.091062309999999e-03
2.065401569986716e+01	8.108348590000000e-03
2.067800369998440e+01	8.122369650000001e-03
2.071500060008839e+01	8.141193539999999e-03
2.073895819997415e+01	8.170773280000000e-03
2.079191030003130e+01	8.203618229999999e-03
2.083380959974602e+01	8.219368760000000e-03
2.087912529986352e+01	8.244337510000000e-03
2.091717359982431e+01	8.259319700000000e-03
2.094115259964019e+01	8.265082720000001e-03
2.096512419963256e+01	8.272765200000001e-03
2.098916339967400e+01	8.287362750000001e-03
2.103320099972188e+01	8.288707580000000e-03
2.107935309968889e+01	8.302921430000000e-03
2.110287089971825e+01	8.310027419999999e-03
2.113403189973906e+01	8.320591410000000e-03
2.117990370001644e+01	8.356702509999999e-03
2.120391869964078e+01	8.374565279999999e-03
2.124489660002291e+01	8.407985789999999e-03
2.126888930005953e+01	8.429305630000000e-03
2.129289030004293e+01	8.464071900000000e-03
2.133484239969403e+01	8.476940909999999e-03
2.138613440003246e+01	inf
2.143099439982325e+01	inf
2.145428780000657e+01	inf
2.148137819999829e+01	inf
2.150546139990911e+01	inf
2.154345969995484e+01	inf
2.156740439962596e+01	inf
2.159139969991520e+01	inf
2.162996099982411e+01	inf
2.165387189993635e+01	inf
2.167876339983195e+01	inf
2.170224509993568e+01	inf
2.173227759962901e+01	inf
2.176241299975663e+01	inf
2.178614009963349e+01	inf
2.183077079989016e+01	inf
2.185393260000274e+01	inf
2.187694049999118e+01	inf
2.189992409991100e+01	inf
2.193188459984958e+01	inf
2.195501150004566e+01	inf
2.198225970007479e+01	inf
2.200592719996348e+01	inf
2.204396650008857e+01	inf
2.209090509964153e+01	inf
2.213086809962988e+01	inf
2.215495730005205e+01	inf
2.217883849982172e+01	inf
2.221690419968218e+01	inf
2.224080389970914e+01	inf
2.227880159998313e+01	inf
2.230234739976004e+01	inf
2.233074150001630e+01	inf
2.235374659998342e+01	inf
2.237942430004478e+01	inf
2.240543060004711e+01	inf
2.243543639965355e+01	inf
2.245947790006176e+01	inf
2.249788769986480e+01	inf
2.253187479963526e+01	inf
2.255598119972274e+01	inf
2.257935479981825e+01	inf
2.260344460001215e+01	inf
2.262947849975899e+01	inf
2.265265120007098e+01	inf
2.267854909971356e+01	inf
2.270152259990573e+01	inf
2.273154189996421e+01	inf
2.276652999967337e+01	inf
2.278947399975732e+01	inf
2.283150099962950e+01	inf
2.285551529983059e+01	inf
2.287878149980679e+01	inf
2.290676019992679e+01	inf
2.293175079999492e+01	inf
2.295488419989124e+01	inf
2.297884789993986e+01	inf
2.300271319970489e+01	inf
2.303252739971504e+01	inf
2.305667259963229e+01	inf
2.309266080008820e+01	inf
2.313461589999497e+01	inf
2.317757899966091e+01	inf
2.320049559976906e+01	inf
2.322837070003152e+01	inf
2.325191779993474e+01	inf
2.327990379976109e+01	inf
2.331087019992992e+01	inf
2.333482979983091e+01	inf
2.335882229963318e+01	inf
2.338298189966008e+01	inf
2.343678150000051e+01	inf
2.348480079974979e+01	inf
2.353282119985670e+01	inf
2.356388479983434e+01	inf
2.358925439976156e+01	inf
2.362877339962870e+01	inf
2.365777629986405e+01	inf
2.368051879992709e+01	inf
2.370374039979652e+01	inf
2.373422829993069e+01	inf
2.378078939998522e+01	inf
2.381120539968833e+01	inf
2.383510979963467e+01	inf
2.387967679975554e+01	inf
2.390523289982229e+01	inf
2.393633519997820e+01	inf
2.395938919996843e+01	inf
2.398456599982455e+01	inf
2.403172469977289e+01	inf
2.406199859967455e+01	inf
2.408549960004166e+01	inf
2.413153039989993e+01	inf
2.415456539997831e+01	inf
2.417907519964501e+01	inf
2.420314219966531e+01	inf
2.422935070004314e+01	inf
2.425341959996149e+01	inf
2.427709269989282e+01	inf
2.430012829974294e+01	inf
2.433220799965784e+01	inf
2.435522729996592e+01	inf
2.438659119978547e+01	inf
2.442913439963013e+01	inf
2.446456349967048e+01	inf
2.449561069998890e+01	inf
2.453203610004857e+01	inf
2.455574049986899e+01	inf
2.457921619992703e+01	inf
2.460677819978446e+01	inf
2.463211849983782e+01	inf
2.467017629975453e+01	inf
2.469382959976792e+01	inf
2.473082329984754e+01	inf
2.475417729979381e+01	inf
2.479236100008711e+01	inf
2.483845609985292e+01	inf
2.486257939971983e+01	inf
2.488612090004608e+01	inf
2.493244319967926e+01	inf
2.495554539980367e+01	inf
2.497969090007246e+01	inf
2.500302119972184e+01	inf
2.504025109997019e+01	inf
2.508698759973049e+01	inf
2.513117259973660e+01	inf
2.515607959963381e+01	inf
2.518018470006064e+01	inf
2.520436119986698e+01	inf
2.522947969986126e+01	inf
2.525273060007021e+01	inf
2.529177480004728e+01	inf
2.533084849966690e+01	inf
2.535497639980167e+01	inf
2.537842489965260e+01	inf
2.540166720002890e+01	inf
2.542865439970046e+01	inf
2.545191579964012e+01	inf
2.547516989987344e+01	inf
2.550835649995133e+01	inf
2.553247099975124e+01	inf
2.555639459984377e+01	inf
2.558632169989869e+01	inf
2.563335439981893e+01	inf
2.567610420007259e+01	inf
2.571118239965290e+01	inf
2.574172749975696e+01	inf
2.576575609995052e+01	inf
2.578917909972370e+01	inf
2.583205749979243e+01	inf
2.586450909962878e+01	inf
2.588766829995438e+01	inf
2.593128390004858e+01	inf
2.595924629969522e+01	inf
2.598950809985399e+01	inf
2.602845230000094e+01	inf
2.605333549994975e+01	inf
2.608348040003330e+01	inf
2.612956229969859e+01	inf
2.616370389983058e+01	inf
2.618724999995902e+01	inf
2.622842939989641e+01	inf
2.625203359965235e+01	inf
2.628630340006202e+01	inf
2.633134240005165e+01	inf
2.635440729977563e+01	inf
2.637789790006354e+01	inf
2.640888049965724e+01	inf
2.643243019981310e+01	inf
2.645572619978338e+01	inf
2.647966230008751e+01	inf
2.650262989988551e+01	inf
2.653477809997275e+01	inf
2.657773659983650e+01	inf
2.660169410007074e+01	inf
2.662866909988225e+01	inf
2.666234540008008e+01	inf
2.668614859972149e+01	inf
2.674020549980924e+01	inf
2.677919579995796e+01	inf
2.680215970007703e+01	inf
2.683004159992561e+01	inf
2.685431309975684e+01	inf
2.688276339974254e+01	inf
2.691410310007632e+01	inf
2.693788219988346e+01	inf
2.696093269996345e+01	inf
2.699113449966535e+01	inf
2.702992609981447e+01	inf
2.705300579965115e+01	inf
2.707889059977606e+01	inf
2.711718679964542e+01	inf
2.714042870001867e+01	inf
2.717892159987241e+01	inf
2.721017289999872e+01	inf
2.724147519981489e+01	inf
2.726554369973019e+01	inf
2.728961749980226e+01	inf
2.733570079971105e+01	inf
2.737856439966708e+01	inf
2.740181119972840e+01	inf
2.742885489994660e+01	inf
2.745268739992753e+01	inf
2.749232639977708e+01	inf
2.753356829984114e+01	inf
2.756130059994757e+01	inf
2.759952519973740e+01	inf
2.762956509971991e+01	inf
2.765296819992363e+01	inf
2.767895470000803e+01	inf
2.770897759962827e+01	inf
2.773293170006946e+01	inf
2.775606959965080e+01	inf
2.778673879988492e+01	inf
2.783133880002424e+01	inf
2.785429909965023e+01	inf
2.787739839963615e+01	inf
2.790034099994227e+01	inf
2.794394519971684e+01	inf
2.797832189965993e+01	inf
2.800129929976538e+01	inf
2.803741949982941e+01	inf
2.807915870007128e+01	inf
2.810218039993197e+01	inf
2.814551599975675e+01	inf
2.817592559987679e+01	inf
2.819880789984018e+01	inf
2.822967300005257e+01	inf
2.825313689978793e+01	inf
2.827844429994002e+01	inf
2.830205870000646e+01	inf
2.833157389983535e+01	inf
2.835557859996334e+01	inf
2.837872789986432e+01	inf
2.840995759982616e+01	inf
2.844074369966984e+01	inf
2.847126619983464e+01	inf
2.850288000004366e+01	inf
2.853442210005596e+01	inf
2.858208839967847e+01	inf
2.861381309991702e+01	inf
2.864465599972755e+01	inf
2.869113499997184e+01	inf
2.873641479993239e+01	inf
2.875959650008008e+01	inf
2.878313159989193e+01	inf
2.882920360006392e+01	inf
2.885982210002840e+01	inf
2.888387320004404e+01	inf
2.892950799968094e+01	inf
2.895286519965157e+01	inf
2.897906349971890e+01	inf
2.900294979987666e+01	inf
2.902818999998271e+01	inf
2.905207109963521e+01	inf
2.907783079985529e+01	inf
2.910109539981931e+01	inf
2.913192409975454e+01	inf
2.915594989992678e+01	inf
2.917957379994914e+01	inf
2.920286409975961e+01	inf
2.923032219987363e+01	inf
2.925367360003293e+01	inf
2.929326679976657e+01	inf
2.933113939967006e+01	inf
2.935435430007055e+01	inf
2.937824929971248e+01	inf
2.940253939991817e+01	inf
2.943416769988835e+01	inf
2.948115159990266e+01	inf
2.950409449962899e+01	inf
2.953112339973450e+01	inf
2.955928439972922e+01	inf
2.958307199971750e+01	inf
2.963707449985668e+01	inf
2.966805339977145e+01	inf
2.969205469964072e+01	inf
2.974606909975410e+01	inf
2.979194869985804e+01	inf
2.983359439997002e+01	inf
2.988629819964990e+01	inf
2.993123460002244e+01	inf
2.995444800006226e+01	inf
2.997759879985824e+01	inf
3.001242749998346e+01	inf
3.003538559982553e+01	inf
3.007860359968618e+01	inf
3.010135439969599e+01	inf
3.013835359970108e+01	inf
3.017830389970914e+01	inf
3.020131429983303e+01	inf
3.022841499978676e+01	inf
3.025226440001279e+01	inf
3.027525979978964e+01	inf
3.029924659989774e+01	inf
3.033221919974312e+01	inf
3.035521740000695e+01	inf
3.038120449986309e+01	inf
3.040618339972571e+01	inf
3.042916169995442e+01	inf
3.045214569987729e+01	inf
3.047918899962679e+01	inf
3.051511969976127e+01	inf
3.054037240007892e+01	inf
3.057742289965972e+01	inf
3.060045220004395e+01	inf
3.062935929978266e+01	inf
3.065203240001574e+01	inf
3.068628339981660e+01	inf
3.073054179968312e+01	inf
3.075427929963917e+01	inf
3.078133989963681e+01	inf
3.080476359976456e+01	inf
3.084295680001378e+01	inf
3.086681629996747e+01	inf
3.089069899963215e+01	inf
3.093196629965678e+01	inf
3.095505079999566e+01	inf
3.097894199984148e+01	inf
3.100194669980556e+01	inf
3.104580840002745e+01	inf
3.107914919964969e+01	inf
3.110286889970303e+01	inf
3.113085579965264e+01	inf
3.115685509983450e+01	inf
3.117984459968284e+01	inf
3.120382789988071e+01	inf
3.122981389984488e+01	inf
3.125352089991793e+01	inf
3.128148079989478e+01	inf
3.130465149972588e+01	inf
3.133068619994447e+01	inf
3.135445039998740e+01	inf
3.138934189965948e+01	inf
3.142907139984891e+01	inf
3.145279489969835e+01	inf
3.147676969971508e+01	inf
3.150081699993461e+01	inf
3.153180169966072e+01	inf
3.155592319974676e+01	inf
3.158879269985482e+01	inf
3.162874149996787e+01	inf
3.165273029962555e+01	inf
3.167871839972213e+01	inf
3.171367979981005e+01	inf
3.173667329968885e+01	inf
3.176173799997196e+01	inf
3.178561139991507e+01	inf
3.183084689965472e+01	inf
3.185384440002963e+01	inf
3.187880689976737e+01	inf
3.191680329991505e+01	inf
3.194012809963897e+01	inf
3.197862519975752e+01	inf
3.201063949987292e+01	inf
3.204061240004376e+01	inf
3.207258479995653e+01	inf
3.209755999967456e+01	inf
3.213254129979759e+01	inf
3.215550709981471e+01	inf
3.217857699980959e+01	inf
3.220178439980373e+01	inf
3.223039849987254e+01	inf
3.225427439995110e+01	inf
3.229323920002207e+01	inf
3.233247679984197e+01	inf
3.235552969994023e+01	inf
3.237852500006557e+01	inf
3.240154859982431e+01	inf
3.242969110002741e+01	inf
3.246674069995061e+01	inf
3.248989639990032e+01	inf
3.253095499984920e+01	inf
3.255426579993218e+01	inf
3.259291919972748e+01	inf
3.262888709967956e+01	inf
3.265186879970133e+01	inf
3.267483189981431e+01	inf
3.270188139984384e+01	inf
3.273356519965455e+01	inf
3.278080659965053e+01	inf
3.281089949980378e+01	inf
3.284276419971138e+01	inf
3.287873069988564e+01	inf
3.290514659974724e+01	inf
3.293929409980774e+01	inf
3.296211159974337e+01	inf
3.298514739982784e+01	inf
3.303158989967778e+01	inf
3.306185469962656e+01	inf
3.308585199993104e+01	inf
3.314084569970146e+01	inf
3.318019799981266e+01	inf
3.321826379979029e+01	inf
3.324944159993902e+01	inf
3.328198379976675e+01	inf
3.330510669993237e+01	inf
3.333311249967664e+01	inf
3.337701939977705e+01	inf
3.340599959995598e+01	inf
3.342882919963449e+01	inf
3.345237089972943e+01	inf
3.347829379979521e+01	inf
3.350251000002027e+01	inf
3.354460639972240e+01	inf
3.356769729964435e+01	inf
3.359170099999756e+01	inf
3.362980769993737e+01	inf
3.365376299992204e+01	inf
3.367871179990470e+01	inf
3.371629989985377e+01	inf
3.373931959969923e+01	inf
3.379244560003281e+01	inf
3.383162119984627e+01	inf
3.385526919970289e+01	inf
3.388691669981927e+01	inf
3.393207239964977e+01	inf
3.395505249965936e+01	inf
3.397938349982724e+01	inf
3.401310670003295e+01	inf
3.403704359987751e+01	inf
3.409220899967477e+01	inf
3.413097509974614e+01	inf
3.415546409972012e+01	inf
3.417904259962961e+01	inf
3.420293869962916e+01	inf
3.423345509963110e+01	inf
3.427638079971075e+01	inf
3.429942639963701e+01	inf
3.433134979987517e+01	inf
3.435534869972616e+01	inf
3.438075309991837e+01	inf
3.440475129988045e+01	inf
3.442884849989787e+01	inf
3.445249160006642e+01	inf
3.447553159995005e+01	inf
3.449877729965374e+01	inf
3.453260459983721e+01	inf
3.455676309997216e+01	inf
3.459274989971891e+01	inf
3.462947169970721e+01	inf
3.465362789994106e+01	inf
3.467894489970058e+01	inf
3.470272929966450e+01	inf
3.474482750007883e+01	inf
3.476803509984165e+01	inf
3.479118619998917e+01	inf
3.483882399974391e+01	inf
3.487857569986954e+01	inf
3.490156729985029e+01	inf
3.493173259962350e+01	inf
3.496206359984353e+01	inf
3.498516559973359e+01	inf
3.504041739972308e+01	inf
3.507256769994274e+01	inf
3.510436729993671e+01	inf
3.513130529969931e+01	inf
3.515430619986728e+01	inf
3.517910850001499e+01	inf
3.521413759980351e+01	inf
3.523723609978333e+01	inf
3.529329709988087e+01	inf
3.533047699974850e+01	inf
3.535445629991591e+01	inf
3.537858429970220e+01	inf
3.540150239970535e+01	inf
3.542976900003850e+01	inf
3.546575029985979e+01	inf
3.548871759977192e+01	inf
3.554447619989514e+01	inf
3.557835119962692e+01	inf
3.560239959973842e+01	inf
3.562838619994000e+01	inf
3.565255220001563e+01	inf
3.568427479965612e+01	inf
3.573236289992929e+01	inf
3.576444149995223e+01	inf
3.578850389970466e+01	inf
3.583108229981735e+01	inf
3.585474730003625e+01	inf
3.588902510004118e+01	inf
3.593113579973578e+01	inf
3.595512799965218e+01	inf
3.597817609971389e+01	inf
3.600103659974411e+01	inf
3.604300129972398e+01	inf
3.607928119972348e+01	inf
3.610695619974285e+01	inf
3.613794949976727e+01	inf
3.618108649970964e+01	inf
3.620410219999030e+01	inf
3.622789239976555e+01	inf
3.626325269974768e+01	inf
3.628796970006078e+01	inf
3.634338829992339e+01	inf
3.637849839963019e+01	inf
3.640141769964248e+01	inf
3.642843299964443e+01	inf
3.645141789969057e+01	inf
3.647839329997078e+01	inf
3.650268699973822e+01	inf
3.653140029963106e+01	inf
3.655503010004759e+01	inf
3.659334919974208e+01	inf
3.663240939984098e+01	inf
3.665628489991650e+01	inf
3.667985640000552e+01	inf
3.670280529977754e+01	inf
3.673263909993693e+01	inf
3.675665629981086e+01	inf
3.679437009990215e+01	inf
3.683031719969586e+01	inf
3.685331909963861e+01	inf
3.687701889965683e+01	inf
3.690071009984240e+01	inf
3.693226739997044e+01	inf
3.696824089996517e+01	inf
3.699122089985758e+01	inf
3.702921339962631e+01	inf
3.705308029986918e+01	inf
3.709123479994014e+01	inf
3.713114049984142e+01	inf
3.716836129967123e+01	inf
3.720012009982020e+01	inf
3.724609409971163e+01	inf
3.729306899989024e+01	inf
3.733922729967162e+01	inf
3.738661939976737e+01	inf
3.742906849971041e+01	inf
3.746523509966210e+01	inf
3.749531299993396e+01	inf
3.753260680008680e+01	inf
3.757785449968651e+01	inf
3.760130319977179e+01	inf
3.762841090001166e+01	inf
3.765155659988523e+01	inf
3.767942449962720e+01	inf
3.770235729962587e+01	inf
3.774268729984760e+01	inf
3.776614279998466e+01	inf
3.778970259986818e+01	inf
3.783358679991215e+01	inf
3.787660959968343e+01	inf
3.790079659968615e+01	inf
3.793185749975964e+01	inf
3.795479650003836e+01	inf
3.797879329975694e+01	inf
3.800180399976671e+01	inf
3.804149489989504e+01	inf
3.806587889976799e+01	inf
3.810374629963189e+01	inf
3.813169700000435e+01	inf
3.815570029988885e+01	inf
3.817866609990597e+01	inf
3.821459609968588e+01	inf
3.823755019996315e+01	inf
3.829162559984252e+01	inf
3.833792159985751e+01	inf
3.836154849966988e+01	inf
3.838452639989555e+01	inf
3.842868690006435e+01	inf
3.846348969964311e+01	inf
3.848644049977884e+01	inf
3.853145030001178e+01	inf
3.855536539992318e+01	inf
3.858740409975871e+01	inf
3.862836979981512e+01	inf
3.865138619998470e+01	inf
3.867457709973678e+01	inf
3.869833999965340e+01	inf
3.873231970006600e+01	inf
3.875530739966780e+01	inf
3.879127869987860e+01	inf
3.883955190004781e+01	inf
3.887887169979513e+01	inf
3.890299009997398e+01	inf
3.893095090007409e+01	inf
3.895390839967877e+01	inf
3.897794819995761e+01	inf
3.901308059971780e+01	inf
3.904455169988796e+01	inf
3.909220610000193e+01	inf
3.913144169980660e+01	inf
3.915552249969915e+01	inf
3.918121399963275e+01	inf
3.921677349973470e+01	inf
3.923984079994261e+01	inf
3.926477239979431e+01	inf
3.928876559995115e+01	inf
3.933218179969117e+01	inf
3.935517290001735e+01	inf
3.937917269999161e+01	inf
3.940425949962810e+01	inf
3.942822649981827e+01	inf
3.945157209970057e+01	inf
3.947906020004302e+01	inf
3.951632210006937e+01	inf
3.953971659997478e+01	inf
3.956413329998031e+01	inf
3.958784409984946e+01	inf
3.962966529978439e+01	inf
3.965367859974504e+01	inf
3.967866179998964e+01	inf
3.970457799965516e+01	inf
3.973659789981321e+01	inf
3.978414849983528e+01	inf
3.982856589974836e+01	inf
3.985155839985237e+01	inf
3.987761289998889e+01	inf
3.990152970002964e+01	inf
3.993166389968246e+01	inf
3.995557889994234e+01	inf
3.997933240002021e+01	inf
4.000233480008319e+01	inf
4.003538340004161e+01	inf
4.008442940004170e+01	inf
4.013162999972701e+01	inf
4.016196019994095e+01	inf
4.019300880003721e+01	inf
4.023940279986709e+01	inf
4.028723639994860e+01	inf
4.033122679963708e+01	inf
4.036420959979296e+01	inf
4.039418300008401e+01	inf
4.042813869984820e+01	inf
4.045713449968025e+01	inf
4.048915449995548e+01	inf
4.053213110007346e+01	inf
4.055579169979319e+01	inf
4.058393229963258e+01	inf
4.064424989977852e+01	inf
4.067822569981217e+01	inf
4.070123229967430e+01	inf
4.073133989982307e+01	inf
4.075463429978117e+01	inf
4.077863329974934e+01	inf
4.080165209993720e+01	inf
4.083163909986615e+01	inf
4.085649649985135e+01	inf
4.089456579973921e+01	inf
4.093057859968394e+01	inf
4.095453589968383e+01	inf
4.097853029984981e+01	inf
4.100465069990605e+01	inf
4.103548249974847e+01	inf
4.106835759989917e+01	inf
4.109954939968884e+01	inf
4.113294939976186e+01	inf
4.117839009966701e+01	inf
4.121041309973225e+01	inf
4.124141340004280e+01	inf
4.128840289963409e+01	inf
4.133133649965748e+01	inf
4.135432749986649e+01	inf
4.137836760003120e+01	inf
4.140127769997343e+01	inf
4.142929739970714e+01	inf
4.145228779967874e+01	inf
4.147929190006107e+01	inf
4.150608569988981e+01	inf
4.153107080003247e+01	inf
4.155404739966616e+01	inf
4.158202049974352e+01	inf
4.161872999975458e+01	inf
4.165076499991119e+01	inf
4.167498939996585e+01	inf
4.169799969997257e+01	inf
4.173199020000175e+01	inf
4.175569489970803e+01	inf
4.179219840001315e+01	inf
4.183845049981028e+01	inf
4.188544389978051e+01	inf
4.193126039998606e+01	inf
4.195481769973412e+01	inf
4.197886989964172e+01	inf
4.200176499970257e+01	inf
4.203012929996476e+01	inf
4.205449729971588e+01	inf
4.208093769988045e+01	inf
4.210495160007849e+01	inf
4.213118789996952e+01	inf
4.216490980004892e+01	inf
4.218893869966269e+01	inf
4.224327389989048e+01	inf
4.227450109971687e+01	inf
4.229838919965550e+01	inf
4.233220619987696e+01	inf
4.235618550004438e+01	inf
4.238033959968016e+01	inf
4.240432660002261e+01	inf
4.242865230003372e+01	inf
4.245271079987288e+01	inf
4.247814289992675e+01	inf
4.250115179968998e+01	inf
4.253966469969600e+01	inf
4.256517979968339e+01	inf
4.260341229988262e+01	inf
4.263457300001755e+01	inf
4.267811519978568e+01	inf
4.271268319990486e+01	inf
4.274427329981700e+01	inf
4.278032850008458e+01	inf
4.280350969964638e+01	inf
4.283077639993280e+01	inf
4.285437149973586e+01	inf
4.288308799965307e+01	inf
4.292939729988575e+01	inf
4.296039359970018e+01	inf
4.299138029990718e+01	inf
4.302909709978849e+01	inf
4.305288539966568e+01	inf
4.308583879983053e+01	inf
4.313280129991472e+01	inf
4.315713629964739e+01	inf
4.318113299971446e+01	inf
4.321197359962389e+01	inf
4.323566309968010e+01	inf
4.329059239989147e+01	inf
4.333054569968954e+01	inf
4.335454500000924e+01	inf
4.338652190007269e+01	inf
4.342852939991280e+01	inf
4.346547980001196e+01	inf
4.348844809969887e+01	inf
4.354347889963537e+01	inf
4.359045760007575e+01	inf
4.362839509965852e+01	inf
4.365144139993936e+01	inf
4.367807490006089e+01	inf
4.370171599974856e+01	inf
4.374505619984120e+01	inf
4.376805449975654e+01	inf
4.379308669967577e+01	inf
4.383126490004361e+01	inf
4.385515319975093e+01	inf
4.387908219965175e+01	inf
4.390251039993018e+01	inf
4.393107219971716e+01	inf
4.395405439985916e+01	inf
4.398160219984129e+01	inf
4.400549619970843e+01	inf
4.404277169983834e+01	inf
4.406908119982108e+01	inf
4.409233639994636e+01	inf
4.413271440006793e+01	inf
4.417549679987133e+01	inf
4.419905939977616e+01	inf
4.423136409977451e+01	inf
4.425447469996288e+01	inf
4.429316379968077e+01	inf
4.433129999972880e+01	inf
4.435429150005803e+01	inf
4.437820129981264e+01	inf
4.440211529983208e+01	inf
4.443260699976236e+01	inf
4.445666470006108e+01	inf
4.447989120008424e+01	inf
4.451123989978805e+01	inf
4.454108250001445e+01	inf
4.458940699975938e+01	inf
4.462888919981197e+01	inf
4.465243879985064e+01	inf
4.467599170003086e+01	inf
4.469998229993507e+01	inf
4.473221829999238e+01	inf
4.476425619982183e+01	inf
4.479571839980781e+01	inf
4.483000179985538e+01	inf
4.485372880008072e+01	inf
4.489026300003752e+01	inf
4.493134809983894e+01	inf
4.495463080005720e+01	inf
4.498459669994190e+01	inf
4.502856409968808e+01	inf
4.505156029993668e+01	inf
4.509258960001171e+01	inf
4.513051799964160e+01	inf
4.515649640001357e+01	inf
4.518047600006685e+01	inf
4.520405539963394e+01	inf
4.523498159972951e+01	inf
4.525957569992170e+01	inf
4.528349749976769e+01	inf
4.534402259998024e+01	inf
4.537852949975058e+01	inf
4.540237349970266e+01	inf
4.542831930005923e+01	inf
4.545250479970127e+01	inf
4.547930149966851e+01	inf
4.550226409966126e+01	inf
4.554523909976706e+01	inf
4.556828469969332e+01	inf
4.559324979968369e+01	inf
4.563019219972193e+01	inf
4.565621079970151e+01	inf
4.568123099999502e+01	inf
4.571931069996208e+01	inf
4.574320229981095e+01	inf
4.578016830002889e+01	inf
4.580417239991948e+01	inf
4.583052779966965e+01	inf
4.585415000002831e+01	inf
4.587815279979259e+01	inf
4.590212069964036e+01	inf
4.593209169991314e+01	inf
4.596807529963553e+01	inf
4.599150909995660e+01	inf
4.603028950002044e+01	inf
4.605426319967955e+01	inf
4.609337999997661e+01	inf
4.613118609972298e+01	inf
4.615521069988608e+01	inf
4.617871670005843e+01	inf
4.620176870003343e+01	inf
4.622971019987017e+01	inf
4.625275640003383e+01	inf
4.628153429972008e+01	inf
4.631250520003960e+01	inf
4.634428959991783e+01	inf
4.638605909980834e+01	inf
4.643613549973816e+01	inf
4.645911049982533e+01	inf
4.648266829969361e+01	inf
4.651380119984969e+01	inf
4.653771559987217e+01	inf
4.659304879978299e+01	inf
4.662865039985627e+01	inf
4.665470379963517e+01	inf
4.668066099984571e+01	inf
4.670511889969930e+01	inf
4.673118790006265e+01	inf
4.675420129997656e+01	inf
4.678017889987677e+01	inf
4.680429330002517e+01	inf
4.683127600001171e+01	inf
4.685469559999183e+01	inf
4.689107639994472e+01	inf
4.693062189966440e+01	inf
4.695363530004397e+01	inf
4.697863399982452e+01	inf
4.700183720001951e+01	inf
4.703065119963139e+01	inf
4.705455509992316e+01	inf
4.707896529976279e+01	inf
4.710282430006191e+01	inf
4.714156149979681e+01	inf
4.718057770002633e+01	inf
4.720435260003433e+01	inf
4.722873279964551e+01	inf
4.726651400001720e+01	inf
4.729080169973895e+01	inf
4.733151389984414e+01	inf
4.735526049975306e+01	inf
4.737974009988829e+01	inf
4.740549529995769e+01	inf
4.742963030003011e+01	inf
4.746751279989257e+01	inf
4.749137179972604e+01	inf
4.753135379962623e+01	inf
4.755531609989703e+01	inf
4.759390879981220e+01	inf
4.763173089968041e+01	inf
4.765767579991370e+01	inf
4.768128659995273e+01	inf
4.770429769996554e+01	inf
4.773443469963968e+01	inf
4.778125120000914e+01	inf
4.781144599989057e+01	inf
4.783533809985965e+01	inf
4.787917609978467e+01	inf
4.790703189978376e+01	inf
4.793171459995210e+01	inf
4.795548909995705e+01	inf
4.797930599981919e+01	inf
4.800328319985420e+01	inf
4.802931329980493e+01	inf
4.805224369978532e+01	inf
4.818719139974564e+01	inf
4.822797479992732e+01	inf
4.825107060000300e+01	inf
4.827519090007991e+01	inf
4.831301110005006e+01	inf
4.833697609975934e+01	inf
4.839167359983549e+01	inf
4.842827240005136e+01	inf
4.845439499989152e+01	inf
4.847853429988027e+01	inf
4.850259019993246e+01	inf
4.853259949991480e+01	inf
4.856491019995883e+01	inf
4.859152079978958e+01	inf
4.862948359968141e+01	inf
4.865746789984405e+01	inf
4.868950099963695e+01	inf
4.873617269983515e+01	inf
4.877870379993692e+01	inf
4.881305669993162e+01	inf
4.883621499966830e+01	inf
4.886106959963217e+01	inf
4.888502459973097e+01	inf
4.893100069975480e+01	inf
4.895410849992186e+01	inf
4.897807609988376e+01	inf
4.900111479964107e+01	inf
4.902917259978130e+01	inf
4.905318159982562e+01	inf
4.907930379966274e+01	inf
4.910813339985907e+01	inf
4.913259849976748e+01	inf
4.915610589971766e+01	inf
4.917907029995695e+01	inf
4.921671899966896e+01	inf
4.923973029991612e+01	inf
4.928121969988570e+01	inf
4.930507100000978e+01	inf
4.933109339978546e+01	inf
4.935473660007119e+01	inf
4.937833900004625e+01	inf
4.940517869964242e+01	inf
4.942820739978924e+01	inf
4.946616469975561e+01	inf
4.948915629973635e+01	inf
4.953221339965239e+01	inf
4.956025149999186e+01	inf
4.958475599996746e+01	inf
4.962821580003947e+01	inf
4.965427599987015e+01	inf
4.967838599998504e+01	inf
4.970216349978000e+01	inf
4.973014879971743e+01	inf
4.976526989974082e+01	inf
4.978834289964288e+01	inf
4.983116009971127e+01	inf
4.985413299966604e+01	inf
4.987852049991488e+01	inf
4.990249060001224e+01	inf
4.993128729984164e+01	inf
4.995452510006726e+01	inf
4.997860949998721e+01	inf
5.000251539982855e+01	inf
5.002853969996795e+01	inf
5.005148959998041e+01	inf
5.007761809974909e+01	inf
5.010049679968506e+01	inf
5.014144629985094e+01	inf
5.017851139977574e+01	inf
5.020549710001796e+01	inf
5.022847800003365e+01	inf
5.025146109983325e+01	inf
5.027848159987479e+01	inf
5.030148530006409e+01	inf
5.033048699982464e+01	inf
5.035445280000567e+01	inf
5.037745799962431e+01	inf
5.040144669963047e+01	inf
5.042943120002747e+01	8.475980720000000e-03
5.045241170004010e+01	8.435452360000000e-03
5.047842289973050e+01	8.395117710000000e-03
5.050376009987667e+01	8.354012850000000e-03
5.053134309966117e+01	8.316749710000000e-03
5.055570969963446e+01	8.277182470000000e-03
5.058591109979898e+01	8.203234520000000e-03
5.062949940003455e+01	8.169236590000000e-03
5.066195409977809e+01	8.128901010000000e-03
5.068591769970953e+01	8.069357830000000e-03
5.074098769994453e+01	8.013271730000000e-03
5.077903089998290e+01	7.993679490000001e-03
5.080505870003253e+01	7.965445519999999e-03
5.083020319975913e+01	7.943356410000000e-03
5.086796469986439e+01	7.906862529999999e-03
5.089918019995093e+01	7.867486220000001e-03
5.093165449984372e+01	7.845781740000000e-03
5.096066779969260e+01	7.820620200000000e-03
5.099086129991338e+01	7.782013620000000e-03
5.103251140005887e+01	7.756851610000000e-03
5.105800809990615e+01	7.735531310000000e-03
5.108389570005238e+01	7.712674790000000e-03
5.113226419966668e+01	7.667152210000000e-03
5.116215199977160e+01	7.638341280000000e-03
5.119425659999251e+01	7.592819630000000e-03
5.124022529972717e+01	7.561703680000000e-03
5.127224009996280e+01	7.529819380000000e-03
5.130223069991916e+01	7.494861730000000e-03
5.133423789963126e+01	7.476998490000000e-03
5.137915779976174e+01	7.441848520000000e-03
5.140316740004346e+01	7.422833240000000e-03
5.143133519962430e+01	7.403241940000000e-03
5.145513070002198e+01	7.386338430000000e-03
5.148110769968480e+01	7.372125520000000e-03
5.150507960002869e+01	7.358680010000000e-03
5.153274339996278e+01	7.342929950000000e-03
5.155671779997647e+01	7.332365960000000e-03
5.158483759965748e+01	7.319496480000000e-03
5.164582079974934e+01	7.284731600000000e-03
5.168066269997507e+01	7.267636710000000e-03
5.170463349996135e+01	7.251886650000000e-03
5.173897810000926e+01	7.219809570000000e-03
5.178093239990994e+01	7.200602440000000e-03
5.181738789984956e+01	7.169486020000000e-03
5.184925319999456e+01	7.141827140000000e-03
5.187336790002882e+01	7.122811400000000e-03
5.189676259970292e+01	7.094576950000000e-03
5.194392329966649e+01	7.062116170000000e-03
5.199068029969931e+01	7.029078900000000e-03
5.203143689967692e+01	7.011984010000000e-03
5.205541179981083e+01	6.992585030000000e-03
5.208259409992024e+01	6.974721790000000e-03
5.211653229966760e+01	6.951480640000000e-03
5.213969870004803e+01	6.931504700000000e-03
5.216599659994245e+01	6.907303350000000e-03
5.219519639993086e+01	6.868696770000000e-03
5.224273639963940e+01	6.815299860000000e-03
5.229022530000657e+01	6.758444940000000e-03
5.233373209973797e+01	6.731747180000000e-03
5.237938759988174e+01	6.680462510000000e-03
5.241670719999820e+01	6.645697630000000e-03
5.244069319963455e+01	6.623800840000000e-03
5.246480820002034e+01	6.601519880000000e-03
5.248861059965566e+01	6.561952180000000e-03
5.253456809977069e+01	6.543898020000000e-03
5.258998169982806e+01	6.496647370000000e-03
5.263089249981567e+01	6.483394190000000e-03
5.266886849980801e+01	6.468796170000000e-03
5.270090120006353e+01	6.454966500000000e-03
5.273309529991820e+01	6.449780430000000e-03
5.275707799987867e+01	6.447092160000000e-03
5.279577529989183e+01	6.435374730000000e-03
5.283561159996316e+01	6.434030370000000e-03
5.288725399971008e+01	6.433454810000000e-03
5.293377800006419e+01	6.435567510000000e-03
5.297910759970546e+01	6.434991020000000e-03
5.300332249980420e+01	6.438064390000000e-03
5.303133089980111e+01	6.436528170000000e-03
5.305541769973934e+01	6.435567510000000e-03
5.308769139973447e+01	6.435374730000000e-03
5.313461779989302e+01	6.434991020000000e-03
5.317984469980001e+01	6.439216430000000e-03
5.320294349966571e+01	6.436911880000000e-03
5.324396169977263e+01	6.434415470000000e-03
5.329158019972965e+01	6.435183340000000e-03
5.333393679978326e+01	6.436143070000000e-03
5.337016979977489e+01	6.437296050000000e-03
5.339333469979465e+01	6.434415470000000e-03
5.343276700004935e+01	6.436335390000000e-03
5.348014190001413e+01	6.435374730000000e-03
5.350425500003621e+01	6.435567510000000e-03
5.353406129963696e+01	6.436143070000000e-03
5.358816039981321e+01	6.435951680000000e-03
5.363113779993728e+01	6.436911880000000e-03
5.366749469982460e+01	6.435567510000000e-03
5.369071900006384e+01	6.432686470000000e-03
5.374516379972920e+01	6.437296050000000e-03
5.379094639979303e+01	6.437103730000000e-03
5.383294449979439e+01	6.436335390000000e-03
5.388494979962707e+01	6.436143070000000e-03
5.393308699969202e+01	6.435567510000000e-03
5.396470109978691e+01	6.436528170000000e-03
5.398868920002133e+01	6.435374730000000e-03
5.403223129967228e+01	6.434606850000000e-03
5.405525189964101e+01	6.436528170000000e-03
5.409144470002502e+01	6.436719560000000e-03
5.413330659968778e+01	6.436528170000000e-03
5.418549979990348e+01	6.436911880000000e-03
5.423146570008248e+01	6.434799170000000e-03
5.425545320007950e+01	6.435758900000000e-03
5.428075269982219e+01	6.436528170000000e-03
5.430960149969906e+01	6.436911880000000e-03
5.433454929990694e+01	6.437871610000000e-03
5.438793860003352e+01	6.437680220000000e-03
5.443124289996922e+01	6.436528170000000e-03
5.445504459971562e+01	6.437296050000000e-03
5.448208019975573e+01	6.438832260000000e-03
5.450542189972475e+01	6.437487900000000e-03
5.454467500001192e+01	6.438255780000000e-03
5.457030979963019e+01	6.437296050000000e-03
5.460667950008065e+01	6.438832260000000e-03
5.463170340005308e+01	6.438640880000000e-03
5.466975919995457e+01	6.438255780000000e-03
5.469384779967368e+01	6.439792920000000e-03
5.473377020005137e+01	6.438448560000000e-03
5.478072729986161e+01	6.440944970000000e-03
5.480508859967813e+01	6.439792920000000e-03
5.483247349970043e+01	6.440753580000000e-03
5.485851359972730e+01	6.440177090000000e-03
5.488182209990919e+01	6.440369410000000e-03
5.490577830001712e+01	6.438255780000000e-03
5.493804579973221e+01	6.439984780000000e-03
5.498491399968043e+01	6.440753580000000e-03
5.503085199976340e+01	6.439216430000000e-03
5.505652830004692e+01	6.436719560000000e-03
5.508409549994394e+01	6.438064390000000e-03
5.513280660007149e+01	6.438832260000000e-03
5.515659369993955e+01	6.439216430000000e-03
5.517997920000926e+01	6.440177090000000e-03
5.520343749970198e+01	6.440561260000000e-03
5.523438769998029e+01	6.440944970000000e-03
5.528024780005217e+01	6.441713310000000e-03
5.530505379987881e+01	6.436719560000000e-03
5.533325909962878e+01	6.438255780000000e-03
5.539322859980166e+01	6.437680220000000e-03
5.543130739964545e+01	6.441713310000000e-03
5.545625159982592e+01	6.440753580000000e-03
5.547925269976258e+01	6.440177090000000e-03
5.550291319983080e+01	6.440753580000000e-03
5.553453100007027e+01	6.440753580000000e-03
5.558685479965061e+01	6.443634630000000e-03
5.563066839985549e+01	6.443250460000000e-03
5.565565609978512e+01	6.443441850000000e-03
5.568125199992210e+01	6.438640880000000e-03
5.571005709981546e+01	6.438255780000000e-03
5.573359509976581e+01	6.438064390000000e-03
5.575760239968076e+01	6.438448560000000e-03
5.578966340003535e+01	6.439984780000000e-03
5.583353309985250e+01	6.440177090000000e-03
5.588359229965135e+01	6.438832260000000e-03
5.593146710004658e+01	6.441713310000000e-03
5.595547090005130e+01	6.439025050000000e-03
5.598042699974030e+01	6.439792920000000e-03
5.600442879972979e+01	6.439600610000000e-03
5.603093059966341e+01	6.440177090000000e-03
5.605444729980081e+01	6.440561260000000e-03
5.608145319996402e+01	6.439984780000000e-03
5.610539390007034e+01	6.438640880000000e-03
5.613433899963275e+01	6.437680220000000e-03
5.617931889975443e+01	6.439408750000000e-03
5.620230529969558e+01	6.438448560000000e-03
5.623129749996588e+01	6.440369410000000e-03
5.625430909963325e+01	6.440753580000000e-03
5.629127039993182e+01	6.438832260000000e-03
5.633324799966067e+01	6.438255780000000e-03
5.636929309973493e+01	6.439792920000000e-03
5.639229829981923e+01	6.436911880000000e-03
5.643276749970391e+01	6.433838510000000e-03
5.647817129967734e+01	6.434222680000000e-03
5.650163479987532e+01	6.434222680000000e-03
5.653374210000038e+01	6.436528170000000e-03
5.658070649998263e+01	6.436335390000000e-03
5.660479849996045e+01	6.434991020000000e-03
5.663673170004040e+01	6.433838510000000e-03
5.666871050000191e+01	6.436143070000000e-03
5.669270320003852e+01	6.430957930000000e-03
5.673466899991035e+01	6.432686470000000e-03
5.678063019970432e+01	6.430957930000000e-03
5.680460339970887e+01	6.431149320000000e-03
5.683361149998382e+01	6.431341640000000e-03
5.688956080004573e+01	6.432109980000000e-03
5.693599209981039e+01	6.434030370000000e-03
5.696008289977908e+01	6.432301360000000e-03
5.698381019989029e+01	6.433646190000000e-03
5.703074289998040e+01	6.433070640000000e-03
5.705600730003789e+01	6.435374730000000e-03
5.709195269970223e+01	6.434991020000000e-03
5.713972069974989e+01	6.434606850000000e-03
5.718050359981135e+01	6.436528170000000e-03
5.720517699979246e+01	6.435951680000000e-03
5.723158669983968e+01	6.434222680000000e-03
5.725450460007414e+01	6.437103730000000e-03
5.727852179994807e+01	6.436143070000000e-03
5.730200809985399e+01	6.434606850000000e-03
5.733408579975367e+01	6.434222680000000e-03
5.738007699977607e+01	6.431917660000000e-03
5.740628669969738e+01	6.429804490000000e-03
5.743102939985693e+01	6.430765150000000e-03
5.746898429980502e+01	6.431149320000000e-03
5.749218589998782e+01	6.430957930000000e-03
5.753519319975749e+01	6.434415470000000e-03
5.756707669980824e+01	6.430765150000000e-03
5.759515359997749e+01	6.432494150000000e-03
5.763222029991448e+01	6.435374730000000e-03
5.765609999978915e+01	6.434222680000000e-03
5.768115529976785e+01	6.432301360000000e-03
5.770425619976595e+01	6.430765150000000e-03
5.773361939983442e+01	6.432494150000000e-03
5.778413069993258e+01	6.432686470000000e-03
5.783115819981322e+01	6.431533490000000e-03
5.785418089991435e+01	6.433454810000000e-03
5.789040819974616e+01	6.432686470000000e-03
5.793486450007185e+01	6.434030370000000e-03
5.798501269984990e+01	6.432878320000000e-03
5.803196599986404e+01	6.433262020000000e-03
5.808268629992381e+01	6.434030370000000e-03
5.814002599986270e+01	6.433838510000000e-03
5.816414929972962e+01	6.433646190000000e-03
5.818801739998162e+01	6.431917660000000e-03
5.823310369998217e+01	6.434799170000000e-03
5.828085649991408e+01	6.433454810000000e-03
5.830520069971681e+01	6.431725810000000e-03
5.834012339962646e+01	6.432494150000000e-03
5.838119329977781e+01	6.434799170000000e-03
5.841619029967114e+01	6.430188660000000e-03
5.843984689982608e+01	6.431341640000000e-03
5.846383380005136e+01	6.429997270000000e-03
5.848779679974541e+01	6.428460120000000e-03
5.853475569980219e+01	6.428460120000000e-03
5.859028529981151e+01	6.431149320000000e-03
5.863093549991027e+01	6.432494150000000e-03
5.866674009989947e+01	6.432686470000000e-03
5.868986869975924e+01	6.433646190000000e-03
5.874504529964179e+01	6.433070640000000e-03
5.876861390005797e+01	6.431341640000000e-03
5.880583989992738e+01	6.431725810000000e-03
5.883368030004203e+01	6.429228930000000e-03
5.887910760007799e+01	6.427500400000000e-03
5.891611419990659e+01	6.432686470000000e-03
5.893991639977321e+01	6.430381440000000e-03
5.899344770004973e+01	6.431917660000000e-03
5.903107409970835e+01	6.428268270000000e-03
5.905509679997340e+01	6.430765150000000e-03
5.908942299988121e+01	6.431341640000000e-03
5.913444569986314e+01	6.430381440000000e-03
5.918040779978037e+01	6.428845230000000e-03
5.920441969996318e+01	6.428652440000000e-03
5.924485949985683e+01	6.426923910000000e-03
5.928100979980081e+01	6.427500400000000e-03
5.930517679965124e+01	6.427691780000000e-03
5.934022139990702e+01	6.428460120000000e-03
5.936484469985589e+01	6.428845230000000e-03
5.938963369978592e+01	6.427691780000000e-03
5.943255129968747e+01	6.427500400000000e-03
5.947846389980987e+01	6.427691780000000e-03
5.951136339968070e+01	6.427308080000000e-03
5.953519169986248e+01	6.424811200000000e-03
5.968592889979482e+01	6.427308080000000e-03
5.974793009972200e+01	6.425387690000000e-03
5.978177849994972e+01	6.427308080000000e-03
5.980567929986864e+01	6.423850540000000e-03
5.984266349999234e+01	6.429613100000000e-03
5.988161639962345e+01	6.429997270000000e-03
5.990561780007556e+01	6.429036610000000e-03
5.993661439977586e+01	6.427691780000000e-03
5.996056729974225e+01	6.428268270000000e-03
5.998493229970336e+01	6.428652440000000e-03
6.003661609999835e+01	6.421161820000000e-03
