# [General]
# timestamp=2025-04-09T12:33:37.902607
# comments='# '
# delimiter='\t'
# column_dtypes=float;;float
# column_headers='Time (s);;Power (W)'
# 
# [Metadata]
# scanner_y=3.570616407198321
# scanner_x=-5.097816168198413
# start recoding time='09.04.2025, 12:32:37.788600'
# sample rate (hz)=50.0
# sample timing='TIMESTAMP'
# 
# ---- END HEADER ----
8.185999467968941e-04	7.582325910000000e-06
2.628830028697848e-02	7.581747920000000e-06
5.227790027856827e-02	7.580014880000000e-06
7.578549999743700e-02	7.572694810000000e-06
1.050434000790119e-01	7.573271890000000e-06
1.528656003065407e-01	7.582711530000000e-06
1.907327999360859e-01	7.588875630000000e-06
2.147142002359033e-01	7.593306240000000e-06
2.517886999994516e-01	7.588297650000000e-06
2.848020000383258e-01	7.585601450000000e-06
3.088700002990663e-01	7.588875630000000e-06
3.515335000120103e-01	7.595618170000000e-06
3.756297002546489e-01	7.606598500000000e-06
4.096965999342501e-01	7.617194110000000e-06
4.530446003191173e-01	7.624706540000000e-06
4.772796998731792e-01	7.632990670000001e-06
5.203374000266194e-01	7.640118379999999e-06
5.520545002073050e-01	7.638769600000000e-06
5.760137001052499e-01	7.638769600000000e-06
6.141222002916038e-01	7.638191160000000e-06
6.528175999410450e-01	7.632412230000001e-06
6.758444001898170e-01	7.610644390000000e-06
7.055750000290573e-01	7.554586320000000e-06
7.524644001387060e-01	7.320722030000000e-06
7.757187001407146e-01	7.150620600000000e-06
8.025219002738595e-01	7.008260130000000e-06
8.264683000743389e-01	6.939488230000000e-06
8.657974000088871e-01	6.900381780000000e-06
8.892814000137150e-01	6.878614390000000e-06
9.125220999121666e-01	6.876880430000000e-06
9.522615000605583e-01	6.878999100000000e-06
9.760555000975728e-01	6.882659360000000e-06
1.002692600246519e+00	6.887090420000000e-06
1.037674500141293e+00	6.889787070000000e-06
1.061982200015336e+00	6.832765850000000e-06
1.103524799924344e+00	6.704275620000000e-06
1.148715800140053e+00	6.410114570000000e-06
1.171892500016838e+00	6.271414350000000e-06
1.209867000114173e+00	5.992471870000000e-06
1.251770900096744e+00	5.926397080000000e-06
1.274836000055075e+00	5.846644400000000e-06
1.318316600285470e+00	5.747627260000000e-06
1.353193799965084e+00	5.723932190000000e-06
1.377305900212377e+00	5.679818510000000e-06
1.404132100287825e+00	5.625108770000000e-06
1.459200799930841e+00	5.567701920000000e-06
1.491376399993896e+00	5.567317200000000e-06
1.515527400188148e+00	5.576755940000000e-06
1.554145399946719e+00	5.586774020000000e-06
1.603576600085944e+00	5.610083010000000e-06
1.662413500249386e+00	5.661132490000000e-06
1.704521399922669e+00	5.674809930000000e-06
1.749865999910980e+00	5.696577770000000e-06
1.773812900297344e+00	5.717768090000000e-06
1.800648199860007e+00	5.751865050000000e-06
1.824935900047421e+00	5.785384930000000e-06
1.862339700106531e+00	5.893456090000000e-06
1.904797799885273e+00	5.941808010000000e-06
1.951519300229847e+00	6.013277470000000e-06
1.974994800053537e+00	6.034660150000000e-06
2.001788400113583e+00	6.061244680000000e-06
2.034927400294691e+00	6.106129600000000e-06
2.058750400319695e+00	6.134447180000000e-06
2.082804600242525e+00	6.167773790000000e-06
2.106483499985188e+00	6.247334110000000e-06
2.151639900170267e+00	6.298191240000000e-06
2.175636600237340e+00	6.351745010000000e-06
2.201669199857861e+00	6.416471930000000e-06
2.238416899926960e+00	6.567694070000000e-06
2.262569400016218e+00	6.759370080000000e-06
2.315857599955052e+00	6.881118680000000e-06
2.363834599964321e+00	6.974548800000000e-06
2.395137900020927e+00	7.038504920000000e-06
2.418885900173336e+00	7.100149110000000e-06
2.451903100125492e+00	7.156592350000000e-06
2.475946000311524e+00	7.240583730000000e-06
2.504384300205857e+00	7.335362620000000e-06
2.552074000239372e+00	7.571538840000000e-06
2.580880000256002e+00	7.696560710000000e-06
2.604893099982291e+00	7.799430930000000e-06
2.650959200225770e+00	7.990529410000000e-06
2.674858300015330e+00	8.106690980000001e-06
2.705819600261748e+00	8.340362909999999e-06
2.752637200057507e+00	9.209313250000000e-06
2.862797699868679e+00	9.230447179999999e-06
2.886230400297791e+00	9.280397529999999e-06
2.924823699984699e+00	9.476358170000000e-06
2.952332499902695e+00	9.624287490000000e-06
2.986924299970269e+00	9.822168070000000e-06
3.018523500300944e+00	1.013532160000000e-05
3.041612599976361e+00	1.047152640000000e-05
3.065475600305945e+00	1.099408560000000e-05
3.104482700116932e+00	1.132452780000000e-05
3.159947399981320e+00	1.231969780000000e-05
3.202166200149804e+00	1.264437650000000e-05
3.225498800165951e+00	1.304013770000000e-05
3.251324099954218e+00	1.352043270000000e-05
3.284944700077176e+00	1.428313860000000e-05
3.309016299899668e+00	1.477303980000000e-05
3.332382400054485e+00	1.513229650000000e-05
3.357326100114733e+00	1.547811010000000e-05
3.408690399955958e+00	1.550308480000000e-05
3.451187400147319e+00	1.548579350000000e-05
3.486368600279093e+00	1.544352740000000e-05
3.519427000079304e+00	1.539549880000000e-05
3.565317800268531e+00	1.522067030000000e-05
3.612318300176412e+00	1.503816110000000e-05
3.635436700191349e+00	1.492480990000000e-05
3.658725799992681e+00	1.476919620000000e-05
3.703897099941969e+00	1.467697980000000e-05
3.749563000164926e+00	1.449638880000000e-05
3.773551300168037e+00	1.441185760000000e-05
3.814276400022209e+00	1.419860750000000e-05
3.860562799964100e+00	1.385855920000000e-05
3.903826199937612e+00	1.372984020000000e-05
3.937701900023967e+00	1.353964400000000e-05
3.968291200231761e+00	1.316693580000000e-05
4.001201200298965e+00	1.292294750000000e-05
4.025017400272191e+00	1.270008940000000e-05
4.063201399985701e+00	1.228319520000000e-05
4.105019700247794e+00	1.195275220000000e-05
4.150665299966931e+00	1.134374000000000e-05
4.174814000260085e+00	1.095566220000000e-05
4.201528500299901e+00	1.068093390000000e-05
4.235540099907666e+00	1.029862050000000e-05
4.259178200270981e+00	9.601234520000000e-06
4.304762599989772e+00	9.249658430000000e-06
4.350940000265837e+00	8.792419070000000e-06
4.374371299985796e+00	8.511927260000000e-06
4.405560600105673e+00	8.233357220000000e-06
4.451780099887401e+00	7.718481359999999e-06
4.482027099933475e+00	7.413015740000000e-06
4.513497900217772e+00	7.203607770000000e-06
4.545314500108361e+00	7.032622310000000e-06
4.575955600012094e+00	6.925035450000000e-06
4.601876700296998e+00	6.859717360000000e-06
4.638427500147372e+00	6.732918790000000e-06
4.669872200116515e+00	6.560013840000000e-06
4.704280599951744e+00	6.483166090000000e-06
4.749812799971551e+00	6.255232170000000e-06
4.874239900149405e+00	6.228648090000000e-06
4.897573499940336e+00	6.201486490000000e-06
4.920971100218594e+00	6.154867610000000e-06
4.951272299978882e+00	6.123081220000000e-06
4.983593999873847e+00	6.076269980000000e-06
5.014624500181526e+00	6.031192700000000e-06
5.060571500100195e+00	5.926589440000000e-06
5.104709899984300e+00	5.873421290000000e-06
5.150270699989051e+00	5.773055360000000e-06
5.173678100109100e+00	5.724317820000000e-06
5.203945100307465e+00	5.673076430000000e-06
5.250193400308490e+00	5.616054750000000e-06
5.274122300092131e+00	5.599680210000000e-06
5.297651200089604e+00	5.598139070000000e-06
5.328134400304407e+00	5.615091140000000e-06
5.359410600271076e+00	5.644950310000000e-06
5.405584600288421e+00	5.658820560000000e-06
5.451873600017279e+00	5.687523300000000e-06
5.475796299986541e+00	5.705631790000000e-06
5.513766900170594e+00	5.747050180000000e-06
5.552082400303334e+00	5.772670650000000e-06
5.575958299916238e+00	5.797905940000000e-06
5.609149100258946e+00	5.846836760000000e-06
5.651893199887127e+00	5.872265320000000e-06
5.675920899957418e+00	5.907711060000000e-06
5.704648000188172e+00	5.950091690000000e-06
5.750395900104195e+00	6.113834840000000e-06
5.780197199899703e+00	6.395859600000000e-06
5.811528600286692e+00	6.905005650000000e-06
5.852154999971390e+00	7.286046180000000e-06
5.876158200204372e+00	7.711973009999999e-06
5.900224199984223e+00	8.092435560000000e-06
5.924147500190884e+00	1.042733950000000e-05
6.050315599888563e+00	1.074241210000000e-05
6.074028300121427e+00	1.107477510000000e-05
6.097500000149012e+00	1.147630160000000e-05
6.120740100275725e+00	1.199117740000000e-05
6.155396800022572e+00	1.252334280000000e-05
6.203076099976897e+00	1.358191090000000e-05
6.227264500223100e+00	1.398151380000000e-05
6.251463000196964e+00	1.432732550000000e-05
6.274764600209892e+00	1.473269460000000e-05
6.304720900021493e+00	1.504392280000000e-05
6.360486899968237e+00	1.630613770000000e-05
6.407035599928349e+00	1.720140430000000e-05
6.450977700296789e+00	1.753760810000000e-05
6.483982299920171e+00	1.788918420000000e-05
6.508117500226945e+00	1.812164740000000e-05
6.547352199908346e+00	1.840790170000000e-05
6.579078100156039e+00	1.862691530000000e-05
6.612405400257558e+00	1.894967500000000e-05
6.651649199891835e+00	1.914563290000000e-05
6.675625900272280e+00	1.936080300000000e-05
6.704183500260115e+00	1.959902870000000e-05
6.749795200303197e+00	2.037902780000000e-05
6.784115800168365e+00	2.109370690000000e-05
6.814912999980152e+00	2.161050180000000e-05
6.838923000264913e+00	2.188330650000000e-05
6.863217399921268e+00	2.238089470000000e-05
6.907896300312132e+00	2.295724700000000e-05
6.956553600262851e+00	2.366231640000000e-05
7.002851400058717e+00	2.406576460000000e-05
7.026097500231117e+00	2.452108310000000e-05
7.052819299977273e+00	2.505709020000000e-05
7.077189200092107e+00	2.559117820000000e-05
7.104238099884242e+00	2.601383490000000e-05
7.127769700251520e+00	2.640959970000000e-05
7.150752100162208e+00	2.671698710000000e-05
7.173872400075197e+00	2.699939800000000e-05
7.205724100116640e+00	2.722417590000000e-05
7.251690000295639e+00	2.759496420000000e-05
7.276522300206125e+00	2.784087340000000e-05
7.316654900088906e+00	2.812712770000000e-05
7.351671000011265e+00	2.824816150000000e-05
7.375538799911737e+00	2.845949170000000e-05
7.403633799869567e+00	2.862279330000000e-05
7.428108900319785e+00	2.877072260000000e-05
7.451597299892455e+00	2.883988600000000e-05
7.489588300231844e+00	2.899742140000000e-05
7.513833899982274e+00	2.948924340000000e-05
7.566560400184244e+00	3.099736570000000e-05
7.602609000168741e+00	3.185613240000000e-05
7.626554700080305e+00	3.259962610000000e-05
7.651942700147629e+00	3.316445150000000e-05
7.675940699875355e+00	3.371775160000000e-05
7.703647600021213e+00	3.416922850000000e-05
7.727524300105870e+00	3.463223040000000e-05
7.750688999891281e+00	3.512405240000000e-05
7.774367699865252e+00	3.576572640000000e-05
7.815910399891436e+00	3.688961080000000e-05
7.863507200032473e+00	3.778872270000000e-05
7.910835000220686e+00	3.827862380000000e-05
7.951849500183016e+00	3.856103290000000e-05
7.989011100027710e+00	3.936792560000000e-05
8.021149800159037e+00	4.054560850000000e-05
8.052980000153184e+00	4.158688530000000e-05
8.076717799995095e+00	4.223624270000000e-05
8.105680699925870e+00	4.275880200000000e-05
8.153507899958640e+00	4.388269010000000e-05
8.200542700011283e+00	4.478371920000000e-05
8.228895000182092e+00	4.510647700000000e-05
8.258681400213391e+00	4.547918430000000e-05
8.305666700005531e+00	4.566938150000000e-05
8.329549999907613e+00	4.585189890000000e-05
8.367749100085348e+00	4.612278280000000e-05
8.403825100045651e+00	4.628223910000000e-05
8.461854699999094e+00	4.685667230000000e-05
8.505022600293159e+00	4.698346310000000e-05
8.554549599997699e+00	4.723706300000000e-05
8.601452600210905e+00	4.747144700000000e-05
8.624445800203830e+00	4.758095380000000e-05
8.647592800203711e+00	4.774040640000000e-05
8.671594300307333e+00	4.793637340000000e-05
8.710603500250727e+00	4.831483970000000e-05
8.751865699887276e+00	4.851464470000000e-05
8.775464900303632e+00	4.880089550000000e-05
8.804438299965113e+00	4.913902380000000e-05
8.849419100210071e+00	5.002468610000000e-05
8.872360200155526e+00	5.074512960000000e-05
8.904652500059456e+00	5.118123230000000e-05
8.929791000206023e+00	5.150591820000000e-05
8.953645899891853e+00	5.172876630000000e-05
8.998613900039345e+00	5.206113200000000e-05
9.037395799998194e+00	5.232625700000000e-05
9.060457200277597e+00	5.269704340000000e-05
9.104925999883562e+00	5.289108230000000e-05
9.151044399943203e+00	5.328684350000000e-05
9.179923700168729e+00	5.345974930000000e-05
9.203934200108051e+00	5.361536750000000e-05
9.227914399933070e+00	5.374984540000000e-05
9.252007999923080e+00	5.391314330000000e-05
9.275809000246227e+00	5.410526500000000e-05
9.304794399999082e+00	5.431659160000000e-05
9.353107300121337e+00	5.473156490000000e-05
9.401328800246119e+00	5.510812120000000e-05
9.425103200133890e+00	5.544047960000000e-05
9.462157000321895e+00	5.644141490000000e-05
9.504829599987715e+00	5.709845940000000e-05
9.538873600307852e+00	5.818584030000000e-05
9.569454300217330e+00	5.936544400000000e-05
9.602409200277179e+00	6.002632650000000e-05
9.626715700142086e+00	6.086011490000000e-05
9.664069500286132e+00	6.208967530000000e-05
9.705353999976069e+00	6.232981830000000e-05
9.756648700218648e+00	6.291001050000000e-05
9.802439100109041e+00	6.303296690000000e-05
9.826381999999285e+00	6.306562859999999e-05
9.865123600233346e+00	6.334227509999999e-05
9.905219499953091e+00	6.354784270000000e-05
9.951927599962801e+00	6.387251779999999e-05
9.976331800222397e+00	6.397242400000000e-05
1.000292070023715e+01	6.415685489999999e-05
1.004985699988902e+01	6.497719730000000e-05
1.007386039989069e+01	6.591281270000000e-05
1.011784159997478e+01	6.723265689999999e-05
1.014183149999008e+01	6.835846580000000e-05
1.016582910018042e+01	6.971482070000000e-05
1.020193180022761e+01	7.046983230000000e-05
1.022992710024118e+01	7.121333330000000e-05
1.025316580012441e+01	7.183771960000000e-05
1.030871269991621e+01	7.335351980000000e-05
1.035135110002011e+01	7.367820220000000e-05
1.037437049997970e+01	7.409702080000001e-05
1.040365369990468e+01	7.452160210000000e-05
1.043334780028090e+01	7.497499610000000e-05
1.046568439994007e+01	7.558016660000000e-05
1.051374639989808e+01	7.653114879999999e-05
1.055148100014776e+01	7.708828340000001e-05
1.057635089987889e+01	7.771266970000000e-05
1.060725350026041e+01	7.880966590000000e-05
1.065429279999807e+01	7.937641200000000e-05
1.070217330008745e+01	8.070201870000000e-05
1.072615360002965e+01	8.172600790000000e-05
1.075016729999334e+01	8.265585350000001e-05
1.077813170012087e+01	8.375092149999999e-05
1.080892960028723e+01	9.048530770000000e-05
1.092903100000694e+01	9.029338980000000e-05
1.095202700002119e+01	9.104180940000000e-05
1.098325380031019e+01	9.226994010000000e-05
1.101500680018216e+01	9.353645870000000e-05
1.105241250013933e+01	9.397783290000000e-05
1.107615189999342e+01	9.443837920000001e-05
1.111034830007702e+01	9.532112020000000e-05
1.115089430008084e+01	9.595438310000000e-05
1.117488000029698e+01	9.727847650000001e-05
1.120119479997084e+01	9.915906410000000e-05
1.123588760010898e+01	1.017880420000000e-04
1.125984030030668e+01	1.034383820000000e-04
1.130514559987932e+01	1.039756830000000e-04
1.136143340030685e+01	1.052614020000000e-04
1.140252010012046e+01	1.054340970000000e-04
1.143897900031880e+01	1.057411430000000e-04
1.146995990024880e+01	1.060865620000000e-04
1.150722840009257e+01	1.065662950000000e-04
1.154615319985896e+01	1.070652360000000e-04
1.157814290001988e+01	1.075066100000000e-04
1.160940279997885e+01	1.087155690000000e-04
1.165118370018899e+01	1.092528690000000e-04
1.167545100022107e+01	1.099244980000000e-04
1.170423630019650e+01	1.107112840000000e-04
1.174939069990069e+01	1.130908130000000e-04
1.177363369986415e+01	1.147603180000000e-04
1.180059990007430e+01	1.167368680000000e-04
1.183036800008267e+01	1.194618090000000e-04
1.185387670015916e+01	1.211313360000000e-04
1.190217270003632e+01	1.241441350000000e-04
1.192600589990616e+01	1.257176770000000e-04
1.195126770017669e+01	1.279436690000000e-04
1.197536200005561e+01	1.312635140000000e-04
1.200133430026472e+01	1.343914340000000e-04
1.203538260003552e+01	1.369244860000000e-04
1.206536380015314e+01	1.398797030000000e-04
1.211234740028158e+01	1.430844130000000e-04
1.213656460028142e+01	1.457326000000000e-04
1.216006939997897e+01	1.497240590000000e-04
1.220523669989780e+01	1.521995440000000e-04
1.225057320017368e+01	1.559415250000000e-04
1.228231760021299e+01	1.582251280000000e-04
1.230657170014456e+01	1.612954800000000e-04
1.236162779992446e+01	1.655555970000000e-04
1.240372569998726e+01	1.676472750000000e-04
1.243930889992043e+01	1.706600600000000e-04
1.246265650028363e+01	1.753423860000000e-04
1.250524310022593e+01	1.778178410000000e-04
1.256674120016396e+01	1.846877710000000e-04
1.260181740019470e+01	1.875470630000000e-04
1.262595040025190e+01	1.901184880000000e-04
1.265156810032204e+01	1.926898990000000e-04
1.267554940003902e+01	1.952037560000000e-04
1.270354059990495e+01	1.967005660000000e-04
1.273755050031468e+01	1.992144240000000e-04
1.276232630014420e+01	2.032250780000000e-04
1.281602800032124e+01	2.071589840000000e-04
1.286350060021505e+01	2.110928910000000e-04
1.290371689992025e+01	2.123018490000000e-04
1.294894600007683e+01	2.153338140000000e-04
1.297310579987243e+01	2.177133280000000e-04
1.300318050011992e+01	2.201120660000000e-04
1.303316930029541e+01	2.222421320000000e-04
1.305723070027307e+01	2.261760380000000e-04
1.310514350002632e+01	2.282293140000000e-04
1.315119160013273e+01	2.314148300000000e-04
1.317453570012003e+01	2.331994910000000e-04
1.320145160006359e+01	2.354446910000000e-04
1.323846899997443e+01	2.398007350000000e-04
1.326251409994438e+01	2.446941510000000e-04
1.331690210010856e+01	2.491077760000000e-04
1.334006940014660e+01	2.519478440000000e-04
1.336409040028229e+01	2.577815320000000e-04
1.341088830027729e+01	2.644404010000000e-04
1.345220170030370e+01	2.678177840000000e-04
1.347610050020739e+01	2.717900500000000e-04
1.351911000022665e+01	2.784297390000000e-04
1.355237360019237e+01	2.819414660000000e-04
1.358421740029007e+01	2.867964500000000e-04
1.361408099997789e+01	2.908838800000000e-04
1.363806700007990e+01	2.931674530000000e-04
1.366213859990239e+01	2.971205390000000e-04
1.370500939991325e+01	2.992122030000000e-04
1.375150800030679e+01	3.034915430000000e-04
1.377531060017645e+01	3.052761890000000e-04
1.381622190028429e+01	3.098049490000000e-04
1.385145359998569e+01	3.127793900000000e-04
1.387488600006327e+01	3.164829980000000e-04
1.390420380001888e+01	3.191311840000000e-04
1.394014650024474e+01	3.238710630000000e-04
1.396338160010055e+01	3.304723360000000e-04
1.400338800018653e+01	3.341567940000000e-04
1.405121550010517e+01	3.427921620000000e-04
1.407523069996387e+01	3.486450300000000e-04
1.411220650002360e+01	3.589883270000000e-04
1.415183690004051e+01	3.629797720000000e-04
1.418974670022726e+01	3.692164320000000e-04
1.421307789999992e+01	3.731886970000000e-04
1.423704840010032e+01	3.764893630000000e-04
1.426003540027887e+01	3.814402730000000e-04
1.430508120032027e+01	3.839349960000000e-04
1.436059250030667e+01	3.949691020000000e-04
1.440752570005134e+01	4.000351470000000e-04
1.445148480031639e+01	4.027025720000000e-04
1.448654640000314e+01	4.063486120000000e-04
1.451055409992114e+01	4.088240970000000e-04
1.453452489990741e+01	4.109157600000000e-04
1.455903000012040e+01	4.138326330000000e-04
1.461168090021238e+01	4.176129880000000e-04
1.465185949997976e+01	4.196279040000000e-04
1.467586000030860e+01	4.216236410000000e-04
1.470389650017023e+01	4.231012720000000e-04
1.475027940003201e+01	4.255191890000000e-04
1.477375590009615e+01	4.269200140000000e-04
1.481260390020907e+01	4.295106340000000e-04
1.484334480017424e+01	4.323891190000000e-04
1.486743520013988e+01	4.354978740000000e-04
1.490553880017251e+01	4.373592670000000e-04
1.495105430018157e+01	4.413507120000000e-04
1.497446339996532e+01	4.439988700000000e-04
1.500205920031294e+01	4.463592490000000e-04
1.502565569989383e+01	4.486620310000000e-04
1.505154110025615e+01	4.505042450000000e-04
1.507850740011781e+01	4.522121160000000e-04
1.510463290009648e+01	4.530756560000000e-04
1.512895710021257e+01	4.543614050000000e-04
1.515218849992380e+01	4.560884260000000e-04
1.518608540017158e+01	4.606939620000000e-04
1.521698250016198e+01	4.660095440000000e-04
1.525064550014213e+01	4.681204150000000e-04
1.527896000025794e+01	4.705766910000000e-04
1.530924550024793e+01	4.743762840000000e-04
1.535123000014573e+01	4.758923020000000e-04
1.537439900031313e+01	4.777536960000000e-04
1.541713359998539e+01	4.798837760000000e-04
1.544034480024129e+01	4.812654520000000e-04
1.546357499994338e+01	4.833187560000000e-04
1.551238760026172e+01	4.849690010000000e-04
1.555217189993709e+01	4.862163040000000e-04
1.557536480017006e+01	4.873869180000000e-04
1.560134330019355e+01	4.884232180000000e-04
1.562432050006464e+01	4.895553570000000e-04
1.565130780031905e+01	4.907259720000000e-04
1.567430960014462e+01	4.920691720000000e-04
1.570327140018344e+01	4.935084140000000e-04
1.572725970018655e+01	4.953890460000000e-04
1.575024530012161e+01	4.973464530000000e-04
1.577323260018602e+01	5.000713860000000e-04
1.581022490002215e+01	5.040820110000001e-04
1.585721269994974e+01	5.086300080000000e-04
1.590442180028185e+01	5.107792680000000e-04
1.595014820015058e+01	5.152312810000000e-04
1.598243319988251e+01	5.192995300000000e-04
1.600609620008618e+01	5.223506599999999e-04
1.603011310007423e+01	5.251715190000000e-04
1.606165600009263e+01	5.299113690000000e-04
1.610533160017803e+01	5.318687759999999e-04
1.615145040024072e+01	5.360521610000000e-04
1.617501650005579e+01	5.384316320000000e-04
1.620199170010164e+01	5.400819940000000e-04
1.623500919993967e+01	5.419626250000000e-04
1.625895360019058e+01	5.446108410000000e-04
1.630494370032102e+01	5.458773230000000e-04
1.632893009996042e+01	5.470286120000000e-04
1.635192660009488e+01	5.480265830000000e-04
1.637590650003403e+01	5.493506320000000e-04
1.640690399985760e+01	5.519220140000000e-04
1.645184510014951e+01	5.535723760000000e-04
1.647765430016443e+01	5.557600530000000e-04
1.650395919987932e+01	5.581395230000000e-04
1.654980000015348e+01	5.624381010000000e-04
1.657377619994804e+01	5.650862590000000e-04
1.660877440031618e+01	5.678495510000000e-04
1.663274670019746e+01	5.703826320000000e-04
1.665679279994220e+01	5.764657400000000e-04
1.670475280005485e+01	5.793634339999999e-04
1.675085850013420e+01	5.847748830000000e-04
1.677995180012658e+01	5.874806670000000e-04
1.681065190024674e+01	5.924699360000000e-04
1.685761959990487e+01	5.996085820000000e-04
1.690458530001342e+01	6.024870090000000e-04
1.692827669996768e+01	6.055382550000000e-04
1.695170309999958e+01	6.090499230000000e-04
1.698217769991606e+01	6.147301170000000e-04
1.701217090012506e+01	6.226170810000000e-04
1.705331930005923e+01	6.263975520000000e-04
1.710614569997415e+01	6.349752660000000e-04
1.715273030009121e+01	6.379689440000000e-04
1.718389720004052e+01	6.415381790000000e-04
1.720883530005813e+01	6.447236520000000e-04
1.723299210006371e+01	6.482738540000000e-04
1.726228989986703e+01	6.577727620000000e-04
1.730531820002943e+01	6.631842120000000e-04
1.735468599991873e+01	6.753505440000000e-04
1.740187820000574e+01	6.847343760000000e-04
1.742516619991511e+01	6.894550170000000e-04
1.746430520014837e+01	7.004507930000000e-04
1.750426180008799e+01	7.059390190000000e-04
1.752967630000785e+01	7.105829430000000e-04
1.756004340015352e+01	7.186426080000000e-04
1.760509390011430e+01	7.232865900000000e-04
1.765241290023550e+01	7.315381660000000e-04
1.768237939989194e+01	7.377748840000000e-04
1.770561440009624e+01	7.432054839999999e-04
1.775098260026425e+01	7.530114960000000e-04
1.777485219994560e+01	7.591137550000000e-04
1.780739139998332e+01	7.649282920000000e-04
1.783147650025785e+01	7.693995720000000e-04
1.786943789990619e+01	7.797619910000000e-04
1.790492779994383e+01	7.846553930000000e-04
1.795089669991285e+01	7.947876000000000e-04
1.798011850006878e+01	8.022140830000000e-04
1.801234999997541e+01	8.123461740000000e-04
1.805145450029522e+01	8.164912580000000e-04
1.807905470021069e+01	8.227086510000000e-04
1.810416120011359e+01	8.291755800000000e-04
1.812814849987626e+01	8.357001350000000e-04
1.815129050007090e+01	8.423013500000000e-04
1.817428470030427e+01	8.986196480000000e-04
1.829822409991175e+01	8.961225980000000e-04
1.833034650003538e+01	8.991957290000000e-04
1.836200459999964e+01	9.072630200000000e-04
1.840304110012949e+01	9.114886050000000e-04
1.845667460002005e+01	9.214764580000000e-04
1.848369130026549e+01	9.243576210000000e-04
1.850773350009695e+01	9.331930200000001e-04
1.855286390008405e+01	9.372265780000000e-04
1.859946840023622e+01	9.487511120000001e-04
1.862345350021496e+01	9.558578020000000e-04
1.866217439994216e+01	9.689190770000000e-04
1.870420949999243e+01	9.762177940000000e-04
1.875001579988748e+01	9.915838019999999e-04
1.878832220006734e+01	1.002724280000000e-03
1.881128020025790e+01	1.012328080000000e-03
1.886622120020911e+01	1.025197100000000e-03
1.890381429996341e+01	1.029999000000000e-03
1.895892360014841e+01	1.044980720000000e-03
1.900262700021267e+01	1.051895440000000e-03
1.903677040012553e+01	1.062267580000000e-03
1.906762190023437e+01	1.071102920000000e-03
1.909161050012335e+01	1.078209720000000e-03
1.912988510029390e+01	1.090886650000000e-03
1.916184390010312e+01	1.108173400000000e-03
1.920158139988780e+01	1.115088120000000e-03
1.923919240012765e+01	1.125268170000000e-03
1.926274450030178e+01	1.136600510000000e-03
1.930361049994826e+01	1.141210320000000e-03
1.936325869988650e+01	1.157920810000000e-03
1.938730330020189e+01	1.165219820000000e-03
1.942517120018601e+01	1.175591720000000e-03
1.945729500008747e+01	1.186732200000000e-03
1.950497230002657e+01	1.193454840000000e-03
1.956522900005803e+01	1.214390850000000e-03
1.961219740007073e+01	1.231677710000000e-03
1.965935410000384e+01	1.240897460000000e-03
1.969006869988516e+01	1.250693230000000e-03
1.971405100030825e+01	1.262025440000000e-03
1.975117619987577e+01	1.270860900000000e-03
1.977517129993066e+01	1.280464700000000e-03
1.980142190027982e+01	1.286995360000000e-03
1.982540869992226e+01	1.291413210000000e-03
1.986294010002166e+01	1.302361370000000e-03
1.990794209996238e+01	1.314269960000000e-03
1.995100450003520e+01	1.322721360000000e-03
1.997486940026283e+01	1.330788480000000e-03
1.999835589993745e+01	1.339815910000000e-03
2.003302290011197e+01	1.353645460000000e-03
2.006350280018523e+01	1.374389510000000e-03
2.010527980001643e+01	1.383993310000000e-03
2.015085790026933e+01	1.402240250000000e-03
2.017486960021779e+01	1.411459990000000e-03
2.020153000019491e+01	1.420487420000000e-03
2.023521640012041e+01	1.432780290000000e-03
2.026591690024361e+01	1.443920540000000e-03
2.028962639998645e+01	1.452179860000000e-03
2.031270499993116e+01	1.464280530000000e-03
2.036056880000979e+01	1.473692250000000e-03
2.040256300009787e+01	1.477149780000000e-03
2.042656140029430e+01	1.481183220000000e-03
2.045166820008308e+01	1.484064390000000e-03
2.048547960026190e+01	1.489634390000000e-03
2.050944729987532e+01	1.495588690000000e-03
2.056242370000109e+01	1.504232180000000e-03
2.059344239998609e+01	1.516525050000000e-03
2.061747519997880e+01	1.529393950000000e-03
2.065138769987971e+01	1.539958180000000e-03
2.067571560014039e+01	1.552827070000000e-03
2.070440179994330e+01	1.563775590000000e-03
2.075031400006264e+01	1.581446380000000e-03
2.077334300009534e+01	1.590857980000000e-03
2.081329820025712e+01	1.609489440000000e-03
2.086026260023937e+01	1.620245630000000e-03
2.088424109993502e+01	1.627928690000000e-03
2.090821120003238e+01	1.637532140000000e-03
2.095141760027036e+01	1.642526360000000e-03
2.098650390002877e+01	1.647904280000000e-03
2.101093839993700e+01	1.658660480000000e-03
2.106644150009379e+01	1.672297830000000e-03
2.110341650014743e+01	1.678636410000000e-03
2.114837779989466e+01	1.689008320000000e-03
2.117236600024626e+01	1.694578560000000e-03
2.121047999989241e+01	1.704566410000000e-03
2.125646360032260e+01	1.715514810000000e-03
2.130445130029693e+01	1.720508790000000e-03
2.135039449995384e+01	1.727039110000000e-03
2.138138400018215e+01	1.733761860000000e-03
2.140536380000412e+01	1.740100440000000e-03
2.145133670000359e+01	1.750088180000000e-03
2.147734670015052e+01	1.755274370000000e-03
2.150141149992123e+01	1.759500010000000e-03
2.153514649998397e+01	1.766030560000000e-03
2.157046539988369e+01	1.773137370000000e-03
2.160227170027792e+01	1.779283630000000e-03
2.162537730019540e+01	1.784661900000000e-03
2.166440130025148e+01	1.796186440000000e-03
2.170361190009862e+01	1.802332700000000e-03
2.174808300007135e+01	1.809055330000000e-03
2.177210459997877e+01	1.813665270000000e-03
2.179610860021785e+01	1.819619560000000e-03
2.181938460003585e+01	1.828839070000000e-03
2.185138839995489e+01	1.837866500000000e-03
2.187556469999254e+01	1.847854580000000e-03
2.190458799991757e+01	1.859186800000000e-03
2.195890960004181e+01	1.896833770000000e-03
2.200199620006606e+01	1.909126410000000e-03
2.202584600029513e+01	1.919690750000000e-03
2.205316390004009e+01	1.928717950000000e-03
2.208157660020515e+01	1.937553640000000e-03
2.210555509990081e+01	1.947157430000000e-03
2.216353300027549e+01	1.975008290000000e-03
2.220163020025939e+01	1.984996020000000e-03
2.222611590009183e+01	1.994791910000000e-03
2.225221830001101e+01	2.004779640000000e-03
2.227602960029617e+01	2.015920120000000e-03
2.230298390006647e+01	2.025908090000000e-03
2.232699170010164e+01	2.037624600000000e-03
2.235097600007430e+01	2.049341100000000e-03
2.237396389991045e+01	2.062018260000000e-03
2.239895240031183e+01	2.074118940000000e-03
2.242303430009633e+01	2.087564210000000e-03
2.246196380024776e+01	2.110613280000000e-03
2.250394860003144e+01	2.126171250000000e-03
2.255631620017812e+01	2.178991910000000e-03
2.260202419990674e+01	2.190516560000000e-03
2.262585500022396e+01	2.200888470000000e-03
2.266358730010688e+01	2.213565630000000e-03
2.268768660025671e+01	2.222976880000000e-03
2.272619270021096e+01	2.241416370000000e-03
2.275123460032046e+01	2.252172210000000e-03
2.277536359988153e+01	2.266770230000000e-03
2.280384160019457e+01	2.280983610000000e-03
2.285091010015458e+01	2.305953530000000e-03
2.287392480019480e+01	2.318246520000000e-03
2.290411170013249e+01	2.327658240000000e-03
2.295976250013337e+01	2.348402050000000e-03
2.298384230025113e+01	2.360502720000000e-03
2.302214210014790e+01	2.382975770000000e-03
2.305429550027475e+01	2.396228960000000e-03
2.310274970019236e+01	2.421198880000000e-03
2.312693820009008e+01	2.435412260000000e-03
2.315290680015460e+01	2.448088960000000e-03
2.317967570014298e+01	2.464223650000000e-03
2.320404400024563e+01	2.478820970000000e-03
2.325045640021563e+01	2.504751550000000e-03
2.328881160030141e+01	2.524343090000000e-03
2.331214499985799e+01	2.544126710000000e-03
2.335150630027056e+01	2.556419470000000e-03
2.338021970028058e+01	2.570440760000000e-03
2.341050209989771e+01	2.594642570000000e-03
2.345242389990017e+01	2.604630310000000e-03
2.348752650013193e+01	2.619804350000000e-03
2.351951469993219e+01	2.637859200000000e-03
2.355173090007156e+01	2.651688640000000e-03
2.358391410019249e+01	2.665902020000000e-03
2.360746020032093e+01	2.684341510000000e-03
2.366273010009900e+01	2.711039970000000e-03
2.370378339989111e+01	2.721603960000000e-03
2.375102249998599e+01	2.744845110000000e-03
2.377505559986457e+01	2.760787260000000e-03
2.381593130016699e+01	2.784796990000000e-03
2.386249780002981e+01	2.799586390000000e-03
2.388570240000263e+01	2.809382280000000e-03
2.390982230007648e+01	2.831278600000000e-03
2.395209670020267e+01	2.843571830000000e-03
2.398625930026174e+01	2.857017100000000e-03
2.401710559986532e+01	2.878337400000000e-03
2.406613250030205e+01	2.902346660000000e-03
2.411208550026640e+01	2.926355930000000e-03
2.415152040030807e+01	2.942105990000000e-03
2.417460349993780e+01	2.953822490000000e-03
2.420555269997567e+01	2.966499650000000e-03
2.425107820006087e+01	2.980137010000000e-03
2.427517550019547e+01	2.994542480000000e-03
2.431381209986284e+01	3.027003260000000e-03
2.435225429991260e+01	3.041793360000000e-03
2.437564070010558e+01	3.052741290000000e-03
2.440604919986799e+01	3.066763050000000e-03
2.445181080000475e+01	3.073869510000000e-03
2.447591970022768e+01	3.081744540000000e-03
2.449919919995591e+01	3.090004200000000e-03
2.452711570030078e+01	3.097686680000000e-03
2.456339950021356e+01	3.114205550000000e-03
2.461007650010288e+01	3.138983160000000e-03
2.465229510003701e+01	3.147818380000000e-03
2.468771470012143e+01	3.166065780000000e-03
2.471155859995633e+01	3.185657550000000e-03
2.475212639989331e+01	3.198718190000000e-03
2.477955250022933e+01	3.210050750000000e-03
2.480410200031474e+01	3.219654550000000e-03
2.485555530013517e+01	3.239630260000000e-03
2.491812730021775e+01	3.274587910000000e-03
2.495196240022779e+01	3.287072990000000e-03
2.497944999998435e+01	3.304551820000000e-03
2.501056289998814e+01	3.344503230000000e-03
2.505221959995106e+01	3.372162350000000e-03
2.507567110005766e+01	3.395979530000000e-03
2.510339489998296e+01	3.419988790000000e-03
2.515035609994084e+01	3.452065630000000e-03
2.517346980003640e+01	3.467431760000000e-03
2.520260640000924e+01	3.481260970000000e-03
2.524884810019284e+01	3.505846250000000e-03
2.527476669987664e+01	3.527166790000000e-03
2.530407750001177e+01	3.544261450000000e-03
2.535184969985858e+01	3.578258910000000e-03
2.537494600005448e+01	3.590935610000000e-03
2.540013239998370e+01	3.604189030000000e-03
2.542330890009180e+01	3.615905530000000e-03
2.546343900030479e+01	3.639530620000000e-03
2.550433350028470e+01	3.652784040000000e-03
2.555509559996426e+01	3.674296430000000e-03
2.560094420006499e+01	3.698882180000000e-03
2.562443000031635e+01	3.714824330000000e-03
2.565175729990005e+01	3.733071270000000e-03
2.567539669992402e+01	3.751318670000000e-03
2.569944139989093e+01	3.768220780000000e-03
2.572317739995196e+01	3.788196480000000e-03
2.575136610027403e+01	3.808172650000000e-03
2.578867579996586e+01	3.837176130000000e-03
2.582235280005261e+01	3.860801230000000e-03
2.585202910006046e+01	3.873093990000000e-03
2.587603090004995e+01	3.893454090000000e-03
2.591332620009780e+01	3.930332600000000e-03
2.595158510003239e+01	3.951652910000000e-03
2.597446619998664e+01	3.971244670000000e-03
2.600456009991467e+01	3.992756830000000e-03
2.605063559999689e+01	4.016958180000000e-03
2.607622110005468e+01	4.031171560000000e-03
2.610472950013354e+01	4.042312040000000e-03
2.615135930012912e+01	4.055757540000000e-03
2.617492560017854e+01	4.064593000000000e-03
2.620855550002307e+01	4.083415960000000e-03
2.625552459992468e+01	4.093788560000000e-03
2.628236050019041e+01	4.101855680000000e-03
2.630624649999663e+01	4.116069060000000e-03
2.635210809996352e+01	4.127593250000000e-03
2.637565919989720e+01	4.144688140000000e-03
2.640393620030954e+01	4.161014220000000e-03
2.645085170026869e+01	4.186752250000000e-03
2.648925779992715e+01	4.212106110000000e-03
2.651343580009416e+01	4.238996650000000e-03
2.656640690006316e+01	4.266271370000000e-03
2.659846300026402e+01	4.289128350000000e-03
2.662279390031472e+01	4.309488460000000e-03
2.665105250012130e+01	4.328503740000000e-03
2.667559430003166e+01	4.352705550000000e-03
2.670419469987974e+01	4.373257050000000e-03
2.675090599991381e+01	4.410904370000000e-03
2.677503730030730e+01	4.430111960000000e-03
2.681494270032272e+01	4.470255230000000e-03
2.686102489987388e+01	4.498490600000000e-03
2.689120230032131e+01	4.521539430000000e-03
2.692174910008907e+01	4.551695190000000e-03
2.695160089991987e+01	4.571478810000000e-03
2.697548500029370e+01	4.589726220000000e-03
2.700134420022368e+01	4.609317980000000e-03
2.703133400017396e+01	4.629677630000000e-03
2.705471639987081e+01	4.645235840000000e-03
2.710895060002804e+01	4.686339760000000e-03
2.715591270010918e+01	4.705739210000000e-03
2.718006689986214e+01	4.718800540000000e-03
2.720344660012051e+01	4.737239330000000e-03
2.724921280005947e+01	4.763553850000000e-03
2.727952559990808e+01	4.780648740000000e-03
2.730323219997808e+01	4.791212730000000e-03
2.735675000026822e+01	4.827514760000000e-03
2.740417389990762e+01	4.840768410000000e-03
2.744977740012109e+01	4.858439320000000e-03
2.747296170005575e+01	4.872076210000000e-03
2.749709540000185e+01	4.883600860000000e-03
2.752938339998946e+01	4.898967220000000e-03
2.755341000016779e+01	4.911067430000000e-03
2.759937150031328e+01	4.936613610000000e-03
2.762262160005048e+01	4.955437030000000e-03
2.765240909997374e+01	4.969458560000000e-03
2.767646440025419e+01	4.985592790000000e-03
2.770394479995593e+01	5.001534710000000e-03
2.774947419995442e+01	5.032266960000000e-03
2.777304020011798e+01	5.041678440000000e-03
2.779707919992507e+01	5.054932090000000e-03
2.782496270025149e+01	5.074331540000000e-03
2.785109940031543e+01	5.083358850000000e-03
2.787514040013775e+01	5.099108910000000e-03
2.790365740004927e+01	5.110249390000000e-03
2.794938130024821e+01	5.141365340000000e-03
2.797279709996656e+01	5.164990670000000e-03
2.801090930029750e+01	5.201869180000000e-03
2.805073249991983e+01	5.216083020000000e-03
2.807397980010137e+01	5.235290150000000e-03
2.810343019990250e+01	5.259683820000000e-03
2.814902570005506e+01	5.302132570000000e-03
2.817317020008340e+01	5.326718090000000e-03
2.820182050019503e+01	5.348614420000000e-03
2.822854200005531e+01	5.369742870000000e-03
2.825937570026144e+01	5.408349450000000e-03
2.830591960018501e+01	5.441579040000000e-03
2.835548030026257e+01	5.457905120000000e-03
2.838488089991733e+01	5.477112720000000e-03
2.840933240018785e+01	5.497664680000000e-03
2.845182080008090e+01	5.513414740000000e-03
2.847850299999118e+01	5.531277970000000e-03
2.850948320003226e+01	5.556247660000000e-03
2.855643159989268e+01	5.577375650000000e-03
2.860236620018259e+01	5.589476790000000e-03
2.863302029995248e+01	5.609452720000000e-03
2.865720100002363e+01	5.625202790000000e-03
2.868240529997274e+01	5.635382610000000e-03
2.870573480008170e+01	5.654206030000000e-03
2.875852270005271e+01	5.667074580000000e-03
2.880667460011318e+01	5.684169470000000e-03
2.886663440009579e+01	5.721047990000000e-03
2.890452039986849e+01	5.731035960000000e-03
2.896065849997103e+01	5.756582130000000e-03
2.899141870019957e+01	5.767722150000000e-03
2.901456760009751e+01	5.789618940000000e-03
2.905355679988861e+01	5.801143120000000e-03
2.911455589998513e+01	5.839174150000000e-03
2.916168890008703e+01	5.861070470000000e-03
2.920207720017061e+01	5.875092000000000e-03
2.923994990019128e+01	5.893147550000000e-03
2.926346120005473e+01	5.904864050000000e-03
2.928735420014709e+01	5.916004070000000e-03
2.931131129991263e+01	5.930602080000000e-03
2.935205750027671e+01	5.945007320000000e-03
2.937534889997914e+01	5.954803430000000e-03
2.940341889997944e+01	5.964599080000000e-03
2.945574990008026e+01	5.994947160000000e-03
2.951748759998009e+01	6.018188320000000e-03
2.956553809996694e+01	6.031441500000000e-03
2.959756699996069e+01	6.043349860000000e-03
2.962137439986691e+01	6.053722000000000e-03
2.965808389987797e+01	6.076963150000000e-03
2.970387930003926e+01	6.087719460000000e-03
2.974993270030245e+01	6.111920810000000e-03
2.977411810029298e+01	6.127479020000000e-03
2.980107909999788e+01	6.143613250000000e-03
2.982449800008908e+01	6.159171000000000e-03
2.986105230031535e+01	6.185677370000000e-03
2.988506640028208e+01	6.202004380000000e-03
2.990836809994653e+01	6.231583190000000e-03
2.995154649997130e+01	6.243300160000000e-03
2.998657960025594e+01	6.264043970000000e-03
3.001789990020916e+01	6.287476980000000e-03
3.005317860003561e+01	6.303804000000000e-03
3.011088290018961e+01	6.348748690000000e-03
3.015096880029887e+01	6.360273340000000e-03
3.017460140027106e+01	6.372566800000000e-03
3.020358410011977e+01	6.387740370000000e-03
3.024965550005436e+01	6.408100480000000e-03
3.028065240010619e+01	6.422505710000000e-03
3.030460639996454e+01	6.435758900000000e-03
3.035786430025473e+01	6.479360160000000e-03
3.040300620021299e+01	6.493190300000000e-03
3.045322469994426e+01	6.512589290000000e-03
3.048064489988610e+01	6.534101910000000e-03
3.051389189995825e+01	6.567331030000000e-03
3.056138670025393e+01	6.616310220000000e-03
3.060794440004975e+01	6.670475470000000e-03
3.065226470027119e+01	6.694292650000000e-03
3.067675010021776e+01	6.724256560000000e-03
3.071788650006056e+01	6.772466470000000e-03
3.075252280011773e+01	6.794747430000000e-03
3.078117470024154e+01	6.820677310000000e-03
3.080452769994736e+01	6.845070980000000e-03
3.086020090011880e+01	6.921901370000000e-03
3.090440220013261e+01	6.946486890000000e-03
3.095034180022776e+01	6.990856030000000e-03
3.097348910011351e+01	7.010447790000000e-03
3.100105730025098e+01	7.037531120000000e-03
3.103191470028833e+01	7.059619300000000e-03
3.106352550024167e+01	7.090735710000000e-03
3.109413160011172e+01	7.125309200000000e-03
3.112555860029534e+01	7.162570950000000e-03
3.115158670023084e+01	7.205020170000000e-03
3.117590520018712e+01	7.233831100000000e-03
3.120122259994969e+01	7.259569600000000e-03
3.123419800028205e+01	7.291838060000000e-03
3.126516960002482e+01	7.343313660000000e-03
3.131216449989006e+01	7.401320620000000e-03
3.135912370029837e+01	7.434357890000000e-03
3.138357930025086e+01	7.458559240000000e-03
3.140750500001013e+01	7.498510650000000e-03
3.145197230018675e+01	7.511187340000000e-03
3.148394780000672e+01	7.540767080000000e-03
3.151469350000843e+01	7.576685400000000e-03
3.155231139995158e+01	7.598965430000000e-03
3.157762939995155e+01	7.627393120000000e-03
3.160864380002022e+01	7.678292690000000e-03
3.165166890015826e+01	7.709217260000000e-03
3.167483630031347e+01	7.745711130000000e-03
3.170327810011804e+01	7.802565580000000e-03
3.174833590025082e+01	7.886118260000000e-03
3.178108330024406e+01	7.926646620000000e-03
3.181240130029619e+01	7.953343910000001e-03
3.185784320021048e+01	7.977161559999999e-03
3.190369880013168e+01	7.991182620000000e-03
3.194930530013517e+01	8.002323100000000e-03
3.197327840002254e+01	7.997904900000000e-03
3.199728100001812e+01	8.002132180000000e-03
3.203028800012544e+01	7.995792660000001e-03
3.206125200027600e+01	8.001746610000001e-03
3.210849909996614e+01	7.997521200000000e-03
3.215248320018873e+01	8.006741289999999e-03
3.217544170003384e+01	8.004052560000001e-03
3.220243100030348e+01	8.005012759999999e-03
3.223142490023747e+01	7.995024320000000e-03
3.225441589998081e+01	7.993488570000000e-03
3.228087820019573e+01	7.992912079999999e-03
3.230635830014944e+01	7.988878530000000e-03
3.235693750018254e+01	7.995217109999999e-03
3.240448560006917e+01	7.988685739999999e-03
3.245143370004371e+01	8.013079870000000e-03
3.248249679990113e+01	8.081457580000000e-03
3.250555559992790e+01	8.216295390000000e-03
3.256168169993907e+01	8.306378499999999e-03
3.259266600012779e+01	8.387626150000001e-03
3.261676819995046e+01	8.469642140000001e-03
3.265559219988063e+01	8.800235579999999e-03
3.276846780022606e+01	8.760235270000000e-03
3.279149030009285e+01	8.746902460000001e-03
3.281560470024124e+01	8.771663529999999e-03
3.284359849989414e+01	8.788807320000000e-03
3.287488189991564e+01	8.807853799999999e-03
3.290351990005001e+01	8.819283920000000e-03
3.295210049999878e+01	8.874522520000001e-03
3.297556480020285e+01	8.895473550000000e-03
3.301580070005730e+01	8.925950150000000e-03
3.305199910001829e+01	8.954522200000000e-03
3.307885059993714e+01	8.964044970000000e-03
3.310493879998103e+01	8.988806980000000e-03
3.312905630003661e+01	9.005949830000000e-03
3.315784540027380e+01	9.049760180000000e-03
3.320086689991876e+01	9.074522180000001e-03
3.322496220003814e+01	9.087855000000001e-03
3.325118530029431e+01	9.106903340000000e-03
3.328183400025591e+01	9.131665339999999e-03
3.330578830000013e+01	9.143093600000001e-03
3.336176020000130e+01	9.179284800000000e-03
3.340334010031074e+01	9.194521230000001e-03
3.343833999987692e+01	9.207854979999999e-03
3.347025920031592e+01	9.238331580000000e-03
3.350651489989832e+01	9.266903619999999e-03
3.355200680019334e+01	9.270713660000001e-03
3.357647920027375e+01	9.289762010000001e-03
3.360948750004172e+01	9.343095120000000e-03
3.365143360011280e+01	9.348807860000001e-03
3.367462480021641e+01	9.369761680000000e-03
3.370504519995302e+01	9.388808160000000e-03
3.372982970019802e+01	9.409761060000001e-03
3.375387230003253e+01	9.417379270000000e-03
3.379896759986877e+01	9.445951320000000e-03
3.382691430021077e+01	9.464999660000001e-03
3.385787210008129e+01	9.506904520000000e-03
3.390559069998562e+01	9.541189300000001e-03
3.395095069985837e+01	9.562143120000000e-03
3.398225479992107e+01	9.573571380000000e-03
3.400580860022455e+01	9.590714239999999e-03
3.402994440030307e+01	9.605952540000001e-03
3.406294000009075e+01	9.623094460000000e-03
3.410583140002564e+01	9.666904810000000e-03
3.415377889992669e+01	9.685953149999999e-03
3.419883610028774e+01	9.689763190000001e-03
3.423200710024685e+01	9.703096000000000e-03
3.426299240021035e+01	9.722142479999999e-03
3.430953609989956e+01	9.733570739999999e-03
3.434075909992680e+01	9.746906350000001e-03
3.437197849992663e+01	9.762142780000000e-03
3.440294620022178e+01	9.771667420000000e-03
3.444793840032071e+01	9.779285640000000e-03
3.447188200009987e+01	9.800239470000000e-03
3.450306240003556e+01	9.805952200000001e-03
3.454827520018443e+01	9.830714200000000e-03
3.457455400004983e+01	9.832618760000000e-03
3.460574640007690e+01	9.840238840000000e-03
3.463581450004131e+01	9.853572580000001e-03
3.466674969997257e+01	9.878334589999999e-03
3.470271519990638e+01	9.889762850000001e-03
3.472671710001305e+01	9.899287479999999e-03
3.475371129997075e+01	9.903095660000000e-03
3.479866460012272e+01	9.916429410000000e-03
3.482347320020199e+01	9.943095969999999e-03
3.485066210012883e+01	9.939287789999999e-03
3.487365450011566e+01	9.952620600000000e-03
3.490408150013536e+01	9.958334270000001e-03
3.493025590013713e+01	9.969762530000001e-03
3.495441830018535e+01	9.969762530000001e-03
3.499954040022567e+01	9.983095339999999e-03
3.502427159994841e+01	9.992620910000000e-03
3.505170350009575e+01	1.001357190000000e-02
3.508609490003437e+01	1.000976380000000e-02
3.511010010028258e+01	1.002690570000000e-02
3.516347290016711e+01	1.005166770000000e-02
3.520255000004545e+01	1.004023850000000e-02
3.522651250008494e+01	1.004595400000000e-02
3.525062069995329e+01	1.006309690000000e-02
3.528854680014774e+01	1.006881050000000e-02
3.531255789985880e+01	1.006119230000000e-02
3.535151639999822e+01	1.006690600000000e-02
3.537549640005454e+01	1.006881050000000e-02
3.541448380006477e+01	1.009166890000000e-02
3.545157810021192e+01	1.009738260000000e-02
3.547657079994678e+01	1.010119260000000e-02
3.550842910027131e+01	1.009738260000000e-02
3.554017220018432e+01	1.012976370000000e-02
3.556691100029275e+01	1.012785920000000e-02
3.560409170016646e+01	1.012595370000000e-02
3.565021069999784e+01	1.014309750000000e-02
3.567419230006635e+01	1.015643030000000e-02
3.570337020000443e+01	1.016595400000000e-02
3.574848200008273e+01	1.016595400000000e-02
3.577246110001579e+01	1.017547860000000e-02
3.580203949986026e+01	1.017547860000000e-02
3.583524839999154e+01	1.018881240000000e-02
3.585832019988447e+01	1.019262060000000e-02
3.590367030026391e+01	1.018690690000000e-02
3.594891780009493e+01	1.020976340000000e-02
3.597211930016056e+01	1.022309720000000e-02
3.600684220017865e+01	1.021166890000000e-02
3.605324329994619e+01	1.023261990000000e-02
3.611630530003458e+01	1.025738380000000e-02
3.614827510016039e+01	1.025547830000000e-02
3.617237380007282e+01	1.026690750000000e-02
3.620442060008645e+01	1.027262210000000e-02
3.625869939988479e+01	1.028595590000000e-02
3.630559189990163e+01	1.029357410000000e-02
3.635079300031066e+01	1.030309680000000e-02
3.637488269992173e+01	1.029547860000000e-02
3.640343290008605e+01	1.030309680000000e-02
3.642727330001071e+01	1.030881240000000e-02
3.645115470001474e+01	1.031262240000000e-02
3.647624340001494e+01	1.031262240000000e-02
3.650345179997385e+01	1.031833510000000e-02
3.654852259997278e+01	1.032214520000000e-02
3.658560159988701e+01	1.031452510000000e-02
3.660949870012701e+01	1.031643060000000e-02
3.666347290016711e+01	1.031643060000000e-02
3.671089449990541e+01	1.032405070000000e-02
3.673487310018390e+01	1.033547890000000e-02
3.677193230018020e+01	1.033166890000000e-02
3.680297269998118e+01	1.032786070000000e-02
3.685027930000797e+01	1.033738350000000e-02
3.687450599996373e+01	1.034881170000000e-02
3.690445369994268e+01	1.034500170000000e-02
3.696058050030842e+01	1.035071720000000e-02
3.700254220003262e+01	1.034500170000000e-02
3.703824819996953e+01	1.035071720000000e-02
3.706981720030308e+01	1.035833550000000e-02
3.711764470022172e+01	1.036024000000000e-02
3.716197840031236e+01	1.036214550000000e-02
3.720109360013157e+01	1.035643000000000e-02
3.722441049991176e+01	1.036214550000000e-02
3.725132640032098e+01	1.036024000000000e-02
3.727529169991612e+01	1.037166830000000e-02
3.730605609994382e+01	1.036024000000000e-02
3.733022850006819e+01	1.036595550000000e-02
3.735510160028934e+01	1.037166830000000e-02
3.740321120014414e+01	1.037166830000000e-02
3.744821640010923e+01	1.036786010000000e-02
3.747218170017004e+01	1.038500200000000e-02
3.751106260018423e+01	1.038690660000000e-02
3.755717839999124e+01	1.038500200000000e-02
3.760316290007904e+01	1.038500200000000e-02
3.762715659989044e+01	1.038500200000000e-02
3.765109919989482e+01	1.039643210000000e-02
3.767508530011401e+01	1.038309840000000e-02
3.770405400032178e+01	1.040214490000000e-02
3.775002310005948e+01	1.040024030000000e-02
3.777301000012085e+01	1.040024030000000e-02
3.780580880027264e+01	1.039833480000000e-02
3.785297970008105e+01	1.040786040000000e-02
3.790196909988299e+01	1.039833480000000e-02
3.792653580009937e+01	1.040024030000000e-02
3.794991620024666e+01	1.038500200000000e-02
3.797700829990208e+01	1.040024030000000e-02
3.800099210022017e+01	1.041738320000000e-02
3.802488869987428e+01	1.040214490000000e-02
3.805085600027815e+01	1.040786040000000e-02
3.807945739990100e+01	1.040405040000000e-02
3.810400169994682e+01	1.040214490000000e-02
3.814979430008680e+01	1.040595490000000e-02
3.817978039989248e+01	1.040595490000000e-02
3.820377269992605e+01	1.040405040000000e-02
3.822774780029431e+01	1.041166860000000e-02
3.825073469989002e+01	1.041166860000000e-02
3.827377559989691e+01	1.041738320000000e-02
3.830300620011985e+01	1.040786040000000e-02
3.834881319990382e+01	1.040405040000000e-02
3.837286709994078e+01	1.040976490000000e-02
3.841189290024340e+01	1.041547860000000e-02
3.845051930006593e+01	1.041357310000000e-02
3.848892559995875e+01	1.039833480000000e-02
3.851199730020016e+01	1.039833480000000e-02
3.853561120014638e+01	1.039262210000000e-02
3.856100300000980e+01	1.038119380000000e-02
3.860059090005234e+01	1.037928830000000e-02
3.862558110011742e+01	1.036405000000000e-02
3.865073770005256e+01	1.035643000000000e-02
3.867381309997290e+01	1.034500170000000e-02
3.870472640031949e+01	1.033166890000000e-02
3.874971070000902e+01	1.031071690000000e-02
3.877270650025457e+01	1.029928870000000e-02
3.880268950015306e+01	1.029738410000000e-02
3.882667340012267e+01	1.027071660000000e-02
3.886466020019725e+01	1.025166830000000e-02
3.890361159993336e+01	1.025166830000000e-02
3.894916950026527e+01	1.023833550000000e-02
3.897316690022126e+01	1.021547890000000e-02
3.900078050000593e+01	1.020404880000000e-02
3.902490850025788e+01	1.018119230000000e-02
3.905316779995337e+01	1.018881240000000e-02
3.910162650002167e+01	1.015071570000000e-02
3.912481509987265e+01	1.014500200000000e-02
3.914858380006626e+01	1.013547740000000e-02
3.917162110004574e+01	1.012785920000000e-02
3.920229250006378e+01	1.009738260000000e-02
3.923784250020981e+01	1.009547710000000e-02
3.926182170026004e+01	1.009738260000000e-02
3.931494860025123e+01	1.009166890000000e-02
3.935107670025900e+01	1.008785890000000e-02
3.937397450022399e+01	1.008214430000000e-02
3.940940240025520e+01	1.006309690000000e-02
3.944066700013354e+01	1.006690600000000e-02
3.947203730000183e+01	1.005928680000000e-02
3.950356930028647e+01	1.005738230000000e-02
3.954856869997457e+01	1.005547770000000e-02
3.958058209996670e+01	1.005738230000000e-02
3.961211950005963e+01	1.005738230000000e-02
3.965099680004641e+01	1.006690600000000e-02
3.967418130021542e+01	1.006881050000000e-02
3.970458699995652e+01	1.007262060000000e-02
3.972848749998957e+01	1.007643060000000e-02
3.975161670008674e+01	1.007833610000000e-02
3.977497619995847e+01	1.008785890000000e-02
3.980094720004126e+01	1.010119260000000e-02
3.982424220023677e+01	1.009928710000000e-02
3.985964359994978e+01	1.012214370000000e-02
3.990584130026400e+01	1.015071570000000e-02
3.995078960014507e+01	1.017357410000000e-02
3.998244599997997e+01	1.020214520000000e-02
4.000668179988861e+01	1.021547890000000e-02
4.004546070005745e+01	1.025357380000000e-02
4.007807689998299e+01	1.026690750000000e-02
4.010346370004117e+01	1.029738410000000e-02
4.015560040017590e+01	1.032024060000000e-02
4.020099289994687e+01	1.034309720000000e-02
4.022444900032133e+01	1.036214550000000e-02
4.025074749998748e+01	1.036405000000000e-02
4.027426700014621e+01	1.037738380000000e-02
4.030406600004062e+01	1.038119380000000e-02
4.034119539987296e+01	1.039071660000000e-02
4.037222150014713e+01	1.040024030000000e-02
4.040273390011862e+01	1.040786040000000e-02
4.045058020018041e+01	1.040405040000000e-02
4.048085470031947e+01	1.040976490000000e-02
4.051273899991065e+01	1.041166860000000e-02
4.055917449994013e+01	1.040976490000000e-02
4.060544349998236e+01	1.040405040000000e-02
4.063690560031682e+01	1.040595490000000e-02
4.066084749996662e+01	1.040786040000000e-02
4.070344479987398e+01	1.040405040000000e-02
4.074881760030985e+01	1.039262210000000e-02
4.077279590023682e+01	1.040405040000000e-02
4.080114760017022e+01	1.038881210000000e-02
4.082682170020416e+01	1.039452660000000e-02
4.085090460022911e+01	1.038500200000000e-02
4.087505340017378e+01	1.039262210000000e-02
4.090398629987612e+01	1.037547830000000e-02
4.092784760007635e+01	1.037738380000000e-02
4.095245350012556e+01	1.036214550000000e-02
4.098372130002826e+01	1.037166830000000e-02
4.101521089999005e+01	1.036786010000000e-02
4.105171320028603e+01	1.035833550000000e-02
4.107881180010736e+01	1.035262180000000e-02
4.110274520004168e+01	1.035833550000000e-02
4.114777339994907e+01	1.033166890000000e-02
4.117170310020447e+01	1.032976340000000e-02
4.120370010007173e+01	1.031833510000000e-02
4.123570200009272e+01	1.032595520000000e-02
4.126696350006387e+01	1.030881240000000e-02
4.130584659986198e+01	1.029928870000000e-02
4.136078310012817e+01	1.027833580000000e-02
4.140241450024769e+01	1.027452570000000e-02
4.142675480013713e+01	1.027643030000000e-02
4.145088620018214e+01	1.025166830000000e-02
4.148582800012082e+01	1.024405010000000e-02
4.150905269989744e+01	1.023643000000000e-02
4.153232280025259e+01	1.022881180000000e-02
4.156507450016215e+01	1.021738350000000e-02
4.160153819993138e+01	1.020024060000000e-02
4.162662700004876e+01	1.018690690000000e-02
4.165862410003319e+01	1.016785860000000e-02
4.170354899996892e+01	1.014500200000000e-02
4.174913310026750e+01	1.012404910000000e-02
4.177236320031807e+01	1.010690540000000e-02
4.180209799995646e+01	1.010119260000000e-02
4.182600020011887e+01	1.009738260000000e-02
4.186363349994645e+01	1.007643060000000e-02
4.190309139993042e+01	1.005357220000000e-02
4.194860209990293e+01	1.004023850000000e-02
4.197169909998775e+01	1.004023850000000e-02
4.200071000028402e+01	1.001738200000000e-02
4.203292690031230e+01	1.001547740000000e-02
4.205945560010150e+01	9.994525460000001e-03
4.211210960010067e+01	9.985000830000000e-03
4.213581780018285e+01	9.975477119999999e-03
4.217404890013859e+01	9.935477749999999e-03
4.220113330008462e+01	9.937382300000000e-03
4.223662690026686e+01	9.903095660000000e-03
4.225985060026869e+01	9.885952809999999e-03
4.231438290001824e+01	9.844047020000000e-03
4.235089879995212e+01	9.834524240000000e-03
4.237428630003706e+01	9.813572280000000e-03
4.240333910007030e+01	9.807857680000000e-03
4.243778249993920e+01	9.802144020000000e-03
4.246100099990144e+01	9.773572910000000e-03
4.250382609991357e+01	9.767857380000000e-03
4.256163070024922e+01	9.748809040000000e-03
4.260801379987970e+01	9.725952519999999e-03
4.265221069986001e+01	9.716429750000000e-03
4.267656939988956e+01	9.701191450000000e-03
4.270376079995185e+01	9.706904180000000e-03
4.272983739990741e+01	9.695475920000000e-03
4.275334550021216e+01	9.678333070000000e-03
4.279867319995537e+01	9.663095700000001e-03
4.282350679999217e+01	9.663095700000001e-03
4.285045489994809e+01	9.647857399999999e-03
4.288874919991940e+01	9.632619100000000e-03
4.292074869992211e+01	9.619286280000000e-03
4.295079950010404e+01	9.592619720000001e-03
4.298377660010010e+01	9.586904199999999e-03
4.300738750025630e+01	9.571665900000000e-03
4.303139059990644e+01	9.560237640000000e-03
4.306505550025031e+01	9.531666520000001e-03
4.311036100005731e+01	9.497381750000001e-03
4.315032349992543e+01	9.480237960000000e-03
4.317327270004898e+01	9.463095110000000e-03
4.320026690000668e+01	9.451665920000000e-03
4.322333310032263e+01	9.421189320000000e-03
4.325225540017709e+01	9.407856500000001e-03
4.328521990031004e+01	9.396428240000001e-03
4.330918999994174e+01	9.375474420000000e-03
4.333319950010628e+01	9.364046160000000e-03
4.336318839993328e+01	9.343095120000000e-03
4.340311610000208e+01	9.333569559999999e-03
4.344816360017285e+01	9.304998440000000e-03
4.347497790027410e+01	9.285951960000000e-03
4.350509680015966e+01	9.278331880000001e-03
4.355006919987500e+01	9.242141620000000e-03
4.358360980032012e+01	9.221189660000000e-03
4.361509789992124e+01	9.198331270000000e-03
4.363902499992400e+01	9.179284800000000e-03
4.366319449990988e+01	9.156426410000000e-03
4.370334120001644e+01	9.131665339999999e-03
4.374879850028083e+01	9.106903340000000e-03
4.377200470026582e+01	9.093570520000000e-03
4.380189950019121e+01	9.064998479999999e-03
4.382585810031742e+01	9.064998479999999e-03
4.386327790003270e+01	9.026903660000000e-03
4.390392290009186e+01	9.013569910000000e-03
4.394079330004752e+01	8.986901489999999e-03
4.396406779997051e+01	8.948806670000000e-03
4.400017170002684e+01	8.922140110000001e-03
4.402411600016057e+01	8.895473550000000e-03
4.405083630001172e+01	8.870712479999999e-03
4.408186360029504e+01	8.844044989999999e-03
4.411350130010396e+01	8.811663839999999e-03
4.415037989988923e+01	8.790711870000001e-03
4.417699429998174e+01	8.765948940000001e-03
4.420789099996909e+01	8.731664159999999e-03
4.423210750008002e+01	8.689759300000001e-03
4.426992319989949e+01	8.632615210000000e-03
4.431697850022465e+01	8.569759320000000e-03
4.436357829999179e+01	8.503090590000000e-03
4.440267019998282e+01	8.472615850000000e-03
4.444982360024005e+01	8.415472690000000e-03
4.448792500002310e+01	8.373567829999999e-03
4.451103360019624e+01	8.346901279999999e-03
4.453499570023268e+01	8.331662980000000e-03
4.456700640032068e+01	8.278329859999999e-03
4.460094120027497e+01	8.257376029999999e-03
4.462492900015786e+01	8.219281210000000e-03
4.465252069989219e+01	8.190709169999999e-03
4.467656720010564e+01	8.162138050000000e-03
4.470346900029108e+01	8.122137749999999e-03
4.475447200005874e+01	8.059281860000000e-03
4.480243630008772e+01	7.998327720000000e-03
4.482655110023916e+01	7.967851119999999e-03
4.486573540000245e+01	7.887851450000000e-03
4.490401400020346e+01	7.855470290000000e-03
4.495898990007117e+01	7.767851930000000e-03
4.500096830027178e+01	7.744993550000000e-03
4.503799939993769e+01	7.704993240000000e-03
4.507000430021435e+01	7.653565150000000e-03
4.510488549992442e+01	7.621183530000000e-03
4.512905419990420e+01	7.602137050000000e-03
4.515285889990628e+01	7.573565470000000e-03
4.519783319998533e+01	7.512611800000000e-03
4.522682229988277e+01	7.487850260000000e-03
4.525078300014138e+01	7.342161610000000e-03
4.536673980019987e+01	7.325835060000000e-03
4.539092440018430e+01	7.304322910000000e-03
4.541471560020000e+01	7.280697580000000e-03
4.545068209990859e+01	7.262450640000000e-03
4.547779949987307e+01	7.238249290000000e-03
4.550176770007238e+01	7.220577910000000e-03
4.553977240016684e+01	7.190422150000000e-03
4.556374619994313e+01	7.167181000000000e-03
4.560178400017321e+01	7.153159470000000e-03
4.562580610020086e+01	7.135489020000000e-03
4.565072929998860e+01	7.118969690000000e-03
4.567481760028750e+01	7.094961130000000e-03
4.571197010017931e+01	7.054049060000000e-03
4.575096940016374e+01	7.031960880000000e-03
4.577486200025305e+01	7.009295750000000e-03
4.579832120006904e+01	6.987014790000000e-03
4.582137269992381e+01	6.958203860000000e-03
4.585117490030825e+01	6.929776170000000e-03
4.587424209993333e+01	6.899813190000000e-03
4.591400279989466e+01	6.856595630000000e-03
4.595104969991371e+01	6.831817790000000e-03
4.597595820017159e+01	6.806656250000000e-03
4.600194270024076e+01	6.784375290000000e-03
4.602591040031984e+01	6.754987870000000e-03
4.605250510014594e+01	6.723295900000000e-03
4.608632740005851e+01	6.680271120000000e-03
4.611691790027544e+01	6.638974880000000e-03
4.615187409985811e+01	6.615349560000000e-03
4.617492610029876e+01	6.585193800000000e-03
4.621095409989357e+01	6.525458300000000e-03
4.625144030014053e+01	6.494533740000000e-03
4.627454139990732e+01	6.456503640000000e-03
4.630624550022185e+01	6.391582080000000e-03
4.636533949989825e+01	6.334535780000000e-03
4.638953230017796e+01	6.305723920000000e-03
4.641274200007319e+01	6.242532280000000e-03
4.645120650017634e+01	6.202195770000000e-03
4.648956090025604e+01	6.141308230000000e-03
4.651355780009180e+01	6.074658130000000e-03
4.655719189997762e+01	5.977660420000000e-03
4.661453210003674e+01	5.884119780000000e-03
4.666117390012369e+01	5.817853850000000e-03
4.668522750027478e+01	5.770987830000000e-03
4.672313009994105e+01	5.685898480000000e-03
4.675119190011173e+01	5.639223850000000e-03
4.677436099993065e+01	5.586787590000000e-03
4.680161330010742e+01	5.537808410000000e-03
4.682488940004259e+01	5.484219170000000e-03
4.685159570025280e+01	5.434280260000000e-03
4.687771070003510e+01	5.375889130000000e-03
4.690501980017871e+01	5.328830800000000e-03
4.695058770012110e+01	5.242781250000000e-03
4.697426500031725e+01	5.205710420000000e-03
4.699789440026507e+01	5.164030470000000e-03
4.703514599986374e+01	5.103142930000000e-03
4.706030469993129e+01	5.028617570000000e-03
4.711369560007006e+01	4.947177600000000e-03
4.716068500000983e+01	4.851524250000000e-03
4.720188610022888e+01	4.803889900000000e-03
4.723893440002576e+01	4.728020170000000e-03
4.726214729994535e+01	4.681537860000000e-03
4.730076660029590e+01	4.607588980000000e-03
4.733095879992470e+01	4.551119170000000e-03
4.736290739988908e+01	4.458730570000000e-03
4.740280750021338e+01	4.411096220000000e-03
4.744820660026744e+01	4.324086010000000e-03
4.747151309996843e+01	4.262621980000000e-03
4.750416709994897e+01	4.217484500000000e-03
4.755259420024231e+01	4.125096370000000e-03
4.757966540008783e+01	4.073236140000000e-03
4.760363670019433e+01	4.028290510000000e-03
4.765870370017365e+01	3.809132850000000e-03
4.770442159986123e+01	3.718473720000000e-03
4.774945360003039e+01	3.551944390000000e-03
4.778496770001948e+01	3.424983010000000e-03
4.781476360000670e+01	3.297444900000000e-03
4.786145569989458e+01	3.206977850000000e-03
4.788548330031335e+01	3.154925300000000e-03
4.790954999998212e+01	3.072909310000000e-03
4.795131919998676e+01	3.030652880000000e-03
4.798637370020151e+01	2.977063650000000e-03
4.800983820017427e+01	2.914639190000000e-03
4.817798320017755e+01	2.675505820000000e-03
4.820868190005422e+01	2.596179260000000e-03
4.825491499993950e+01	2.547584240000000e-03
4.830173930013552e+01	2.473058640000000e-03
4.833146060025319e+01	2.422158840000000e-03
4.835453979996964e+01	2.386241220000000e-03
4.841027959994972e+01	2.290779490000000e-03
4.845588280027732e+01	2.247946570000000e-03
4.848280860017985e+01	2.213565630000000e-03
4.851785970013589e+01	2.158631800000000e-03
4.856513970019296e+01	2.106195320000000e-03
4.861338949995115e+01	2.048189050000000e-03
4.865082090022042e+01	2.024563260000000e-03
4.867493350012228e+01	1.996712530000000e-03
4.870380950020626e+01	1.973855540000000e-03
4.874911870015785e+01	1.929294090000000e-03
4.878248389996588e+01	1.901635430000000e-03
4.880636710021645e+01	1.868406540000000e-03
4.885048700030893e+01	1.853232500000000e-03
4.887551070004702e+01	1.834409190000000e-03
4.890746430028230e+01	1.803293130000000e-03
4.895065229991451e+01	1.789271480000000e-03
4.898726000031456e+01	1.766990990000000e-03
4.901763810031116e+01	1.745286400000000e-03
4.905186109989882e+01	1.731841010000000e-03
4.908118059998378e+01	1.718395970000000e-03
4.910479460004717e+01	1.705719040000000e-03
4.914981620013714e+01	1.682477890000000e-03
4.917288429988548e+01	1.667303960000000e-03
4.920586299989372e+01	1.635995690000000e-03
4.925229809992015e+01	1.620053310000000e-03
4.927668560016900e+01	1.604303250000000e-03
4.930395520012826e+01	1.589897550000000e-03
4.934913480002433e+01	1.564543690000000e-03
4.937319360021502e+01	1.550714370000000e-03
4.940815859986469e+01	1.525936760000000e-03
4.945516559993848e+01	1.509802420000000e-03
4.950212150020525e+01	1.485216780000000e-03
4.953311390010640e+01	1.467545980000000e-03
4.956668379995972e+01	1.447185990000000e-03
4.960146970022470e+01	1.437966250000000e-03
4.962503960030153e+01	1.429322870000000e-03
4.965084849996492e+01	1.420103360000000e-03
4.967460690019652e+01	1.412036250000000e-03
4.969858189998195e+01	1.403776930000000e-03
4.972168050007895e+01	1.392636680000000e-03
4.975072359992191e+01	1.385914050000000e-03
4.978421270009130e+01	1.375925960000000e-03
4.981070680031553e+01	1.364977800000000e-03
4.986173349991441e+01	1.348651360000000e-03
4.990335999988019e+01	1.342504980000000e-03
4.994821819989011e+01	1.327523260000000e-03
4.997122760023922e+01	1.320992600000000e-03
5.000320430006832e+01	1.311388800000000e-03
5.004814859991893e+01	1.296599160000000e-03
5.007374220015481e+01	1.287187330000000e-03
5.011492469999939e+01	1.262793900000000e-03
5.015009130025283e+01	1.251845620000000e-03
5.017308600014076e+01	1.238784400000000e-03
5.020843779994175e+01	1.219961090000000e-03
5.025038470001891e+01	1.212278030000000e-03
5.028739689989015e+01	1.199985390000000e-03
5.031143840029836e+01	1.189228960000000e-03
5.035102050006390e+01	1.183274670000000e-03
5.037504610000178e+01	1.173670990000000e-03
5.040329310018569e+01	1.165219820000000e-03
5.045946300029755e+01	1.134103630000000e-03
5.050409740023315e+01	1.121234610000000e-03
5.054933120030910e+01	1.096456890000000e-03
5.058259060001001e+01	1.075520760000000e-03
5.061312130000442e+01	1.049590530000000e-03
5.065154050011188e+01	1.035569000000000e-03
5.068959990004078e+01	1.015209240000000e-03
5.071258130017668e+01	9.967699880000000e-04
5.075065559986979e+01	9.854375380000001e-04
5.077432460011914e+01	9.731446040000000e-04
5.081384090008214e+01	9.520165040000000e-04
5.086039440007880e+01	9.387632599999999e-04
5.089235110022128e+01	9.266624110000000e-04
5.092383240023628e+01	9.160984770000000e-04
5.095073330029845e+01	9.097598960000000e-04
5.098460040008649e+01	9.022689190000000e-04
5.100892350031063e+01	8.945858570000000e-04
5.105011700000614e+01	8.897841910000000e-04
5.107898980006576e+01	8.840219230000000e-04
5.110697899991646e+01	8.772992880000000e-04
5.115702940011397e+01	8.724973890000000e-04
5.118899230007082e+01	8.669271480000000e-04
5.121215290017426e+01	8.588600900000000e-04
5.125111979991198e+01	8.521374550000000e-04
5.128229530015960e+01	8.440703390000000e-04
5.130608050012961e+01	8.308170950000000e-04
5.136208319989964e+01	8.150669750000000e-04
5.140420080022886e+01	8.093047070000001e-04
5.144980589998886e+01	7.998929360000000e-04
5.147286510001868e+01	7.947069830000000e-04
5.149687909986824e+01	7.887526879999999e-04
5.152025830000639e+01	7.816457659999999e-04
5.155400189990178e+01	7.747311030000000e-04
5.161488680029288e+01	7.587889560000000e-04
5.166260430030525e+01	7.463040530000000e-04
5.170816780021414e+01	7.368922820000000e-04
5.175114959990606e+01	7.318983550000000e-04
5.178411230025813e+01	7.261360880000000e-04
5.180820100009441e+01	6.939262380000000e-04
5.194708930002525e+01	6.877855050000000e-04
5.197207339992747e+01	6.812033830000000e-04
5.199545569997281e+01	6.744870330000000e-04
5.201943670026958e+01	6.628580740000000e-04
5.205166750028729e+01	6.535893190000000e-04
5.208049720013514e+01	6.434571110000000e-04
5.211266610026360e+01	6.279902300000000e-04
5.215133070014417e+01	6.206597900000000e-04
5.217484720004722e+01	6.141352350000000e-04
5.219885780010372e+01	6.073229010000000e-04
5.222184769995511e+01	5.987450130000000e-04
5.225190240005031e+01	5.917983940000000e-04
5.228522079996765e+01	5.832781320000000e-04
5.230938300024718e+01	5.716874730000000e-04
5.236530090030283e+01	5.553378720000000e-04
5.240236969990656e+01	5.470286120000000e-04
5.242583120008931e+01	5.391032900000000e-04
5.245154060004279e+01	5.330777490000000e-04
5.248965900018811e+01	5.253634300000000e-04
5.251362620014697e+01	5.182632590000000e-04
5.255285659991205e+01	5.131779470000000e-04
5.260054560005665e+01	5.045233990000000e-04
5.262462319992483e+01	5.004167910000000e-04
5.266441230010241e+01	4.920308710000000e-04
5.270335060032085e+01	4.886726970000000e-04
5.274874920025468e+01	4.826470980000000e-04
5.277375720022246e+01	4.797301950000000e-04
5.280375890014693e+01	4.766022900000000e-04
5.285071190027520e+01	4.706726470000000e-04
5.287469250010327e+01	4.660095440000000e-04
5.291275840019807e+01	4.586214780000000e-04
5.296021059993654e+01	4.467046820000000e-04
5.300119729992002e+01	4.412931450000000e-04
5.303911620005965e+01	4.329455840000000e-04
5.307016550004482e+01	4.262100260000000e-04
5.309360489994287e+01	4.211247430000000e-04
5.311711250012740e+01	4.130458400000000e-04
5.315109129995108e+01	4.070586000000000e-04
5.317457670019940e+01	4.001503400000000e-04
5.320157709997147e+01	3.931076790000000e-04
5.322859549988061e+01	3.855085230000000e-04
5.325258870003745e+01	3.802313880000000e-04
5.329969980008900e+01	3.709435400000000e-04
5.332389680016786e+01	3.649946880000000e-04
5.335195779986680e+01	3.589115510000000e-04
5.337608860014006e+01	3.531929980000000e-04
5.339948659995571e+01	3.481077440000000e-04
5.342280129995197e+01	3.430607900000000e-04
5.346195130003616e+01	3.334658980000000e-04
5.350494910031557e+01	3.289754970000000e-04
5.355805339990184e+01	3.123380010000000e-04
5.360215050028637e+01	3.053529360000000e-04
5.362618810031563e+01	2.985405740000000e-04
5.365071320021525e+01	2.926493180000000e-04
5.367472640005872e+01	2.870267200000000e-04
5.369868550030515e+01	2.823827960000000e-04
5.372298699989915e+01	2.768561540000000e-04
5.375086410017684e+01	2.725768430000000e-04
5.377611720003188e+01	2.679329190000000e-04
5.380683370027691e+01	2.610246300000000e-04
5.385447379993275e+01	2.573401730000000e-04
5.391616709996015e+01	2.474958600000000e-04
5.395114860031754e+01	2.441184480000000e-04
5.397912820009515e+01	2.403956310000000e-04
5.400211689993739e+01	2.377282510000000e-04
5.402611610013992e+01	2.350225110000000e-04
5.405750299990177e+01	2.279222970000000e-04
5.410582940001041e+01	2.212442630000000e-04
5.415099709993228e+01	2.180203880000000e-04
5.417399960011244e+01	2.146621850000000e-04
5.420096909999847e+01	2.116301910000000e-04
5.422797870030627e+01	2.085598390000000e-04
5.425293650012463e+01	2.056238150000000e-04
5.427895350009203e+01	2.022464030000000e-04
5.430293750017881e+01	1.988882000000000e-04
5.435172360017896e+01	1.922101660000000e-04
5.437506320001557e+01	1.886025130000000e-04
5.440365049988031e+01	1.859351320000000e-04
5.444846010021865e+01	1.804468480000000e-04
5.447174660023302e+01	1.767432400000000e-04
5.450670080026612e+01	1.711398360000000e-04
5.455095669999719e+01	1.681462160000000e-04
5.458369310013950e+01	1.639820550000000e-04
5.460761910025030e+01	1.582059340000000e-04
5.466295870020986e+01	1.521419470000000e-04
5.470399860013276e+01	1.498775820000000e-04
5.475698100030422e+01	1.450801360000000e-04
5.480091990018263e+01	1.437176830000000e-04
5.482491090008989e+01	1.424127550000000e-04
5.485096060018986e+01	1.411846320000000e-04
5.488289029989392e+01	1.391888800000000e-04
5.490686370013282e+01	1.354084960000000e-04
5.495117910020053e+01	1.327411300000000e-04
5.497517300024629e+01	1.295940160000000e-04
5.500715119997039e+01	1.230119230000000e-04
5.505052250018343e+01	1.202485950000000e-04
5.508553060004488e+01	1.162571280000000e-04
5.511595210013911e+01	1.123424230000000e-04
5.515031330008060e+01	1.103083120000000e-04
5.517430680012330e+01	1.086004120000000e-04
5.520859679998830e+01	1.053765370000000e-04
5.525064620003104e+01	1.042059670000000e-04
5.528778170002624e+01	1.021526550000000e-04
5.531183570018038e+01	9.983069320000000e-05
5.535078090010211e+01	9.842984580000000e-05
5.537376359989867e+01	9.685629629999999e-05
5.541330250026658e+01	9.405459420000000e-05
5.545944190025330e+01	9.259615040000000e-05
5.548350990004838e+01	9.154071450000000e-05
5.550731480028480e+01	9.013986710000000e-05
5.555669600004330e+01	8.875820640000000e-05
5.561488470016047e+01	8.781791259999999e-05
5.566257200017571e+01	8.718464960000000e-05
5.570327509986237e+01	8.660896860000001e-05
5.574858540017158e+01	8.540001000000000e-05
5.578634880017489e+01	8.428700680000000e-05
5.581030160002410e+01	8.302048079999999e-05
5.586418320005760e+01	8.035310020000000e-05
5.590446239989251e+01	7.956631449999999e-05
5.595884720003232e+01	7.726355400000000e-05
5.600039590010419e+01	7.645758160000000e-05
5.603478150023147e+01	7.563242980000000e-05
5.606753000011668e+01	7.484564410000000e-05
5.609738200018182e+01	7.430832920000000e-05
5.612077359994873e+01	7.388614900000000e-05
5.615070950007066e+01	7.352155080000000e-05
5.617467419989407e+01	7.306099720000001e-05
5.620122360019013e+01	7.235097289999999e-05
5.623640660010278e+01	7.116120830000000e-05
5.625936840008944e+01	6.570340340000000e-05
5.637526840018108e+01	6.505596679999999e-05
5.641013889992610e+01	6.416069660000000e-05
5.643405110016465e+01	6.362277050000001e-05
5.645902410009876e+01	6.271981690000000e-05
5.650285510020331e+01	6.234518510000000e-05
5.654841919988394e+01	6.144415240000000e-05
5.658271300001070e+01	6.101765390000000e-05
5.660664550028741e+01	6.057770590000000e-05
5.665065740002319e+01	6.027416020000000e-05
5.667461330024526e+01	5.982652510000000e-05
5.670492290006950e+01	5.957484970000000e-05
5.672889620019123e+01	5.929820330000000e-05
5.675309590017423e+01	5.874297860000000e-05
5.679848359990865e+01	5.756914470000000e-05
5.682192360004410e+01	5.652786790000000e-05
5.686321290023625e+01	5.464704010000000e-05
5.690284939995036e+01	5.380171930000000e-05
5.694887020019814e+01	5.240310200000000e-05
5.697284920001402e+01	5.101217180000000e-05
5.700182130001485e+01	4.983257170000000e-05
5.702522929990664e+01	4.890464330000000e-05
5.705097680026665e+01	4.805932260000000e-05
5.708119230018929e+01	4.701804940000000e-05
5.710532550001517e+01	4.589031960000000e-05
5.715114489989355e+01	4.544845070000000e-05
5.717413240019232e+01	4.513913880000000e-05
5.720109430002049e+01	4.502963200000000e-05
5.722409490030259e+01	4.496623660000000e-05
5.725163340009749e+01	4.493741290000000e-05
5.727554780011997e+01	4.492588780000000e-05
5.730363720003515e+01	4.492204240000000e-05
5.732962290011346e+01	4.485480530000000e-05
5.735361059987918e+01	4.449938570000000e-05
5.740048730000854e+01	4.318146240000000e-05
5.742490760004148e+01	4.235151210000000e-05
5.745567749999464e+01	4.031506610000000e-05
5.750362600013614e+01	3.951393590000000e-05
5.754922330006957e+01	3.800197010000000e-05
5.758105699997395e+01	3.713744080000000e-05
5.760410090023652e+01	3.665330950000000e-05
5.764243320003152e+01	3.583296350000000e-05
5.766645170003176e+01	3.462838870000000e-05
5.770361940003932e+01	3.385799570000000e-05
5.774845100007951e+01	3.296080830000000e-05
5.777254959987476e+01	3.272258250000000e-05
5.780092540010810e+01	3.253622710000000e-05
5.782792189996690e+01	3.220770670000000e-05
5.785188410012051e+01	3.166209350000000e-05
5.787615580018610e+01	3.065539570000000e-05
5.790541040012613e+01	2.967559520000000e-05
5.793714220030233e+01	2.825392770000000e-05
5.796025940030813e+01	2.578905880000000e-05
5.800131680024788e+01	2.427133040000000e-05
5.803049350017682e+01	2.314359880000000e-05
5.805696569988504e+01	2.267290980000000e-05
5.810946330009028e+01	2.259798570000000e-05
5.815638560010120e+01	2.259222130000000e-05
5.820176120009273e+01	2.259606480000000e-05
5.823496880009770e+01	2.258261520000000e-05
5.825819260021672e+01	2.257685260000000e-05
5.830624510021880e+01	2.257493180000000e-05
5.835129290027544e+01	2.257685260000000e-05
5.837472580000758e+01	2.257300910000000e-05
5.840566849987954e+01	2.257300910000000e-05
5.845145160006359e+01	2.256532570000000e-05
5.848169980011880e+01	2.252882400000000e-05
5.850543750030920e+01	2.249424140000000e-05
5.854339489992708e+01	2.229059830000000e-05
5.856714290007949e+01	2.212537580000000e-05
5.860259720031172e+01	2.205429150000000e-05
5.865231520030648e+01	2.173729810000000e-05
5.867582980031148e+01	2.156055230000000e-05
5.870399049995467e+01	2.149138890000000e-05
5.875919910008088e+01	2.137611770000000e-05
5.880718720005825e+01	2.131079780000000e-05
5.883248599991202e+01	2.118976410000000e-05
5.886941729998216e+01	2.093040530000000e-05
5.890343469986692e+01	2.077670980000000e-05
5.894880839996040e+01	2.028681410000000e-05
5.897178209992126e+01	1.989873270000000e-05
5.900089929997921e+01	1.949336550000000e-05
5.902724910015240e+01	1.901691580000000e-05
5.905142540019006e+01	1.863844410000000e-05
5.907684329990298e+01	1.806401090000000e-05
5.910520010022447e+01	1.740120570000000e-05
5.913610950019211e+01	1.679603700000000e-05
5.915989569993690e+01	1.614283610000000e-05
5.920112550025806e+01	1.581623660000000e-05
5.923018119996414e+01	1.543007780000000e-05
5.926223260024562e+01	1.443106880000000e-05
5.930773370014504e+01	1.346087630000000e-05
5.935115860030055e+01	1.308624630000000e-05
5.937535810004920e+01	1.267511380000000e-05
5.940292089991271e+01	1.233122380000000e-05
5.943331200024113e+01	1.181250630000000e-05
5.945826430013403e+01	1.075201820000000e-05
5.950333809992298e+01	1.031206830000000e-05
5.955162880010903e+01	9.691530069999999e-06
5.966324490029365e+01	8.903847630000000e-06
5.971519500017166e+01	8.723257450000000e-06
5.974722449993715e+01	8.542666359999999e-06
5.977158869989216e+01	8.365918799999999e-06
5.980969060026109e+01	8.079663530000000e-06
5.985065759997815e+01	7.925968930000000e-06
5.987477330025285e+01	7.751142220000000e-06
5.990261640027165e+01	7.614738020000000e-06
5.994786050030962e+01	7.318876670000000e-06
5.997192070027813e+01	7.092178750000000e-06
6.000181980011985e+01	6.926957670000000e-06
6.003040909999982e+01	6.736760950000000e-06
6.007248219987378e+01	6.314102850000000e-06
