# [General]
# timestamp=2025-04-09T17:44:31.490247
# comments='# '
# delimiter='\t'
# column_dtypes=float;;float
# column_headers='Time (s);;Power (W)'
# 
# [Metadata]
# scanner_x=-5.0978161682
# scanner_y=3.5706164072
# start recoding time='09.04.2025, 17:43:11.656937'
# sample rate (hz)=50.0
# sample timing='TIMESTAMP'
# 
# ---- END HEADER ----
2.652199938893318e-03	1.897550560000000e-02
3.791119996458292e-02	1.894693640000000e-02
9.879370033740997e-02	1.896217280000000e-02
1.297162002883852e-01	1.897169650000000e-02
1.601879000663757e-01	1.893550530000000e-02
1.908770003356040e-01	1.903264970000000e-02
2.370832003653049e-01	1.902502960000000e-02
2.696994002908468e-01	1.901169490000000e-02
2.996533000841737e-01	1.906693540000000e-02
3.448379002511501e-01	1.899455670000000e-02
3.922514002770185e-01	1.908407920000000e-02
4.223597999662161e-01	1.900598220000000e-02
4.545015003532171e-01	1.901360230000000e-02
5.001459000632167e-01	1.912598130000000e-02
5.473466003313661e-01	1.907074640000000e-02
5.950446003116667e-01	1.912979220000000e-02
6.419434002600610e-01	1.907455550000000e-02
7.033891002647579e-01	1.909550470000000e-02
7.338331001810730e-01	1.920217280000000e-02
7.650465001352131e-01	1.911455580000000e-02
7.956994003616273e-01	1.921931470000000e-02
8.424978000111878e-01	1.914503240000000e-02
8.893630001693964e-01	1.919074540000000e-02
9.357798001728952e-01	1.925360230000000e-02
9.668521001003683e-01	1.918122170000000e-02
9.978896002285182e-01	1.923836580000000e-02
1.028859400190413e+00	1.922884210000000e-02
1.059964200016111e+00	1.920026910000000e-02
1.092079200316221e+00	1.931836460000000e-02
1.139986100140959e+00	1.926312600000000e-02
1.200959400273860e+00	1.933360100000000e-02
1.247903600335121e+00	1.925931500000000e-02
1.294959300197661e+00	1.935455580000000e-02
1.325708799995482e+00	1.927836610000000e-02
1.357283100020140e+00	1.928598250000000e-02
1.403846200089902e+00	1.939645780000000e-02
1.449882000219077e+00	1.932598460000000e-02
1.497432800009847e+00	1.942312900000000e-02
1.545214000158012e+00	1.934884120000000e-02
1.591083200182766e+00	1.942884180000000e-02
1.622273799963295e+00	1.936598490000000e-02
1.653419600334018e+00	1.937931780000000e-02
1.700147599913180e+00	1.948407850000000e-02
1.746996900066733e+00	1.939836520000000e-02
1.794495500158519e+00	1.950503140000000e-02
1.840566200204194e+00	1.945169830000000e-02
1.902243200223893e+00	1.943455450000000e-02
1.932267600204796e+00	1.952788790000000e-02
1.964250900316983e+00	1.945550930000000e-02
1.995563600212336e+00	1.956407910000000e-02
2.043340499978513e+00	1.948026750000000e-02
2.088390999939293e+00	1.953169890000000e-02
2.148822300136089e+00	1.951455510000000e-02
2.194347999989986e+00	1.960979590000000e-02
2.226614099927247e+00	1.955074440000000e-02
2.257077600341290e+00	1.954122070000000e-02
2.303826800081879e+00	1.964027250000000e-02
2.350037500262260e+00	1.955646090000000e-02
2.397574100177735e+00	1.967455450000000e-02
2.443898800294846e+00	1.956979560000000e-02
2.489908900111914e+00	1.964979430000000e-02
2.519935100339353e+00	1.963265240000000e-02
2.552059900015593e+00	1.961741220000000e-02
2.597802900243551e+00	1.972027120000000e-02
2.644331300165504e+00	1.964408160000000e-02
2.690588300116360e+00	1.971455480000000e-02
2.752402500249445e+00	1.966693810000000e-02
2.798871700186282e+00	1.971265110000000e-02
2.829409900121391e+00	1.973550770000000e-02
2.861299599986523e+00	1.968598550000000e-02
2.892051100265235e+00	1.978503170000000e-02
2.937519600149244e+00	1.976979520000000e-02
2.968785400036722e+00	1.974884050000000e-02
3.000573799945414e+00	1.980598460000000e-02
3.047686700243503e+00	1.973169860000000e-02
3.095237100031227e+00	1.983455750000000e-02
3.125699500087649e+00	1.974884050000000e-02
3.156223100144416e+00	1.976027150000000e-02
3.202118299901485e+00	1.985931770000000e-02
3.248940899968147e+00	1.977931890000000e-02
3.295780700165778e+00	1.987074870000000e-02
3.344577000010759e+00	1.980598460000000e-02
3.404195900075138e+00	1.980217550000000e-02
3.435206000227481e+00	1.991836730000000e-02
3.468983199913055e+00	1.987265050000000e-02
3.497661700006574e+00	1.994122380000000e-02
3.546170600224286e+00	1.984408130000000e-02
3.591855400241911e+00	1.995074750000000e-02
3.637869900092483e+00	1.992027090000000e-02
3.684892999939620e+00	1.987074870000000e-02
3.716866600327194e+00	1.995455850000000e-02
3.746840800158679e+00	1.989170160000000e-02
3.794322400353849e+00	1.998503510000000e-02
3.840329099912196e+00	1.992789100000000e-02
3.902837600093335e+00	2.001741530000000e-02
3.955217299982905e+00	1.994312740000000e-02
3.996296800207347e+00	2.003265170000000e-02
4.027252099942416e+00	1.998693870000000e-02
4.058206900022924e+00	1.995455850000000e-02
4.090008900035173e+00	2.002503540000000e-02
4.135867600329220e+00	2.005932110000000e-02
4.166527499910444e+00	1.998884420000000e-02
4.197945500258356e+00	2.008027020000000e-02
4.244744400028139e+00	1.997931860000000e-02
4.292043700348586e+00	2.009170130000000e-02
4.322530400007963e+00	2.000027150000000e-02
4.354188099969178e+00	2.002312800000000e-02
4.399056300055236e+00	2.011074680000000e-02
4.444675700273365e+00	2.004598450000000e-02
4.490690300241113e+00	2.011455780000000e-02
4.537839000113308e+00	2.010693770000000e-02
4.601348200347275e+00	2.007836850000000e-02
4.631702499929816e+00	2.014693800000000e-02
4.663284700363874e+00	2.007074840000000e-02
4.694354500155896e+00	2.017170000000000e-02
4.741627000272274e+00	2.009170130000000e-02
4.802061399910599e+00	2.018884380000000e-02
4.847892300225794e+00	2.009551040000000e-02
4.894865800160915e+00	2.020598760000000e-02
4.926075099967420e+00	2.013170160000000e-02
4.957221500109881e+00	2.012789060000000e-02
5.003017300274223e+00	2.022122410000000e-02
5.049785800278187e+00	2.014122340000000e-02
5.096730000339448e+00	2.024027150000000e-02
5.143787499982864e+00	2.016979830000000e-02
5.190506200306118e+00	2.024408060000000e-02
5.221299600321800e+00	2.017551100000000e-02
5.252033200114965e+00	2.016789090000000e-02
5.298614399973303e+00	2.027074810000000e-02
5.345769300125539e+00	2.018884380000000e-02
5.392838700208813e+00	2.028598820000000e-02
5.438875600229949e+00	2.024979700000000e-02
5.501083699986339e+00	2.022313140000000e-02
5.532550900243223e+00	2.031265390000000e-02
5.564472200348973e+00	2.022313140000000e-02
5.596088800113648e+00	2.032408120000000e-02
5.642362200189382e+00	2.023074780000000e-02
5.687883000355214e+00	2.027074810000000e-02
5.733889600262046e+00	2.033551040000000e-02
5.765671700239182e+00	2.025551160000000e-02
5.797730300109833e+00	2.031074650000000e-02
5.829592700116336e+00	2.032598670000000e-02
5.860972200054675e+00	2.025932070000000e-02
5.890598699916154e+00	2.034503410000000e-02
5.936752800364047e+00	2.034313050000000e-02
5.967928800266236e+00	2.031265390000000e-02
5.998891700059175e+00	2.037741800000000e-02
6.045484900008887e+00	2.028979730000000e-02
6.092104400042444e+00	2.039265450000000e-02
6.122806400060654e+00	2.030122470000000e-02
6.153558399993926e+00	2.031646480000000e-02
6.200011100154370e+00	2.041170000000000e-02
6.247611599974334e+00	2.033170130000000e-02
6.290542700327933e+00	2.041170000000000e-02
6.337565999943763e+00	2.038693990000000e-02
6.368992200121284e+00	2.039455810000000e-02
6.401004800107330e+00	2.036408330000000e-02
6.433084799908102e+00	2.044217660000000e-02
6.462810900062323e+00	2.035074680000000e-02
6.493679600302130e+00	2.045360770000000e-02
6.541204500012100e+00	2.037741800000000e-02
6.603149600327015e+00	2.046122400000000e-02
6.649676700122654e+00	2.037360710000000e-02
6.696223299950361e+00	2.045932040000000e-02
6.727934299968183e+00	2.042884380000000e-02
6.759123400319368e+00	2.039836720000000e-02
6.791195000056177e+00	2.048598790000000e-02
6.837941600009799e+00	2.044789120000000e-02
6.868892100173980e+00	2.045170030000000e-02
6.899840000085533e+00	2.049360800000000e-02
6.945951700210571e+00	2.040789090000000e-02
6.992309300228953e+00	2.050503340000000e-02
7.024367700330913e+00	2.040789090000000e-02
7.055025600362569e+00	2.041741830000000e-02
7.106318700127304e+00	2.051646450000000e-02
7.150102400220931e+00	2.043455650000000e-02
7.197275300044566e+00	2.052217720000000e-02
7.242892500013113e+00	2.044789120000000e-02
7.291268399916589e+00	2.052789370000000e-02
7.320888900198042e+00	2.045932040000000e-02
7.351933000143617e+00	2.044979670000000e-02
7.397870300337672e+00	2.053932100000000e-02
7.444860500283539e+00	2.045360770000000e-02
7.491061400156468e+00	2.055265380000000e-02
7.552248400170356e+00	2.048217690000000e-02
7.598781700246036e+00	2.051265350000000e-02
7.629883599933237e+00	2.053360640000000e-02
7.660343199968338e+00	2.047075140000000e-02
7.692168599925935e+00	2.057170120000000e-02
7.738919900264591e+00	2.051646450000000e-02
7.799835800193250e+00	2.058694140000000e-02
7.847936100326478e+00	2.049170060000000e-02
7.894958400167525e+00	2.058503780000000e-02
7.926256400067359e+00	2.050503340000000e-02
7.958272000309080e+00	2.049932070000000e-02
7.989984900224954e+00	2.057170120000000e-02
8.039062600117177e+00	2.053551000000000e-02
8.099225100129843e+00	2.060217780000000e-02
8.146640200167894e+00	2.054122650000000e-02
8.192540300078690e+00	2.060598690000000e-02
8.222881800029427e+00	2.051456090000000e-02
8.254784000106156e+00	2.051456090000000e-02
8.300806200131774e+00	2.062313070000000e-02
8.346859999932349e+00	2.052598630000000e-02
8.393779899924994e+00	2.062693980000000e-02
8.440925600007176e+00	2.052598630000000e-02
8.487859799992293e+00	2.058694140000000e-02
8.518889599945396e+00	2.056979760000000e-02
8.549290399998426e+00	2.057741770000000e-02
8.596158300060779e+00	2.064408360000000e-02
8.641828900203109e+00	2.053741740000000e-02
8.688854800071567e+00	2.060598690000000e-02
8.735819700174034e+00	2.062693980000000e-02
8.769113200251013e+00	2.060598690000000e-02
8.800061600282788e+00	2.056217750000000e-02
8.830752500332892e+00	2.063455990000000e-02
8.862575599923730e+00	2.054503370000000e-02
8.892211300320923e+00	2.064789460000000e-02
8.938307600095868e+00	2.059646320000000e-02
9.000978700350970e+00	2.065741640000000e-02
9.048045299947262e+00	2.058122680000000e-02
9.094751600176096e+00	2.064789460000000e-02
9.125433700159192e+00	2.057170120000000e-02
9.155873300042003e+00	2.056789400000000e-02
9.201615700032562e+00	2.066694010000000e-02
9.246885400265455e+00	2.056789400000000e-02
9.293942099902779e+00	2.065741640000000e-02
9.339875100180507e+00	2.058313040000000e-02
9.401186299975961e+00	2.057741770000000e-02
9.434870100114495e+00	2.065551090000000e-02
9.463608399964869e+00	2.056979760000000e-02
9.494850799906999e+00	2.066313100000000e-02
9.541967700235546e+00	2.061360700000000e-02
9.608898600097746e+00	2.066694010000000e-02
9.650727299973369e+00	2.057551030000000e-02
9.696667500305921e+00	2.064217630000000e-02
9.727842099964619e+00	2.061931980000000e-02
9.758324900176376e+00	2.058884320000000e-02
9.805697900243104e+00	2.066503650000000e-02
9.850030300207436e+00	2.057170120000000e-02
9.896067900117487e+00	2.066503650000000e-02
9.947794800158590e+00	2.060027420000000e-02
1.000472410023212e+01	2.057932130000000e-02
1.003522900026292e+01	2.066694010000000e-02
1.006644219998270e+01	2.060789430000000e-02
1.009846130013466e+01	2.066694010000000e-02
1.014302810002118e+01	2.059646320000000e-02
1.018880950007588e+01	2.065360730000000e-02
1.023604290001094e+01	2.064789460000000e-02
1.026971280016005e+01	2.066122740000000e-02
1.029871130036190e+01	2.060789430000000e-02
1.033014569990337e+01	2.065170370000000e-02
1.036044390033931e+01	2.059075050000000e-02
1.039182570017874e+01	2.067456020000000e-02
1.043790220003575e+01	2.061741800000000e-02
1.048496269993484e+01	2.058122680000000e-02
1.051603549998254e+01	2.063265440000000e-02
1.054780580010265e+01	2.060217780000000e-02
1.059311580006033e+01	2.066884380000000e-02
1.062378210015595e+01	2.057360670000000e-02
1.065502920001745e+01	2.057170120000000e-02
1.070148390019313e+01	2.066313100000000e-02
1.074879810027778e+01	2.058503780000000e-02
1.079623629990965e+01	2.065741640000000e-02
1.084269190020859e+01	2.056408300000000e-02
1.088874830026180e+01	2.062884350000000e-02
1.092008910002187e+01	2.057360670000000e-02
1.095108509995043e+01	2.058122680000000e-02
1.099922259990126e+01	2.065170370000000e-02
1.104332130029798e+01	2.057741770000000e-02
1.109067070018500e+01	2.064027450000000e-02
1.115293290000409e+01	2.057932130000000e-02
1.119995580008253e+01	2.056217750000000e-02
1.122999990032986e+01	2.063265440000000e-02
1.126116800028831e+01	2.055456120000000e-02
1.129182420019060e+01	2.064027450000000e-02
1.133874610019848e+01	2.056789400000000e-02
1.140008480008692e+01	2.063265440000000e-02
1.144667030032724e+01	2.054503370000000e-02
1.149379969993606e+01	2.063455990000000e-02
1.152585570001975e+01	2.056979760000000e-02
1.155766060017049e+01	2.059265410000000e-02
1.160476360004395e+01	2.062503810000000e-02
1.165326580032706e+01	2.052027360000000e-02
1.170034290011972e+01	2.062313070000000e-02
1.174654480023310e+01	2.054884280000000e-02
1.179416450019926e+01	2.060789430000000e-02
1.182445240020752e+01	2.052789370000000e-02
1.185447350004688e+01	2.051456090000000e-02
1.190112620033324e+01	2.059646320000000e-02
1.194892410002649e+01	2.053551000000000e-02
1.199540530005470e+01	2.060217780000000e-02
1.204415869992226e+01	2.053932100000000e-02
1.210474260011688e+01	2.050884440000000e-02
1.213680480001494e+01	2.054884280000000e-02
1.216786710033193e+01	2.055456120000000e-02
1.219997900025919e+01	2.058503780000000e-02
1.224465260002762e+01	2.050503340000000e-02
1.229071280034259e+01	2.057170120000000e-02
1.233738679997623e+01	2.052789370000000e-02
1.236889349995181e+01	2.055456120000000e-02
1.240012430027127e+01	2.047646420000000e-02
1.243342190003023e+01	2.056408300000000e-02
1.246346170036122e+01	2.047646420000000e-02
1.249410030012950e+01	2.056598660000000e-02
1.254049200005829e+01	2.046503310000000e-02
1.260626809997484e+01	2.055075020000000e-02
1.264624739997089e+01	2.045741680000000e-02
1.269341340009123e+01	2.054122650000000e-02
1.272466550022364e+01	2.045932040000000e-02
1.275523249991238e+01	2.046503310000000e-02
1.280095960013568e+01	2.052979730000000e-02
1.284790860023350e+01	2.044027480000000e-02
1.289511439995840e+01	2.053360640000000e-02
1.294102200027555e+01	2.045741680000000e-02
1.300213759997860e+01	2.042313110000000e-02
1.303313530003652e+01	2.050312980000000e-02
1.306526709999889e+01	2.044789120000000e-02
1.309735700022429e+01	2.051836620000000e-02
1.314435580000281e+01	2.042503470000000e-02
1.319140870030969e+01	2.049170060000000e-02
1.323786000022665e+01	2.042694020000000e-02
1.330061390018091e+01	2.038884350000000e-02
1.333289830014110e+01	2.048408430000000e-02
1.336392310028896e+01	2.040217820000000e-02
1.339555880008265e+01	2.047075140000000e-02
1.344276420027018e+01	2.036217790000000e-02
1.349000160023570e+01	2.046694050000000e-02
1.355197550030425e+01	2.041932010000000e-02
1.359896010020748e+01	2.037741800000000e-02
1.363084929995239e+01	2.044408400000000e-02
1.366291100019589e+01	2.033932130000000e-02
1.369411400007084e+01	2.042694020000000e-02
1.373877339996397e+01	2.035265420000000e-02
1.380051860027015e+01	2.041741830000000e-02
1.384695950010791e+01	2.032979760000000e-02
1.389289280027151e+01	2.040408370000000e-02
1.392400600016117e+01	2.031836660000000e-02
1.395582110015675e+01	2.033360670000000e-02
1.400163070019335e+01	2.039075080000000e-02
1.404791050031781e+01	2.031646480000000e-02
1.409270110027865e+01	2.036979790000000e-02
1.414237669995055e+01	2.032408120000000e-02
1.420098670013249e+01	2.028408090000000e-02
1.423450680030510e+01	2.034503410000000e-02
1.426394090009853e+01	2.028217730000000e-02
1.429416669998318e+01	2.034884320000000e-02
1.434300470026210e+01	2.028979730000000e-02
1.440555150015280e+01	2.033551040000000e-02
1.445010970020667e+01	2.022884410000000e-02
1.449599580001086e+01	2.027836810000000e-02
1.452667269995436e+01	2.026884440000000e-02
1.455899900011718e+01	2.028217730000000e-02
1.460586040001363e+01	2.031074650000000e-02
1.463788120029494e+01	2.022884410000000e-02
1.466879109991714e+01	2.028217730000000e-02
1.469941959995776e+01	2.029360830000000e-02
1.474495590012521e+01	2.023074780000000e-02
1.479232900030911e+01	2.027836810000000e-02
1.482294820016250e+01	2.018122380000000e-02
1.485400460008532e+01	2.017360370000000e-02
1.489926300011575e+01	2.025170070000000e-02
1.494586670026183e+01	2.017170000000000e-02
1.499510010005906e+01	2.023646420000000e-02
1.503874470014125e+01	2.015836720000000e-02
1.510221320018172e+01	2.012979430000000e-02
1.513456560019404e+01	2.020598760000000e-02
1.516612530034035e+01	2.016789090000000e-02
1.519785100035369e+01	2.021551130000000e-02
1.524426050018519e+01	2.011836690000000e-02
1.529094550013542e+01	2.017932010000000e-02
1.533709829999134e+01	2.012408150000000e-02
1.536793090030551e+01	2.015455810000000e-02
1.539890790032223e+01	2.008598860000000e-02
1.543008180009201e+01	2.016408180000000e-02
1.546018050005659e+01	2.007836850000000e-02
1.549189299996942e+01	2.015455810000000e-02
1.553929200023413e+01	2.005360460000000e-02
1.560006800014526e+01	2.013170160000000e-02
1.564714709995314e+01	2.003265170000000e-02
1.569230580003932e+01	2.011455780000000e-02
1.572302570007741e+01	2.002503540000000e-02
1.575436899997294e+01	2.003455720000000e-02
1.580092919990420e+01	2.009170130000000e-02
1.584805410029367e+01	1.998884420000000e-02
1.589463280001655e+01	2.007265390000000e-02
1.594043010007590e+01	1.997170040000000e-02
1.600285440031439e+01	1.997170040000000e-02
1.603389680013061e+01	2.003455720000000e-02
1.606576480017975e+01	2.000408060000000e-02
1.609649570006877e+01	2.002312800000000e-02
1.614823340019211e+01	1.995836760000000e-02
1.618887139996514e+01	2.000598420000000e-02
1.625083889998496e+01	1.994693840000000e-02
1.629678909992799e+01	1.994312740000000e-02
1.632763820001855e+01	1.995455850000000e-02
1.635894690034911e+01	1.993360370000000e-02
1.638984999991953e+01	1.998312770000000e-02
1.643713730014861e+01	1.989931800000000e-02
1.646879380010068e+01	1.994693840000000e-02
1.649878469994292e+01	1.994122380000000e-02
1.654578080028296e+01	1.992598360000000e-02
1.659268940007314e+01	1.992598360000000e-02
1.662491510016844e+01	1.985360500000000e-02
1.665580080030486e+01	1.982693750000000e-02
1.670167009998113e+01	1.990312710000000e-02
1.674920319998637e+01	1.983074840000000e-02
1.679543870035559e+01	1.987646150000000e-02
1.684248539991677e+01	1.979074810000000e-02
1.688784940028563e+01	1.983836850000000e-02
1.691891780029982e+01	1.976979520000000e-02
1.695010000001639e+01	1.978884080000000e-02
1.699551249993965e+01	1.982884110000000e-02
1.704201039997861e+01	1.975646060000000e-02
1.708885920001194e+01	1.980408090000000e-02
1.713732040021569e+01	1.973550770000000e-02
1.716817220021039e+01	1.977741530000000e-02
1.719962380034849e+01	1.969550740000000e-02
1.723062010016292e+01	1.978503170000000e-02
1.726156140025705e+01	1.970122200000000e-02
1.729290080023929e+01	1.976027150000000e-02
1.733906040014699e+01	1.965741440000000e-02
1.740205920021981e+01	1.972979490000000e-02
1.744889890030026e+01	1.964027250000000e-02
1.749686620011926e+01	1.964979430000000e-02
1.752780329994857e+01	1.967836540000000e-02
1.755921510001644e+01	1.966693810000000e-02
1.760515270009637e+01	1.968217450000000e-02
1.765096889995039e+01	1.957931930000000e-02
1.769666260015219e+01	1.964217420000000e-02
1.774346149992198e+01	1.958884110000000e-02
1.779122250014916e+01	1.963265240000000e-02
1.782228230033070e+01	1.954122070000000e-02
1.785296840034425e+01	1.953169890000000e-02
1.790140169998631e+01	1.960027220000000e-02
1.794530040025711e+01	1.952598430000000e-02
1.799348080018535e+01	1.955074440000000e-02
1.803993610013276e+01	1.946884210000000e-02
1.810099059995264e+01	1.945741100000000e-02
1.813385000033304e+01	1.953360440000000e-02
1.816392600024119e+01	1.948217490000000e-02
1.819468990014866e+01	1.952217520000000e-02
1.824088880000636e+01	1.944026910000000e-02
1.830215599993244e+01	1.949360220000000e-02
1.834892240026966e+01	1.943265270000000e-02
1.839551040017977e+01	1.943265270000000e-02
1.842646250035614e+01	1.942884180000000e-02
1.845837800018489e+01	1.938122140000000e-02
1.848882210021839e+01	1.943074540000000e-02
1.853517530020326e+01	1.940026880000000e-02
1.856634570006281e+01	1.938122140000000e-02
1.859790570009500e+01	1.941931810000000e-02
1.864530510036275e+01	1.931836460000000e-02
1.869086570013314e+01	1.939455610000000e-02
1.872120189992711e+01	1.928217520000000e-02
1.875197899993509e+01	1.931265180000000e-02
1.879889870015904e+01	1.935074480000000e-02
1.884606199990958e+01	1.926312600000000e-02
1.889175599999726e+01	1.931836460000000e-02
1.893806859990582e+01	1.924026940000000e-02
1.900147429993376e+01	1.920026910000000e-02
1.903238220000640e+01	1.928788800000000e-02
1.906575220031664e+01	1.923074570000000e-02
1.909435530006886e+01	1.924598220000000e-02
1.914187630033121e+01	1.918693630000000e-02
1.920392420003191e+01	1.922503300000000e-02
1.925095460005105e+01	1.916598160000000e-02
1.929767609992996e+01	1.914122140000000e-02
1.932883290015161e+01	1.918693630000000e-02
1.935946239996701e+01	1.915264870000000e-02
1.940579940006137e+01	1.914503240000000e-02
1.945300740003586e+01	1.906883900000000e-02
1.950000709993765e+01	1.913931590000000e-02
1.954545619990677e+01	1.906312630000000e-02
1.959144010022283e+01	1.912217210000000e-02
1.962240660004318e+01	1.901741330000000e-02
1.965346299996600e+01	1.900598220000000e-02
1.970013840030879e+01	1.908788830000000e-02
1.974792160000652e+01	1.899645850000000e-02
1.979328089999035e+01	1.904598250000000e-02
1.984085889998823e+01	1.897741300000000e-02
1.990256460011005e+01	1.892788520000000e-02
1.993368990020826e+01	1.899645850000000e-02
1.996419080020860e+01	1.894884000000000e-02
1.999447700008750e+01	1.898121830000000e-02
2.003887649998069e+01	1.888788490000000e-02
2.008546980004758e+01	1.891264880000000e-02
2.011934649990872e+01	1.886312660000000e-02
2.014928229991347e+01	1.888788490000000e-02
2.019836569996551e+01	1.884027010000000e-02
2.022892630007118e+01	1.890883970000000e-02
2.026011099992320e+01	1.884027010000000e-02
2.029082860006019e+01	1.888217220000000e-02
2.033778980001807e+01	1.880217340000000e-02
2.036999100027606e+01	1.887264850000000e-02
2.040105930017307e+01	1.884788650000000e-02
2.044647600036114e+01	1.874693300000000e-02
2.049229869991541e+01	1.881740990000000e-02
2.052402290003374e+01	1.873360020000000e-02
2.056237639999017e+01	1.875264940000000e-02
2.060099210031331e+01	1.879074240000000e-02
2.064696980034932e+01	1.868217250000000e-02
2.069366250000894e+01	1.874121840000000e-02
2.073973400006071e+01	1.864978860000000e-02
2.080106749990955e+01	1.862312290000000e-02
2.083198270015419e+01	1.870502900000000e-02
2.086318650003523e+01	1.861741020000000e-02
2.089340279996395e+01	1.867074330000000e-02
2.093950260011479e+01	1.857740990000000e-02
2.100196330016479e+01	1.864598320000000e-02
2.105119420029223e+01	1.854502970000000e-02
2.109636289998889e+01	1.856026610000000e-02
2.112697270000353e+01	1.857169720000000e-02
2.115953449998051e+01	1.852978950000000e-02
2.118873040005565e+01	1.857359890000000e-02
2.123576910002157e+01	1.850693300000000e-02
2.126652930025011e+01	1.851645670000000e-02
2.129711410030723e+01	1.851264570000000e-02
2.134395150002092e+01	1.847074370000000e-02
2.139238130021840e+01	1.849740930000000e-02
2.142253560014069e+01	1.840597950000000e-02
2.145353760011494e+01	1.839074310000000e-02
2.149974999995902e+01	1.845550350000000e-02
2.154538940032944e+01	1.838312300000000e-02
2.159200150007382e+01	1.841931230000000e-02
2.164125030022115e+01	1.832978990000000e-02
2.170216510025784e+01	1.830693330000000e-02
2.173297600029036e+01	1.838121940000000e-02
2.176446150010452e+01	1.834502630000000e-02
2.179492409992963e+01	1.834312270000000e-02
2.184176470013335e+01	1.824788380000000e-02
2.188793320022523e+01	1.831074250000000e-02
2.193551110010594e+01	1.826693300000000e-02
2.196674860036001e+01	1.826693300000000e-02
2.199790830025449e+01	1.820597980000000e-02
2.202790920017287e+01	1.825740930000000e-02
2.206062459992245e+01	1.817550320000000e-02
2.209064020030200e+01	1.822693270000000e-02
2.213745150016621e+01	1.815645580000000e-02
2.216935090022162e+01	1.823074370000000e-02
2.220183510007337e+01	1.820597980000000e-02
2.224633309990168e+01	1.815455030000000e-02
2.229398069996387e+01	1.815264670000000e-02
2.232514360034838e+01	1.809931360000000e-02
2.235654580034316e+01	1.808598080000000e-02
2.240200040023774e+01	1.811455000000000e-02
2.244950520014390e+01	1.800788380000000e-02
2.249534090002999e+01	1.808026620000000e-02
2.254248540010303e+01	1.801550390000000e-02
2.260354220028967e+01	1.796979080000000e-02
2.263742549996823e+01	1.795073970000000e-02
2.266706790030003e+01	1.799645650000000e-02
2.269806350022554e+01	1.797740720000000e-02
2.274481130018830e+01	1.792788320000000e-02
2.279171210015193e+01	1.795835980000000e-02
2.283786570001394e+01	1.788026280000000e-02
2.288494100002572e+01	1.788407380000000e-02
2.291597180021927e+01	1.786693000000000e-02
2.294778060028329e+01	1.784026440000000e-02
2.299337920034304e+01	1.788407380000000e-02
2.304061940032989e+01	1.778121670000000e-02
2.308676110021770e+01	1.783454980000000e-02
2.311790970014408e+01	1.776788380000000e-02
2.314889110019431e+01	1.779836040000000e-02
2.319488580012694e+01	1.777550390000000e-02
2.322547559998930e+01	1.775264370000000e-02
2.327572620008141e+01	1.772407440000000e-02
2.335249110031873e+01	1.768788320000000e-02
2.341318739997223e+01	1.771645430000000e-02
2.349429120030254e+01	1.765550110000000e-02
2.356523440033197e+01	1.760978810000000e-02
2.366033870028332e+01	1.755645500000000e-02
2.372079720022157e+01	1.749931090000000e-02
2.375179390003905e+01	1.752026380000000e-02
2.380002760002390e+01	1.747264340000000e-02
2.383140800008550e+01	1.754883490000000e-02
2.386285030003637e+01	1.745359790000000e-02
2.389454649994150e+01	1.750121450000000e-02
2.394102390017360e+01	1.742312130000000e-02
2.400202880008146e+01	1.746312160000000e-02
2.404887970024720e+01	1.736407170000000e-02
2.409498060029000e+01	1.738693190000000e-02
2.412638070015237e+01	1.737740450000000e-02
2.415926840016618e+01	1.736978810000000e-02
2.420417280029505e+01	1.736788080000000e-02
2.425091210007668e+01	1.728978750000000e-02
2.429865510016680e+01	1.734312060000000e-02
2.434812590014189e+01	1.728026010000000e-02
2.439164010016248e+01	1.732026410000000e-02
2.442340780002996e+01	1.721740510000000e-02
2.445446400018409e+01	1.719073760000000e-02
2.450081750005484e+01	1.725169080000000e-02
2.454695320036262e+01	1.716978480000000e-02
2.459369970019907e+01	1.720788140000000e-02
2.464575699996203e+01	1.713169180000000e-02
2.470375370001420e+01	1.709359510000000e-02
2.473547860002145e+01	1.711645160000000e-02
2.476679380005226e+01	1.711264440000000e-02
2.479888859996572e+01	1.711835710000000e-02
2.484698180016130e+01	1.701169090000000e-02
2.489313900005072e+01	1.706883500000000e-02
2.493942299997434e+01	1.697169240000000e-02
2.500116440001875e+01	1.695073770000000e-02
2.503187780035660e+01	1.701740550000000e-02
2.506477580033243e+01	1.695264130000000e-02
2.509467420028523e+01	1.698311790000000e-02
2.514233090030029e+01	1.692407210000000e-02
2.520410860003904e+01	1.693359580000000e-02
2.524995520012453e+01	1.686311890000000e-02
2.529552370030433e+01	1.685359520000000e-02
2.532644130010158e+01	1.684788240000000e-02
2.535730900010094e+01	1.681549850000000e-02
2.540442989999428e+01	1.684216410000000e-02
2.545004909997806e+01	1.673740520000000e-02
2.549683880014345e+01	1.680407110000000e-02
2.554325710004196e+01	1.673740520000000e-02
2.560400070017204e+01	1.668978480000000e-02
2.563579030008987e+01	1.669549760000000e-02
2.566575390007347e+01	1.669549760000000e-02
2.569736050022766e+01	1.670502130000000e-02
2.574891389999539e+01	1.663835530000000e-02
2.579067989997566e+01	1.666311920000000e-02
2.585312619991601e+01	1.657359490000000e-02
2.589978069998324e+01	1.653740180000000e-02
2.593009820021689e+01	1.662692800000000e-02
2.596068130014464e+01	1.654883290000000e-02
2.599273900035769e+01	1.656978580000000e-02
2.604014790011570e+01	1.646692490000000e-02
2.608683439996094e+01	1.651645270000000e-02
2.611682739993557e+01	1.647073590000000e-02
2.614784140000120e+01	1.645549950000000e-02
2.619400790007785e+01	1.645740120000000e-02
2.622523900028318e+01	1.642121190000000e-02
2.625663820002228e+01	1.638883170000000e-02
2.628791340021417e+01	1.643644830000000e-02
2.633441130025312e+01	1.639264260000000e-02
2.636487059993669e+01	1.635073500000000e-02
2.639584490004927e+01	1.638502260000000e-02
2.644290210027248e+01	1.628025810000000e-02
2.649077349994332e+01	1.634692590000000e-02
2.652185030002147e+01	1.625168880000000e-02
2.655253869993612e+01	1.628025810000000e-02
2.659892790019512e+01	1.627644900000000e-02
2.664566570008174e+01	1.617930640000000e-02
2.669416829990223e+01	1.623835600000000e-02
2.674036750011146e+01	1.612406970000000e-02
2.680219339998439e+01	1.611073500000000e-02
2.683319160016254e+01	1.616597180000000e-02
2.686370690027252e+01	1.610882950000000e-02
2.689544430002570e+01	1.613359340000000e-02
2.694257960002869e+01	1.606501830000000e-02
2.698885690001771e+01	1.610501860000000e-02
2.703546100016683e+01	1.602311620000000e-02
2.706582579994574e+01	1.602692530000000e-02
2.709766770014539e+01	1.597740310000000e-02
2.712896250002086e+01	1.604216170000000e-02
2.716067230002955e+01	1.596407030000000e-02
2.719153490010649e+01	1.599263960000000e-02
2.723883830010891e+01	1.590120980000000e-02
2.728606670023873e+01	1.592597370000000e-02
2.731664610002190e+01	1.588406600000000e-02
2.734849680028856e+01	1.587263870000000e-02
2.739461460011080e+01	1.587835330000000e-02
2.742717349994928e+01	1.587644960000000e-02
2.745790230017155e+01	1.579454350000000e-02
2.748887920007110e+01	1.585168580000000e-02
2.753583890013397e+01	1.579835270000000e-02
2.756668310007080e+01	1.580406540000000e-02
2.759785740030929e+01	1.579073260000000e-02
2.764396180026233e+01	1.569549550000000e-02
2.769214130006731e+01	1.576216330000000e-02
2.772448249999434e+01	1.568787540000000e-02
2.775382230011746e+01	1.567454260000000e-02
2.780092270020396e+01	1.570121010000000e-02
2.784603550005704e+01	1.559264030000000e-02
2.789188309991732e+01	1.564216240000000e-02
2.793985700001940e+01	1.554692350000000e-02
2.800086940033361e+01	1.551454330000000e-02
2.803564220014960e+01	1.554692350000000e-02
2.806375390011817e+01	1.551263970000000e-02
2.809600540017709e+01	1.555645000000000e-02
2.814277649996802e+01	1.546883020000000e-02
2.819843540014699e+01	1.550501960000000e-02
2.823607330024242e+01	1.544787640000000e-02
2.826732840016484e+01	1.545168650000000e-02
2.829871860006824e+01	1.538121050000000e-02
2.833136510010809e+01	1.544216370000000e-02
2.836062700022012e+01	1.536597030000000e-02
2.839100600033998e+01	1.540025700000000e-02
2.843685739999637e+01	1.532597000000000e-02
2.846788290003315e+01	1.535263660000000e-02
2.850000829994678e+01	1.532787640000000e-02
2.854826970025897e+01	1.527454330000000e-02
2.859357810020447e+01	1.529168710000000e-02
2.862742000026628e+01	1.526692320000000e-02
2.865575870033354e+01	1.519263720000000e-02
2.870160830020905e+01	1.524406670000000e-02
2.874910310003906e+01	1.515644700000000e-02
2.879524450004101e+01	1.519263720000000e-02
2.884236179990694e+01	1.508597100000000e-02
2.889109000004828e+01	1.515835060000000e-02
2.892143720015883e+01	1.506501810000000e-02
2.895448940014467e+01	1.509359010000000e-02
2.899892240017653e+01	1.510311380000000e-02
2.904651750018820e+01	1.498120840000000e-02
2.909207380004227e+01	1.503835150000000e-02
2.913877120008692e+01	1.494501810000000e-02
2.920101159997284e+01	1.490692140000000e-02
2.923145270021632e+01	1.499263660000000e-02
2.926213379995897e+01	1.489549320000000e-02
2.929388409992680e+01	1.495263630000000e-02
2.934072390012443e+01	1.487454120000000e-02
2.940217640018091e+01	1.488787490000000e-02
2.944898759992793e+01	1.480787530000000e-02
2.949530440010130e+01	1.480406520000000e-02
2.952447010017931e+01	1.476406490000000e-02
2.955523500032723e+01	1.474501660000000e-02
2.960115760006011e+01	1.478882690000000e-02
2.964764550002292e+01	1.467263510000000e-02
2.969279760029167e+01	1.473739840000000e-02
2.973896080022678e+01	1.463644490000000e-02
2.980183230014518e+01	1.460025550000000e-02
2.983382950024679e+01	1.465930140000000e-02
2.986413130024448e+01	1.458501720000000e-02
2.989618890034035e+01	1.461168380000000e-02
2.994058739999309e+01	1.453358680000000e-02
3.000285800034180e+01	1.457358900000000e-02
3.005003080004826e+01	1.446120720000000e-02
3.009699740028009e+01	1.446882540000000e-02
3.012805270031095e+01	1.450692020000000e-02
3.015962560009211e+01	1.443834880000000e-02
3.019240650022402e+01	1.447834820000000e-02
3.023774620005861e+01	1.438692030000000e-02
3.026883750036359e+01	1.443644520000000e-02
3.029944550013170e+01	1.441739690000000e-02
3.034555980004370e+01	1.433168260000000e-02
3.039254350028932e+01	1.437549200000000e-02
3.042351410025731e+01	1.427453850000000e-02
3.045451349997893e+01	1.424787190000000e-02
3.048595730029047e+01	1.427453850000000e-02
3.051699590031058e+01	1.425168200000000e-02
3.054953720001504e+01	1.422311090000000e-02
3.059699050011113e+01	1.426311020000000e-02
3.064608260011300e+01	1.415072940000000e-02
3.069346769992262e+01	1.420025430000000e-02
3.072435729997233e+01	1.411834920000000e-02
3.075497600017115e+01	1.411072910000000e-02
3.080204210011289e+01	1.415453940000000e-02
3.085007430007681e+01	1.404406220000000e-02
3.089653580030426e+01	1.408406250000000e-02
3.094295300031081e+01	1.401168110000000e-02
3.098999080015346e+01	1.406691880000000e-02
3.102057080017403e+01	1.395072970000000e-02
3.105262310011312e+01	1.392596590000000e-02
3.109981970023364e+01	1.399644280000000e-02
3.114744260022417e+01	1.389739480000000e-02
3.119189050002024e+01	1.394310970000000e-02
3.123936420027167e+01	1.384025250000000e-02
3.130128790019080e+01	1.380215590000000e-02
3.133122480008751e+01	1.388215740000000e-02
3.136588220018893e+01	1.383072790000000e-02
3.139650390017778e+01	1.383072790000000e-02
3.144067780021578e+01	1.371644250000000e-02
3.148794039990753e+01	1.376977660000000e-02
3.153588490001857e+01	1.372787170000000e-02
3.156641960004345e+01	1.372215620000000e-02
3.159730100026354e+01	1.368215590000000e-02
3.162840089993551e+01	1.371072790000000e-02
3.166053370013833e+01	1.361548990000000e-02
3.169094290025532e+01	1.366882310000000e-02
3.173624730017036e+01	1.360786990000000e-02
3.176699010003358e+01	1.361167990000000e-02
3.179785520024598e+01	1.359644160000000e-02
3.184297010023147e+01	1.350691820000000e-02
3.188897460000589e+01	1.356786960000000e-02
3.192106739990413e+01	1.346691790000000e-02
3.195162820024416e+01	1.347453610000000e-02
3.199793370021507e+01	1.350120360000000e-02
3.204290920030326e+01	1.340025010000000e-02
3.209072310011834e+01	1.344786960000000e-02
3.213717330014333e+01	1.337358360000000e-02
3.216885290015489e+01	1.342310850000000e-02
3.220074529992417e+01	1.332025040000000e-02
3.223097220016643e+01	1.339644190000000e-02
3.226175109995529e+01	1.330120300000000e-02
3.229390350030735e+01	1.334882160000000e-02
3.234092660015449e+01	1.328596470000000e-02
3.240102300001308e+01	1.330882220000000e-02
3.244789949990809e+01	1.317548840000000e-02
3.249601890007034e+01	1.319834500000000e-02
3.252797450032085e+01	1.319834500000000e-02
3.255893140006810e+01	1.313167900000000e-02
3.259083920018747e+01	1.318501220000000e-02
3.263870690017939e+01	1.309358330000000e-02
3.268456250010058e+01	1.306882030000000e-02
3.271560880029574e+01	1.309167870000000e-02
3.274686460010707e+01	1.304024830000000e-02
3.279354159999639e+01	1.308786870000000e-02
3.282546159997582e+01	1.301739180000000e-02
3.285619000019506e+01	1.295263040000000e-02
3.290135660022497e+01	1.302882000000000e-02
3.294802220026031e+01	1.291072550000000e-02
3.299521249998361e+01	1.296977420000000e-02
3.303903410024941e+01	1.287453340000000e-02
3.310231460025534e+01	1.282691580000000e-02
3.313101600017399e+01	1.290691550000000e-02
3.316392740001902e+01	1.281739210000000e-02
3.320837070001289e+01	1.287072520000000e-02
3.323994849994779e+01	1.275834440000000e-02
3.330075719999149e+01	1.280596200000000e-02
3.334685530001298e+01	1.272024960000000e-02
3.339286780031398e+01	1.275643890000000e-02
3.342489180015400e+01	1.266881920000000e-02
3.345686249993742e+01	1.262691430000000e-02
3.348684350028634e+01	1.267072370000000e-02
3.351847260026261e+01	1.261739060000000e-02
3.354958250001073e+01	1.259072400000000e-02
3.359674460021779e+01	1.263262890000000e-02
3.364270000020042e+01	1.252405810000000e-02
3.368956289999187e+01	1.258881950000000e-02
3.371975170029327e+01	1.248786600000000e-02
3.375024520000443e+01	1.250881980000000e-02
3.379636360006407e+01	1.252596270000000e-02
3.384190200036392e+01	1.240977090000000e-02
3.388794849999249e+01	1.246310400000000e-02
3.393491040030494e+01	1.243643740000000e-02
3.396676010033116e+01	1.239453260000000e-02
3.399891939992085e+01	1.234500950000000e-02
3.403006380004808e+01	1.240215260000000e-02
3.406137220002711e+01	1.229167640000000e-02
3.409177080029622e+01	1.235262770000000e-02
3.413900760002434e+01	1.227072250000000e-02
3.418648590007797e+01	1.227834260000000e-02
3.421747920010239e+01	1.224215140000000e-02
3.424787069996819e+01	1.220405660000000e-02
3.429340480035171e+01	1.225548420000000e-02
3.432439790014178e+01	1.217167450000000e-02
3.435389710031450e+01	1.216024630000000e-02
3.439995909994468e+01	1.218691280000000e-02
3.444517130032182e+01	1.207834110000000e-02
3.449183210032061e+01	1.213548520000000e-02
3.453820879990235e+01	1.205548460000000e-02
3.459999940032139e+01	1.200024690000000e-02
3.463140049995854e+01	1.207262650000000e-02
3.466618480021134e+01	1.199453140000000e-02
3.469410930015147e+01	1.201548520000000e-02
3.474155479995534e+01	1.191643720000000e-02
3.480389140034094e+01	1.196977030000000e-02
3.485001880023628e+01	1.185929310000000e-02
3.489669550023973e+01	1.187453140000000e-02
3.492789550032467e+01	1.188976970000000e-02
3.495972859999165e+01	1.181548370000000e-02
3.499166140006855e+01	1.186310310000000e-02
3.503791610011831e+01	1.178691160000000e-02
3.508468560036272e+01	1.174119670000000e-02
3.511524620000273e+01	1.178500710000000e-02
3.514725110027939e+01	1.174310220000000e-02
3.519304640032351e+01	1.176024510000000e-02
3.522394670033827e+01	1.166310160000000e-02
3.525517369993031e+01	1.164215060000000e-02
3.530185279995203e+01	1.169738920000000e-02
3.534990030014887e+01	1.158691200000000e-02
3.539472130034119e+01	1.163453050000000e-02
3.544137619994581e+01	1.152024420000000e-02
3.548794119991362e+01	1.157738730000000e-02
3.551892099995166e+01	1.151072050000000e-02
3.554904030030593e+01	1.147643380000000e-02
3.559525900008157e+01	1.152595880000000e-02
3.564601440029219e+01	1.140976700000000e-02
3.569041449995711e+01	1.147833930000000e-02
3.573652929998934e+01	1.141167250000000e-02
3.576785390032455e+01	1.141738710000000e-02
3.579791019996628e+01	1.136595760000000e-02
3.582888380018994e+01	1.139452870000000e-02
3.585946750035509e+01	1.129738610000000e-02
3.589096690015867e+01	1.135833930000000e-02
3.595301910024136e+01	1.125167220000000e-02
3.600020020036027e+01	1.132024450000000e-02
3.604643250023946e+01	1.118881440000000e-02
3.609324630023912e+01	1.125548030000000e-02
3.612404970033094e+01	1.115833780000000e-02
3.615880270022899e+01	1.117929070000000e-02
3.620216080034152e+01	1.120786280000000e-02
3.624892579996958e+01	1.109357640000000e-02
3.629649410024285e+01	1.114500410000000e-02
3.634265229990706e+01	1.103833780000000e-02
3.639197329990566e+01	1.111071930000000e-02
3.641909350035712e+01	1.100976580000000e-02
3.644998920010403e+01	1.096976640000000e-02
3.649647000012919e+01	1.103643230000000e-02
3.654318120004609e+01	1.091452780000000e-02
3.658964090002701e+01	1.097738650000000e-02
3.663584930030629e+01	1.092976610000000e-02
3.666834000032395e+01	1.091071780000000e-02
3.669969440018758e+01	1.084786090000000e-02
3.673068240005523e+01	1.091262330000000e-02
3.676122600026429e+01	1.081547980000000e-02
3.679331340035424e+01	1.087452840000000e-02
3.684656130010262e+01	1.074881290000000e-02
3.688601629994810e+01	1.077357490000000e-02
3.691746550006792e+01	1.076214670000000e-02
3.694830529997125e+01	1.071262360000000e-02
3.699416230013594e+01	1.075262300000000e-02
3.702773910015821e+01	1.071071810000000e-02
3.705785300023854e+01	1.063643120000000e-02
3.708930739993230e+01	1.070690810000000e-02
3.715429090010002e+01	1.059262180000000e-02
3.719842680031434e+01	1.064976490000000e-02
3.724412340018898e+01	1.054119320000000e-02
3.729080830002204e+01	1.061357460000000e-02
3.732203879998997e+01	1.049547830000000e-02
3.735309280036017e+01	1.048976560000000e-02
3.739893379993737e+01	1.054119320000000e-02
3.744441940030083e+01	1.041547860000000e-02
3.749076039995998e+01	1.049738380000000e-02
3.753805109998211e+01	1.040976490000000e-02
3.759991210000589e+01	1.035643000000000e-02
3.763243100000545e+01	1.042119320000000e-02
3.766315140016377e+01	1.031262240000000e-02
3.769312559999526e+01	1.037738380000000e-02
3.773961320007220e+01	1.028405040000000e-02
3.780019780015573e+01	1.032214520000000e-02
3.784624280035496e+01	1.019833520000000e-02
3.789298509992659e+01	1.027643030000000e-02
3.792392810015008e+01	1.017357410000000e-02
3.795490670017898e+01	1.016214400000000e-02
3.800199409993365e+01	1.021547890000000e-02
3.804895090032369e+01	1.009547710000000e-02
3.809594970010221e+01	1.016024030000000e-02
3.814344710018486e+01	1.005357220000000e-02
3.820634810021147e+01	1.004785860000000e-02
3.823751080036163e+01	1.003643030000000e-02
3.826785350032151e+01	1.003833390000000e-02
3.830066530033946e+01	1.005357220000000e-02
3.834576340019703e+01	9.935477749999999e-03
3.839289849996567e+01	9.996429090000000e-03
3.844774720026180e+01	9.884049180000000e-03
3.850187329994515e+01	9.853572580000001e-03
3.853445270005614e+01	9.922144000000001e-03
3.856362379994243e+01	9.840238840000000e-03
3.859567270008847e+01	9.887857360000000e-03
3.864507269999012e+01	9.769762870000000e-03
3.868960990011692e+01	9.838334280000000e-03
3.873610150022432e+01	9.790713899999999e-03
3.876684090029448e+01	9.752619080000000e-03
3.879766400018707e+01	9.741190820000000e-03
3.882874310016632e+01	9.741190820000000e-03
3.886138280015439e+01	9.663095700000001e-03
3.889081070013344e+01	9.731668050000000e-03
3.893728889990598e+01	9.670714850000000e-03
3.896876680012792e+01	9.674524889999999e-03
3.900075630005449e+01	9.670714850000000e-03
3.904744530003518e+01	9.554523040000000e-03
3.909278690023348e+01	9.634524580000000e-03
3.912509380001575e+01	9.539286609999999e-03
3.915804150002077e+01	9.510714559999999e-03
3.920343369990587e+01	9.560237640000000e-03
3.924907399993390e+01	9.449761360000000e-03
3.929588760016486e+01	9.518332779999999e-03
3.934210480004549e+01	9.423094800000000e-03
3.940345650026575e+01	9.373571720000000e-03
3.943383700028062e+01	9.449761360000000e-03
3.946484930021688e+01	9.360236120000000e-03
3.949566300027072e+01	9.405951020000001e-03
3.954358350019902e+01	9.301190260000000e-03
3.958963550021872e+01	9.356427940000000e-03
3.963669549999759e+01	9.299284780000000e-03
3.967145489994437e+01	9.320236740000000e-03
3.969953310023993e+01	9.234523400000000e-03
3.973007540032268e+01	9.284046480000000e-03
3.976123220007867e+01	9.202141310000000e-03
3.979171340027824e+01	9.251665320000000e-03
3.983784830011427e+01	9.184998460000000e-03
3.988408809993416e+01	9.127855299999999e-03
3.991577110020444e+01	9.167854670000000e-03
3.994583539990708e+01	9.125949810000001e-03
3.999286310002208e+01	9.148808200000001e-03
4.002361660031602e+01	9.045950140000000e-03
4.005412829993293e+01	9.028806350000000e-03
4.009998050006106e+01	9.089760480000000e-03
4.014776010019705e+01	8.967855009999999e-03
4.019367720000446e+01	9.047855620000000e-03
4.023962510004640e+01	8.950712160000001e-03
4.030227330001071e+01	8.901189080000000e-03
4.033398880017921e+01	8.971665050000001e-03
4.036418920010328e+01	8.880235250000000e-03
4.039551930036396e+01	8.929760199999999e-03
4.044056650018319e+01	8.807853799999999e-03
4.048680020030588e+01	8.847855030000001e-03
4.051792229991406e+01	8.823092100000001e-03
4.054890360031277e+01	8.781187240000000e-03
4.059418720006943e+01	8.832616729999999e-03
4.062461900012568e+01	8.731664159999999e-03
4.065596120012924e+01	8.718330410000001e-03
4.070118040032685e+01	8.783091789999999e-03
4.074858199991286e+01	8.659282700000000e-03
4.079421119997278e+01	8.714520369999999e-03
4.083898880006745e+01	8.640235289999999e-03
4.088651990005746e+01	8.632615210000000e-03
4.091791270021349e+01	8.615472350000000e-03
4.094891950022429e+01	8.556425570000000e-03
4.099423700012267e+01	8.624996990000000e-03
4.104112000018358e+01	8.508806120000000e-03
4.108796870009974e+01	8.552615530000000e-03
4.113460330013186e+01	8.554521020000001e-03
4.116953620035201e+01	8.529759010000000e-03
4.119866000022739e+01	8.464995770000001e-03
4.122934309998527e+01	8.497377860000000e-03
4.126135710021481e+01	8.405947130000001e-03
4.129273690003902e+01	8.464995770000001e-03
4.134197190031409e+01	8.362139580000000e-03
4.140167820034549e+01	8.424995470000000e-03
4.144957280019298e+01	8.297376330000000e-03
4.149484760034829e+01	8.362139580000000e-03
4.152635370008647e+01	8.304996420000000e-03
4.155788500001654e+01	8.253565990000000e-03
4.158869570028037e+01	8.304996420000000e-03
4.163577090017498e+01	8.276424370000000e-03
4.166775029990822e+01	8.251663300000000e-03
4.169980940036476e+01	8.261186070000001e-03
4.174782630009577e+01	8.194519210000001e-03
4.179496340034530e+01	8.209757510000000e-03
4.182573579996824e+01	8.141186090000000e-03
4.185610010009259e+01	8.093566630000000e-03
4.188668520003557e+01	8.131661449999999e-03
4.191792519995943e+01	8.095471190000000e-03
4.194842020003125e+01	8.049756290000000e-03
4.199387919995934e+01	8.112614969999999e-03
4.204199780011550e+01	7.992613129999999e-03
4.208654980035499e+01	8.017376070000000e-03
4.211686690011993e+01	8.024994279999999e-03
4.215058560017496e+01	7.960232910000000e-03
4.219552040006965e+01	8.024994279999999e-03
4.224166440032423e+01	7.924041709999999e-03
4.230404750024900e+01	7.973566650000000e-03
4.235020670015365e+01	7.864994930000001e-03
4.239801950007677e+01	7.866898549999999e-03
4.242684500012547e+01	7.859280329999999e-03
4.245878380024806e+01	7.794518490000000e-03
4.248901739995927e+01	7.855470290000000e-03
4.253627440007403e+01	7.824993690000000e-03
4.256737959990278e+01	7.796423510000000e-03
4.259888970013708e+01	7.815469990000001e-03
4.264554100017995e+01	7.691659960000000e-03
4.269189550029114e+01	7.777375170000000e-03
4.272267140028998e+01	7.664993410000000e-03
4.275334360031411e+01	7.685946770000000e-03
4.279991349996999e+01	7.722136560000000e-03
4.284700010018423e+01	7.598327010000000e-03
4.289318840019405e+01	7.676421660000000e-03
4.293953410023823e+01	7.584993730000000e-03
4.300096220010892e+01	7.533565160000000e-03
4.303206800017506e+01	7.611660290000000e-03
4.306306429998949e+01	7.503088560000000e-03
4.309380510030314e+01	7.567850410000000e-03
4.314115610020235e+01	7.463088720000000e-03
4.318860600003973e+01	7.501183540000000e-03
4.323581400001422e+01	7.489755280000000e-03
4.326680530002341e+01	7.455468640000000e-03
4.329824100015685e+01	7.421183870000000e-03
4.332889780029655e+01	7.447850420000000e-03
4.336068990034983e+01	7.367848880000000e-03
4.339082560036331e+01	7.430707100000000e-03
4.343684010021389e+01	7.373563950000000e-03
4.346676680026576e+01	7.348802410000000e-03
4.349722400028259e+01	7.381184030000000e-03
4.354491219995543e+01	7.268802260000000e-03
4.358980070007965e+01	7.335469130000000e-03
4.362034500017762e+01	7.232610600000000e-03
4.365193619998172e+01	7.211659100000000e-03
4.369815380033106e+01	7.284040560000000e-03
4.374441529996693e+01	7.200230840000000e-03
4.379126540012658e+01	7.249753920000000e-03
4.383784539997578e+01	7.177372460000000e-03
4.388580680033192e+01	7.144992710000000e-03
4.391497990023345e+01	7.186897560000000e-03
4.394642500020564e+01	7.082134020000000e-03
4.399256090028211e+01	7.139277640000000e-03
4.403970050020143e+01	7.049752400000000e-03
4.408580810017884e+01	7.042134180000000e-03
4.411687029991299e+01	7.055467460000000e-03
4.415019980026409e+01	6.992611100000000e-03
4.419618070032448e+01	7.024990860000000e-03
4.422510490007699e+01	6.969752720000000e-03
4.425558480015025e+01	6.944991180000000e-03
4.430243750009686e+01	7.009752560000000e-03
4.434802850009874e+01	6.899275820000000e-03
4.440940130036324e+01	6.948801220000000e-03
4.444066570000723e+01	6.838324480000000e-03
4.448779059993103e+01	6.876419300000000e-03
4.451885440014303e+01	6.834514440000000e-03
4.455000190017745e+01	6.802132820000000e-03
4.459705989994109e+01	6.864991040000000e-03
4.464367800019681e+01	6.748799700000000e-03
4.469067039992660e+01	6.819276140000000e-03
4.475226760003716e+01	6.722133140000000e-03
4.480003029992804e+01	6.693561100000000e-03
4.482889530016109e+01	6.737371440000000e-03
4.485992990015075e+01	6.661181340000000e-03
4.489106320030987e+01	6.733561400000000e-03
4.493690530024469e+01	6.676417780000000e-03
4.496894269995391e+01	6.676417780000000e-03
4.500003929995000e+01	6.689752920000000e-03
4.504666429990903e+01	6.575466600000000e-03
4.509377110004425e+01	6.649751220000000e-03
4.512533210031688e+01	6.562133320000000e-03
4.515634689992294e+01	6.539274940000000e-03
4.520212480006739e+01	6.586894860000000e-03
4.524885330023244e+01	6.485941350000000e-03
4.529562709992751e+01	6.552608220000000e-03
4.534321810025722e+01	6.463084840000000e-03
4.538994000013918e+01	6.506894720000000e-03
4.542059019999579e+01	6.423085000000000e-03
4.545324320020154e+01	6.398323460000000e-03
4.549829900031909e+01	6.463084840000000e-03
4.554427310032770e+01	6.350703540000000e-03
4.559094520006329e+01	6.419274960000000e-03
4.564061450026929e+01	6.304988170000000e-03
4.570289390021935e+01	6.303083620000000e-03
4.573187449993566e+01	6.369751880000000e-03
4.576304819993675e+01	6.272608410000000e-03
4.579412800027058e+01	6.341180300000000e-03
4.584072170034051e+01	6.219275300000000e-03
4.588792459992692e+01	6.268798370000000e-03
4.593723670020700e+01	6.242131810000000e-03
4.596655290015042e+01	6.215465260000000e-03
4.599879250023514e+01	6.192606870000000e-03
4.602783660031855e+01	6.202131980000000e-03
4.605928379995748e+01	6.131655540000000e-03
4.609077080013230e+01	6.204037000000000e-03
4.613767870003358e+01	6.133560560000000e-03
4.620177680021152e+01	6.175465420000000e-03
4.624809479992837e+01	6.061178630000000e-03
4.629521850030869e+01	6.116417240000000e-03
4.632586059998721e+01	6.055463570000000e-03
4.635635740030557e+01	6.011655550000000e-03
4.640275090001523e+01	6.072606890000000e-03
4.644885270018131e+01	5.969750690000000e-03
4.649585669999942e+01	6.038322110000000e-03
4.654274330008775e+01	5.931654010000000e-03
4.660393729992211e+01	5.912607070000000e-03
4.663584950007498e+01	5.964035630000000e-03
4.666732050012797e+01	5.925940820000000e-03
4.669839229993522e+01	5.948797330000000e-03
4.674603570019826e+01	5.844035650000000e-03
4.679505049996078e+01	5.916415710000000e-03
4.683881480013952e+01	5.844035650000000e-03
4.688612790033221e+01	5.819272250000000e-03
4.691790480026975e+01	5.823082290000000e-03
4.694881560001522e+01	5.777367390000000e-03
4.699446499999613e+01	5.840225610000000e-03
4.704078610008582e+01	5.720226090000000e-03
4.710355259990320e+01	5.800225770000000e-03
4.715170560032129e+01	5.716416050000000e-03
4.719836340006441e+01	5.701177290000000e-03
4.722973689995706e+01	5.733559370000000e-03
4.726122330036014e+01	5.640224090000000e-03
4.729212439991534e+01	5.720226090000000e-03
4.734111980022863e+01	5.605939310000000e-03
4.740103060007095e+01	5.676415750000000e-03
4.744788390025496e+01	5.573557690000000e-03
4.749422310013324e+01	5.640224090000000e-03
4.752650280017406e+01	5.565939470000000e-03
4.755739830015227e+01	5.527844650000000e-03
4.759186360007152e+01	5.596416070000000e-03
4.765217190003023e+01	5.493557550000000e-03
4.769875310035422e+01	5.565939470000000e-03
4.774340509995818e+01	5.463080950000000e-03
4.778982900036499e+01	5.512605890000000e-03
4.782200800022110e+01	5.428796170000000e-03
4.785247720032930e+01	5.413557870000000e-03
4.789913790021092e+01	5.485939330000000e-03
4.794677430018783e+01	5.373558030000000e-03
4.799327730014920e+01	5.447842650000000e-03
4.803994970023632e+01	5.354509690000000e-03
4.808656560024247e+01	5.352604670000000e-03
4.811679350025952e+01	5.375463050000000e-03
4.815026629995555e+01	5.299271080000000e-03
4.819345680018887e+01	5.365937950000000e-03
4.824070550035685e+01	5.257366230000000e-03
4.830213900003582e+01	5.325938110000000e-03
4.834880500007421e+01	5.228794650000000e-03
4.839572450006381e+01	5.280222740000000e-03
4.842771650012583e+01	5.238317880000000e-03
4.845869210036471e+01	5.179271570000000e-03
4.848966450011358e+01	5.245937970000000e-03
4.853664180031046e+01	5.213556350000000e-03
4.856863360013813e+01	5.207843150000000e-03
4.859963220031932e+01	5.223081450000000e-03
4.864631670014933e+01	5.108795130000000e-03
4.869257680000737e+01	5.196413030000000e-03
4.872408870002255e+01	5.080223080000000e-03
4.875508010014892e+01	5.084033120000000e-03
4.880181760014966e+01	5.152605010000000e-03
4.884789530001581e+01	5.038318220000000e-03
4.889278220012784e+01	5.112604700000000e-03
4.894059190014377e+01	4.998318390000000e-03
4.900438460009173e+01	4.984985110000000e-03
4.903394869994372e+01	5.068794820000000e-03
4.906509779999033e+01	4.981175070000000e-03
4.909587620012462e+01	5.038318220000000e-03
4.914318430004641e+01	4.929746970000000e-03
4.919045600015670e+01	5.000223410000000e-03
4.923623879998922e+01	4.971651830000000e-03
4.926783300004900e+01	4.933555140000000e-03
4.929950160020962e+01	4.908793610000000e-03
4.932998190028593e+01	4.956413530000000e-03
4.936088349996135e+01	4.878316540000000e-03
4.939167260006070e+01	4.925936930000000e-03
4.943790440028533e+01	4.880221560000000e-03
4.948516430007294e+01	4.828793460000000e-03
4.951632470032200e+01	4.884031600000000e-03
4.954777149995789e+01	4.819270220000000e-03
4.959441430028528e+01	4.882126580000000e-03
4.962535040033981e+01	4.777365360000000e-03
4.965632520010695e+01	4.765937100000000e-03
4.970287779998034e+01	4.834508520000000e-03
4.974870700016618e+01	4.725935400000000e-03
4.979515970032662e+01	4.800221880000000e-03
4.984130130009726e+01	4.699268840000000e-03
4.988935879990458e+01	4.743078720000000e-03
4.992030670028180e+01	4.682126920000000e-03
4.995119550032541e+01	4.651650320000000e-03
4.999787500035018e+01	4.727840420000000e-03
5.004545600013807e+01	4.626888780000000e-03
5.009180530020967e+01	4.693555180000000e-03
5.014015710027888e+01	4.617363680000000e-03
5.020181660028175e+01	4.592602140000000e-03
5.023285769997165e+01	4.666888620000000e-03
5.026441320031881e+01	4.560220520000000e-03
5.029526509996504e+01	4.638317040000000e-03
5.034148460021242e+01	4.533553960000000e-03
5.038788480032235e+01	4.567840600000000e-03
5.043491230020300e+01	4.602125380000000e-03
5.046570620033890e+01	4.508792420000000e-03
5.049651130009443e+01	4.567840600000000e-03
5.052881850022823e+01	4.529745780000000e-03
5.055849600024521e+01	4.485935440000000e-03
5.060478610033169e+01	4.546887240000000e-03
5.065033979993314e+01	4.444030580000000e-03
5.069716300023720e+01	4.518315660000000e-03
5.074324780004099e+01	4.407838920000000e-03
5.079077530000359e+01	4.478315360000000e-03
5.082110820012167e+01	4.405935760000000e-03
5.085202610027045e+01	4.386887420000000e-03
5.089949809992686e+01	4.453553820000000e-03
5.094564820034429e+01	4.350697620000000e-03
5.099698489997536e+01	4.423077220000000e-03
5.103858020016924e+01	4.373554140000000e-03
5.110131180007011e+01	4.318316000000000e-03
5.113020000001416e+01	4.367839080000000e-03
5.127470350032672e+01	4.350697620000000e-03
5.130218020034954e+01	4.341172520000000e-03
5.135020870016888e+01	4.232600800000000e-03
5.139576940005645e+01	4.318316000000000e-03
5.142664290033281e+01	4.232600800000000e-03
5.145699400035664e+01	4.209744280000000e-03
5.148795260023326e+01	4.230695780000000e-03
5.153487670002505e+01	4.272600640000000e-03
5.156602769996971e+01	4.188790920000000e-03
5.159681890020147e+01	4.253554160000000e-03
5.164393289992586e+01	4.141172860000000e-03
5.169556990033016e+01	4.211649300000000e-03
5.172375080035999e+01	4.125934560000000e-03
5.175504600023851e+01	4.122124520000000e-03
5.180242109997198e+01	4.196411000000000e-03
5.184890050021932e+01	4.103078040000000e-03
5.189562730025500e+01	4.165934400000000e-03
5.194100600015372e+01	4.068790930000000e-03
5.200095830019563e+01	4.068790930000000e-03
5.203101480007172e+01	4.124029540000000e-03
5.206199040031061e+01	4.036409310000000e-03
5.209259740030393e+01	4.103078040000000e-03
5.214015890005976e+01	4.009742760000000e-03
5.220321920001879e+01	4.074506000000000e-03
5.225077809998766e+01	3.990696280000000e-03
5.229708610009402e+01	4.057362680000000e-03
5.232880329992622e+01	4.017362840000000e-03
5.236066950019449e+01	3.967837900000000e-03
5.239113130001351e+01	4.036409310000000e-03
5.243691080017015e+01	4.021171010000000e-03
5.246891129994765e+01	3.979266160000000e-03
5.249980540014803e+01	4.011647780000000e-03
5.254682970000431e+01	3.903076290000000e-03
5.259319140017033e+01	3.990696280000000e-03
5.262438210006803e+01	3.903076290000000e-03
5.265639619994909e+01	3.885932970000000e-03
5.270257740002126e+01	3.962124700000000e-03
5.274855770030990e+01	3.857361390000000e-03
5.279542460013181e+01	3.935458140000000e-03
5.284215860022232e+01	3.845933130000000e-03
5.288795319991186e+01	3.872599690000000e-03
5.291915480000898e+01	3.872599690000000e-03
5.295030939998105e+01	3.813551270000000e-03
5.299585200008005e+01	3.897361220000000e-03
5.304214749997482e+01	3.794504800000000e-03
5.308850340032950e+01	3.817361310000000e-03
5.313506630016491e+01	3.859266410000000e-03
5.316751709999517e+01	3.777361470000000e-03
5.319794610003009e+01	3.821171350000000e-03
5.322995910001919e+01	3.811648120000000e-03
5.326133690029383e+01	3.750694920000000e-03
5.329165720008314e+01	3.809743100000000e-03
5.333756420016289e+01	3.794504800000000e-03
5.339897690014914e+01	3.800217990000000e-03
5.344479080010206e+01	3.697361560000000e-03
5.349081470025703e+01	3.764028200000000e-03
5.352186580002308e+01	3.703074760000000e-03
5.355294580012560e+01	3.684028280000000e-03
5.360001139994711e+01	3.752599940000000e-03
5.364687380008399e+01	3.672600030000000e-03
5.369378580013290e+01	3.725933140000000e-03
5.374134980002418e+01	3.630694930000000e-03
5.380194950010628e+01	3.638313380000000e-03
5.383305040001869e+01	3.710694840000000e-03
5.386582860024646e+01	3.619264810000000e-03
5.389543330017477e+01	3.676408200000000e-03
5.394171750033274e+01	3.590695090000000e-03
5.400450580008328e+01	3.651646660000000e-03
5.405103380000219e+01	3.571646750000000e-03
5.409784730011597e+01	3.632599950000000e-03
5.412885620025918e+01	3.598313310000000e-03
5.416265860013664e+01	3.552598410000000e-03
5.419282150035724e+01	3.624979870000000e-03
5.423878380004317e+01	3.596408290000000e-03
5.428586910013109e+01	3.531646680000000e-03
5.431684350036085e+01	3.604028370000000e-03
5.434785500029102e+01	3.508788300000000e-03
5.439457060024142e+01	3.600218330000000e-03
5.442442290019244e+01	3.504980120000000e-03
5.445534470025450e+01	3.501170080000000e-03
5.448668650025502e+01	3.503075100000000e-03
5.451681270031258e+01	3.562123510000000e-03
5.454790550004691e+01	3.463075260000000e-03
5.459586729994044e+01	3.539265130000000e-03
5.464519360009581e+01	3.461170240000000e-03
5.470537840016186e+01	3.445931940000000e-03
5.473548609996215e+01	3.527836640000000e-03
5.476826840033755e+01	3.466883440000000e-03
5.479678510036319e+01	3.503075100000000e-03
5.484381300024688e+01	3.436408470000000e-03
5.489078800007701e+01	3.491646840000000e-03
5.493651159992442e+01	3.493551860000000e-03
5.496805889997631e+01	3.432598660000000e-03
5.499891440011561e+01	3.459265220000000e-03
5.502999200019985e+01	3.442121900000000e-03
5.506169900018722e+01	3.407836890000000e-03
5.509186120005324e+01	3.444026920000000e-03
5.513876560004428e+01	3.432598660000000e-03
5.520174190029502e+01	3.444026920000000e-03
5.524784590024501e+01	3.352598750000000e-03
5.529425409995019e+01	3.434503450000000e-03
5.532559349993244e+01	3.344978670000000e-03
5.535581650026143e+01	3.337360450000000e-03
5.540336230024695e+01	3.407836890000000e-03
5.545012720022351e+01	3.327836980000000e-03
5.549679329991341e+01	3.390693570000000e-03
5.554301970032975e+01	3.306883620000000e-03
5.560462990030646e+01	3.301168560000000e-03
5.563747060019523e+01	3.383075350000000e-03
5.566758060036227e+01	3.304978600000000e-03
5.570069600036368e+01	3.346883690000000e-03
5.574677560012788e+01	3.284027100000000e-03
5.579326600022614e+01	3.339265470000000e-03
5.583967480016872e+01	3.324026940000000e-03
5.590029409993440e+01	3.308788640000000e-03
5.593121029995382e+01	3.318311880000000e-03
5.596200880035758e+01	3.247835440000000e-03
5.599378790007904e+01	3.306883620000000e-03
5.604086440009996e+01	3.261168720000000e-03
5.610348290018737e+01	3.301168560000000e-03
5.615026900032535e+01	3.217360470000000e-03
5.619873369997367e+01	3.293550340000000e-03
5.622931060008705e+01	3.230693750000000e-03
5.626170570030808e+01	3.213550430000000e-03
5.629194650007412e+01	3.264978760000000e-03
5.633760920027271e+01	3.285932120000000e-03
5.640081789996475e+01	3.255455520000000e-03
5.644793700007722e+01	3.186883870000000e-03
5.649429520033300e+01	3.268788800000000e-03
5.652576880017295e+01	3.165930510000000e-03
5.655644900025800e+01	3.171645570000000e-03
5.660360389994457e+01	3.221168880000000e-03
5.665076270001009e+01	3.188788890000000e-03
5.669815420033410e+01	3.209740390000000e-03
5.674373280024156e+01	3.152597230000000e-03
5.679266529995948e+01	3.217360470000000e-03
5.682157670008019e+01	3.177358770000000e-03
5.685304560000077e+01	3.169740550000000e-03
5.690126419998705e+01	3.194502090000000e-03
5.694629359990358e+01	3.127835690000000e-03
5.699289300013334e+01	3.173550590000000e-03
5.703982240008190e+01	3.177358770000000e-03
5.708600720018148e+01	3.118312220000000e-03
5.711985970009118e+01	3.171645570000000e-03
5.714910029992461e+01	3.116407200000000e-03
5.719565020035952e+01	3.158312290000000e-03
5.724252710025758e+01	3.122120630000000e-03
5.728968180017546e+01	3.120217240000000e-03
5.733602630021051e+01	3.175455610000000e-03
5.736684270016849e+01	3.089740640000000e-03
5.739790480025113e+01	3.165930510000000e-03
5.742890480021015e+01	3.103073920000000e-03
5.746001660032198e+01	3.108787120000000e-03
5.749081300012767e+01	3.125930670000000e-03
5.753758849995211e+01	3.156407270000000e-03
5.759897730033845e+01	3.127835690000000e-03
5.764683430036530e+01	3.099263880000000e-03
5.769320250023156e+01	3.124025650000000e-03
5.772524840012193e+01	3.076407360000000e-03
5.775538520002738e+01	3.074502340000000e-03
5.780180509993806e+01	3.089740640000000e-03
5.784785669995472e+01	3.093548820000000e-03
5.789396080002189e+01	3.078312380000000e-03
5.794154930021614e+01	3.044025740000000e-03
5.800203130021691e+01	3.078312380000000e-03
5.803373040026054e+01	3.099263880000000e-03
5.806465300032869e+01	3.055454000000000e-03
5.809600050002337e+01	3.068787280000000e-03
5.814342950005084e+01	3.063074080000000e-03
5.821010110015050e+01	3.057359020000000e-03
5.823659570002928e+01	3.106883960000000e-03
5.826888160035014e+01	3.034502500000000e-03
5.829767990019172e+01	3.093548820000000e-03
5.832881780015305e+01	3.021168990000000e-03
5.835942170023918e+01	3.038310680000000e-03
5.839075560029596e+01	3.042120720000000e-03
5.843602390028536e+01	3.089740640000000e-03
5.846673940028995e+01	3.036407520000000e-03
5.849864350026473e+01	3.036407520000000e-03
5.854550940031186e+01	3.040215700000000e-03
5.859532860014588e+01	3.076407360000000e-03
5.862239590007812e+01	3.047835780000000e-03
5.865593959996477e+01	3.049740800000000e-03
5.870049900002778e+01	3.028787440000000e-03
5.874726189998910e+01	3.024977400000000e-03
5.879576010024175e+01	3.024977400000000e-03
5.884303180035204e+01	3.036407520000000e-03
5.888855310017243e+01	3.015453930000000e-03
5.891995050013065e+01	3.049740800000000e-03
5.895102620031685e+01	3.023074010000000e-03
5.900086250016466e+01	3.015453930000000e-03
5.904318370018154e+01	3.030692460000000e-03
5.908854919997975e+01	3.011643890000000e-03
5.914103890024126e+01	3.023074010000000e-03
5.919946369994432e+01	3.042120720000000e-03
5.923200820013881e+01	3.013548910000000e-03
5.926145950006321e+01	3.017358950000000e-03
5.929198130033910e+01	3.002120650000000e-03
5.933840449992567e+01	3.044025740000000e-03
5.940186270000413e+01	3.017358950000000e-03
5.944878420000896e+01	3.028787440000000e-03
5.949357750033960e+01	3.015453930000000e-03
5.952522419998422e+01	3.011643890000000e-03
5.955637159990147e+01	3.013548910000000e-03
5.960279679996893e+01	3.004025670000000e-03
5.965147610008717e+01	3.019263970000000e-03
5.969809010019526e+01	3.004025670000000e-03
5.974416710017249e+01	3.011643890000000e-03
5.979212080035359e+01	2.998310610000000e-03
5.982268880028278e+01	3.019263970000000e-03
5.985331619996578e+01	3.019263970000000e-03
5.990076859993860e+01	3.002120650000000e-03
5.994685740023851e+01	3.009740730000000e-03
5.999299499997869e+01	2.992597410000000e-03
6.003954169992357e+01	3.024977400000000e-03
6.010206039994955e+01	3.017358950000000e-03
6.013503320002928e+01	3.009740730000000e-03
6.023012880003080e+01	2.998310610000000e-03
6.026165040023625e+01	3.023074010000000e-03
6.029073840007186e+01	2.998310610000000e-03
6.033731940016150e+01	3.034502500000000e-03
6.039887960022315e+01	3.026882420000000e-03
6.043124060006812e+01	2.998310610000000e-03
6.046092420024797e+01	3.013548910000000e-03
6.049195499997586e+01	3.002120650000000e-03
6.053857100009918e+01	3.036407520000000e-03
6.060020920028910e+01	3.011643890000000e-03
6.064777400018647e+01	3.021168990000000e-03
6.070967420004308e+01	3.007835710000000e-03
6.074164000013843e+01	3.017358950000000e-03
6.078881870023906e+01	3.007835710000000e-03
6.083500940026715e+01	3.032597480000000e-03
6.086678620008752e+01	3.019263970000000e-03
6.089775180025026e+01	3.005930690000000e-03
6.094485400011763e+01	3.021168990000000e-03
6.099184600031003e+01	3.021168990000000e-03
6.102381230005994e+01	3.036407520000000e-03
6.105444819992408e+01	3.044025740000000e-03
6.110184859996662e+01	3.013548910000000e-03
6.114843189995736e+01	3.028787440000000e-03
6.119254350010306e+01	3.028787440000000e-03
6.123971630027518e+01	3.068787280000000e-03
6.130215790029615e+01	3.040215700000000e-03
6.133277059998363e+01	3.024977400000000e-03
6.136320500029251e+01	3.038310680000000e-03
6.139515120023862e+01	3.024977400000000e-03
6.144123660027981e+01	3.070692300000000e-03
6.148867240035906e+01	3.034502500000000e-03
6.155043750023469e+01	3.047835780000000e-03
6.159734020009637e+01	3.084025580000000e-03
6.162903540022671e+01	3.034502500000000e-03
6.165958889992908e+01	3.064979100000000e-03
6.169167580036446e+01	3.045930760000000e-03
6.173625069996342e+01	3.093548820000000e-03
6.176697740005329e+01	3.038310680000000e-03
6.179772350005805e+01	3.045930760000000e-03
6.184404350025579e+01	3.076407360000000e-03
6.189074350008741e+01	3.044025740000000e-03
6.192089450033382e+01	3.106883960000000e-03
6.195129110012203e+01	3.085930600000000e-03
6.199888959992677e+01	3.064979100000000e-03
6.204669110011309e+01	3.091645660000000e-03
6.209088540030643e+01	3.072597320000000e-03
6.213766930019483e+01	3.133550520000000e-03
6.219993000011891e+01	3.129740480000000e-03
6.223117869999260e+01	3.070692300000000e-03
6.226172650000080e+01	3.097358860000000e-03
6.229174430016428e+01	3.084025580000000e-03
6.233803139999509e+01	3.146884030000000e-03
6.238559910003096e+01	3.099263880000000e-03
6.241670310031623e+01	3.154502250000000e-03
6.244789250008762e+01	3.135453910000000e-03
6.249552279990166e+01	3.160217310000000e-03
6.252630589995533e+01	3.097358860000000e-03
6.255749700032175e+01	3.122120630000000e-03
6.258885780023411e+01	3.099263880000000e-03
6.263581439992413e+01	3.171645570000000e-03
6.266782420035452e+01	3.097358860000000e-03
6.269980669999495e+01	3.116407200000000e-03
6.274480060022324e+01	3.131645500000000e-03
6.279033940006047e+01	3.118312220000000e-03
6.282165600033477e+01	3.171645570000000e-03
6.285204340005293e+01	3.173550590000000e-03
6.290150090027601e+01	3.150692210000000e-03
6.294787420006469e+01	3.154502250000000e-03
6.299521300010383e+01	3.146884030000000e-03
6.304085760004818e+01	3.179263790000000e-03
6.308778870012611e+01	3.120217240000000e-03
6.311852420028299e+01	3.217360470000000e-03
6.315805059997365e+01	3.165930510000000e-03
6.319788510026410e+01	3.175455610000000e-03
6.324447820009664e+01	3.196407110000000e-03
6.329080260032788e+01	3.188788890000000e-03
6.333691080007702e+01	3.253550500000000e-03
6.336794300004840e+01	3.162122330000000e-03
6.339920810004696e+01	3.255455520000000e-03
6.343020140007138e+01	3.194502090000000e-03
6.346068909997120e+01	3.234502160000000e-03
6.349183310009539e+01	3.215455450000000e-03
6.353889290010557e+01	3.272598840000000e-03
6.360106520028785e+01	3.245930420000000e-03
6.364806180028245e+01	3.249740460000000e-03
6.369703860022128e+01	3.291645320000000e-03
6.372497150022537e+01	3.221168880000000e-03
6.375609209993854e+01	3.240217220000000e-03
6.380293489992619e+01	3.255455520000000e-03
6.385001930035651e+01	3.284027100000000e-03
6.389712830027565e+01	3.259265560000000e-03
6.394189780019224e+01	3.257360540000000e-03
6.398925240011886e+01	3.236407180000000e-03
6.402150710020214e+01	3.314503700000000e-03
6.404995380016044e+01	3.308788640000000e-03
6.409637410007417e+01	3.301168560000000e-03
6.414441170031205e+01	3.282122080000000e-03
6.420329619990662e+01	3.306883620000000e-03
6.424897010019049e+01	3.314503700000000e-03
6.429612580034882e+01	3.384978510000000e-03
6.432777120033279e+01	3.297360380000000e-03
6.435745930019766e+01	3.314503700000000e-03
6.440373380016536e+01	3.339265470000000e-03
6.445015910034999e+01	3.379265310000000e-03
6.449793100031093e+01	3.350693730000000e-03
6.454663500003517e+01	3.346883690000000e-03
6.458965460024774e+01	3.337360450000000e-03
6.462157690012828e+01	3.404026850000000e-03
6.465472429990768e+01	3.384978510000000e-03
6.469901300035417e+01	3.404026850000000e-03
6.474451430002227e+01	3.392598590000000e-03
6.480665280018002e+01	3.405931870000000e-03
6.483873730013147e+01	3.472598500000000e-03
6.488471060013399e+01	3.400216810000000e-03
6.491667179996148e+01	3.474503520000000e-03
6.494791990006343e+01	3.426883600000000e-03
6.499551009992138e+01	3.430693640000000e-03
6.504188940022141e+01	3.489741820000000e-03
6.508792520035058e+01	3.426883600000000e-03
6.514983180025592e+01	3.449741980000000e-03
6.519691039994359e+01	3.533551700000000e-03
6.522766630025581e+01	3.444026920000000e-03
6.525873330002651e+01	3.491646840000000e-03
6.529079280002043e+01	3.489741820000000e-03
6.533669940009713e+01	3.560218490000000e-03
6.536789940018207e+01	3.470693480000000e-03
6.539859170001000e+01	3.497360040000000e-03
6.544634700007737e+01	3.544980190000000e-03
6.549335619993508e+01	3.550693390000000e-03
6.552371599990875e+01	3.533551700000000e-03
6.555579750007018e+01	3.537360110000000e-03
6.560194390034303e+01	3.537360110000000e-03
6.565297770034522e+01	3.558313470000000e-03
6.569339240016416e+01	3.562123510000000e-03
6.574067780002952e+01	3.558313470000000e-03
6.580251320032403e+01	3.596408290000000e-03
6.583448980003595e+01	3.619264810000000e-03
6.586577210016549e+01	3.569741730000000e-03
6.589656100003049e+01	3.605931530000000e-03
6.594401809992269e+01	3.619264810000000e-03
6.599084320012480e+01	3.624979870000000e-03
6.603795969998464e+01	3.689741480000000e-03
6.608958300016820e+01	3.611646590000000e-03
6.611699200002477e+01	3.706884800000000e-03
6.615112480008975e+01	3.649741640000000e-03
6.619394150003791e+01	3.689741480000000e-03
6.624074940010905e+01	3.685933300000000e-03
6.628791100019589e+01	3.638313380000000e-03
6.633483290020376e+01	3.727838160000000e-03
6.636509119998664e+01	3.687838330000000e-03
6.639503390016034e+01	3.756409980000000e-03
6.642590890033171e+01	3.693551520000000e-03
6.645809100009501e+01	3.764028200000000e-03
6.648982140002772e+01	3.693551520000000e-03
6.653670450020581e+01	3.792599770000000e-03
6.656792000029236e+01	3.703074760000000e-03
6.659889920009300e+01	3.743076460000000e-03
6.664496760023758e+01	3.796409820000000e-03
6.669169960031286e+01	3.781171520000000e-03
6.672268550004810e+01	3.804028030000000e-03
6.675319840013981e+01	3.794504800000000e-03
6.679989799996838e+01	3.794504800000000e-03
6.684685140009969e+01	3.855456370000000e-03
6.689341770019382e+01	3.807838070000000e-03
6.694052470009774e+01	3.823076370000000e-03
6.700102030020207e+01	3.884027940000000e-03
6.703201040020213e+01	3.824981400000000e-03
6.706273500015959e+01	3.878314750000000e-03
6.709389240015298e+01	3.845933130000000e-03
6.714038160024211e+01	3.880219770000000e-03
6.727147760009393e+01	3.891648030000000e-03
6.729969230014831e+01	3.971647940000000e-03
6.732733560027555e+01	3.891648030000000e-03
6.735753099992871e+01	3.935458140000000e-03
6.738786390004680e+01	3.897361220000000e-03
6.743577100010589e+01	3.988791260000000e-03
6.746634970000014e+01	3.933553120000000e-03
6.749723249999806e+01	3.954504620000000e-03
6.754433790035546e+01	3.965932880000000e-03
6.759090980002657e+01	3.956409640000000e-03
6.762296380009502e+01	4.015457820000000e-03
6.765573489991948e+01	4.044029400000000e-03
6.770082540018484e+01	4.036409310000000e-03
6.774619870027527e+01	4.038314340000000e-03
6.779327769996598e+01	4.028791100000000e-03
6.783972580032423e+01	4.108791240000000e-03
6.788700280012563e+01	4.028791100000000e-03
6.791789819998667e+01	4.131647760000000e-03
6.794876340031624e+01	4.089742900000000e-03
6.799433440016583e+01	4.078314170000000e-03
6.804090670030564e+01	4.156411160000000e-03
6.808790070004761e+01	4.082124210000000e-03
6.813577709998935e+01	4.167839420000000e-03
6.816676890011877e+01	4.108791240000000e-03
6.819939580000937e+01	4.202124200000000e-03
6.822991019999608e+01	4.122124520000000e-03
6.826217070035636e+01	4.179267680000000e-03
6.829153309995309e+01	4.156411160000000e-03
6.833801560010761e+01	4.242124040000000e-03
6.839994420018047e+01	4.177362660000000e-03
6.844627700001001e+01	4.261172380000000e-03
6.849203580012545e+01	4.215457480000000e-03
6.852281330013648e+01	4.261172380000000e-03
6.855395680014044e+01	4.264982420000000e-03
6.859888130007312e+01	4.232600800000000e-03
6.864739770023152e+01	4.327839240000000e-03
6.869426660006866e+01	4.270695620000000e-03
6.874148850003257e+01	4.284029360000000e-03
6.880342409992591e+01	4.329744260000000e-03
6.883408820023760e+01	4.339267500000000e-03
6.886548640020192e+01	4.312600940000000e-03
6.889634190034121e+01	4.320221020000000e-03
6.894335180008784e+01	4.381172360000000e-03
6.898978079995140e+01	4.337364340000000e-03
6.903620060021058e+01	4.428792280000000e-03
6.907088400004432e+01	4.358315840000000e-03
6.909968220023438e+01	4.455458840000000e-03
6.913001860026270e+01	4.377364180000000e-03
6.916201779991388e+01	4.432602320000000e-03
6.919471300020814e+01	4.405935760000000e-03
6.924108120007440e+01	4.457363860000000e-03
6.930147940013558e+01	4.440220540000000e-03
6.934847500035539e+01	4.491649100000000e-03
6.939354280009866e+01	4.495459140000000e-03
6.942496150033548e+01	4.503078760000000e-03
6.945600969996303e+01	4.558317360000000e-03
6.948789800005034e+01	4.485935440000000e-03
6.953404590021819e+01	4.552602300000000e-03
6.956562130013481e+01	4.533553960000000e-03
6.959681540029123e+01	4.529745780000000e-03
6.964417660003528e+01	4.617363680000000e-03
6.968904389999807e+01	4.543079060000000e-03
6.971989489998668e+01	4.651650320000000e-03
6.975194620015100e+01	4.624983760000000e-03
6.980001750029624e+01	4.621173720000000e-03
6.984655000036582e+01	4.693555180000000e-03
6.989195309998468e+01	4.626888780000000e-03
6.993808030011132e+01	4.714507140000000e-03
6.999965170025826e+01	4.737365530000000e-03
7.003115539997816e+01	4.661173560000000e-03
7.006127359997481e+01	4.748793780000000e-03
7.009461490018293e+01	4.691650160000000e-03
7.013892110018060e+01	4.783078560000000e-03
7.020390979992226e+01	4.714507140000000e-03
7.024889900023118e+01	4.771650300000000e-03
7.029418740002438e+01	4.781173540000000e-03
7.032745050033554e+01	4.765937100000000e-03
7.035642810026184e+01	4.830698480000000e-03
7.040239540021867e+01	4.786888600000000e-03
7.044902739999816e+01	4.885936620000000e-03
7.049443810014054e+01	4.815460180000000e-03
7.054079380026087e+01	4.876413380000000e-03
7.060304640000686e+01	4.924031910000000e-03
7.063588239997625e+01	4.924031910000000e-03
7.066645570006222e+01	4.903079940000000e-03
7.069650400010869e+01	4.884031600000000e-03
7.074410620005801e+01	4.941175230000000e-03
7.079631230002269e+01	4.922126890000000e-03
7.083649459993467e+01	4.994508340000000e-03
7.086718600010499e+01	4.954508510000000e-03
7.089821110013872e+01	5.032603160000000e-03
7.092789679998532e+01	4.962126720000000e-03
7.095957130007446e+01	5.023079920000000e-03
7.099090200010687e+01	4.994508340000000e-03
7.104311669990420e+01	5.095461380000000e-03
7.109873620001599e+01	5.021174900000000e-03
7.114587350003421e+01	5.099270030000000e-03
7.119286990026012e+01	5.070699840000000e-03
7.122411529999226e+01	5.122128410000000e-03
7.125493289995939e+01	5.148794970000000e-03
7.130205640010536e+01	5.112604700000000e-03
7.134793819999322e+01	5.181176590000000e-03
7.139536840002984e+01	5.135461690000000e-03
7.144090729998425e+01	5.223081450000000e-03
7.148904310027137e+01	5.162128250000000e-03
7.152240760019049e+01	5.255461200000000e-03
7.154982420010492e+01	5.255461200000000e-03
7.159679780015722e+01	5.205938130000000e-03
7.164451549993828e+01	5.318319890000000e-03
7.169091390026733e+01	5.244032950000000e-03
7.173672370007262e+01	5.335461350000000e-03
7.176790759991854e+01	5.278319590000000e-03
7.179891639994457e+01	5.356414710000000e-03
7.182953260000795e+01	5.293556490000000e-03
7.186028520017862e+01	5.384986290000000e-03
7.189094480033964e+01	5.320224910000000e-03
7.193695780029520e+01	5.398319570000000e-03
7.196891890000552e+01	5.343081430000000e-03
7.199992320034653e+01	5.350699650000000e-03
7.204664089996368e+01	5.461175930000000e-03
7.209302180027589e+01	5.394509530000000e-03
7.212465590005741e+01	5.447842650000000e-03
7.216224360000342e+01	5.474509210000000e-03
7.220235170004889e+01	5.424986130000000e-03
7.224900680035353e+01	5.527844650000000e-03
7.229518130002543e+01	5.506891290000000e-03
7.234243290033191e+01	5.552606190000000e-03
7.239008340006694e+01	5.497367590000000e-03
7.242240980034694e+01	5.598319230000000e-03
7.245213550003245e+01	5.623082630000000e-03
7.249812070000917e+01	5.556414370000000e-03
7.254448710009456e+01	5.634510890000000e-03
7.259050960000604e+01	5.581177770000000e-03
7.263916030013934e+01	5.693559070000000e-03
7.268538600020111e+01	5.661177450000000e-03
7.271739890007302e+01	5.697367250000000e-03
7.274739950010553e+01	5.725939290000000e-03
7.279477530019358e+01	5.668795670000000e-03
7.284185949992388e+01	5.765939130000000e-03
7.290340680023655e+01	5.699272270000000e-03
7.294878680026159e+01	5.786892490000000e-03
7.299541340023279e+01	5.777367390000000e-03
7.302613830007613e+01	5.794510710000000e-03
7.305695499991998e+01	5.855463910000000e-03
7.308853430021554e+01	5.783082450000000e-03
7.313528420031071e+01	5.836415570000000e-03
7.317217939998955e+01	5.809749010000000e-03
7.327869700035080e+01	5.937369070000000e-03
7.330736230034381e+01	5.899273790000000e-03
7.334154500020668e+01	5.935464050000000e-03
7.340086330007762e+01	5.910702050000000e-03
7.344889590004459e+01	6.017368750000000e-03
7.349646309996024e+01	5.944987290000000e-03
7.354165029991418e+01	6.036417090000000e-03
7.358908230019733e+01	5.979273930000000e-03
7.362004460021853e+01	6.080226970000000e-03
7.365233010007069e+01	6.104988510000000e-03
7.369994459999725e+01	6.036417090000000e-03
7.374690280016512e+01	6.129750520000000e-03
7.380901760002598e+01	6.072606890000000e-03
7.383922060020268e+01	6.175465420000000e-03
7.390119140036404e+01	6.209750190000000e-03
7.393325369991362e+01	6.150702010000000e-03
7.396482280036435e+01	6.215465260000000e-03
7.399603160005063e+01	6.162132140000000e-03
7.404310799995437e+01	6.276416590000000e-03
7.408985150000080e+01	6.209750190000000e-03
7.414518130011857e+01	6.295464930000000e-03
7.420181909995154e+01	6.337370260000000e-03
7.423416860029101e+01	6.272608410000000e-03
7.426447390019894e+01	6.348798520000000e-03
7.429462880035862e+01	6.289749870000000e-03
7.434183150017634e+01	6.344988480000000e-03
7.440215860027820e+01	6.329752040000000e-03
7.444909409992397e+01	6.449751560000000e-03
7.449606180004776e+01	6.407846700000000e-03
7.452785860002041e+01	6.409751720000000e-03
7.455862110015005e+01	6.482133180000000e-03
7.458877550018951e+01	6.419274960000000e-03
7.463493350008503e+01	6.449751560000000e-03
7.466644369997084e+01	6.491656420000000e-03
7.469705349998549e+01	6.459274790000000e-03
7.474385430011898e+01	6.564038340000000e-03
7.478971810033545e+01	6.501179650000000e-03
7.482044740021229e+01	6.607846360000000e-03
7.485194480000064e+01	6.623084660000000e-03
7.489837600011379e+01	6.546895020000000e-03
7.494550670031458e+01	6.626894700000000e-03
7.499267349997535e+01	6.594513080000000e-03
7.503889650013298e+01	6.689752920000000e-03
7.508697700034827e+01	6.657371300000000e-03
7.511765460018069e+01	6.693561100000000e-03
7.515043310029432e+01	6.725943180000000e-03
7.519714700011536e+01	6.678322800000000e-03
7.524270999990404e+01	6.792609580000000e-03
7.528982780035585e+01	6.729752760000000e-03
7.533617140026763e+01	6.779276300000000e-03
7.536636060010642e+01	6.807847880000000e-03
7.539790840027854e+01	6.826896220000000e-03
7.542790680006146e+01	6.809752900000000e-03
7.545927700027823e+01	6.889752580000000e-03
7.549089820031077e+01	6.815466100000000e-03
7.553741730004549e+01	6.884037520000000e-03
7.559994410024956e+01	6.864991040000000e-03
7.564913510018960e+01	6.986896040000000e-03
7.569434159994125e+01	6.914514120000000e-03
7.572620519995689e+01	6.981180980000000e-03
7.575746570015326e+01	7.028800900000000e-03
7.578916800022125e+01	6.971657740000000e-03
7.583670370001346e+01	7.013562600000000e-03
7.586791100027040e+01	7.009752560000000e-03
7.589960400015116e+01	6.996419280000000e-03
7.594621510012075e+01	7.104990540000000e-03
7.599316349998116e+01	7.045944220000000e-03
7.602411590004340e+01	7.144992710000000e-03
7.605512800021097e+01	7.177372460000000e-03
7.608771140035242e+01	7.137372620000000e-03
7.613508490007371e+01	7.137372620000000e-03
7.616463370015845e+01	7.211659100000000e-03
7.619527269992977e+01	7.143087690000000e-03
7.624156490014866e+01	7.264992220000000e-03
7.628785170009360e+01	7.219277320000000e-03
7.631883050035685e+01	7.270707280000000e-03
7.634993770020083e+01	7.314515300000000e-03
7.639629650022835e+01	7.240230680000000e-03
7.644455160014331e+01	7.362135690000000e-03
7.648981320019811e+01	7.293563800000000e-03
7.653707590000704e+01	7.356420630000000e-03
7.659888970013708e+01	7.409753740000000e-03
7.662973590008914e+01	7.364040710000000e-03
7.666559750027955e+01	7.428802080000000e-03
7.670726520009339e+01	7.383087180000000e-03
7.673778550000861e+01	7.449755450000000e-03
7.680069150030613e+01	7.432612120000000e-03
7.684683299995959e+01	7.554517130000000e-03
7.689361099991947e+01	7.472611960000000e-03
7.692764020012692e+01	7.537373810000000e-03
7.695549040008336e+01	7.609755270000000e-03
7.700294860033318e+01	7.524040060000000e-03
7.704919019993395e+01	7.651660130000000e-03
7.709653320023790e+01	7.577373650000000e-03
7.714260730007663e+01	7.684041750000000e-03
7.720294370036572e+01	7.716421500000000e-03
7.723592679994181e+01	7.664993410000000e-03
7.726794840022922e+01	7.697375030000000e-03
7.729732020013034e+01	7.684041750000000e-03
7.734386980021372e+01	7.800231690000000e-03
7.739096480002627e+01	7.729755250000000e-03
7.743680060002953e+01	7.775470150000000e-03
7.746782250003889e+01	7.796423510000000e-03
7.749974590027705e+01	7.853564810000000e-03
7.753046920010820e+01	7.807851770000000e-03
7.756145710032433e+01	7.893565110000000e-03
7.759190250001848e+01	7.826898250000000e-03
7.763840700034052e+01	7.893565110000000e-03
7.769952409993857e+01	7.876423190000001e-03
7.774595570005476e+01	7.988804949999999e-03
7.779247510014102e+01	7.924041709999999e-03
7.782370020030066e+01	8.026899770000000e-03
7.785425129998475e+01	8.053566329999999e-03
7.790057340031490e+01	7.971661170000000e-03
7.794784420030192e+01	8.089756590000000e-03
7.799409470008686e+01	8.026899770000000e-03
7.804094760026783e+01	8.148804310000000e-03
7.810455609997734e+01	8.164042610000000e-03
7.813727000029758e+01	8.131661449999999e-03
7.819454220030457e+01	8.122137749999999e-03
7.824073950015008e+01	8.244043220000000e-03
7.828679800033569e+01	8.228803979999999e-03
7.831879340019077e+01	8.236424070000000e-03
7.834969910001382e+01	8.289758120000001e-03
7.839746579993516e+01	8.263091560000000e-03
7.842862239992246e+01	8.266901599999999e-03
7.845920039992779e+01	8.350709450000000e-03
7.849083890020847e+01	8.293568160000001e-03
7.853792700031772e+01	8.337375710000001e-03
7.859995070006698e+01	8.331662980000000e-03
7.872498279996216e+01	8.480234070000000e-03
7.875557480007410e+01	8.503090590000000e-03
7.880221719993278e+01	8.432615550000000e-03
7.884789169998839e+01	8.552615530000000e-03
7.889529790030792e+01	8.501187900000000e-03
7.894287950033322e+01	8.602138610000001e-03
7.899097890034318e+01	8.533567190000001e-03
7.902119020000100e+01	8.624996990000000e-03
7.905230890028179e+01	8.651663550000001e-03
7.909890690026805e+01	8.586900309999999e-03
7.914501229999587e+01	8.701187560000000e-03
7.920891360007226e+01	8.638330740000000e-03
7.923938699997962e+01	8.708807640000000e-03
7.929963710019365e+01	8.744996970000000e-03
7.933027190016583e+01	8.718330410000001e-03
7.936121540004387e+01	8.804045619999999e-03
7.939299410022795e+01	8.741186930000000e-03
7.944026450021192e+01	8.861188779999999e-03
7.948723160009831e+01	8.847855030000001e-03
7.953389850025997e+01	8.804045619999999e-03
7.956510950019583e+01	8.910711849999999e-03
7.959537920029834e+01	8.836424910000000e-03
7.962659300025553e+01	8.929760199999999e-03
7.966257059993222e+01	8.973568680000000e-03
7.968844179995358e+01	8.933568370000000e-03
7.973758399998769e+01	8.944996630000000e-03
7.979897090001032e+01	8.954522200000000e-03
