# [General]
# timestamp=2025-04-09T10:56:16.936029
# comments='# '
# delimiter='\t'
# column_dtypes=float;;float
# column_headers='Time (s);;Power (W)'
# 
# [Metadata]
# scanner_y=3.573766999352296
# scanner_x=-5.07186307907141
# start recoding time='09.04.2025, 10:55:16.819641'
# sample rate (hz)=50.0
# sample timing='TIMESTAMP'
# 
# ---- END HEADER ----
8.018999360501766e-04	8.083955380000001e-03
5.431539984419942e-02	8.083955380000001e-03
7.782359980046749e-02	8.084531870000000e-03
1.019782000221312e-01	8.084915579999999e-03
1.520193000324070e-01	8.085875770000001e-03
1.986376000568271e-01	8.085492070000000e-03
2.226394996978343e-01	8.084531870000000e-03
2.497648997232318e-01	8.085492070000000e-03
2.730652000755072e-01	8.085492070000000e-03
2.995114997029305e-01	8.085492070000000e-03
3.344815000891685e-01	8.084915579999999e-03
3.579718000255525e-01	8.085492070000000e-03
3.822065000422299e-01	8.084915579999999e-03
4.106299998238683e-01	8.084723730000000e-03
4.529649997130036e-01	8.084723730000000e-03
4.998274999670684e-01	8.083955380000001e-03
5.350190997123718e-01	8.082995189999999e-03
5.670147999189794e-01	8.083570750000000e-03
6.124073998071253e-01	8.082035000000000e-03
6.497052996419370e-01	8.080882019999999e-03
6.738013997673988e-01	8.082226850000001e-03
7.053240998648107e-01	8.083378900000000e-03
7.535939998924732e-01	8.083378900000000e-03
8.003456997685134e-01	8.083378900000000e-03
8.473963998258114e-01	8.081843150000000e-03
8.707435997202992e-01	8.082802409999999e-03
9.077232000418007e-01	8.082995189999999e-03
9.543006001040339e-01	8.083187040000000e-03
9.860046999529004e-01	8.082611490000001e-03
1.009465899784118e+00	8.083378900000000e-03
1.051540799904615e+00	8.083378900000000e-03
1.097664800006896e+00	8.081843150000000e-03
1.120839999988675e+00	8.082995189999999e-03
1.152493599802256e+00	8.081843150000000e-03
1.203011400066316e+00	8.079538120000000e-03
1.249371699988842e+00	8.078385140000000e-03
1.273329899646342e+00	8.079153489999999e-03
1.296797999646515e+00	8.078961629999999e-03
1.326019699685276e+00	8.082035000000000e-03
1.353099300060421e+00	8.083763530000000e-03
1.399623400066048e+00	8.088565430000000e-03
1.422988299746066e+00	8.092214350000000e-03
1.451488999649882e+00	8.095480500000000e-03
1.497868599835783e+00	8.100857959999999e-03
1.522986299823970e+00	8.103547620000000e-03
1.561108799651265e+00	8.107196540000000e-03
1.592638999689370e+00	8.107964880000000e-03
1.616206899750978e+00	8.107964880000000e-03
1.651521299965680e+00	8.109501559999999e-03
1.697524599730968e+00	8.110845460000000e-03
1.721423899754882e+00	8.110461760000000e-03
1.751659899950027e+00	8.112382140000001e-03
1.797914699651301e+00	8.111421949999999e-03
1.821847599931061e+00	8.112190290000000e-03
1.854482899885625e+00	8.111038250000001e-03
1.886068299878389e+00	8.107580240000000e-03
1.918042399920523e+00	8.109308779999999e-03
1.952637599781156e+00	8.110269900000000e-03
1.998034100048244e+00	8.108541370000000e-03
2.027251899708062e+00	8.108156730000000e-03
2.050216699950397e+00	8.108541370000000e-03
2.074219299945980e+00	8.107580240000000e-03
2.099229800049216e+00	8.107196540000000e-03
2.136827399954200e+00	8.107196540000000e-03
2.167253799736500e+00	8.108732290000000e-03
2.190205899998546e+00	8.110269900000000e-03
2.213584099896252e+00	8.113343270000000e-03
2.250248599797487e+00	8.114302530000001e-03
2.273292699828744e+00	8.114302530000001e-03
2.300454999785870e+00	8.115071800000000e-03
2.324559200089425e+00	8.115456440000000e-03
2.352126999758184e+00	8.114879020000000e-03
2.399764900095761e+00	8.114687170000001e-03
2.424408500082791e+00	8.114302530000001e-03
2.451527100056410e+00	8.113343270000000e-03
2.475975699722767e+00	8.113535119999999e-03
2.500625699758530e+00	8.112766780000001e-03
2.524194499943405e+00	8.110845460000000e-03
2.556142800021917e+00	8.108541370000000e-03
2.603366999886930e+00	8.103162980000000e-03
2.649098400026560e+00	8.102010000000000e-03
2.681752999778837e+00	8.100281470000000e-03
2.705357399769127e+00	8.097784590000000e-03
2.750957699958235e+00	8.095287720000000e-03
2.776164599694312e+00	8.093366400000000e-03
2.808129699900746e+00	8.084915579999999e-03
2.850866399705410e+00	8.082611490000001e-03
2.902388399932534e+00	8.081073870000000e-03
2.963688599877059e+00	8.078577000000000e-03
2.998976700007915e+00	8.076656610000000e-03
3.026121099945158e+00	8.072814899999999e-03
3.050442999694496e+00	8.066477250000001e-03
3.074966999702156e+00	8.060330530000000e-03
3.104967599734664e+00	8.054952140000000e-03
3.155346799641848e+00	8.052263410000000e-03
3.199111799709499e+00	8.052070630000000e-03
3.223158699925989e+00	8.051302280000000e-03
3.260751499794424e+00	8.051302280000000e-03
3.299242999870330e+00	8.050342090000001e-03
3.322884699795395e+00	8.049957450000001e-03
3.354237399995327e+00	8.050533940000000e-03
3.377774599939585e+00	8.050533940000000e-03
3.401016700081527e+00	8.049957450000001e-03
3.450500600039959e+00	8.047076869999999e-03
3.478483600076288e+00	8.046693170000001e-03
3.502779100090265e+00	8.044387210000000e-03
3.551285499706864e+00	8.034976200000000e-03
3.601524800062180e+00	8.018650110000001e-03
3.648343800101429e+00	8.002323100000000e-03
3.671729399822652e+00	7.995792660000001e-03
3.709456699900329e+00	7.986957209999999e-03
3.753502599895000e+00	7.976009510000000e-03
3.816710900049657e+00	7.957378399999999e-03
3.863080400042236e+00	7.936633190000000e-03
3.908977400045842e+00	7.909935900000000e-03
3.953516199719161e+00	7.891304789999999e-03
3.986497299745679e+00	7.860572079999999e-03
4.017744199838489e+00	7.821773180000000e-03
4.050902300048620e+00	7.799684070000000e-03
4.096550599671900e+00	7.774907160000000e-03
4.127190199680626e+00	7.773562330000000e-03
4.152852999977767e+00	7.782205010000000e-03
4.201375099830329e+00	7.826383229999999e-03
4.252097699791193e+00	7.885734550000001e-03
4.282157700043172e+00	7.925492710000001e-03
4.305533499922603e+00	7.975433020000000e-03
4.353184599895030e+00	8.007316850000000e-03
4.407149699982256e+00	8.041890340000000e-03
4.450887499842793e+00	8.054375650000001e-03
4.497894899919629e+00	8.077424950000000e-03
4.530828199815005e+00	8.084723730000000e-03
4.562778499908745e+00	8.092982690000000e-03
4.586759899742901e+00	8.098745720000000e-03
4.610348799731582e+00	8.108156730000000e-03
4.655227999668568e+00	8.114302530000001e-03
4.699344499967992e+00	8.117375899999999e-03
4.723519799765199e+00	8.118337020000000e-03
4.751677900087088e+00	8.118337020000000e-03
4.797543900087476e+00	8.117952380000000e-03
4.824944199994206e+00	8.116608490000000e-03
4.857055400032550e+00	8.114879020000000e-03
4.888365000020713e+00	8.111038250000001e-03
4.912439699750394e+00	8.104506880000001e-03
4.952640600036830e+00	8.099322210000001e-03
4.998380200006068e+00	8.085299280000000e-03
5.028136199805886e+00	8.075119929999999e-03
5.059791499748826e+00	8.056872519999999e-03
5.106718699913472e+00	8.031519129999999e-03
5.151817299891263e+00	8.017305279999999e-03
5.185540399979800e+00	8.000594559999999e-03
5.217282599769533e+00	7.978506390000001e-03
5.250326799694449e+00	7.964484390000000e-03
5.274168199859560e+00	7.944893090000000e-03
5.300202199723572e+00	7.924340670000000e-03
5.325786300003529e+00	7.897834290000001e-03
5.352071399800479e+00	7.869407530000001e-03
5.398223999887705e+00	7.811401040000000e-03
5.422725799959153e+00	7.775675040000000e-03
5.464188199955970e+00	7.736299190000000e-03
5.488291999790817e+00	7.702494970000000e-03
5.511565899942070e+00	7.646216550000000e-03
5.560688799712807e+00	7.574956860000000e-03
5.607864799909294e+00	7.507345640000000e-03
5.648824299685657e+00	7.480647880000000e-03
5.672840199898928e+00	7.456637920000000e-03
5.700050699990243e+00	7.441272030000000e-03
5.730614599771798e+00	7.428979500000000e-03
5.761434299871325e+00	7.443384730000000e-03
5.785510499961674e+00	7.488714530000000e-03
5.823489699978381e+00	7.638725450000000e-03
5.853087000083178e+00	7.744174920000000e-03
5.899381800089031e+00	7.923764180000001e-03
5.922918399795890e+00	8.005204610000000e-03
5.951527100056410e+00	8.053415450000000e-03
6.009652799926698e+00	8.115071800000000e-03
6.055999999865890e+00	8.112766780000001e-03
6.079247799701989e+00	8.104123180000001e-03
6.102628000080585e+00	8.086452260000000e-03
6.152364300098270e+00	8.035168049999999e-03
6.197971999645233e+00	7.984460330000000e-03
6.221678599715233e+00	7.950463329999999e-03
6.255770099814981e+00	7.876898160000000e-03
6.301072299946100e+00	7.832720880000000e-03
6.364172399975359e+00	7.716323710000000e-03
6.394928399939090e+00	7.648905270000000e-03
6.418371699750423e+00	7.570154500000000e-03
6.453010600060225e+00	7.510803170000000e-03
6.504565499722958e+00	7.329292600000000e-03
6.566940200049430e+00	7.195224520000000e-03
6.613531500101089e+00	7.031383920000000e-03
6.649563499726355e+00	6.954554000000000e-03
6.672694799955934e+00	6.882525510000000e-03
6.705449099652469e+00	6.701591420000000e-03
6.753600100055337e+00	6.543513850000000e-03
6.813854599837214e+00	6.380441600000000e-03
6.860799199901521e+00	6.196817850000000e-03
6.899558699689806e+00	6.072737280000000e-03
6.937568199820817e+00	5.851658990000000e-03
6.961874699685723e+00	5.706258580000000e-03
6.985218599904329e+00	5.562009760000000e-03
7.014407299924642e+00	5.306742150000000e-03
7.050741799641401e+00	5.151353310000000e-03
7.109082399867475e+00	4.733974580000000e-03
7.151617699768394e+00	4.625259900000000e-03
7.197407499887049e+00	4.439522980000000e-03
7.221932299900800e+00	4.352897410000000e-03
7.249167999718338e+00	4.290281330000000e-03
7.279896699823439e+00	4.223438910000000e-03
7.310576799791306e+00	4.116645080000000e-03
7.356543399859220e+00	4.006009550000000e-03
7.403031199704856e+00	3.912085200000000e-03
7.450478499755263e+00	3.703683850000000e-03
7.480934499762952e+00	3.598426700000000e-03
7.511789099778980e+00	3.411537730000000e-03
7.551825900096446e+00	3.303207220000000e-03
7.576110899914056e+00	3.229834370000000e-03
7.606044999789447e+00	3.151083830000000e-03
7.652212899643928e+00	3.100952130000000e-03
7.699084399733692e+00	3.004914850000000e-03
7.729409999679774e+00	2.950173570000000e-03
7.753470799885690e+00	2.907532730000000e-03
7.799208200071007e+00	2.906764160000000e-03
7.823243899736553e+00	2.919249470000000e-03
7.853712599724531e+00	2.925587820000000e-03
7.879552999977022e+00	2.926547780000000e-03
7.903653199784458e+00	2.918672750000000e-03
7.954152399674058e+00	2.902154580000000e-03
7.999176200013608e+00	2.897160360000000e-03
8.022777299862355e+00	2.893510970000000e-03
8.055551199708134e+00	2.885059920000000e-03
8.100907899904996e+00	2.873727350000000e-03
8.149968700017780e+00	2.839730350000000e-03
8.173488100059330e+00	2.814376260000000e-03
8.196543199941516e+00	2.786525060000000e-03
8.220998299773782e+00	2.745613220000000e-03
8.250500400085002e+00	2.702588450000000e-03
8.297368399798870e+00	2.627295440000000e-03
8.334418599959463e+00	2.582157260000000e-03
8.357609400060028e+00	2.532602290000000e-03
8.412809799890965e+00	2.464223650000000e-03
8.451753499917686e+00	2.434836000000000e-03
8.475882699713111e+00	2.405832750000000e-03
8.500114299822599e+00	2.366649450000000e-03
8.537478299811482e+00	2.306145380000000e-03
8.569313100073487e+00	2.251404100000000e-03
8.600178899709135e+00	2.220287920000000e-03
8.623130999971181e+00	2.192245100000000e-03
8.649684600066394e+00	2.167851430000000e-03
8.672936399932951e+00	2.141921550000000e-03
8.699633100070059e+00	2.118296220000000e-03
8.724848099984229e+00	2.100432990000000e-03
8.752131799701601e+00	2.091789850000000e-03
8.785750600043684e+00	2.078536430000000e-03
8.809592700097710e+00	2.052222380000000e-03
8.850329899694771e+00	2.030709990000000e-03
8.878968599718064e+00	1.999401950000000e-03
8.902538399677724e+00	1.972126770000000e-03
8.951415099669248e+00	1.920266890000000e-03
9.003556000068784e+00	1.868790600000000e-03
9.050275299698114e+00	1.854769190000000e-03
9.083491599652916e+00	1.833256800000000e-03
9.107404399663210e+00	1.796762460000000e-03
9.152425900101662e+00	1.769872150000000e-03
9.206143799703568e+00	1.683246110000000e-03
9.248807199764997e+00	1.655971400000000e-03
9.283532700035721e+00	1.616788210000000e-03
9.311085899826139e+00	1.566272460000000e-03
9.360623199958354e+00	1.533619830000000e-03
9.392141900025308e+00	1.503848010000000e-03
9.423293899744749e+00	1.472731940000000e-03
9.455000999849290e+00	1.436621770000000e-03
9.498750499915332e+00	1.414917410000000e-03
9.522891799919307e+00	1.389371230000000e-03
9.563901099842042e+00	1.350188050000000e-03
9.610972799826413e+00	1.310044430000000e-03
9.658422099892050e+00	1.285650880000000e-03
9.689809499774128e+00	1.267019430000000e-03
9.713071299716830e+00	1.252613960000000e-03
9.752671699970961e+00	1.246851750000000e-03
9.799156999681145e+00	1.233982500000000e-03
9.829814299941063e+00	1.225147050000000e-03
9.853072700090706e+00	1.218424410000000e-03
9.907904199790210e+00	1.191149810000000e-03
9.953444899991155e+00	1.176936320000000e-03
9.977605700027198e+00	1.161378230000000e-03
1.000091439997777e+01	1.147356700000000e-03
1.004787829983979e+01	1.115088120000000e-03
1.007260759966448e+01	1.091654990000000e-03
1.010959800006822e+01	1.042483840000000e-03
1.015668779984117e+01	1.003108340000000e-03
1.019916939968243e+01	9.856295069999999e-04
1.023423739988357e+01	9.608519610000000e-04
1.025825629988685e+01	9.445255270000000e-04
1.028261439967901e+01	9.293515470000000e-04
1.030664879968390e+01	9.084154740000000e-04
1.035835519991815e+01	8.826772680000000e-04
1.040404539974406e+01	8.434940250000000e-04
1.045074329990894e+01	8.206369820000000e-04
1.049684319971129e+01	7.778042930000000e-04
1.052830519992858e+01	7.507218980000000e-04
1.056039149966091e+01	7.269044290000000e-04
1.059183029970154e+01	7.073128360000000e-04
1.062301999982446e+01	6.854161620000000e-04
1.065130699984729e+01	6.744679410000000e-04
1.070124690001830e+01	6.550683760000000e-04
1.074981929967180e+01	6.204949460000000e-04
1.077931599970907e+01	5.957171670000000e-04
1.081062249979004e+01	5.649852680000000e-04
1.085822779964656e+01	5.444330750000000e-04
1.088242599973455e+01	5.267622180000000e-04
1.092021139990538e+01	4.862345230000000e-04
1.095341429999098e+01	4.462827060000000e-04
1.099908659979701e+01	4.257308030000000e-04
1.102242890000343e+01	4.032579310000000e-04
1.105009549995884e+01	3.828980840000000e-04
1.107419429998845e+01	3.625381210000000e-04
1.109838379966095e+01	3.460196600000000e-04
1.112201160006225e+01	3.316139920000000e-04
1.115265529975295e+01	3.200894570000000e-04
1.118686060002074e+01	3.056838760000000e-04
1.121714459965006e+01	2.914703510000000e-04
1.125021420000121e+01	2.826348060000000e-04
1.129597810003906e+01	2.670767430000000e-04
1.131958349980414e+01	2.536315590000000e-04
1.135561669990420e+01	2.325032400000000e-04
1.140275119990110e+01	2.204024930000000e-04
1.145045299967751e+01	1.969693550000000e-04
1.147455450007692e+01	1.871735440000000e-04
1.150979129970074e+01	1.647007880000000e-04
1.155696499999613e+01	1.462615760000000e-04
1.159922049986199e+01	1.380023460000000e-04
1.163505359971896e+01	1.249412310000000e-04
1.165956699987873e+01	1.124563130000000e-04
1.170025820005685e+01	1.043892260000000e-04
1.174844500003383e+01	8.767862890000000e-05
1.177219159994274e+01	8.037977390000000e-05
1.179636280005798e+01	7.308092610000000e-05
1.182209829986095e+01	6.462966850000001e-05
1.185016050003469e+01	5.944360240000000e-05
1.187434169976041e+01	5.387347850000000e-05
1.191374820005149e+01	4.446183810000000e-05
1.195084750000387e+01	4.004401130000000e-05
1.199875649996102e+01	3.216895490000000e-05
1.202368699992076e+01	2.794338250000000e-05
1.204991799965501e+01	2.448604390000000e-05
1.208628539973870e+01	1.949201030000000e-05
1.211085449997336e+01	1.526643610000000e-05
1.215258520003408e+01	1.238530150000000e-05
1.221167609980330e+01	6.046829180000000e-06
1.224893759982660e+01	4.318103490000000e-06
1.227411270001903e+01	3.741899260000000e-06
1.230040049972013e+01	2.397347320000000e-06
1.232396829966456e+01	2.013173800000000e-06
1.235152720008045e+01	2.397347320000000e-06
1.237616389989853e+01	2.589378030000000e-06
1.239905390003696e+01	2.589378030000000e-06
1.243050669971853e+01	3.741899260000000e-06
1.245441679982468e+01	5.470512410000000e-06
1.249931049998850e+01	6.238859900000000e-06
1.252313279965892e+01	7.391268350000000e-06
1.255110989976674e+01	8.735820300000000e-06
1.259723720001057e+01	1.104075000000000e-05
1.262171859992668e+01	1.238530150000000e-05
1.265103939967230e+01	1.296150640000000e-05
1.267534019984305e+01	1.238530150000000e-05
1.269853989966214e+01	1.180898470000000e-05
1.272200459986925e+01	1.334567970000000e-05
1.275245169969276e+01	1.276936290000000e-05
1.279866739967838e+01	1.257733220000000e-05
1.283605589997023e+01	1.353771040000000e-05
1.285910149989650e+01	1.641884410000000e-05
1.289902229979634e+01	1.833960050000000e-05
1.292290569981560e+01	1.929997960000000e-05
1.296025619981810e+01	2.006821340000000e-05
1.298438199982047e+01	2.045238760000000e-05
1.300763469981030e+01	2.026035690000000e-05
1.305024649994448e+01	1.795542810000000e-05
1.307418549992144e+01	1.449808860000000e-05
1.310288639971986e+01	1.008037180000000e-05
1.315085039986297e+01	3.741899260000000e-06
1.319640020001680e+01	2.013173800000000e-06
1.322009609965608e+01	2.205316830000000e-06
1.324929089983925e+01	3.549756230000000e-06
1.327286959998310e+01	4.894307950000000e-06
1.329688129993156e+01	6.430890150000000e-06
1.332117919996381e+01	7.583411390000000e-06
1.335232089972124e+01	9.696198500000000e-06
1.339743130002171e+01	1.449808860000000e-05
1.342188909975812e+01	1.776339740000000e-05
1.345859779976308e+01	2.448604390000000e-05
1.349846610007808e+01	2.909579050000000e-05
1.353653529984877e+01	3.524223210000000e-05
1.356652410002425e+01	4.042818550000000e-05
1.359052029997110e+01	4.599842210000000e-05
1.361448189988732e+01	5.387347850000000e-05
1.365071839978918e+01	5.982777660000000e-05
1.369612739980221e+01	7.135231140000000e-05
1.371917269984260e+01	7.941939839999999e-05
1.375164779974148e+01	8.383722890000001e-05
1.379697529971600e+01	9.075190610000000e-05
1.383004439994693e+01	9.497747670000000e-05
1.386116369999945e+01	1.011239220000000e-04
1.389220119966194e+01	1.074623940000000e-04
1.391581209981814e+01	1.162978300000000e-04
1.395260319998488e+01	1.216759190000000e-04
1.400133749982342e+01	1.318559080000000e-04
1.404754969989881e+01	1.433804430000000e-04
1.407148419972509e+01	1.487585400000000e-04
1.411070899991319e+01	1.587464940000000e-04
1.415210899990052e+01	1.643166180000000e-04
1.417637029988691e+01	1.696947150000000e-04
1.419956889981404e+01	1.756490090000000e-04
1.423416769970208e+01	1.848686220000000e-04
1.425749849993736e+01	1.962011300000000e-04
1.429927539965138e+01	2.042682170000000e-04
1.432557779969648e+01	2.148323690000000e-04
1.435176079999655e+01	2.225153880000000e-04
1.440302799968049e+01	2.374972680000000e-04
1.445069269975647e+01	2.547839540000000e-04
1.447531489981338e+01	2.640035820000000e-04
1.451090399967507e+01	2.857080840000000e-04
1.455863089999184e+01	3.031869420000000e-04
1.460517210001126e+01	3.216261390000000e-04
1.465112019982189e+01	3.341109550000000e-04
1.469684709981084e+01	3.531263500000000e-04
1.472215799987316e+01	3.642667140000000e-04
1.475132399983704e+01	3.725259450000000e-04
1.477605640003458e+01	3.821297430000000e-04
1.479962369985878e+01	3.911573150000000e-04
1.482275629974902e+01	4.019135090000000e-04
1.485441889986396e+01	4.232338400000000e-04
1.490099800005555e+01	4.328376380000000e-04
1.494884219998494e+01	4.533896280000000e-04
1.497280109999701e+01	4.645298760000000e-04
1.499889189982787e+01	4.762464380000000e-04
1.502445499971509e+01	4.893076840000000e-04
1.504915229976177e+01	5.012162730000000e-04
1.507311519980431e+01	5.125487810000000e-04
1.509633120009676e+01	5.269542450000000e-04
1.511962720006704e+01	5.455857030000000e-04
1.515306869987398e+01	5.586466870000000e-04
1.519905219972134e+01	5.836165510000000e-04
1.522257679980248e+01	6.009031200000000e-04
1.524899669969454e+01	6.176138410000000e-04
1.527261219965294e+01	6.335559880000000e-04
1.529936739988625e+01	6.446964690000000e-04
1.532320549990982e+01	6.596781900000000e-04
1.535143479984254e+01	6.746599680000000e-04
1.538151319976896e+01	6.948279330000000e-04
1.540588659979403e+01	7.305539330000000e-04
1.545179429976270e+01	7.491851570000000e-04
1.549730410007760e+01	7.845269280000000e-04
1.553644019970670e+01	8.110334170000000e-04
1.556046220008284e+01	8.340823110000000e-04
1.559900579974055e+01	8.459909000000000e-04
1.562276940001175e+01	8.559789279999999e-04
1.564898489974439e+01	8.678875750000000e-04
1.567301589995623e+01	8.792200820000000e-04
1.570831439970061e+01	8.991957290000000e-04
1.575314070004970e+01	9.124489730000000e-04
1.579910239996389e+01	9.212844310000000e-04
1.583196080010384e+01	9.303119150000000e-04
1.586417279997841e+01	9.439492130000000e-04
1.591062119975686e+01	9.604676740000000e-04
1.595794799970463e+01	9.700714730000000e-04
1.598266340000555e+01	9.792911590000000e-04
1.601975960005075e+01	9.969620730000000e-04
1.605076029989868e+01	1.008678580000000e-03
1.609747679997236e+01	1.036145260000000e-03
1.612702659983188e+01	1.055352860000000e-03
1.615194700006396e+01	1.070334580000000e-03
1.620347229996696e+01	1.116432720000000e-03
1.624972270010039e+01	1.132374860000000e-03
1.628056759992614e+01	1.152734850000000e-03
1.630457899998873e+01	1.180969880000000e-03
1.635834109969437e+01	1.213046490000000e-03
1.639852679986507e+01	1.233022080000000e-03
1.642264469992369e+01	1.256071150000000e-03
1.645058729965240e+01	1.277775850000000e-03
1.649696470005438e+01	1.316382780000000e-03
1.652821439970285e+01	1.344809770000000e-03
1.655222339974716e+01	1.366898530000000e-03
1.657620259979740e+01	1.386106010000000e-03
1.660700300009921e+01	1.428362450000000e-03
1.665311719989404e+01	1.471387460000000e-03
1.670046649966389e+01	1.494052240000000e-03
1.674875309970230e+01	1.536308670000000e-03
1.677757299970835e+01	1.562815160000000e-03
1.680874460004270e+01	1.605071590000000e-03
1.685456930007786e+01	1.631770170000000e-03
1.687852079980075e+01	1.655395380000000e-03
1.691740839974955e+01	1.704950700000000e-03
1.695193249965087e+01	1.730496650000000e-03
1.699684319971129e+01	1.777170810000000e-03
1.702510279975832e+01	1.807710740000000e-03
1.705108479969203e+01	1.834024910000000e-03
1.709679099963978e+01	1.872056050000000e-03
1.712138210004196e+01	1.897793850000000e-03
1.715065989969298e+01	1.920266890000000e-03
1.717437230003998e+01	1.942739360000000e-03
1.721026019984856e+01	1.989221670000000e-03
1.725746849970892e+01	2.037048570000000e-03
1.729844480007887e+01	2.057024040000000e-03
1.732155600003898e+01	2.079881260000000e-03
1.735163339972496e+01	2.098320280000000e-03
1.741203980008140e+01	2.152485310000000e-03
1.745054350001737e+01	2.168812090000000e-03
1.748873109975830e+01	2.193781550000000e-03
1.751200439967215e+01	2.222400860000000e-03
1.756751819979399e+01	2.255053730000000e-03
1.759944899985567e+01	2.272340470000000e-03
1.762343209981918e+01	2.289627210000000e-03
1.764878639997914e+01	2.305377270000000e-03
1.767200759984553e+01	2.321703590000000e-03
1.770825499994680e+01	2.355893140000000e-03
1.775235969992355e+01	2.371067180000000e-03
1.777645679982379e+01	2.385856580000000e-03
1.779987889993936e+01	2.399493940000000e-03
1.783242669980973e+01	2.420238220000000e-03
1.785605269996449e+01	2.450202130000000e-03
1.789865019964054e+01	2.468641150000000e-03
1.792192849982530e+01	2.488232680000000e-03
1.795157240005210e+01	2.501870040000000e-03
1.799734829971567e+01	2.524151000000000e-03
1.802466830005869e+01	2.537019780000000e-03
1.805090409982949e+01	2.547776330000000e-03
1.807486560009420e+01	2.557764060000000e-03
1.811248129978776e+01	2.587919590000000e-03
1.815248519973829e+01	2.601172780000000e-03
1.819858830003068e+01	2.627487290000000e-03
1.822181049967185e+01	2.641892760000000e-03
1.824928809981793e+01	2.652841150000000e-03
1.828266040002927e+01	2.667054770000000e-03
1.830685729999095e+01	2.689335730000000e-03
1.836067909980193e+01	2.707390580000000e-03
1.839176640007645e+01	2.724677320000000e-03
1.842185579985380e+01	2.738698850000000e-03
1.845229419972748e+01	2.747533840000000e-03
1.849858739972115e+01	2.763860630000000e-03
1.853237519972026e+01	2.778842580000000e-03
1.856325179990381e+01	2.796897430000000e-03
1.861119999969378e+01	2.822635460000000e-03
1.866024470003322e+01	2.842227000000000e-03
1.868413729965687e+01	2.851446860000000e-03
1.872164199966937e+01	2.870846310000000e-03
1.875309909973294e+01	2.891206180000000e-03
1.879848719993606e+01	2.901578550000000e-03
1.882246399996802e+01	2.913295060000000e-03
1.886269629979506e+01	2.937304320000000e-03
1.890825679991394e+01	2.969957190000000e-03
1.895119349984452e+01	2.985131230000000e-03
1.897545369993895e+01	2.997231900000000e-03
1.900128819979727e+01	3.007987750000000e-03
1.904876729985699e+01	3.028156000000000e-03
1.907974979979917e+01	3.043330040000000e-03
1.910346339968964e+01	3.078287230000000e-03
1.915173779986799e+01	3.093461270000000e-03
1.920366390002891e+01	3.136678370000000e-03
1.924904849985614e+01	3.148395100000000e-03
1.928031810000539e+01	3.163376590000000e-03
1.931172479968518e+01	3.187386320000000e-03
1.935828100005165e+01	3.209474730000000e-03
1.939914770005271e+01	3.219846640000000e-03
1.942318410007283e+01	3.232907740000000e-03
1.945126280002296e+01	3.242127600000000e-03
1.951180299976841e+01	3.270938990000000e-03
1.955790939973667e+01	3.283039430000000e-03
1.958182640001178e+01	3.293987600000000e-03
1.960583009989932e+01	3.317420600000000e-03
1.965080119995400e+01	3.330673790000000e-03
1.969769519986585e+01	3.354683520000000e-03
1.972062020003796e+01	3.371009840000000e-03
1.975094820000231e+01	3.383110510000000e-03
1.979708319995552e+01	3.408080200000000e-03
1.982300739968196e+01	3.426135050000000e-03
1.985423439973965e+01	3.445534730000000e-03
1.987824549991637e+01	3.461669430000000e-03
1.991532329982147e+01	3.498163310000000e-03
1.995237969979644e+01	3.516026540000000e-03
1.999788799975067e+01	3.550984430000000e-03
2.002544149989262e+01	3.569807390000000e-03
2.005631039990112e+01	3.598042530000000e-03
2.010237429989502e+01	3.611295950000000e-03
2.015018250001594e+01	3.636457260000000e-03
2.017358909966424e+01	3.647981910000000e-03
2.019698769971728e+01	3.657970110000000e-03
2.022168849967420e+01	3.672759510000000e-03
2.025017669983208e+01	3.689086300000000e-03
2.027442190004513e+01	3.705604470000000e-03
2.030045539978892e+01	3.723851410000000e-03
2.034937869990245e+01	3.758425130000000e-03
2.038041479978710e+01	3.781282110000000e-03
2.040440519992262e+01	3.819120820000000e-03
2.045144699979573e+01	3.839864860000000e-03
2.048865190008655e+01	3.875975260000000e-03
2.051221669977531e+01	3.923993560000000e-03
2.056677499972284e+01	3.979887810000000e-03
2.061373330000788e+01	4.032708240000000e-03
2.064948209980503e+01	4.055373370000000e-03
2.067268489999697e+01	4.080151210000000e-03
2.070540089998394e+01	4.126633050000000e-03
2.075129640009254e+01	4.143535630000000e-03
2.077535079978406e+01	4.160438200000000e-03
2.079839639971033e+01	4.179261620000000e-03
2.082969640009105e+01	4.201926290000000e-03
2.085358019964769e+01	4.230929540000000e-03
2.089882199978456e+01	4.242838360000000e-03
2.092302929982543e+01	4.257820550000000e-03
2.095078750001267e+01	4.269537050000000e-03
2.100048909988254e+01	4.302958030000000e-03
2.104661099985242e+01	4.335226490000000e-03
2.107965780002996e+01	4.359427840000000e-03
2.110309730004519e+01	4.394577820000000e-03
2.115574619965628e+01	4.424925890000000e-03
2.119859279971570e+01	4.438179080000000e-03
2.122210819972679e+01	4.452968480000000e-03
2.125023370003328e+01	4.470255230000000e-03
2.127421399997547e+01	4.485813440000000e-03
2.129852869966999e+01	4.503868050000000e-03
2.132257369998842e+01	4.524228630000000e-03
2.135777719970793e+01	4.550350360000000e-03
2.138269499968737e+01	4.573207350000000e-03
2.140673130005598e+01	4.603171260000000e-03
2.145136859966442e+01	4.617192780000000e-03
2.149718779977411e+01	4.642930810000000e-03
2.152360880002379e+01	4.666556140000000e-03
2.155114289978519e+01	4.688644320000000e-03
2.159615350002423e+01	4.737432110000000e-03
2.162261489965022e+01	4.767587410000000e-03
2.164881779998541e+01	4.796206950000000e-03
2.167298229970038e+01	4.825402050000000e-03
2.169953099964187e+01	4.856326150000000e-03
2.173026329977438e+01	4.890899640000000e-03
2.175447489973158e+01	4.935845270000000e-03
2.179878730000928e+01	4.953324330000000e-03
2.182496699970216e+01	4.970034580000000e-03
2.185542279994115e+01	5.000766830000000e-03
2.190156779997051e+01	5.014980210000000e-03
2.196311949985102e+01	5.050706210000000e-03
2.198658149968833e+01	5.064919590000000e-03
2.201059280009940e+01	5.091233640000000e-03
2.204965579975396e+01	5.113706920000000e-03
2.207377119967714e+01	5.135987420000000e-03
2.210390499979258e+01	5.180740730000000e-03
2.215112659987062e+01	5.197451450000000e-03
2.219759659981355e+01	5.226647020000000e-03
2.222189539996907e+01	5.244893950000000e-03
2.224860879965127e+01	5.259107800000000e-03
2.227652429975569e+01	5.278123080000000e-03
2.230584669997916e+01	5.309239500000000e-03
2.235254379967228e+01	5.329983310000000e-03
2.239864980010316e+01	5.361483430000000e-03
2.242189119989052e+01	5.374928470000000e-03
2.245078659988940e+01	5.387797950000000e-03
2.250937939994037e+01	5.431398750000000e-03
2.255483620008454e+01	5.443307110000000e-03
2.258556019980460e+01	5.455024070000000e-03
2.260967979999259e+01	5.470198110000000e-03
2.266440099989995e+01	5.491710270000000e-03
2.269922429975122e+01	5.500738040000000e-03
2.272230659984052e+01	5.515335590000000e-03
2.275209729978815e+01	5.532430020000000e-03
2.279816429968923e+01	5.565467290000000e-03
2.282223649974912e+01	5.586787590000000e-03
2.285169399995357e+01	5.609452720000000e-03
2.288333479966968e+01	5.635574460000000e-03
2.290705649973825e+01	5.669764240000000e-03
2.295193979982287e+01	5.686666820000000e-03
2.300559980003163e+01	5.738526580000000e-03
2.305196859966964e+01	5.751780230000000e-03
2.309787119971588e+01	5.772716370000000e-03
2.313212150009349e+01	5.793460180000000e-03
2.315533619979396e+01	5.807482170000000e-03
2.317906889971346e+01	5.819390530000000e-03
2.320242849970236e+01	5.829186180000000e-03
2.324935519974679e+01	5.844744390000000e-03
2.327347679995000e+01	5.852811500000000e-03
2.329920029966161e+01	5.862799470000000e-03
2.333348680008203e+01	5.875284320000000e-03
2.336429610010237e+01	5.891994570000000e-03
2.341177819995210e+01	5.920614120000000e-03
2.345076109981164e+01	5.936748350000000e-03
2.347473639994860e+01	5.950769880000000e-03
2.350571789965034e+01	5.979388950000000e-03
2.356767169991508e+01	6.005511620000000e-03
2.361365009984002e+01	6.034706720000000e-03
2.364960809983313e+01	6.050072610000000e-03
2.367261060001329e+01	6.068320010000000e-03
2.370049089984968e+01	6.080036520000000e-03
2.374962989985943e+01	6.100780330000000e-03
2.377257449971512e+01	6.109423940000000e-03
2.379655950004235e+01	6.121139970000000e-03
2.382050989987329e+01	6.133625280000000e-03
2.386450519971550e+01	6.150528320000000e-03
2.389974949974567e+01	6.160131660000000e-03
2.392349720001221e+01	6.173000670000000e-03
2.395947039965540e+01	6.194128650000000e-03
2.399944539973512e+01	6.204884960000000e-03
2.402441099984571e+01	6.214104590000000e-03
2.405138739990070e+01	6.227934270000000e-03
2.407561030006036e+01	6.240803280000000e-03
2.411344209965318e+01	6.263468410000000e-03
2.415349849965423e+01	6.285364270000000e-03
2.419931129971519e+01	6.297273100000000e-03
2.422358269989491e+01	6.308797750000000e-03
2.425531850010157e+01	6.328197660000000e-03
2.429924439964816e+01	6.338185170000000e-03
2.432326789991930e+01	6.349325650000000e-03
2.436422739969566e+01	6.364883850000000e-03
2.438854729989544e+01	6.375063680000000e-03
2.441217749984935e+01	6.395807490000000e-03
2.445217699976638e+01	6.409444850000000e-03
2.449812399968505e+01	6.435183340000000e-03
2.453313459968194e+01	6.448820700000000e-03
2.455709029966965e+01	6.468412470000000e-03
2.461207149969414e+01	6.504138000000000e-03
2.465903669968247e+01	6.522961430000000e-03
2.468302279990166e+01	6.537174810000000e-03
2.472103959973902e+01	6.559071600000000e-03
2.475300920009613e+01	6.583465260000000e-03
2.479895829968154e+01	6.596909840000000e-03
2.483094879984856e+01	6.612852680000000e-03
2.485492690000683e+01	6.639359050000000e-03
2.489915379974991e+01	6.656453940000000e-03
2.492689069965854e+01	6.674124390000000e-03
2.495187640003860e+01	6.685841360000000e-03
2.497606519982219e+01	6.694099870000000e-03
2.499984459998086e+01	6.703127640000000e-03
2.503681469988078e+01	6.717917040000000e-03
2.506081209983677e+01	6.735972590000000e-03
2.509879649989307e+01	6.746345200000000e-03
2.512277380004525e+01	6.759789770000000e-03
2.515175780002028e+01	6.770546080000000e-03
2.519775249995291e+01	6.792443340000000e-03
2.522572560003027e+01	6.806080230000000e-03
2.524971430003643e+01	6.817220240000000e-03
2.527369009982795e+01	6.827976550000000e-03
2.529769479995593e+01	6.839693520000000e-03
2.532265459978953e+01	6.852562540000000e-03
2.535264619998634e+01	6.863894870000000e-03
2.539865309977904e+01	6.884062660000000e-03
2.542259639967233e+01	6.893282290000000e-03
2.545983219984919e+01	6.913066380000000e-03
2.549856329988688e+01	6.926895120000000e-03
2.552254380006343e+01	6.941300820000000e-03
2.555163150001317e+01	6.951096470000000e-03
2.557802970008925e+01	6.959355900000000e-03
2.560150559991598e+01	6.970304060000000e-03
2.566147049982101e+01	7.014673200000000e-03
2.569942800002173e+01	7.029271220000000e-03
2.572543489979580e+01	7.047710940000000e-03
2.575141609972343e+01	7.063268220000000e-03
2.579739349987358e+01	7.086894010000000e-03
2.583437529997900e+01	7.107446440000000e-03
2.585833889991045e+01	7.117817640000000e-03
2.589646829990670e+01	7.130110170000000e-03
2.592030039988458e+01	7.146820890000000e-03
2.595228539966047e+01	7.159690370000000e-03
2.600690319994465e+01	7.184659600000000e-03
2.604999469965696e+01	7.192919030000000e-03
2.607398859970272e+01	7.199449930000000e-03
2.610162749979645e+01	7.205979900000000e-03
2.615035639982671e+01	7.216928990000000e-03
2.617444219999015e+01	7.224803320000000e-03
2.619756140001118e+01	7.231334220000000e-03
2.622169459983706e+01	7.239401340000000e-03
2.624946759967133e+01	7.246891970000000e-03
2.627318749995902e+01	7.251502480000000e-03
2.629892109986395e+01	7.256880400000000e-03
2.633348739985377e+01	7.262257860000000e-03
2.636388369975612e+01	7.267444390000000e-03
2.641078440006822e+01	7.276664490000000e-03
2.645707429992035e+01	7.283386770000000e-03
2.648874050006270e+01	7.287612180000000e-03
2.651206969982013e+01	7.293950770000000e-03
2.656710559967905e+01	7.305282630000000e-03
2.661281639989465e+01	7.318728600000000e-03
2.664987479988486e+01	7.325643210000000e-03
2.667369489977136e+01	7.332557350000000e-03
2.669845829997212e+01	7.337936200000000e-03
2.672254549991339e+01	7.344274320000000e-03
2.675181119982153e+01	7.353302090000000e-03
2.678475069999695e+01	7.366939450000000e-03
2.680869709979743e+01	7.383650170000000e-03
2.686183129996061e+01	7.399591620000000e-03
2.691029909998178e+01	7.415342140000000e-03
2.695593849988654e+01	7.433972790000000e-03
2.699866459984332e+01	7.443384730000000e-03
2.703375800000504e+01	7.458175070000000e-03
2.706562859984115e+01	7.470275280000000e-03
2.709603719972074e+01	7.479303050000000e-03
2.712726440001279e+01	7.486409510000000e-03
2.715185009967536e+01	7.492940410000000e-03
2.720375669980422e+01	7.509458340000000e-03
2.724837350007147e+01	7.516949900000000e-03
2.728128369990736e+01	7.529435210000000e-03
2.730541160004213e+01	7.549026980000000e-03
2.735966040007770e+01	7.565544920000000e-03
2.738408220000565e+01	7.579182270000000e-03
2.740740949986503e+01	7.598774040000000e-03
2.745183099992573e+01	7.608569690000000e-03
2.749754850007594e+01	7.625472270000000e-03
2.753292899997905e+01	7.639109160000000e-03
2.756422739988193e+01	7.652746510000000e-03
2.761094400007278e+01	7.671762720000000e-03
2.764961299998686e+01	7.676179990000000e-03
2.767296830005944e+01	7.683671080000000e-03
2.770468600001186e+01	7.698268160000000e-03
2.775260599981993e+01	7.703070530000000e-03
2.779798289993778e+01	7.714403330000000e-03
2.783007449982688e+01	7.723622490000000e-03
2.785408899979666e+01	7.732842120000000e-03
2.789957789983600e+01	7.739372550000000e-03
2.792321989964694e+01	7.746479010000000e-03
2.795171590009704e+01	7.754546120000000e-03
2.797699229978025e+01	7.764918730000000e-03
2.800054869987071e+01	7.775866890000000e-03
2.804780669976026e+01	7.792385760000000e-03
2.807267110003158e+01	7.803333920000000e-03
2.809820890007541e+01	7.813513280000000e-03
2.812558079976588e+01	7.826766930000000e-03
2.815753579977900e+01	7.850392720000000e-03
2.820307249994949e+01	7.868062699999999e-03
2.824865579977632e+01	7.877090950000000e-03
2.827281240001321e+01	7.880355230000000e-03
2.831106769992039e+01	7.889190690000001e-03
2.835755549976602e+01	7.898027080000000e-03
2.840396329993382e+01	7.906477900000000e-03
2.845071629993618e+01	7.911087949999999e-03
2.851087989984080e+01	7.922996769999999e-03
2.855181269999593e+01	7.928758859999999e-03
2.857720079971477e+01	7.934904660000000e-03
2.860161439981312e+01	7.941819730000001e-03
2.864902429981157e+01	7.951423530000000e-03
2.867225689999759e+01	7.953536700000000e-03
2.870025509968400e+01	7.953536700000000e-03
2.873069079965353e+01	7.953536700000000e-03
2.875456449994817e+01	7.954305040000000e-03
2.880749989999458e+01	7.959875280000001e-03
2.884940869966522e+01	7.962179369999999e-03
2.887351129995659e+01	7.963332350000000e-03
2.890194309968501e+01	7.965252730000000e-03
2.895104689989239e+01	7.966404780000000e-03
2.901012159977108e+01	7.974664680000000e-03
2.905624429974705e+01	7.982731800000000e-03
2.909940430009738e+01	7.985997010000001e-03
2.913236249983311e+01	7.989646870000000e-03
2.915674669994041e+01	7.993872280000000e-03
2.918181859981269e+01	7.998097690000001e-03
2.920565869985148e+01	8.008661679999999e-03
2.924964749999344e+01	8.011158560000000e-03
2.927452109986916e+01	8.016153240000001e-03
2.929948280006647e+01	8.023643870000000e-03
2.933317099977285e+01	8.030749860000000e-03
2.935628229985014e+01	8.038816969999999e-03
2.939859309978783e+01	8.044003510000000e-03
2.942278470005840e+01	8.048421700000001e-03
2.945068309968337e+01	8.049957450000001e-03
2.947482539992779e+01	8.051878770000000e-03
2.949813559977338e+01	8.054568430000001e-03
2.953718129964545e+01	8.059945890000000e-03
2.956724129989743e+01	8.064555940000001e-03
2.960005800006911e+01	8.068397640000001e-03
2.963042609998956e+01	8.070894520000000e-03
2.965455120010301e+01	8.075887340000001e-03
2.969878340000287e+01	8.079345340000000e-03
2.972485170001164e+01	8.082418700000000e-03
2.975208389991894e+01	8.083955380000001e-03
2.977560229972005e+01	8.087220600000000e-03
2.979852479975671e+01	8.089717480000000e-03
2.982262609992176e+01	8.092790840000001e-03
2.985149820009246e+01	8.093751970000000e-03
2.991173109970987e+01	8.097400890000000e-03
2.995146470004693e+01	8.098936640000000e-03
2.999740969995037e+01	8.098168300000000e-03
3.003595579974353e+01	8.097400890000000e-03
3.005994879966602e+01	8.096439760000001e-03
3.008386119967327e+01	8.096632550000000e-03
3.010726939979941e+01	8.094904010000001e-03
3.015269549982622e+01	8.095864210000000e-03
3.020760119985789e+01	8.087412449999999e-03
3.024927240004763e+01	8.085108359999999e-03
3.028544649994001e+01	8.080498320000001e-03
3.031692889984697e+01	8.073967880000000e-03
3.035182929970324e+01	8.068397640000001e-03
3.037597699975595e+01	8.063979450000000e-03
3.040006410004571e+01	8.060330530000000e-03
3.044937160005793e+01	8.051878770000000e-03
3.047350389976054e+01	8.045732040000000e-03
3.050324299978092e+01	8.037281219999999e-03
3.056462109973654e+01	8.029214110000000e-03
3.061168710002676e+01	8.014231920000000e-03
3.065825029974803e+01	8.003475140000001e-03
3.068273979984224e+01	7.995408960000000e-03
3.070575769990683e+01	7.985228670000000e-03
3.075313129974529e+01	7.982539009999999e-03
3.079865759983659e+01	7.983691990000000e-03
3.082816720008850e+01	7.988109250000000e-03
3.085896879993379e+01	8.011351340000000e-03
3.089923649979755e+01	8.031710980000000e-03
3.092278679972515e+01	8.054183800000000e-03
3.096576329972595e+01	8.079921830000000e-03
3.099616969982162e+01	8.087797090000000e-03
3.102018529968336e+01	8.089524690000001e-03
3.105005179997534e+01	8.088949139999999e-03
3.107945659989491e+01	8.087797090000000e-03
3.110499970009550e+01	8.081843150000000e-03
3.115107649983838e+01	8.078577000000000e-03
3.119775979965925e+01	8.073967880000000e-03
3.122919219965115e+01	8.070702660000000e-03
3.125231539970264e+01	8.068974130000000e-03
3.127813909994438e+01	8.065516130000000e-03
3.130643459968269e+01	8.060522380000001e-03
3.135366200003773e+01	8.053991940000000e-03
3.139936249982566e+01	8.051686920000000e-03
3.142271200008690e+01	8.047460580000000e-03
3.146145569998771e+01	8.032287470000000e-03
3.149954279977828e+01	8.024412210000000e-03
3.152325679967180e+01	8.016153240000001e-03
3.155210689967498e+01	8.004244420000001e-03
3.158595629967749e+01	7.990607060000000e-03
3.161650800006464e+01	7.977161559999999e-03
3.165150529984385e+01	7.970439270000001e-03
3.169824079982936e+01	7.963524200000001e-03
3.172505840007216e+01	7.961027319999999e-03
3.175358229968697e+01	7.954688740000000e-03
3.179864809988067e+01	7.952960210000000e-03
3.182364919967949e+01	7.947773670000000e-03
3.186321830004454e+01	7.939130070000000e-03
3.188714849995449e+01	7.932984270000000e-03
3.192436559963971e+01	7.922804909999999e-03
3.195259570004418e+01	7.917041890000000e-03
3.199913650006056e+01	7.905901410000001e-03
3.203292630007491e+01	7.896682250000000e-03
3.206489349994808e+01	7.888422350000000e-03
3.211025610007346e+01	7.880164310000000e-03
3.215186679968610e+01	7.875361480000001e-03
3.217576209967956e+01	7.870368660000000e-03
3.219884919980541e+01	7.864220999999999e-03
3.222248889971524e+01	7.859611880000001e-03
3.225064919982105e+01	7.855770180000001e-03
3.229705390008166e+01	7.850007149999999e-03
3.232022739993408e+01	7.843284870000000e-03
3.235331510007381e+01	7.835986090000000e-03
3.239867139980197e+01	7.835026829999999e-03
3.242321089981124e+01	7.832337170000000e-03
3.245097399968654e+01	7.828303610000000e-03
3.248310109972954e+01	7.825422100000000e-03
3.251407029991969e+01	7.818507030000000e-03
3.255947529990226e+01	7.809672040000000e-03
3.260642479965463e+01	7.796034680000000e-03
3.265382739994675e+01	7.782013620000000e-03
3.269935690006241e+01	7.772985850000000e-03
3.273120879987255e+01	7.763766680000000e-03
3.276135759986937e+01	7.754354740000000e-03
3.278521570004523e+01	7.748016160000000e-03
3.280869639990851e+01	7.735723630000000e-03
3.285361190000549e+01	7.723430170000000e-03
3.290220549982041e+01	7.715939540000000e-03
3.295034629991278e+01	7.700765970000000e-03
3.299689670000225e+01	7.686359810000000e-03
3.302276559965685e+01	7.679637060000000e-03
3.305580380000174e+01	7.670225580000000e-03
3.307973069977015e+01	7.661390120000000e-03
3.310348959965631e+01	7.649673150000000e-03
3.315266230003908e+01	7.643719200000000e-03
3.320972079969943e+01	7.612795100000000e-03
3.324891979992390e+01	7.598965430000000e-03
3.327242529997602e+01	7.586097340000000e-03
3.329882899997756e+01	7.575916590000000e-03
3.333376999991015e+01	7.564007770000000e-03
3.335760409990326e+01	7.557093630000000e-03
3.338342239987105e+01	7.548450030000000e-03
3.340653709974140e+01	7.534428970000000e-03
3.345196259999648e+01	7.528858720000000e-03
3.350512279989198e+01	7.517525460000000e-03
3.355305869970471e+01	7.503312550000000e-03
3.359812929993495e+01	7.492363920000000e-03
3.362284239986911e+01	7.479687220000000e-03
3.366249089967459e+01	7.455870040000000e-03
3.368698149966076e+01	7.439543030000000e-03
3.372439779993147e+01	7.419183380000000e-03
3.375558129977435e+01	7.397478910000000e-03
3.379823629977182e+01	7.384802210000000e-03
3.382228859979659e+01	7.371740880000000e-03
3.385003189975396e+01	7.361753380000000e-03
3.390954189980403e+01	7.339280560000000e-03
3.395073270006105e+01	7.327563600000000e-03
3.398814709996805e+01	7.312774190000000e-03
3.401875399984419e+01	7.299712390000000e-03
3.406578959990293e+01	7.282426120000000e-03
3.411309350002557e+01	7.257648280000000e-03
3.415158759988844e+01	7.242474700000000e-03
3.419814720004797e+01	7.221346260000000e-03
3.422281659999862e+01	7.211550140000000e-03
3.424918349971995e+01	7.202715150000000e-03
3.428547539981082e+01	7.184275430000000e-03
3.431514320010319e+01	7.163531610000000e-03
3.436174069996923e+01	7.140675090000000e-03
3.439861459983513e+01	7.131647320000000e-03
3.442271659988910e+01	7.119162470000000e-03
3.445479909982532e+01	7.096305960000000e-03
3.450068669999018e+01	7.081707940000000e-03
3.455087139969692e+01	7.053088400000000e-03
3.457895369967446e+01	7.031768090000000e-03
3.460248319990933e+01	7.013521160000000e-03
3.465508419973776e+01	6.961084900000000e-03
3.470377720007673e+01	6.919404490000000e-03
3.475082780001685e+01	6.908071690000000e-03
3.480999489966780e+01	6.869465110000000e-03
3.485691359965131e+01	6.851025390000000e-03
3.488699469994754e+01	6.833354940000000e-03
3.491141709964722e+01	6.811458150000000e-03
3.495174650009722e+01	6.800894160000000e-03
3.499740309966728e+01	6.774964280000000e-03
3.502694679982960e+01	6.760558110000000e-03
3.505781579995528e+01	6.734627760000000e-03
3.510495219985023e+01	6.708313710000000e-03
3.515209889970720e+01	6.699478720000000e-03
3.517687919968739e+01	6.688722410000000e-03
3.520047229994088e+01	6.678349800000000e-03
3.525805509975180e+01	6.649346560000000e-03
3.529879159992561e+01	6.641088050000000e-03
3.532234579976648e+01	6.629754790000000e-03
3.535119319986552e+01	6.617462260000000e-03
3.539876129990444e+01	6.599983670000000e-03
3.542300359997898e+01	6.589035500000000e-03
3.545068849995732e+01	6.578086410000000e-03
3.547663189982995e+01	6.568483080000000e-03
3.550059220008552e+01	6.559071600000000e-03
3.555229169968516e+01	6.538903340000000e-03
3.560435470007360e+01	6.517198870000000e-03
3.564972639968619e+01	6.509324070000000e-03
3.567365079978481e+01	6.500873250000000e-03
3.569924269989133e+01	6.492229640000000e-03
3.572957269987091e+01	6.481089160000000e-03
3.575352919986472e+01	6.471677220000000e-03
3.577738989982754e+01	6.464570760000000e-03
3.580071099987254e+01	6.457655690000000e-03
3.585358109977096e+01	6.434222680000000e-03
3.590234659984708e+01	6.426923910000000e-03
3.595104889990762e+01	6.410405510000000e-03
3.600824099965394e+01	6.388701030000000e-03
3.605155329965055e+01	6.379289550000000e-03
3.607636109972373e+01	6.372374480000000e-03
3.610039369994774e+01	6.364307370000000e-03
3.614923080010340e+01	6.352206230000000e-03
3.617272279970348e+01	6.342026410000000e-03
3.619853639975190e+01	6.332038900000000e-03
3.622178709972650e+01	6.318977570000000e-03
3.624870819970965e+01	6.307261060000000e-03
3.627180469967425e+01	6.293240000000000e-03
3.629891719995067e+01	6.279410330000000e-03
3.633514040010050e+01	6.261547100000000e-03
3.636676219990477e+01	6.248293910000000e-03
3.639012550003827e+01	6.238114090000000e-03
3.641342199966311e+01	6.222364030000000e-03
3.645204730005935e+01	6.211415860000000e-03
3.649856139998883e+01	6.190287410000000e-03
3.653695649979636e+01	6.173384840000000e-03
3.656123059988022e+01	6.158979610000000e-03
3.660003749979660e+01	6.148799790000000e-03
3.662444949988276e+01	6.138234860000000e-03
3.664907140005380e+01	6.130744240000000e-03
3.667209829995409e+01	6.121716460000000e-03
3.671016500005499e+01	6.104046010000000e-03
3.675297789974138e+01	6.088295950000000e-03
3.679866839991882e+01	6.076578980000000e-03
3.682403729995713e+01	6.064862480000000e-03
3.685088740009815e+01	6.051801150000000e-03
3.691099489992484e+01	6.011657880000000e-03
3.695782819995657e+01	5.995523180000000e-03
3.698405109997839e+01	5.981693980000000e-03
3.701909969979897e+01	5.949809680000000e-03
3.705007279990241e+01	5.933482670000000e-03
3.707480750000104e+01	5.914275530000000e-03
3.711274919984862e+01	5.884311630000000e-03
3.715236929990351e+01	5.872210950000000e-03
3.719851309992373e+01	5.849353970000000e-03
3.722371539985761e+01	5.837829780000000e-03
3.724906269973144e+01	5.824384280000000e-03
3.728263439983130e+01	5.807482170000000e-03
3.730580660002306e+01	5.778286610000000e-03
3.735885979980230e+01	5.739103540000000e-03
3.740546939987689e+01	5.692428910000000e-03
3.745095159998164e+01	5.678023210000000e-03
3.749866280006245e+01	5.641913510000000e-03
3.753046869998798e+01	5.618287720000000e-03
3.756143369991332e+01	5.599848930000000e-03
3.758539479970932e+01	5.578912330000000e-03
3.760888740001246e+01	5.547604060000000e-03
3.765532239992172e+01	5.516488110000000e-03
3.769837959995493e+01	5.503234920000000e-03
3.772150039998814e+01	5.484411960000000e-03
3.775083789974451e+01	5.463091660000000e-03
3.779723649984226e+01	5.420066420000000e-03
3.782835759967566e+01	5.385877100000000e-03
3.785272490000352e+01	5.359370730000000e-03
3.787673739995807e+01	5.333440840000000e-03
3.790006909985095e+01	5.311160350000000e-03
3.792344249971211e+01	5.289071240000000e-03
3.795243040006608e+01	5.272745150000000e-03
3.799868879979476e+01	5.245470440000000e-03
3.803026759997010e+01	5.231448910000000e-03
3.805965879978612e+01	5.213585680000000e-03
3.810593029996380e+01	5.181893240000000e-03
3.815112099982798e+01	5.166143180000000e-03
3.817547919973731e+01	5.150584970000000e-03
3.819914679974318e+01	5.131185520000000e-03
3.823113559978083e+01	5.099301230000000e-03
3.825516059994698e+01	5.062422720000000e-03
3.829943219991401e+01	5.045328290000000e-03
3.832295499974862e+01	5.022470840000000e-03
3.835070899967104e+01	5.005952900000000e-03
3.840366599988192e+01	4.956973250000000e-03
3.845041549997404e+01	4.941223190000000e-03
3.848088179994375e+01	4.918750840000000e-03
3.850435009971261e+01	4.879183140000000e-03
3.855261409981176e+01	4.854597620000000e-03
3.860374009981751e+01	4.796590660000000e-03
3.864821839984506e+01	4.778536040000000e-03
3.867205609986559e+01	4.758367780000000e-03
3.869807210005820e+01	4.742425400000000e-03
3.872305689984933e+01	4.724754950000000e-03
3.875049480004236e+01	4.712270110000000e-03
3.877622379967943e+01	4.694983360000000e-03
3.880093019967899e+01	4.683074540000000e-03
3.884715780010447e+01	4.656376320000000e-03
3.887060600006953e+01	4.642162470000000e-03
3.889876369992271e+01	4.630061800000000e-03
3.893162859976292e+01	4.612198570000000e-03
3.895515089994296e+01	4.581466780000000e-03
3.899829459981993e+01	4.562835670000000e-03
3.902642979985103e+01	4.544204100000000e-03
3.904961979994550e+01	4.529221910000000e-03
3.907353299995884e+01	4.515392710000000e-03
3.909765309980139e+01	4.496953920000000e-03
3.913432030007243e+01	4.464684990000000e-03
3.916463579982519e+01	4.433184860000000e-03
3.919836209993809e+01	4.418394990000000e-03
3.922304679965600e+01	4.407638680000000e-03
3.924909689975902e+01	4.399379720000000e-03
3.927279730001464e+01	4.395346160000000e-03
3.929853519983590e+01	4.393809480000000e-03
3.933542779972777e+01	4.392080940000000e-03
3.935899889981374e+01	4.390160090000000e-03
3.938360989978537e+01	4.389967770000000e-03
3.940736409975216e+01	4.387086720000000e-03
3.945194910001010e+01	4.387086720000000e-03
3.949882730003446e+01	4.386702550000000e-03
3.953683839971200e+01	4.386894400000000e-03
3.956778139993548e+01	4.385358190000000e-03
3.959824259998277e+01	4.384781700000000e-03
3.962879529967904e+01	4.384589850000000e-03
3.965232370002195e+01	4.384013820000000e-03
3.969093249971047e+01	4.381708800000000e-03
3.972211429988965e+01	4.378443580000000e-03
3.975274279993027e+01	4.377290610000000e-03
3.979809219995514e+01	4.373641220000000e-03
3.983178249979392e+01	4.371913150000000e-03
3.985546749969944e+01	4.366150590000000e-03
3.990966499969363e+01	4.361732860000000e-03
3.995233039977029e+01	4.361540540000000e-03
3.997811709996313e+01	4.359427840000000e-03
4.000233529973775e+01	4.359235990000000e-03
4.004964799992740e+01	4.354049920000000e-03
4.008285339968279e+01	4.350400530000000e-03
4.010685359966010e+01	4.340220240000000e-03
4.015053689992055e+01	4.336379000000000e-03
4.020638179965317e+01	4.327159370000000e-03
4.024835419980809e+01	4.326006860000000e-03
4.028288089996204e+01	4.322357480000000e-03
4.031342040002346e+01	4.314866380000000e-03
4.035173839982599e+01	4.307568070000000e-03
4.040610669972375e+01	4.287207960000000e-03
4.044965169997886e+01	4.282597920000000e-03
4.048416440002620e+01	4.274146630000000e-03
4.050787810003385e+01	4.260701130000000e-03
4.056429529981688e+01	4.243990870000000e-03
4.059466539975256e+01	4.228048960000000e-03
4.062599059985951e+01	4.212298900000000e-03
4.065761129977182e+01	4.184447690000000e-03
4.070221060002223e+01	4.170810340000000e-03
4.075040049990639e+01	4.150642550000000e-03
4.079626799980178e+01	4.136236380000000e-03
4.081933890003711e+01	4.132971630000000e-03
4.084894479997456e+01	4.127785560000000e-03
4.087225000001490e+01	4.121639300000000e-03
4.090757609996945e+01	4.103968390000000e-03
4.095416879979894e+01	4.082839940000000e-03
4.099775529978797e+01	4.067281730000000e-03
4.103314920002595e+01	4.041927870000000e-03
4.106593489972875e+01	4.017534200000000e-03
4.109824279975146e+01	4.006970210000000e-03
4.112255920004100e+01	3.994677680000000e-03
4.115107319969684e+01	3.986034080000000e-03
4.117534219985828e+01	3.976238430000000e-03
4.119845429994166e+01	3.966442310000000e-03
4.122240810003132e+01	3.955301830000000e-03
4.125066859973595e+01	3.946082670000000e-03
4.129612959967926e+01	3.925146540000000e-03
4.132632079999894e+01	3.904786190000000e-03
4.135084859980270e+01	3.893261540000000e-03
4.140452149976045e+01	3.850044920000000e-03
4.145214499998838e+01	3.842361740000000e-03
4.147651279997081e+01	3.834102770000000e-03
4.149993299972266e+01	3.826995850000000e-03
4.153007469978184e+01	3.816623940000000e-03
4.155432969983667e+01	3.799529050000000e-03
4.159891150007024e+01	3.790693820000000e-03
4.162392859999090e+01	3.778785230000000e-03
4.165520319994539e+01	3.753239290000000e-03
4.169897959986702e+01	3.741138380000000e-03
4.172365059982985e+01	3.729805820000000e-03
4.176366759976372e+01	3.718665800000000e-03
4.179469659971073e+01	3.711942820000000e-03
4.182666279980913e+01	3.705604470000000e-03
4.185103899985552e+01	3.703491760000000e-03
4.189922269992530e+01	3.699842140000000e-03
4.192273549968377e+01	3.697537350000000e-03
4.195170519966632e+01	3.692927300000000e-03
4.199761199997738e+01	3.678137900000000e-03
4.202177320001647e+01	3.669686620000000e-03
4.205373020004481e+01	3.659506330000000e-03
4.208964749984443e+01	3.649326510000000e-03
4.211362549988553e+01	3.639722710000000e-03
4.215271749999374e+01	3.632423700000000e-03
4.219934609998018e+01	3.620899280000000e-03
4.222398569993675e+01	3.612640080000000e-03
4.224913290003315e+01	3.607069840000000e-03
4.227865319978446e+01	3.599194810000000e-03
4.230943109979853e+01	3.582484550000000e-03
4.235658219968900e+01	3.574993460000000e-03
4.239007919980213e+01	3.567886540000000e-03
4.241448900010437e+01	3.553865240000000e-03
4.246582879964262e+01	3.532160770000000e-03
4.249846139969304e+01	3.516218630000000e-03
4.252780189970508e+01	3.501236670000000e-03
4.255178949981928e+01	3.491824960000000e-03
4.260634079994634e+01	3.461092940000000e-03
4.264854819979519e+01	3.444766630000000e-03
4.267185120005161e+01	3.427671970000000e-03
4.269544699974358e+01	3.413074420000000e-03
4.271884679980576e+01	3.392330140000000e-03
4.275256650010124e+01	3.376964010000000e-03
4.279812159994617e+01	3.347192660000000e-03
4.282271649967879e+01	3.333363220000000e-03
4.285263799969107e+01	3.322606910000000e-03
4.289879729971290e+01	3.306280590000000e-03
4.293042359966785e+01	3.291682570000000e-03
4.295443679997697e+01	3.279390050000000e-03
4.299280099989846e+01	3.256148890000000e-03
4.301700840005651e+01	3.239630260000000e-03
4.305556629970670e+01	3.209090560000000e-03
4.309953039977700e+01	3.192379840000000e-03
4.312355969985947e+01	3.173556410000000e-03
4.316425179969519e+01	3.139175240000000e-03
4.321120869973674e+01	3.104217580000000e-03
4.324915909999982e+01	3.086930840000000e-03
4.327317219972610e+01	3.067147220000000e-03
4.329717979999259e+01	3.051396930000000e-03
4.332116300007328e+01	3.037183080000000e-03
4.335212829988450e+01	3.026235150000000e-03
4.339911750005558e+01	2.998000010000000e-03
4.342335810000077e+01	2.978600330000000e-03
4.345050119981170e+01	2.958048600000000e-03
4.350979179982096e+01	2.891974760000000e-03
4.355685180006549e+01	2.866620900000000e-03
4.358776629995555e+01	2.845108510000000e-03
4.361304820002988e+01	2.815720630000000e-03
4.365091149974614e+01	2.796128860000000e-03
4.371170970005915e+01	2.729863160000000e-03
4.375173649983481e+01	2.707198500000000e-03
4.379872119985521e+01	2.663981400000000e-03
4.382683649985120e+01	2.644389630000000e-03
4.385059969965369e+01	2.627487290000000e-03
4.387473869975656e+01	2.609239890000000e-03
4.391242609964684e+01	2.566407200000000e-03
4.395236280001700e+01	2.549313010000000e-03
4.399824339989573e+01	2.519348870000000e-03
4.402234449982643e+01	2.503982980000000e-03
4.405009509995580e+01	2.484967470000000e-03
4.409645089972764e+01	2.444439800000000e-03
4.412048080004752e+01	2.416972770000000e-03
4.415129669988528e+01	2.396997060000000e-03
4.417513869982213e+01	2.374908650000000e-03
4.419917450007051e+01	2.351859580000000e-03
4.422302299970761e+01	2.327465920000000e-03
4.424893369991332e+01	2.309026900000000e-03
4.427207339974120e+01	2.287322420000000e-03
4.429847389971837e+01	2.267922740000000e-03
4.433237519999966e+01	2.242376330000000e-03
4.435661289980635e+01	2.210108100000000e-03
4.439847730007023e+01	2.190516560000000e-03
4.442446370003745e+01	2.169196030000000e-03
4.444944990007207e+01	2.147875730000000e-03
4.447349829971790e+01	2.130588980000000e-03
4.450327109964564e+01	2.093326530000000e-03
4.456499309977517e+01	2.064515140000000e-03
4.460852780006826e+01	2.028020800000000e-03
4.464931689994410e+01	2.011118460000000e-03
4.467290849983692e+01	1.993063140000000e-03
4.470309579977766e+01	1.955992540000000e-03
4.475073509989306e+01	1.940626650000000e-03
4.477535209991038e+01	1.926989290000000e-03
4.479880819981918e+01	1.913735990000000e-03
4.482531500002369e+01	1.890495300000000e-03
4.485694570001215e+01	1.839403180000000e-03
4.490363329974934e+01	1.791384540000000e-03
4.495132329966873e+01	1.775058100000000e-03
4.499735049996525e+01	1.748935790000000e-03
4.502709259977564e+01	1.732609350000000e-03
4.505592660000548e+01	1.719164080000000e-03
4.508689079992473e+01	1.701877570000000e-03
4.511085049994290e+01	1.664038750000000e-03
4.515224339999259e+01	1.634651100000000e-03
4.519762500002980e+01	1.583751290000000e-03
4.522101090010256e+01	1.563583270000000e-03
4.524894669977948e+01	1.549369890000000e-03
4.527302409987897e+01	1.529970320000000e-03
4.530024079978466e+01	1.508457940000000e-03
4.534774319967255e+01	1.464088450000000e-03
4.538224849989638e+01	1.436813850000000e-03
4.540555060002953e+01	1.398590980000000e-03
4.546047999989241e+01	1.354989940000000e-03
4.549888719990849e+01	1.332709220000000e-03
4.553716069972143e+01	1.303513770000000e-03
4.556848079990596e+01	1.277775850000000e-03
4.559824110008776e+01	1.263562240000000e-03
4.562253229971975e+01	1.248388200000000e-03
4.566221159975976e+01	1.232061770000000e-03
4.568548289965838e+01	1.223994650000000e-03
4.570949180005118e+01	1.206900110000000e-03
4.575181989977136e+01	1.195375570000000e-03
4.579758779983968e+01	1.175015580000000e-03
4.583458899985999e+01	1.160033630000000e-03
4.585809329990298e+01	1.139865960000000e-03
4.591199969965965e+01	1.116432720000000e-03
4.595120369968936e+01	1.107405060000000e-03
4.598925359966233e+01	1.088773830000000e-03
4.601330479979515e+01	1.072063340000000e-03
4.605229749996215e+01	1.060730780000000e-03
4.609662819979712e+01	1.045749060000000e-03
4.611984479986131e+01	1.036337340000000e-03
4.615019579976797e+01	1.026733550000000e-03
4.620447709970176e+01	9.739129450000000e-04
4.625156980007887e+01	9.545133800000000e-04
4.627592259971425e+01	9.389552870000000e-04
4.629936609975994e+01	9.266624110000000e-04
4.632309670001268e+01	9.139854810000000e-04
4.636052470002323e+01	8.911286710000000e-04
4.639882809994742e+01	8.809485590000000e-04
4.642323159985244e+01	8.701923650000001e-04
4.645047680009156e+01	8.617411950000000e-04
4.649699339969084e+01	8.456068460000000e-04
4.653315499983728e+01	8.306250670000000e-04
4.656686079967767e+01	8.171797380000000e-04
4.659706619987264e+01	8.058472300000000e-04
4.662123299995437e+01	7.960514630000000e-04
4.665966279990971e+01	7.764598120000000e-04
4.670770369982347e+01	7.574443010000000e-04
4.675078869983554e+01	7.484168160000000e-04
4.679673309996724e+01	7.278648550000000e-04
4.682147899968550e+01	7.149958400000000e-04
4.686306359991431e+01	6.967486700000000e-04
4.688716109981760e+01	6.852241350000000e-04
4.692458730004728e+01	6.631354340000000e-04
4.695259679993615e+01	6.491140810000000e-04
4.699876239988953e+01	6.131959960000000e-04
4.703317969990894e+01	5.882261900000000e-04
4.706312419986352e+01	5.624882180000000e-04
4.709829559968784e+01	5.503876020000000e-04
4.712336529977620e+01	5.390550940000000e-04
4.715836149966344e+01	5.284909280000000e-04
4.718253159988672e+01	5.217682920000000e-04
4.720653670001775e+01	5.090913620000000e-04
4.725043560005724e+01	5.016003270000000e-04
4.729608989972621e+01	4.914204470000000e-04
4.732836949964985e+01	4.848898390000000e-04
4.735918790008873e+01	4.783592300000000e-04
4.739861360006034e+01	4.731732770000000e-04
4.742329319985583e+01	4.681793510000000e-04
4.745062260003760e+01	4.614567150000000e-04
4.748277310002595e+01	4.453223080000000e-04
4.751340149994940e+01	4.224654990000000e-04
4.756347589986399e+01	4.017213650000000e-04
4.760785809997469e+01	3.742546830000000e-04
4.764824240002781e+01	3.634984900000000e-04
4.767212060000747e+01	3.535105500000000e-04
4.769909100001678e+01	3.467878850000000e-04
4.772331989975646e+01	3.379524570000000e-04
4.775072239991277e+01	3.314219650000000e-04
4.777507249964401e+01	3.220101930000000e-04
4.779875389998779e+01	3.125985680000000e-04
4.782362659974024e+01	3.033789690000000e-04
4.785683229984716e+01	2.849397420000000e-04
4.790353500004858e+01	2.638115260000000e-04
4.795176569977775e+01	2.563205490000000e-04
4.801140030007809e+01	2.344239910000000e-04
4.804978880006820e+01	2.263569040000000e-04
4.808882009983063e+01	2.109908530000000e-04
4.812062329985201e+01	1.935120240000000e-04
4.815226810006425e+01	1.831400000000000e-04
4.821202269988135e+01	1.556732170000000e-04
4.824875399982557e+01	1.485665130000000e-04
4.827410909999162e+01	1.401151380000000e-04
4.829950259998441e+01	1.324322220000000e-04
4.832411319995299e+01	1.262857840000000e-04
4.835135649982840e+01	1.218680630000000e-04
4.837548469984904e+01	1.162978300000000e-04
4.839895460009575e+01	1.126484570000000e-04
4.842198230000213e+01	1.061178410000000e-04
4.846222950005904e+01	9.420924470000000e-05
4.849909480009228e+01	8.575798710000000e-05
4.852304749982432e+01	7.500168430000000e-05
4.856080009974539e+01	6.021195080000000e-05
4.860328669985756e+01	4.638259630000000e-05
4.865175339998677e+01	4.100438670000000e-05
4.867603030009195e+01	3.658667260000000e-05
4.871383569994941e+01	3.005616780000000e-05
4.876028529973701e+01	2.698300340000000e-05
4.879858629964292e+01	2.525427770000000e-05
4.882284209970385e+01	2.352566480000000e-05
4.885413869982585e+01	2.006821340000000e-05
4.890257709985599e+01	1.929997960000000e-05
4.896327980002388e+01	1.622681340000000e-05
4.898815689980984e+01	1.526643610000000e-05
4.902570929983631e+01	1.315353710000000e-05
4.905687969969586e+01	1.180898470000000e-05
4.910478839976713e+01	9.696198500000000e-06
4.915086059970781e+01	8.927962880000001e-06
4.919764039991423e+01	8.735820300000000e-06
4.922114329971373e+01	7.391268350000000e-06
4.924853769969195e+01	8.159616299999999e-06
4.927254860009998e+01	7.199237640000000e-06
4.929635090008378e+01	6.815063900000000e-06
4.932039600005373e+01	5.278481690000000e-06
4.935143780009821e+01	4.702277240000000e-06
4.941347009968013e+01	2.589378030000000e-06
4.944973160000518e+01	2.013173800000000e-06
4.949557599984109e+01	1.628999940000000e-06
4.951888229977340e+01	1.628999940000000e-06
4.963663659989834e+01	2.013173800000000e-06
4.967186519969255e+01	1.821143090000000e-06
4.970720739988610e+01	2.397347320000000e-06
4.975323610007763e+01	2.781521060000000e-06
4.979920159978792e+01	2.589378030000000e-06
4.982322959974408e+01	2.589378030000000e-06
4.984811719972640e+01	3.165694810000000e-06
4.987151529965922e+01	2.589378030000000e-06
4.989470609975979e+01	1.436969340000000e-06
4.991891229990870e+01	1.821143090000000e-06
4.995456379977986e+01	2.013173800000000e-06
4.999843590008095e+01	2.589378030000000e-06
5.002326729986817e+01	4.126072780000000e-06
5.004994329996407e+01	5.470512410000000e-06
5.007851979974657e+01	8.159616299999999e-06
5.010264049982652e+01	1.238530150000000e-05
5.016228359984234e+01	1.565049750000000e-05
5.018559399992228e+01	1.814745700000000e-05
5.020875149965286e+01	2.506224700000000e-05
5.024969899980351e+01	2.813541140000000e-05
5.027332230005413e+01	3.120857580000000e-05
5.029956780001521e+01	3.543426280000000e-05
5.032321849977598e+01	4.004401130000000e-05
5.036260510003194e+01	4.638259630000000e-05
5.039877909980714e+01	4.849538160000000e-05
5.042316380003467e+01	5.329727360000000e-05
5.045041809976101e+01	5.656246870000000e-05
5.048499980010092e+01	6.194067830000000e-05
5.050867650005966e+01	7.135231140000000e-05
5.055623580003157e+01	8.057191740000000e-05
5.061222059978172e+01	9.113607670000001e-05
5.064888399979100e+01	9.555379799999999e-05
5.067290649982169e+01	9.977936860000000e-05
5.069886139966547e+01	1.040050560000000e-04
5.073499629972503e+01	1.107276980000000e-04
5.075798980006948e+01	1.151454200000000e-04
5.078242289973423e+01	1.201393390000000e-04
5.080609979992732e+01	1.276303370000000e-04
5.085012089973316e+01	1.316638810000000e-04
5.090599339967594e+01	1.403072820000000e-04
5.095117429969832e+01	1.431884160000000e-04
5.099740019999444e+01	1.502951200000000e-04
5.102999169984832e+01	1.526000560000000e-04
5.106042089965194e+01	1.554811900000000e-04
5.108707290003076e+01	1.587464940000000e-04
5.111037949984893e+01	1.637404200000000e-04
5.115358209982514e+01	1.685423050000000e-04
5.119800279987976e+01	1.698868580000000e-04
5.122230549994856e+01	1.727678750000000e-04
5.124828389985487e+01	1.758411530000000e-04
5.127830939972773e+01	1.775697750000000e-04
5.130888250004500e+01	1.823716590000000e-04
5.135519059980288e+01	1.848686220000000e-04
5.137891560001299e+01	1.858289910000000e-04
5.140303919976577e+01	1.892863370000000e-04
5.145120360003784e+01	1.906308900000000e-04
5.151095589995384e+01	1.942803650000000e-04
5.155798229994252e+01	1.983139080000000e-04
5.160504300007597e+01	2.006188440000000e-04
5.165189949981868e+01	2.021554250000000e-04
5.168350740009919e+01	2.033078340000000e-04
5.170667159976438e+01	2.063811120000000e-04
5.175173039967194e+01	2.077255490000000e-04
5.179760940000415e+01	2.098384430000000e-04
5.182233299966902e+01	2.115670650000000e-04
5.185503609990701e+01	2.159847790000000e-04
5.189803669974208e+01	2.192500830000000e-04
5.192217499995604e+01	2.211708490000000e-04
5.195092940004542e+01	2.219391900000000e-04
5.197459549969062e+01	2.223232440000000e-04
5.200822399975732e+01	2.257805900000000e-04
5.204975189967081e+01	2.307746180000000e-04
5.210132469981909e+01	2.432594190000000e-04
5.214968060003594e+01	2.574730610000000e-04
5.217382299993187e+01	2.622749600000000e-04
5.220994880003855e+01	2.678450840000000e-04
5.224861519970000e+01	2.701500200000000e-04
5.227182269981131e+01	2.713024150000000e-04
5.229594069998711e+01	2.739915220000000e-04
5.233419049996883e+01	2.764884850000000e-04
5.235773949977010e+01	2.793696190000000e-04
5.241097739990801e+01	2.835952040000000e-04
5.245250990008935e+01	2.864763370000000e-04
5.249793499987572e+01	2.897416420000000e-04
5.253501620003954e+01	2.939673140000000e-04
5.256805199990049e+01	2.970404750000000e-04
5.259852249966934e+01	3.014582030000000e-04
5.263002879964188e+01	3.039551670000000e-04
5.265329789975658e+01	3.085650100000000e-04
5.269884009985253e+01	3.112540000000000e-04
5.272390419989824e+01	3.133669090000000e-04
5.275174599979073e+01	3.150955310000000e-04
5.279733149986714e+01	3.198974300000000e-04
5.282163679972291e+01	3.254675540000000e-04
5.284829599969089e+01	3.314219650000000e-04
5.287172039970756e+01	3.366079180000000e-04
5.290755919972435e+01	3.565837110000000e-04
5.295191300008446e+01	3.636905170000000e-04
5.299819049984217e+01	3.761754490000000e-04
5.302261259965599e+01	3.817455730000000e-04
5.304879779973999e+01	3.855870750000000e-04
5.308081679977477e+01	3.923097100000000e-04
5.311116779968143e+01	3.984561480000000e-04
5.315092809963971e+01	4.009531110000000e-04
5.317524700006470e+01	4.034500740000000e-04
5.319847579998896e+01	4.051786960000000e-04
5.322193009965122e+01	4.084440010000000e-04
5.324988000001758e+01	4.122855030000000e-04
5.329601919976994e+01	4.240020930000000e-04
5.332614720007405e+01	4.318772410000000e-04
5.335796510009095e+01	4.414810390000000e-04
5.339860229985788e+01	4.451302810000000e-04
5.342268189974129e+01	4.489718120000000e-04
5.345034309988841e+01	4.535816550000000e-04
5.348362529976293e+01	4.587676090000000e-04
5.351322029996663e+01	4.697160620000000e-04
5.356120210001245e+01	4.820087050000000e-04
5.359966180007905e+01	4.879630290000000e-04
5.362371800001711e+01	4.948776910000000e-04
5.364871939970180e+01	5.012162730000000e-04
5.367219479987398e+01	5.085149900000000e-04
5.370292000006884e+01	5.175427070000000e-04
5.376321259979159e+01	5.198474970000000e-04
5.378616889985278e+01	5.236890280000000e-04
5.381022930005565e+01	5.323324590000000e-04
5.385457589989528e+01	5.425123380000000e-04
5.390218150010332e+01	5.465460710000000e-04
5.395077529968694e+01	5.530764470000000e-04
5.399687159992754e+01	5.573022640000000e-04
5.402500490006059e+01	5.599911670000000e-04
5.404839419992641e+01	5.626802450000000e-04
5.407566559966654e+01	5.661377220000000e-04
5.410472499998286e+01	5.734364390000000e-04
5.415247109998018e+01	5.790066790000000e-04
5.419831939972937e+01	5.880341630000000e-04
5.422994619980454e+01	5.926439770000000e-04
5.426127830008045e+01	5.972538490000000e-04
5.429817249998450e+01	5.984062450000000e-04
5.432305649993941e+01	6.010953799999999e-04
5.435056989965960e+01	6.035921980000000e-04
5.438567569991574e+01	6.049369110000000e-04
5.440886140009388e+01	6.080100430000000e-04
5.445179770002142e+01	6.097387520000000e-04
5.449838049989194e+01	6.174215810000000e-04
5.452176050003618e+01	6.218394260000000e-04
5.456287389993668e+01	6.281780080000000e-04
5.460360800009221e+01	6.391262290000000e-04
5.464910629997030e+01	6.462329180000000e-04
5.467242110008374e+01	6.569891120000000e-04
5.469601659988984e+01	6.662087980000000e-04
5.471997419977561e+01	6.761966510000000e-04
5.475237629981712e+01	6.842637670000000e-04
5.479867170006037e+01	7.000138870000000e-04
5.482286529988050e+01	7.088492860000001e-04
5.485059969965369e+01	7.176849760000000e-04
5.489750139974058e+01	7.295935650000000e-04
5.492395369987935e+01	7.370845410000001e-04
5.495945459976792e+01	7.463040530000000e-04
5.498400719976053e+01	7.537950300000000e-04
5.502201359998435e+01	7.718499399999999e-04
5.505054030008614e+01	7.818380250000000e-04
5.509974960004911e+01	8.008533620000000e-04
5.512355439970270e+01	8.129542110000000e-04
5.515177330002189e+01	8.265915090000000e-04
5.519778440007940e+01	8.532898500000000e-04
5.522329859994352e+01	8.713449930000000e-04
5.524836870003492e+01	8.851743770000000e-04
5.528349260007963e+01	9.045739430000000e-04
5.530778050003573e+01	9.264703840000000e-04
5.535203980002552e+01	9.353058410000000e-04
5.540642770007253e+01	9.648855189999999e-04
5.545140569983050e+01	9.739129450000000e-04
5.549963569967076e+01	9.931204839999999e-04
5.553152900002897e+01	1.000803550000000e-03
5.555711450008675e+01	1.008870660000000e-03
5.558539510006085e+01	1.014824960000000e-03
5.561064659990370e+01	1.022508020000000e-03
5.565701259998605e+01	1.032880040000000e-03
5.569920679973438e+01	1.040178820000000e-03
5.572289039986208e+01	1.049014270000000e-03
5.575137579999864e+01	1.056121200000000e-03
5.579781879996881e+01	1.067069480000000e-03
5.582130019972101e+01	1.068605920000000e-03
5.585762549983338e+01	1.070910950000000e-03
5.588940820004791e+01	1.075328560000000e-03
5.591280169971287e+01	1.081282860000000e-03
5.595241219969466e+01	1.086084750000000e-03
5.599771780008450e+01	1.097225230000000e-03
5.602921609999612e+01	1.103755790000000e-03
5.606266879988834e+01	1.118353570000000e-03
5.610624390002340e+01	1.140057920000000e-03
5.615341269969940e+01	1.149661720000000e-03
5.618493289966136e+01	1.156768410000000e-03
5.621532739978284e+01	1.166756260000000e-03
5.624989499989897e+01	1.174055270000000e-03
5.627825050009415e+01	1.179817480000000e-03
5.630865529971197e+01	1.188268650000000e-03
5.635593339987099e+01	1.195759630000000e-03
5.639845879981294e+01	1.198448710000000e-03
5.643318839976564e+01	1.203442690000000e-03
5.646424719970673e+01	1.212086060000000e-03
5.649492499977350e+01	1.223418510000000e-03
5.651892339996994e+01	1.235135130000000e-03
5.655965980002657e+01	1.246083290000000e-03
5.660394020006061e+01	1.257799920000000e-03
5.665033590001985e+01	1.267403710000000e-03
5.669564899988472e+01	1.288339730000000e-03
5.671917469985783e+01	1.297943530000000e-03
5.675076150009409e+01	1.304282110000000e-03
5.678919319994748e+01	1.317535180000000e-03
5.681243469985202e+01	1.329251680000000e-03
5.685264399973676e+01	1.336742770000000e-03
5.689806149993092e+01	1.336166640000000e-03
5.692229639971629e+01	1.336550690000000e-03
5.696099739987403e+01	1.340007880000000e-03
5.699843699997291e+01	1.344425720000000e-03
5.702510599978268e+01	1.347498970000000e-03
5.704917529970407e+01	1.352492840000000e-03
5.707415559981018e+01	1.357870990000000e-03
5.709816120006144e+01	1.363249030000000e-03
5.712159649981186e+01	1.372660740000000e-03
5.715166629990563e+01	1.379767430000000e-03
5.721051279967651e+01	1.395133560000000e-03
5.724875159980729e+01	1.403008590000000e-03
5.727250379975885e+01	1.414149070000000e-03
5.729813659982756e+01	1.426441710000000e-03
5.732244189968333e+01	1.436813850000000e-03
5.735105679975823e+01	1.444880970000000e-03
5.737512149987742e+01	1.450259120000000e-03
5.741070589981973e+01	1.458710530000000e-03
5.745147549966350e+01	1.460055010000000e-03
5.750283599970862e+01	1.460631260000000e-03
5.755279179988429e+01	1.459862920000000e-03
5.759858949994668e+01	1.459478630000000e-03
5.762255640001968e+01	1.460246970000000e-03
5.764822119986638e+01	1.459670950000000e-03
5.767192029999569e+01	1.460246970000000e-03
5.769542020000517e+01	1.464664820000000e-03
5.771871939999983e+01	1.473884330000000e-03
5.775226499978453e+01	1.479646540000000e-03
5.779794889967889e+01	1.481951450000000e-03
5.782222010008991e+01	1.480798940000000e-03
5.785983229987323e+01	1.478686230000000e-03
5.790617810003459e+01	1.478878200000000e-03
5.795120459981263e+01	1.478494140000000e-03
5.798548889998347e+01	1.479070280000000e-03
5.800931969983503e+01	1.484640520000000e-03
5.805294429976493e+01	1.521711000000000e-03
5.811153970006853e+01	1.569537800000000e-03
5.815762519976124e+01	1.576644480000000e-03
5.819860820006579e+01	1.576452520000000e-03
5.823555399989709e+01	1.571650620000000e-03
5.825911499978974e+01	1.571842700000000e-03
5.828412689967081e+01	1.572034670000000e-03
5.831170539977029e+01	1.572611040000000e-03
5.835196950007230e+01	1.572995100000000e-03
5.839944260008633e+01	1.581254420000000e-03
5.843788470001891e+01	1.594891770000000e-03
5.846208680002019e+01	1.610257550000000e-03
5.849856729991734e+01	1.625623550000000e-03
5.852994689997286e+01	1.644062810000000e-03
5.856577340001240e+01	1.659044760000000e-03
5.859362769965082e+01	1.668264270000000e-03
5.862478129984811e+01	1.671337410000000e-03
5.865143080009148e+01	1.672682120000000e-03
5.870102589996532e+01	1.677868070000000e-03
5.874892510008067e+01	1.690737090000000e-03
5.877225379971787e+01	1.701493280000000e-03
5.879838600009680e+01	1.711289050000000e-03
5.882538300007582e+01	1.722237440000000e-03
5.885605069994926e+01	1.736258860000000e-03
5.887994010001421e+01	1.748359530000000e-03
5.891832139994949e+01	1.767375040000000e-03
5.895225059986115e+01	1.774289760000000e-03
5.899845220008865e+01	1.786774610000000e-03
5.902188819972798e+01	1.795033810000000e-03
5.904911939986050e+01	1.801948650000000e-03
5.907729419972748e+01	1.807134600000000e-03
5.910605149995536e+01	1.819427240000000e-03
5.915129709988832e+01	1.827302510000000e-03
5.917579860007390e+01	1.836906070000000e-03
5.919896230008453e+01	1.849391030000000e-03
5.922503749979660e+01	1.860147230000000e-03
5.924955559987575e+01	1.868982680000000e-03
5.929568499978632e+01	1.884348690000000e-03
5.932359999977052e+01	1.895296970000000e-03
5.935500360000879e+01	1.919114260000000e-03
5.939878339972347e+01	1.935632900000000e-03
5.942321119969711e+01	1.954648410000000e-03
5.945109379990026e+01	1.970014070000000e-03
5.947852859972045e+01	1.988261470000000e-03
5.950895049981773e+01	2.019761600000000e-03
5.956117569981143e+01	2.047228390000000e-03
5.960191230010241e+01	2.058368870000000e-03
5.964748769998550e+01	2.077960410000000e-03
5.967097679991275e+01	2.089869000000000e-03
5.969846249977127e+01	2.099664880000000e-03
5.972426480008289e+01	2.108115940000000e-03
5.975544849969447e+01	2.114646840000000e-03
5.977875040005893e+01	2.116759540000000e-03
5.980297399964184e+01	2.119448500000000e-03
5.986289139976725e+01	2.126555420000000e-03
5.989883530000225e+01	2.131549180000000e-03
5.992229769984260e+01	2.141152970000000e-03
5.995113459974527e+01	2.149604490000000e-03
5.999730370007455e+01	2.163049760000000e-03
6.003529000002891e+01	2.167851430000000e-03
6.006880800006911e+01	2.174574420000000e-03
