# [General]
# timestamp=2025-04-09T13:21:26.800449
# comments='# '
# delimiter='\t'
# column_dtypes=float;;float
# column_headers='Time (s);;Power (W)'
# 
# [Metadata]
# scanner_x=-5.0978161682
# scanner_y=3.5706164072
# start recoding time='09.04.2025, 13:20:26.686044'
# sample rate (hz)=50.0
# sample timing='TIMESTAMP'
# 
# ---- END HEADER ----
1.320299692451954e-03	4.043144870000000e-04
2.536499965935946e-02	4.043528750000000e-04
7.204899983480573e-02	4.043336960000000e-04
1.026684995740652e-01	4.043336960000000e-04
1.333618997596204e-01	4.042953080000000e-04
1.783325998112559e-01	4.042377400000000e-04
2.242362997494638e-01	4.043912630000000e-04
2.700999998487532e-01	4.043912630000000e-04
3.160742996260524e-01	4.045639650000000e-04
3.474999996833503e-01	4.045831160000000e-04
3.778376998379827e-01	4.044680100000000e-04
4.108521998859942e-01	4.044872180000000e-04
4.410606999881566e-01	4.045063980000000e-04
4.712190995924175e-01	4.045063980000000e-04
5.181234995834529e-01	4.044680100000000e-04
5.803581997752190e-01	4.044872180000000e-04
6.266561998054385e-01	4.044488310000000e-04
6.730772997252643e-01	4.044488310000000e-04
7.039850996807218e-01	4.045447860000000e-04
7.351880995556712e-01	4.045063980000000e-04
7.808010997250676e-01	4.045831160000000e-04
8.267557998187840e-01	4.045255480000000e-04
8.743675998412073e-01	4.045255480000000e-04
9.195656999945641e-01	4.046023530000000e-04
9.816991998814046e-01	4.046790710000000e-04
1.012499899603426e+00	4.046790710000000e-04
1.043356399983168e+00	4.047366380000000e-04
1.073863599915057e+00	4.046790710000000e-04
1.119988099671900e+00	4.047558760000000e-04
1.181352499872446e+00	4.046983090000000e-04
1.227033099625260e+00	4.046599210000000e-04
1.274439199827611e+00	4.046599210000000e-04
1.305406599771231e+00	4.046023530000000e-04
1.336466799955815e+00	4.046599210000000e-04
1.381570399738848e+00	4.046790710000000e-04
1.427102999761701e+00	4.045255480000000e-04
1.474007099866867e+00	4.046215330000000e-04
1.521262899972498e+00	4.046599210000000e-04
1.568448300007731e+00	4.045255480000000e-04
1.599376599770039e+00	4.046790710000000e-04
1.630804499611259e+00	4.047174880000000e-04
1.677916999906301e+00	4.046983090000000e-04
1.723898199852556e+00	4.047750550000000e-04
1.770530599635094e+00	4.046599210000000e-04
1.816775899846107e+00	4.046599210000000e-04
1.878748399671167e+00	4.046790710000000e-04
1.909540799912065e+00	4.046790710000000e-04
1.940409599803388e+00	4.047558760000000e-04
1.971081999596208e+00	4.046790710000000e-04
2.017258299980313e+00	4.047366380000000e-04
2.063151599839330e+00	4.047750550000000e-04
2.094345999881625e+00	4.048134430000000e-04
2.126054499763995e+00	4.048326230000000e-04
2.173452399671078e+00	4.047750550000000e-04
2.203664299566299e+00	4.048710110000000e-04
2.234948799945414e+00	4.051972060000000e-04
2.282207099720836e+00	4.057729090000000e-04
2.327843899838626e+00	4.064445670000000e-04
2.374814599752426e+00	4.071545850000000e-04
2.419181299861521e+00	4.075000180000000e-04
2.480893799569458e+00	4.082291850000000e-04
2.510837299749255e+00	4.085554390000000e-04
2.543792199809104e+00	4.089584110000000e-04
2.572845199611038e+00	4.094189790000000e-04
2.619147699791938e+00	4.097260240000000e-04
2.664969099685550e+00	4.104935800000000e-04
2.695368799846619e+00	4.112036260000000e-04
2.729360499884933e+00	4.125661220000000e-04
2.774986299686134e+00	4.135063790000000e-04
2.806008899584413e+00	4.142355760000000e-04
2.837436699774116e+00	4.149456510000000e-04
2.868959599640220e+00	4.152142790000000e-04
2.914635899942368e+00	4.157132060000000e-04
2.945387799758464e+00	4.158667290000000e-04
2.976558199618012e+00	4.162697300000000e-04
3.023643499705940e+00	4.170948520000000e-04
3.069394499994814e+00	4.175170320000000e-04
3.100294000003487e+00	4.179967800000000e-04
3.131589599885046e+00	4.184764980000000e-04
3.177627099677920e+00	4.195319490000000e-04
3.223950199782848e+00	4.209328330000000e-04
3.269533699844033e+00	4.222760910000000e-04
3.315014599822462e+00	4.231204220000000e-04
3.345948399975896e+00	4.239840200000000e-04
3.376806899905205e+00	4.248859190000000e-04
3.408793199807405e+00	4.256343240000000e-04
3.439304200001061e+00	4.265362220000000e-04
3.470145299565047e+00	4.280905700000000e-04
3.517670999746770e+00	4.290501240000000e-04
3.577643899712712e+00	4.325618210000000e-04
3.624919499736279e+00	4.366108620000000e-04
3.670960099902004e+00	4.394509010000000e-04
3.701433099806309e+00	4.427131790000000e-04
3.733373499941081e+00	4.475873720000000e-04
3.780613599810749e+00	4.528837740000000e-04
3.826703799888492e+00	4.588709560000000e-04
3.872989499941468e+00	4.641673290000000e-04
3.918995599728078e+00	4.667387690000000e-04
3.980455599725246e+00	4.727068010000000e-04
4.011029799934477e+00	4.752398530000000e-04
4.041941699571908e+00	4.778304720000000e-04
4.071991399861872e+00	4.826470980000000e-04
4.119073099922389e+00	4.854103900000000e-04
4.180306399706751e+00	4.947173870000000e-04
4.226671999786049e+00	5.057514650000000e-04
4.273391699884087e+00	5.128133340000000e-04
4.305030199699104e+00	5.199519800000000e-04
4.335800099652261e+00	5.279348700000000e-04
4.381208600010723e+00	5.365510590000000e-04
4.427654800005257e+00	5.453591580000001e-04
4.474812499713153e+00	5.530926860000000e-04
4.521340599749237e+00	5.599817960000000e-04
4.583567399997264e+00	5.642418980000000e-04
4.614633999764919e+00	5.671203250000000e-04
4.645495299715549e+00	5.697877500000000e-04
4.677042099647224e+00	5.731651329999999e-04
4.722940200008452e+00	5.765040990000000e-04
4.768766399938613e+00	5.778282070000000e-04
4.815233199857175e+00	5.802460950000000e-04
4.846379599999636e+00	5.821075170000000e-04
4.876655899919569e+00	5.840841330000000e-04
4.909209999721497e+00	5.865211710000000e-04
4.938364699948579e+00	5.891117620000000e-04
4.969543699640781e+00	5.930073680000000e-04
5.016147200018167e+00	5.949646580000000e-04
5.046193599700928e+00	5.975745150000000e-04
5.076727899722755e+00	6.021992300000000e-04
5.122969199903309e+00	6.079945600000000e-04
5.169585699681193e+00	6.107194930000000e-04
5.200952299870551e+00	6.141928020000000e-04
5.231906399596483e+00	6.190669960000000e-04
5.278782699722797e+00	6.245935800000000e-04
5.326507399789989e+00	6.295830240000000e-04
5.374395399820060e+00	6.338239180000000e-04
5.420796199701726e+00	6.384294829999999e-04
5.482630399987102e+00	6.418644330000000e-04
5.513695599976927e+00	6.452610830000000e-04
5.547830799594522e+00	6.495594860000000e-04
5.575393599923700e+00	6.547407250000000e-04
5.623146399855614e+00	6.604592780000000e-04
5.669707799796015e+00	6.663505920000000e-04
5.719024899881333e+00	6.698814690000000e-04
5.779176599811763e+00	6.785360160000000e-04
5.810257799923420e+00	6.828921030000000e-04
5.842251999769360e+00	6.876896370000000e-04
5.873776499647647e+00	6.959027380000000e-04
5.919784499797970e+00	7.050754500000000e-04
5.980529999826103e+00	7.136724310000000e-04
6.026729399804026e+00	7.229027110000000e-04
6.073202299885452e+00	7.277769040000000e-04
6.104262199718505e+00	7.326320050000000e-04
6.135667099617422e+00	7.390989340000001e-04
6.182056899648160e+00	7.471201820000000e-04
6.227707399986684e+00	7.555828780000000e-04
6.273992799688131e+00	7.658110120000000e-04
6.319978300016373e+00	7.771521920000000e-04
6.382096699904650e+00	7.843483469999999e-04
6.412041199859232e+00	7.902779620000000e-04
6.443320499733090e+00	7.967256820000000e-04
6.474820899777114e+00	8.062630080000000e-04
6.520692999940366e+00	8.157428240000000e-04
6.581517299637198e+00	8.240903840000000e-04
6.627310399897397e+00	8.333590230000000e-04
6.674432699568570e+00	8.387512640000000e-04
6.705647700000554e+00	8.437407090000000e-04
6.736102799884975e+00	8.832535820000000e-04
6.875493699684739e+00	8.769150010000000e-04
6.906379699707031e+00	8.776833420000000e-04
6.937439099885523e+00	8.803724780000000e-04
6.968278799671680e+00	8.824852410000000e-04
7.018757099751383e+00	8.870951130000001e-04
7.042705499567091e+00	8.893999040000000e-04
7.066503499634564e+00	8.913206979999999e-04
7.122208199929446e+00	8.993877560000000e-04
7.168118599802256e+00	9.022689190000000e-04
7.229591900017112e+00	9.130251130000000e-04
7.275654699653387e+00	9.205160900000000e-04
7.323394199833274e+00	9.251259620000000e-04
7.353893499821424e+00	9.314643100000000e-04
7.388533899560571e+00	9.389552870000000e-04
7.415695999749005e+00	9.447175540000000e-04
7.446829999797046e+00	9.506718490000000e-04
7.478661399800330e+00	9.596993330000000e-04
7.525670699775219e+00	9.685349650000000e-04
7.571375599596649e+00	9.754496859999999e-04
7.618938199710101e+00	9.794832440000001e-04
7.648320099804550e+00	9.837087710000000e-04
7.678592099808156e+00	9.900473520000001e-04
7.724419899750501e+00	9.983064370000000e-04
7.771444799844176e+00	1.005413240000000e-03
7.818760699592531e+00	1.009254720000000e-03
7.864518999587744e+00	1.017322070000000e-03
7.895302499644458e+00	1.022699990000000e-03
7.925497399643064e+00	1.027309800000000e-03
7.956730599980801e+00	1.031535440000000e-03
7.988352399785072e+00	1.036913600000000e-03
8.022330499719828e+00	1.043828320000000e-03
8.066374399699271e+00	1.047669790000000e-03
8.096625299658626e+00	1.052663780000000e-03
8.126701699569821e+00	1.062267580000000e-03
8.173907199874520e+00	1.070718860000000e-03
8.220358199905604e+00	1.076481190000000e-03
8.252321099862456e+00	1.081475060000000e-03
8.282103599980474e+00	1.087813410000000e-03
8.327720599714667e+00	1.096456890000000e-03
8.374823299702257e+00	1.102987440000000e-03
8.422529199626297e+00	1.110670510000000e-03
8.468425499740988e+00	1.114127690000000e-03
8.514908100012690e+00	1.119505960000000e-03
8.544652199838310e+00	1.122195040000000e-03
8.575426399707794e+00	1.125652230000000e-03
8.622322899755090e+00	1.130262160000000e-03
8.668433499988168e+00	1.132758920000000e-03
8.728760699741542e+00	1.139673640000000e-03
8.775618299841881e+00	1.144091480000000e-03
8.822520599700511e+00	1.147932960000000e-03
8.854517299681902e+00	1.151774540000000e-03
8.884965999983251e+00	1.155616020000000e-03
8.915720499586314e+00	1.159073200000000e-03
8.947438799776137e+00	1.161762280000000e-03
8.977723799645901e+00	1.166948470000000e-03
9.024167699739337e+00	1.174247240000000e-03
9.070501399692148e+00	1.180777910000000e-03
9.116353099700063e+00	1.185387490000000e-03
9.147694499697536e+00	1.189228960000000e-03
9.177719799801707e+00	1.194799200000000e-03
9.225018899887800e+00	1.202098210000000e-03
9.271322599612176e+00	1.209396990000000e-03
9.318678599782288e+00	1.213622750000000e-03
9.381823999807239e+00	1.224571020000000e-03
9.428877499885857e+00	1.231293660000000e-03
9.460280600003898e+00	1.236671580000000e-03
9.491893599741161e+00	1.243202250000000e-03
9.521566699724644e+00	1.252037710000000e-03
9.583823799621314e+00	1.262985870000000e-03
9.630148399621248e+00	1.273549980000000e-03
9.675771599635482e+00	1.283730150000000e-03
9.725737299770117e+00	1.290068500000000e-03
9.754639799706638e+00	1.296599160000000e-03
9.785918099805713e+00	1.303705850000000e-03
9.816697999835014e+00	1.308699720000000e-03
9.862848299555480e+00	1.317535180000000e-03
9.894031299743801e+00	1.323681670000000e-03
9.924833799712360e+00	1.335590260000000e-03
9.970984399784356e+00	1.344425720000000e-03
1.001689359964803e+01	1.349419700000000e-03
1.004839769983664e+01	1.356142340000000e-03
1.008035529963672e+01	1.364977800000000e-03
1.012631689989939e+01	1.374581480000000e-03
1.017268199985847e+01	1.384185280000000e-03
1.021928389975801e+01	1.389563320000000e-03
1.026555449981242e+01	1.398206690000000e-03
1.029572379961610e+01	1.404160980000000e-03
1.032674889964983e+01	1.411459990000000e-03
1.035820869961753e+01	1.418182630000000e-03
1.038850569957867e+01	1.424328890000000e-03
1.042038739984855e+01	1.431819980000000e-03
1.046680839965120e+01	1.435661460000000e-03
1.051348379999399e+01	1.442960230000000e-03
1.054527909960598e+01	1.447762130000000e-03
1.057607929967344e+01	1.453716420000000e-03
1.062337359972298e+01	1.458326240000000e-03
1.065503779985011e+01	1.461591690000000e-03
1.068483869964257e+01	1.467353660000000e-03
1.071601379988715e+01	1.471003170000000e-03
1.074632369959727e+01	1.475805070000000e-03
1.077701079985127e+01	1.481183220000000e-03
1.082451009983197e+01	1.486945550000000e-03
1.087143869977444e+01	1.493091930000000e-03
1.091907589975744e+01	1.496741320000000e-03
1.094895629957318e+01	1.500198620000000e-03
1.098062649974599e+01	1.505768860000000e-03
1.102577309962362e+01	1.512491490000000e-03
1.107247359957546e+01	1.518253700000000e-03
1.112006799969822e+01	1.524976340000000e-03
1.116744269989431e+01	1.527665300000000e-03
1.121505509968847e+01	1.533811800000000e-03
1.124609479960054e+01	1.536884930000000e-03
1.127755789970979e+01	1.542262970000000e-03
1.132351869996637e+01	1.548409460000000e-03
1.136952769989148e+01	1.553787500000000e-03
1.142994319973513e+01	1.560126080000000e-03
1.147674619965255e+01	1.566848720000000e-03
1.152259959978983e+01	1.570882280000000e-03
1.155403039976954e+01	1.574147490000000e-03
1.158467829972506e+01	1.578757310000000e-03
1.161578709958121e+01	1.581638470000000e-03
1.164638079982251e+01	1.586056310000000e-03
1.167775579961017e+01	1.591434240000000e-03
1.172483829967678e+01	1.600653980000000e-03
1.177048519998789e+01	1.608529010000000e-03
1.181597679993138e+01	1.614099020000000e-03
1.184746359987184e+01	1.620821650000000e-03
1.187841130001470e+01	1.629657110000000e-03
1.192574859969318e+01	1.640797590000000e-03
1.197217049961910e+01	1.650977530000000e-03
1.201927839964628e+01	1.656931820000000e-03
1.206486629974097e+01	1.667688020000000e-03
1.209588449960575e+01	1.675563280000000e-03
1.212674989970401e+01	1.683822370000000e-03
1.216144880000502e+01	1.692657820000000e-03
1.219198959972709e+01	1.703029960000000e-03
1.222151189995930e+01	1.718588060000000e-03
1.226804479956627e+01	1.728383820000000e-03
1.231470249965787e+01	1.742789520000000e-03
1.234643399994820e+01	1.753353630000000e-03
1.237720879958943e+01	1.765838360000000e-03
1.242356509994715e+01	1.774481730000000e-03
1.245552579965442e+01	1.782741050000000e-03
1.248665599990636e+01	1.792728900000000e-03
1.251862579956651e+01	1.802140730000000e-03
1.258062699995935e+01	1.827302510000000e-03
1.262674599979073e+01	1.845357470000000e-03
1.267396879987791e+01	1.866101520000000e-03
1.271968489978462e+01	1.878970650000000e-03
1.275084619969130e+01	1.889534760000000e-03
1.278199019981548e+01	1.904900770000000e-03
1.282792429998517e+01	1.927565780000000e-03
1.287514509959146e+01	1.947733570000000e-03
1.292293389979750e+01	1.971166580000000e-03
1.296837859973311e+01	1.984996020000000e-03
1.301856839982793e+01	2.012654670000000e-03
1.304509159969166e+01	2.028020800000000e-03
1.307570099970326e+01	2.054719250000000e-03
1.312171719968319e+01	2.084490840000000e-03
1.316841379972175e+01	2.097936110000000e-03
1.323072779970244e+01	2.133662350000000e-03
1.327673559961841e+01	2.156134930000000e-03
1.332403249992058e+01	2.169772280000000e-03
1.335342049971223e+01	2.182641530000000e-03
1.338481359975412e+01	2.197430930000000e-03
1.341583909979090e+01	2.208187240000000e-03
1.344738409994170e+01	2.222208770000000e-03
1.347775129973888e+01	2.241224280000000e-03
1.352480439981446e+01	2.263120610000000e-03
1.357142609963194e+01	2.286745930000000e-03
1.361908639967442e+01	2.300575140000000e-03
1.364843969978392e+01	2.315941730000000e-03
1.367913509998471e+01	2.335725350000000e-03
1.372585059981793e+01	2.356277080000000e-03
1.377270129974931e+01	2.370490930000000e-03
1.381930709956214e+01	2.377405530000000e-03
1.386555749969557e+01	2.388929950000000e-03
1.389762509986758e+01	2.396613130000000e-03
1.392859039967880e+01	2.404872100000000e-03
1.395924140000716e+01	2.415820490000000e-03
1.399004229996353e+01	2.427153060000000e-03
1.402203589957207e+01	2.447128760000000e-03
1.406840949971229e+01	2.458653410000000e-03
1.413007849967107e+01	2.490537710000000e-03
1.417663709959015e+01	2.512241950000000e-03
1.422273259982467e+01	2.527608070000000e-03
1.425454709958285e+01	2.545855470000000e-03
1.428492169966921e+01	2.567175780000000e-03
1.431660769972950e+01	2.581773330000000e-03
1.434834119956940e+01	2.599828180000000e-03
1.437967639975250e+01	2.624029990000000e-03
1.442453669989482e+01	2.655722200000000e-03
1.447156049963087e+01	2.684533600000000e-03
1.451862919982523e+01	2.703933050000000e-03
1.454915389977396e+01	2.725253350000000e-03
1.458011789992452e+01	2.753872660000000e-03
1.462555509991944e+01	2.789214490000000e-03
1.467143179988489e+01	2.825516740000000e-03
1.471804509963840e+01	2.841843060000000e-03
1.478014759998769e+01	2.887172620000000e-03
1.482561259996146e+01	2.914063170000000e-03
1.485741529986262e+01	2.943450590000000e-03
1.488846339983866e+01	2.977640140000000e-03
1.492252279957756e+01	3.028539940000000e-03
1.498164209956303e+01	3.080207850000000e-03
1.502771169971675e+01	3.130723720000000e-03
1.507485109986737e+01	3.176437690000000e-03
1.512193939974532e+01	3.202751740000000e-03
1.515329419961199e+01	3.229066260000000e-03
1.518361009983346e+01	3.262679330000000e-03
1.522890459978953e+01	3.303399310000000e-03
1.527572819963098e+01	3.342582610000000e-03
1.532347459997982e+01	3.387528010000000e-03
1.536914829956368e+01	3.408080200000000e-03
1.541631879983470e+01	3.450528950000000e-03
1.544650229997933e+01	3.479532200000000e-03
1.547768040001392e+01	3.522365120000000e-03
1.552484489977360e+01	3.577682420000000e-03
1.557145119970664e+01	3.634344550000000e-03
1.561735919956118e+01	3.662579690000000e-03
1.566346459975466e+01	3.714440160000000e-03
1.569443139992654e+01	3.749781990000000e-03
1.572487819986418e+01	3.782626710000000e-03
1.575619769981131e+01	3.819697300000000e-03
1.578739559976384e+01	3.861953500000000e-03
1.581843229988590e+01	3.892301580000000e-03
1.586477849958465e+01	3.941856790000000e-03
1.589533049985766e+01	3.971244670000000e-03
1.592574229976162e+01	4.016574010000000e-03
1.597275569988415e+01	4.054797350000000e-03
1.601918219961226e+01	4.075348840000000e-03
1.605017809988931e+01	4.095901270000000e-03
1.608044449985027e+01	4.124519880000000e-03
1.612676879996434e+01	4.160438200000000e-03
1.617417299980298e+01	4.198276900000000e-03
1.622174479998648e+01	4.236116070000000e-03
1.626796699967235e+01	4.254746720000000e-03
1.631384169962257e+01	4.284711090000000e-03
1.634443069994450e+01	4.303726370000000e-03
1.637582620000467e+01	4.337339660000000e-03
1.642228029994294e+01	4.377482920000000e-03
1.646806519990787e+01	4.397267010000000e-03
1.653400899982080e+01	4.455081190000000e-03
1.657674369961023e+01	4.491383680000000e-03
1.662398099992424e+01	4.513856490000000e-03
1.665502849966288e+01	4.538057840000000e-03
1.668757779989392e+01	4.566293210000000e-03
1.671727589983493e+01	4.586652850000000e-03
1.677850279957056e+01	4.650613760000000e-03
1.682519180001691e+01	4.697480240000000e-03
1.687166959978640e+01	4.743770230000000e-03
1.691842259978876e+01	4.768355750000000e-03
1.694921159977093e+01	4.794862120000000e-03
1.698053429974243e+01	4.834814000000000e-03
1.702761909971014e+01	4.877069970000000e-03
1.707332129962742e+01	4.912604580000000e-03
1.712050509965047e+01	4.944104700000000e-03
1.718226989964023e+01	4.969074390000000e-03
1.723169569997117e+01	4.990010060000000e-03
1.726174739981070e+01	5.007873750000000e-03
1.729319179989398e+01	5.026696720000000e-03
1.732204519957304e+01	5.057044790000000e-03
1.736831859964877e+01	5.072410680000000e-03
1.741509049991146e+01	5.105831660000000e-03
1.744661739980802e+01	5.128688640000000e-03
1.747767749987543e+01	5.156731700000000e-03
1.752334539964795e+01	5.178243850000000e-03
1.755335559975356e+01	5.197835620000000e-03
1.758439879957587e+01	5.222421140000000e-03
1.761574789974838e+01	5.238747690000000e-03
1.764613039977849e+01	5.258531310000000e-03
1.767699929978698e+01	5.285037680000000e-03
1.772224099980667e+01	5.314809270000000e-03
1.776752089988440e+01	5.328638480000000e-03
1.782889169966802e+01	5.359562580000000e-03
1.786207469971851e+01	5.377425810000000e-03
1.789165150001645e+01	5.395480900000000e-03
1.792290329979733e+01	5.426213150000000e-03
1.796998739987612e+01	5.447341130000000e-03
1.803197029978037e+01	5.469237920000000e-03
1.808222889993340e+01	5.492094900000000e-03
1.812627779971808e+01	5.509189330000000e-03
1.815743259992450e+01	5.524171050000000e-03
1.818843119964004e+01	5.543762820000000e-03
1.821941829985008e+01	5.569885020000000e-03
1.826617089984939e+01	5.583522380000000e-03
1.829641319997609e+01	5.598888270000000e-03
1.832669000001624e+01	5.627891510000000e-03
1.837283969996497e+01	5.659776270000000e-03
1.841958479955792e+01	5.680520090000000e-03
1.844943479960784e+01	5.699343510000000e-03
1.848031979985535e+01	5.727963060000000e-03
1.852676969999447e+01	5.758694840000000e-03
1.857406209968030e+01	5.789042450000000e-03
1.862110849982128e+01	5.817469680000000e-03
1.866741979960352e+01	5.834948740000000e-03
1.871402829978615e+01	5.868561570000000e-03
1.874475259985775e+01	5.893531720000000e-03
1.877525899978355e+01	5.929641430000000e-03
1.882153570000082e+01	5.965751600000000e-03
1.886899459967390e+01	5.985919390000000e-03
1.893428719975054e+01	6.046230900000000e-03
1.897598139988258e+01	6.087142970000000e-03
1.902346619963646e+01	6.113457960000000e-03
1.905515229981393e+01	6.139579230000000e-03
1.908735969988629e+01	6.172616970000000e-03
1.911867029964924e+01	6.196817850000000e-03
1.917875199997798e+01	6.262699610000000e-03
1.922576309973374e+01	6.307068750000000e-03
1.927287969971076e+01	6.348748690000000e-03
1.931914499960840e+01	6.370069460000000e-03
1.934937569964677e+01	6.392734130000000e-03
1.938060209993273e+01	6.419240960000000e-03
1.942678299965337e+01	6.449972750000000e-03
1.947410319978371e+01	6.475903090000000e-03
1.952007349999622e+01	6.503753830000000e-03
1.958255269983783e+01	6.528147960000000e-03
1.962905629957095e+01	6.550427990000000e-03
1.966004419978708e+01	6.569251420000000e-03
1.969101860001683e+01	6.587690670000000e-03
1.972203699965030e+01	6.615733730000000e-03
1.978257269971073e+01	6.643968630000000e-03
1.982883489970118e+01	6.672588180000000e-03
1.987574589997530e+01	6.708890670000000e-03
1.992613949999213e+01	6.731938570000000e-03
1.995422269962728e+01	6.747881420000000e-03
1.998603089991957e+01	6.769394040000000e-03
2.003089499985799e+01	6.797628480000000e-03
2.007769089983776e+01	6.828937210000000e-03
2.012499079992995e+01	6.859669000000000e-03
2.017146019963548e+01	6.894626650000000e-03
2.021831639995798e+01	6.914026100000000e-03
2.024950459972024e+01	6.939380430000000e-03
2.027995859971270e+01	6.973377430000000e-03
2.032867509964854e+01	7.022740320000000e-03
2.037451689969748e+01	7.062884510000000e-03
2.042148179979995e+01	7.098034490000000e-03
2.046756099956110e+01	7.113015740000000e-03
2.051421209983528e+01	7.144131700000000e-03
2.054718639981002e+01	7.165067830000000e-03
2.057809219975024e+01	7.194648030000000e-03
2.062207019980997e+01	7.231334220000000e-03
2.066837539989501e+01	7.252846380000000e-03
2.073131289985031e+01	7.313926240000000e-03
2.077767869969830e+01	7.355606650000000e-03
2.082461359957233e+01	7.381728850000000e-03
2.085505919996649e+01	7.403625640000000e-03
2.088572299992666e+01	7.426482630000000e-03
2.091636319970712e+01	7.441464350000000e-03
2.094801349984482e+01	7.459134790000000e-03
2.097942380001768e+01	7.484681440000000e-03
2.102548859966919e+01	7.514644880000000e-03
2.107125079957768e+01	7.546145000000000e-03
2.111842809990048e+01	7.563432210000000e-03
2.114961099997163e+01	7.580527100000000e-03
2.117967039998621e+01	7.604728450000000e-03
2.122554629994556e+01	7.627968680000000e-03
2.127280169958249e+01	7.648136930000000e-03
2.131955609982833e+01	7.666960360000000e-03
2.138130909996107e+01	7.687704170000000e-03
2.142779459990561e+01	7.704414890000000e-03
2.145868999976665e+01	7.719397080000000e-03
2.148947049956769e+01	7.732842120000000e-03
2.152094429964200e+01	7.754354740000000e-03
2.158071869984269e+01	7.773562330000000e-03
2.162677499977872e+01	7.795458190000000e-03
2.167478319955990e+01	7.820428350000000e-03
2.172157789999619e+01	7.837523710000001e-03
2.175261809956282e+01	7.858074269999999e-03
2.178454989986494e+01	7.882276549999999e-03
2.183064309973270e+01	7.908782919999999e-03
2.187679070001468e+01	7.929143499999999e-03
2.192350499983877e+01	7.950079630000001e-03
2.197015609964728e+01	7.968134250000000e-03
2.201729370001704e+01	7.977161559999999e-03
2.204833979997784e+01	7.987149989999999e-03
2.207958309957758e+01	8.000594559999999e-03
2.212551719974726e+01	8.015576750000000e-03
2.217202299972996e+01	8.031134489999999e-03
2.221836559986696e+01	8.040161800000001e-03
2.226471849996597e+01	8.058409210000001e-03
2.229530290002003e+01	8.071086369999999e-03
2.232681040000170e+01	8.082611490000001e-03
2.235743469977751e+01	8.100474250000000e-03
2.238847279967740e+01	8.111230100000000e-03
2.242044969974086e+01	8.137736470000000e-03
2.248128699976951e+01	8.160784839999999e-03
2.253030420001596e+01	8.177111860000001e-03
2.257426789961755e+01	8.190749210000001e-03
2.262260339967906e+01	8.199584669999999e-03
2.265224909968674e+01	8.208228280000000e-03
2.268256049975753e+01	8.216679100000001e-03
2.272780589992180e+01	8.227435870000001e-03
2.277423419989645e+01	8.237808010000000e-03
2.282007639994845e+01	8.248562920000001e-03
2.286546519957483e+01	8.257399310000000e-03
2.289626819966361e+01	8.268731650000000e-03
2.292678639991209e+01	8.277758959999999e-03
2.295741219958290e+01	8.287939240000000e-03
2.298842989979312e+01	8.297734890000000e-03
2.301999029982835e+01	8.313677270000000e-03
2.306635929970071e+01	8.320975120000001e-03
2.312786639994010e+01	8.340568280000000e-03
2.317429909994826e+01	8.354781200000000e-03
2.322054579993710e+01	8.360544220000000e-03
2.325124349957332e+01	8.367842990000001e-03
2.328206639969721e+01	8.374372499999999e-03
2.332777619967237e+01	8.383016100000000e-03
2.337375069968402e+01	8.393004540000000e-03
2.342254579998553e+01	8.402992040000000e-03
2.348203319963068e+01	8.411059160000000e-03
2.352767189964652e+01	8.417781439999999e-03
2.355938869994134e+01	8.422006850000000e-03
2.359154809964821e+01	8.427193390000001e-03
2.362344229966402e+01	8.438526650000000e-03
2.367155709955841e+01	8.448322300000000e-03
2.371744529996067e+01	8.454083470000000e-03
2.377979249972850e+01	8.474252190000000e-03
2.382562419958413e+01	8.484047840000000e-03
2.385730589972809e+01	8.491922169999999e-03
2.388835089979693e+01	8.710710330000000e-03
2.401113689970225e+01	8.619282390000000e-03
2.404211669974029e+01	8.592615840000000e-03
2.407379019958898e+01	8.590710349999999e-03
2.411950499983504e+01	8.600234050000001e-03
2.418040969967842e+01	8.594520390000001e-03
2.422680730000138e+01	8.607854139999999e-03
2.427366239996627e+01	8.617376910000000e-03
2.430500869965181e+01	8.617376910000000e-03
2.433706399984658e+01	8.630710650000000e-03
2.438339639967307e+01	8.642138910000000e-03
2.442949319956824e+01	8.647854440000000e-03
2.447508349968120e+01	8.664997290000000e-03
2.452054539974779e+01	8.674520999999999e-03
2.458368699997663e+01	8.682139219999999e-03
2.461469839978963e+01	8.682139219999999e-03
2.464519159961492e+01	8.689759300000001e-03
2.467710369965062e+01	8.684043770000000e-03
2.472426279960200e+01	8.706902149999999e-03
2.476886139996350e+01	8.701187560000000e-03
2.481520790001377e+01	8.708807640000000e-03
2.484591429959983e+01	8.724044080000000e-03
2.487630449980497e+01	8.727854120000000e-03
2.490826699975878e+01	8.737376890000001e-03
2.493940819986165e+01	8.744996970000000e-03
2.496947499969974e+01	8.762140760000000e-03
2.502998310001567e+01	8.765948940000001e-03
2.507679719990119e+01	8.775473569999999e-03
2.512423329986632e+01	8.781187240000000e-03
2.517033829959109e+01	8.783091789999999e-03
2.520182469999418e+01	8.792617359999999e-03
2.523273109970614e+01	8.798330090000001e-03
2.527955219987780e+01	8.807853799999999e-03
2.532785869995132e+01	8.813568390000000e-03
2.537582149961963e+01	8.819283920000000e-03
2.542166879959404e+01	8.828806690000000e-03
2.546757689956576e+01	8.830712180000000e-03
2.549840599996969e+01	8.838330400000000e-03
2.552963299956173e+01	8.842140440000000e-03
2.557554310001433e+01	8.859284219999999e-03
2.562326989974827e+01	8.857378740000000e-03
2.566955839982256e+01	8.876425210000000e-03
2.571525010000914e+01	8.874522520000001e-03
2.574754689959809e+01	8.874522520000001e-03
2.577654689969495e+01	8.878330699999999e-03
2.580738089978695e+01	8.889758960000001e-03
2.583837000001222e+01	8.891663510000000e-03
2.586935919988900e+01	8.897379040000000e-03
2.591644689999521e+01	8.895473550000000e-03
2.594738399982452e+01	8.912617340000000e-03
2.597868789965287e+01	8.927855639999999e-03
2.602530839992687e+01	8.925950150000000e-03
2.607203199993819e+01	8.925950150000000e-03
2.610312279965729e+01	8.922140110000001e-03
2.613476329995319e+01	8.939283900000001e-03
2.618086099997163e+01	8.941188450000000e-03
2.622679429966956e+01	8.943093940000001e-03
2.627384079992771e+01	8.948806670000000e-03
2.632207009987906e+01	8.965950460000000e-03
2.636743079964072e+01	8.969760500000000e-03
2.639838959975168e+01	8.975473229999999e-03
2.642903659958392e+01	8.984998800000000e-03
2.647455059969798e+01	8.981188760000000e-03
2.652152919955552e+01	8.998331610000000e-03
2.658405349962413e+01	8.998331610000000e-03
2.661521079996601e+01	9.004045279999999e-03
2.664597189985216e+01	9.007855320000001e-03
2.667681869957596e+01	9.009759870000000e-03
2.670837059989572e+01	9.015473540000001e-03
2.673926049983129e+01	9.017378090000000e-03
2.677053599990904e+01	9.034521880000000e-03
2.681683359993622e+01	9.040236470000001e-03
2.686255189962685e+01	9.042140100000000e-03
2.689436599984765e+01	9.049760180000000e-03
2.692568049998954e+01	9.066903960000001e-03
2.697259119991213e+01	9.076426740000001e-03
2.700276859989390e+01	9.087855000000001e-03
2.703329229960218e+01	9.097378700000000e-03
2.707970899995416e+01	9.104998780000000e-03
2.712671099975705e+01	9.124047119999999e-03
2.717436899989843e+01	9.133569899999999e-03
2.722016879962757e+01	9.146903640000001e-03
2.726568189961836e+01	9.144998160000001e-03
2.729637579992414e+01	9.152616370000000e-03
2.732786590000615e+01	9.158331900000000e-03
2.737380809988827e+01	9.186903010000001e-03
2.741962749976665e+01	9.196426719999999e-03
2.746751539967954e+01	9.204046800000001e-03
2.751327959960327e+01	9.213569570000000e-03
2.754650219995528e+01	9.221189660000000e-03
2.757651459984481e+01	9.234523400000000e-03
2.760839059995487e+01	9.247856210000001e-03
2.763954569958150e+01	9.251665320000000e-03
2.767133619962260e+01	9.268808179999999e-03
2.771840749960393e+01	9.282141920000000e-03
2.778058629995212e+01	9.291664700000000e-03
2.782589719956741e+01	9.310713040000000e-03
2.787109549995512e+01	9.314523080000000e-03
2.790195379965007e+01	9.324046779999999e-03
2.793328449968249e+01	9.331666860000001e-03
2.797925579966977e+01	9.344999680000000e-03
2.802639099955559e+01	9.362141600000000e-03
2.807350559998304e+01	9.375474420000000e-03
2.812117619998753e+01	9.404046459999999e-03
2.818314019963145e+01	9.405951020000001e-03
2.821419989969581e+01	9.417379270000000e-03
2.824574659997597e+01	9.423094800000000e-03
2.827670829975978e+01	9.426904840000000e-03
2.832193049974740e+01	9.442143140000000e-03
2.836891139997169e+01	9.442143140000000e-03
2.841691009979695e+01	9.459285070000000e-03
2.847883009957150e+01	9.466905150000000e-03
2.851085449988022e+01	9.476427920000001e-03
2.854280589986593e+01	9.482143449999999e-03
2.857378659956157e+01	9.485951620000000e-03
2.862175449961796e+01	9.499284440000000e-03
2.866676709987223e+01	9.497381750000001e-03
2.871375779993832e+01	9.510714559999999e-03
2.874412419972941e+01	9.506904520000000e-03
2.877610689960420e+01	9.520238270000000e-03
2.880634969985113e+01	9.518332779999999e-03
2.883832009974867e+01	9.535476570000000e-03
2.886931569967419e+01	9.529761039999999e-03
2.891672189999372e+01	9.543094780000001e-03
2.897869659960270e+01	9.558333080000000e-03
2.902364419959486e+01	9.569761340000000e-03
2.907077819993719e+01	9.586904199999999e-03
2.910058459965512e+01	9.586904199999999e-03
2.913157869968563e+01	9.604047980000001e-03
2.917757559986785e+01	9.602142500000001e-03
2.922455109981820e+01	9.617380800000000e-03
2.927100479975343e+01	9.623094460000000e-03
2.931637249980122e+01	9.623094460000000e-03
2.934760449966416e+01	9.636429140000000e-03
2.937905419990420e+01	9.634524580000000e-03
2.940979789989069e+01	9.636429140000000e-03
2.944170539965853e+01	9.638332760000000e-03
2.947253349982202e+01	9.647857399999999e-03
2.952054759999737e+01	9.657381099999999e-03
2.958245909959078e+01	9.657381099999999e-03
2.962950689997524e+01	9.668809360000001e-03
2.967446299968287e+01	9.672619400000000e-03
2.970544379996136e+01	9.684047660000000e-03
2.973672459973022e+01	9.682143109999999e-03
2.976873229956254e+01	9.695475920000000e-03
2.981566439988092e+01	9.708809670000000e-03
2.984781909966841e+01	9.710714220000000e-03
2.987765899999067e+01	9.712619710000000e-03
2.992560620000586e+01	9.729762560000001e-03
2.997163199959323e+01	9.737380780000001e-03
3.000357989966869e+01	9.741190820000000e-03
3.003561889985576e+01	9.745000860000000e-03
3.006654679961503e+01	9.745000860000000e-03
3.011352239968255e+01	9.764047340000000e-03
3.014350409992039e+01	9.758334610000001e-03
3.017447560001165e+01	9.760239160000000e-03
3.022242859983817e+01	9.771667420000000e-03
3.026847109990194e+01	9.777381080000000e-03
3.029968659998849e+01	9.781191130000000e-03
3.033166949963197e+01	9.786905720000001e-03
3.037861879961565e+01	9.796429430000000e-03
3.042659119982272e+01	9.796429430000000e-03
3.047361659957096e+01	9.798333980000001e-03
3.051957439957187e+01	9.807857680000000e-03
3.058251339988783e+01	9.811667729999999e-03
3.061350859981030e+01	9.823095980000000e-03
3.064350159978494e+01	9.813572280000000e-03
3.067448149994016e+01	9.826906030000001e-03
3.072044239984825e+01	9.832618760000000e-03
3.078148669982329e+01	9.830714200000000e-03
3.082739969994873e+01	9.847857060000000e-03
3.087536429986358e+01	9.853572580000001e-03
3.090733949979767e+01	9.847857060000000e-03
3.093831479968503e+01	9.851667099999999e-03
3.096830109972507e+01	9.853572580000001e-03
3.101626969967037e+01	9.859286250000000e-03
3.104825919959694e+01	9.870716369999999e-03
3.107921439968050e+01	9.868810880000000e-03
3.112520110001788e+01	9.874524550000000e-03
3.117219959991053e+01	9.887857360000000e-03
3.120317429956049e+01	9.874524550000000e-03
3.123415349982679e+01	9.882144630000001e-03
3.126614959957078e+01	9.885952809999999e-03
3.129775209957734e+01	9.884049180000000e-03
3.132710330002010e+01	9.885952809999999e-03
3.137506129965186e+01	9.889762850000001e-03
3.142203439958394e+01	9.899287479999999e-03
3.146903559984639e+01	9.895477440000000e-03
3.150001229997724e+01	9.905001150000000e-03
3.153097869968042e+01	9.914523920000000e-03
3.157710699969903e+01	9.910715739999999e-03
3.162491269968450e+01	9.920239450000000e-03
3.167192239966244e+01	9.922144000000001e-03
3.172038579965010e+01	9.931667710000000e-03
3.178183809993789e+01	9.925954040000001e-03
3.181282849982381e+01	9.941190480000001e-03
3.184479009965435e+01	9.939287789999999e-03
3.187678009970114e+01	9.935477749999999e-03
3.192272579995915e+01	9.946906009999999e-03
3.196871519973502e+01	9.948810560000000e-03
3.201467599999160e+01	9.950716050000001e-03
3.204668639972806e+01	9.950716050000001e-03
3.207866809982806e+01	9.950716050000001e-03
3.210965509992093e+01	9.948810560000000e-03
3.214162279991433e+01	9.960238820000000e-03
3.217279709968716e+01	9.962144310000001e-03
3.221888539986685e+01	9.964048860000000e-03
3.226656179968268e+01	9.965954350000000e-03
3.231252049980685e+01	9.965954350000000e-03
3.234450909961015e+01	9.965954350000000e-03
3.237651099963114e+01	9.969762530000001e-03
3.240848049987108e+01	9.967858899999999e-03
3.243846709979698e+01	9.965954350000000e-03
3.247045479994267e+01	9.975477119999999e-03
3.251741899969056e+01	9.971667080000000e-03
3.256539319967851e+01	9.971667080000000e-03
3.259823319967836e+01	9.981192650000000e-03
3.262834649998695e+01	9.985000830000000e-03
3.267634739959612e+01	9.981192650000000e-03
3.270731539977714e+01	9.986905379999999e-03
3.273827899992466e+01	9.992620910000000e-03
3.276929779956117e+01	9.990715420000001e-03
3.281517079984769e+01	9.998333640000001e-03
3.284556079981849e+01	1.000404920000000e-02
3.287685729982331e+01	1.000404920000000e-02
3.292335479985923e+01	1.001357190000000e-02
3.297108249971643e+01	1.001738200000000e-02
3.300212869979441e+01	1.001357190000000e-02
3.303274389961734e+01	1.002500020000000e-02
3.307867289986461e+01	1.003262030000000e-02
3.312352139968425e+01	1.002500020000000e-02
3.317050769971684e+01	1.003643030000000e-02
3.321654909988865e+01	1.003452580000000e-02
3.326307469978929e+01	1.004785860000000e-02
3.329445049958304e+01	1.004785860000000e-02
3.332580669969320e+01	1.005166770000000e-02
3.337374279974028e+01	1.005928680000000e-02
3.342501319991425e+01	1.005547770000000e-02
3.346867570001632e+01	1.005928680000000e-02
3.351471079979092e+01	1.005928680000000e-02
3.354467939957976e+01	1.006690600000000e-02
3.357723669987172e+01	1.006309690000000e-02
3.360837029991671e+01	1.006500240000000e-02
3.363943949993700e+01	1.007452610000000e-02
3.367056549992412e+01	1.007452610000000e-02
3.371655299980193e+01	1.008023880000000e-02
3.376447049994022e+01	1.007452610000000e-02
3.379566299961880e+01	1.007833610000000e-02
3.382634419994429e+01	1.008595430000000e-02
3.387419629981741e+01	1.008404880000000e-02
3.390517329983413e+01	1.008404880000000e-02
3.393604009971023e+01	1.009357250000000e-02
3.398291209992021e+01	1.009738260000000e-02
3.402833449980244e+01	1.009928710000000e-02
3.407443079957739e+01	1.009357250000000e-02
3.412130529992282e+01	1.010119260000000e-02
3.416951569961384e+01	1.009928710000000e-02
3.419908629963174e+01	1.010500270000000e-02
3.422817209968343e+01	1.010690540000000e-02
3.427616499969736e+01	1.011643090000000e-02
3.432414469961077e+01	1.011452540000000e-02
3.437107759993523e+01	1.011452540000000e-02
3.441707049962133e+01	1.012595370000000e-02
3.446506549976766e+01	1.012785920000000e-02
3.449715700000525e+01	1.013166920000000e-02
3.452802889980376e+01	1.013357380000000e-02
3.457513719983399e+01	1.013928740000000e-02
3.462081409990788e+01	1.015262030000000e-02
3.466795559972525e+01	1.014309750000000e-02
3.471592649957165e+01	1.014881020000000e-02
3.474790339963511e+01	1.015071570000000e-02
3.477884319983423e+01	1.016024030000000e-02
3.480885849986225e+01	1.014881020000000e-02
3.483984599960968e+01	1.016214400000000e-02
3.487181589985266e+01	1.016404850000000e-02
3.491878409963101e+01	1.016785860000000e-02
3.498021219996735e+01	1.018119230000000e-02
3.502674369979650e+01	1.019071510000000e-02
3.507311939960346e+01	1.019643060000000e-02
3.510384639957920e+01	1.019452510000000e-02
3.513414449989796e+01	1.020024060000000e-02
3.518082199990749e+01	1.020214520000000e-02
3.522685179999098e+01	1.021357350000000e-02
3.527380199963227e+01	1.022881180000000e-02
3.532120159966871e+01	1.022500170000000e-02
3.538112409971654e+01	1.023643000000000e-02
3.541119469981641e+01	1.024024000000000e-02
3.544244359992445e+01	1.024214550000000e-02
3.547426519962028e+01	1.024976370000000e-02
3.552009479980916e+01	1.025166830000000e-02
3.556741539994255e+01	1.025738380000000e-02
3.561390349967405e+01	1.026309750000000e-02
3.564450899977237e+01	1.026309750000000e-02
3.567553719971329e+01	1.026309750000000e-02
3.570642159972340e+01	1.027452570000000e-02
3.573725619958714e+01	1.026881210000000e-02
3.576821090001613e+01	1.027643030000000e-02
3.581562719959766e+01	1.028024030000000e-02
3.584623689996079e+01	1.028595590000000e-02
3.587683680001646e+01	1.028595590000000e-02
3.592319869995117e+01	1.029166860000000e-02
3.596962069999427e+01	1.029928870000000e-02
3.600012169964612e+01	1.029928870000000e-02
3.603136839997023e+01	1.030119230000000e-02
3.608138429978862e+01	1.030881240000000e-02
3.612318499991670e+01	1.032214520000000e-02
3.617058669961989e+01	1.032214520000000e-02
3.621727579971775e+01	1.031643060000000e-02
3.626321379980072e+01	1.032405070000000e-02
3.629445109982044e+01	1.032214520000000e-02
3.632589309988543e+01	1.034119350000000e-02
3.637225579982623e+01	1.034500170000000e-02
3.641779729956761e+01	1.035262180000000e-02
3.646547900000587e+01	1.035452730000000e-02
3.649691300000995e+01	1.036595550000000e-02
3.652681539999321e+01	1.036214550000000e-02
3.657358159963042e+01	1.037166830000000e-02
3.660348129970953e+01	1.038309840000000e-02
3.663537659961730e+01	1.039071660000000e-02
3.666663039987907e+01	1.039452660000000e-02
3.671381589956582e+01	1.040214490000000e-02
3.674397409986705e+01	1.040595490000000e-02
3.677364659961313e+01	1.040786040000000e-02
3.682077089976519e+01	1.041547860000000e-02
3.687136889994144e+01	1.042119320000000e-02
3.689817179972306e+01	1.042881140000000e-02
3.692891269968823e+01	1.044214520000000e-02
3.697591419983655e+01	1.043643150000000e-02
3.702324689971283e+01	1.044023970000000e-02
3.706876169983298e+01	1.044214520000000e-02
3.712889079982415e+01	1.044595520000000e-02
3.717581359995529e+01	1.045547800000000e-02
3.720640099979937e+01	1.045928800000000e-02
3.723842810001224e+01	1.046309810000000e-02
3.726936659961939e+01	1.046500360000000e-02
3.731574439955875e+01	1.046119350000000e-02
3.734707449981943e+01	1.046690720000000e-02
3.737708289967850e+01	1.046881170000000e-02
3.742308529978618e+01	1.048214550000000e-02
3.746840969985351e+01	1.048214550000000e-02
3.749938949989155e+01	1.048405000000000e-02
3.753054299997166e+01	1.049357560000000e-02
3.757750819995999e+01	1.048786010000000e-02
3.762410579994321e+01	1.050119380000000e-02
3.767013320000842e+01	1.050119380000000e-02
3.771592319989577e+01	1.050690840000000e-02
3.774672919977456e+01	1.051833670000000e-02
3.777852169983089e+01	1.052024220000000e-02
3.780991559987888e+01	1.051833670000000e-02
3.784150899993256e+01	1.052405030000000e-02
3.787242159992456e+01	1.053357500000000e-02
3.791954599972814e+01	1.054690870000000e-02
3.798194429976866e+01	1.055833700000000e-02
3.802819069987163e+01	1.056785970000000e-02
3.807559289969504e+01	1.057928800000000e-02
3.810638219956309e+01	1.057738350000000e-02
3.813635959988460e+01	1.057547980000000e-02
3.818200139980763e+01	1.058309800000000e-02
3.822780309990048e+01	1.058690810000000e-02
3.827437819959596e+01	1.060405190000000e-02
3.832058889977634e+01	1.060595460000000e-02
3.836712529975921e+01	1.060214640000000e-02
3.839839319977909e+01	1.061928830000000e-02
3.843023799965158e+01	1.061167010000000e-02
3.847687339968979e+01	1.062690840000000e-02
3.852355159958825e+01	1.062690840000000e-02
3.857392999995500e+01	1.062500290000000e-02
3.863197339978069e+01	1.063071840000000e-02
3.867919839965180e+01	1.063452660000000e-02
3.870925129996613e+01	1.064405120000000e-02
3.873980329977348e+01	1.064595670000000e-02
3.877108309976757e+01	1.065357500000000e-02
3.881770159956068e+01	1.064405120000000e-02
3.886408289987594e+01	1.066119320000000e-02
3.889451209967956e+01	1.066119320000000e-02
3.892540219984949e+01	1.067262330000000e-02
3.897152399970219e+01	1.066690780000000e-02
3.900243069976568e+01	1.067452690000000e-02
3.903310429956764e+01	1.067833700000000e-02
3.908069769991562e+01	1.067262330000000e-02
3.912685979995877e+01	1.068785970000000e-02
3.917439099960029e+01	1.068785970000000e-02
3.922061119973660e+01	1.068595700000000e-02
3.926637929957360e+01	1.069928990000000e-02
3.929733879957348e+01	1.070500350000000e-02
3.932791649969295e+01	1.069928990000000e-02
3.937570420000702e+01	1.070690810000000e-02
3.942127539962530e+01	1.071071810000000e-02
3.946802799962461e+01	1.070500350000000e-02
3.951455699978396e+01	1.071452820000000e-02
3.954519539978355e+01	1.071262360000000e-02
3.957816089969128e+01	1.071833630000000e-02
3.960836729966104e+01	1.071262360000000e-02
3.963950289972126e+01	1.072405190000000e-02
3.967100939992815e+01	1.071833630000000e-02
3.971742079965770e+01	1.072595640000000e-02
3.977932259999216e+01	1.073357460000000e-02
3.982581429975107e+01	1.074119470000000e-02
3.987156859971583e+01	1.073357460000000e-02
3.990370159968734e+01	1.073929020000000e-02
3.993478209991008e+01	1.073929020000000e-02
3.998103659972548e+01	1.074881290000000e-02
4.002780199982226e+01	1.075262300000000e-02
4.007490069977939e+01	1.076024120000000e-02
4.012317419983447e+01	1.077166940000000e-02
4.016844889987260e+01	1.077357490000000e-02
4.019942600000650e+01	1.076595670000000e-02
4.022986179962754e+01	1.078690770000000e-02
4.027574589988217e+01	1.078690770000000e-02
4.032253629993647e+01	1.079452780000000e-02
4.036916689993814e+01	1.079452780000000e-02
4.041502949967980e+01	1.079833790000000e-02
4.044654939975590e+01	1.080214600000000e-02
4.047685909969732e+01	1.079452780000000e-02
4.050834349961951e+01	1.080214600000000e-02
4.053920759959146e+01	1.079643330000000e-02
4.057265729969367e+01	1.080214600000000e-02
4.061764419963583e+01	1.080595610000000e-02
4.066330999974161e+01	1.080786160000000e-02
4.069446749985218e+01	1.080214600000000e-02
4.072620039992034e+01	1.081167160000000e-02
4.077154099987820e+01	1.080595610000000e-02
4.080246689962223e+01	1.080405150000000e-02
4.083276959974319e+01	1.081357430000000e-02
4.087984449975193e+01	1.081928980000000e-02
4.092676199972630e+01	1.082500440000000e-02
4.097254129964858e+01	1.082690810000000e-02
4.101886479975656e+01	1.082500440000000e-02
4.106570839975029e+01	1.083071810000000e-02
4.120662969956174e+01	1.085167100000000e-02
4.123842479987070e+01	1.084786090000000e-02
4.126954359980300e+01	1.084976640000000e-02
4.131641059974208e+01	1.084786090000000e-02
4.137841029977426e+01	1.085928920000000e-02
4.141016889968887e+01	1.086500470000000e-02
4.144162889989093e+01	1.086690930000000e-02
4.147348980000243e+01	1.086500470000000e-02
4.151948659960181e+01	1.087452840000000e-02
4.158170089963824e+01	1.087643300000000e-02
4.162773039983585e+01	1.087643300000000e-02
4.167443509958684e+01	1.087262300000000e-02
4.170523479999974e+01	1.087071840000000e-02
4.173606399958953e+01	1.087452840000000e-02
4.178231509961188e+01	1.088595670000000e-02
4.182929609995335e+01	1.088595670000000e-02
4.187679499993101e+01	1.088786130000000e-02
4.192361609963700e+01	1.088595670000000e-02
4.196946809999645e+01	1.089738500000000e-02
4.200035499967635e+01	1.089357680000000e-02
4.203096239967272e+01	1.089738500000000e-02
4.207688369974494e+01	1.089928950000000e-02
4.212418159982190e+01	1.090690960000000e-02
4.217209319956601e+01	1.090690960000000e-02
4.221787839988247e+01	1.090881510000000e-02
4.226472599990666e+01	1.090881510000000e-02
4.229470939980820e+01	1.088786130000000e-02
4.232617219956592e+01	1.090881510000000e-02
4.237252549966797e+01	1.091262330000000e-02
4.241892579989508e+01	1.091452780000000e-02
4.248002189956605e+01	1.091452780000000e-02
4.252676499960944e+01	1.092214790000000e-02
4.258145949989557e+01	1.092595610000000e-02
4.262039079982787e+01	1.093167160000000e-02
4.266740929987282e+01	1.092405150000000e-02
4.271298209996894e+01	1.093167160000000e-02
4.274362069973722e+01	1.093357620000000e-02
4.277525289962068e+01	1.093738430000000e-02
4.282119699986652e+01	1.093167160000000e-02
4.286675919964910e+01	1.093357620000000e-02
4.289878479996696e+01	1.093738430000000e-02
4.292856589984149e+01	1.093738430000000e-02
4.297517289966345e+01	1.093738430000000e-02
4.302151639992371e+01	1.094500440000000e-02
4.307020509988070e+01	1.095071810000000e-02
4.313182949973270e+01	1.096024270000000e-02
4.317830899963155e+01	1.095833820000000e-02
4.320916079962626e+01	1.095833820000000e-02
4.323952449997887e+01	1.096214820000000e-02
4.327083769999444e+01	1.096976640000000e-02
4.331640689959750e+01	1.096786090000000e-02
4.337783289980143e+01	1.096976640000000e-02
4.342363019986078e+01	1.097738650000000e-02
4.347161979973316e+01	1.097548100000000e-02
4.350167209981009e+01	1.097738650000000e-02
4.353351709991693e+01	1.097928920000000e-02
4.358026139996946e+01	1.097928920000000e-02
4.362860069982708e+01	1.097928920000000e-02
4.367340479977429e+01	1.098500470000000e-02
4.372180579975247e+01	1.099071930000000e-02
4.378255259990692e+01	1.098881480000000e-02
4.381519839959219e+01	1.098690930000000e-02
4.384493259992450e+01	1.098500470000000e-02
4.387554689962417e+01	1.098881480000000e-02
4.392097909981385e+01	1.099643300000000e-02
4.396738799987361e+01	1.099071930000000e-02
4.401437889970839e+01	1.098881480000000e-02
4.404354480002075e+01	1.098690930000000e-02
4.407923169992864e+01	1.099262290000000e-02
4.410781589988619e+01	1.099071930000000e-02
4.413842849992216e+01	1.099071930000000e-02
4.416951909987256e+01	1.099262290000000e-02
4.421560379955918e+01	1.099833750000000e-02
4.424574169982225e+01	1.099643300000000e-02
4.427687329985201e+01	1.099643300000000e-02
4.432334849983454e+01	1.098690930000000e-02
4.437155039981008e+01	1.098690930000000e-02
4.440330029977486e+01	1.099071930000000e-02
4.443330299993977e+01	1.099643300000000e-02
4.448026249976829e+01	1.099833750000000e-02
4.452581789996475e+01	1.099833750000000e-02
4.457267379993573e+01	1.098881480000000e-02
4.461889819987118e+01	1.100405310000000e-02
4.468143079988658e+01	1.100024300000000e-02
4.471156959980726e+01	1.099071930000000e-02
4.474239599984139e+01	1.098500470000000e-02
4.477393619995564e+01	1.097928920000000e-02
4.482127239974216e+01	1.099262290000000e-02
4.486741139972582e+01	1.099262290000000e-02
4.491390419984236e+01	1.099071930000000e-02
4.494374509993941e+01	1.098690930000000e-02
4.497502299956977e+01	1.098690930000000e-02
4.500712889991701e+01	1.098690930000000e-02
4.503744399966672e+01	1.099071930000000e-02
4.506841609999537e+01	1.099452750000000e-02
4.511756869964302e+01	1.098690930000000e-02
4.517791489977390e+01	1.099071930000000e-02
4.522499319957569e+01	1.098690930000000e-02
4.527079289965332e+01	1.098690930000000e-02
4.530197189981118e+01	1.098500470000000e-02
4.533282709959894e+01	1.099071930000000e-02
4.537846689997241e+01	1.099452750000000e-02
4.542645589960739e+01	1.098500470000000e-02
4.547138299979270e+01	1.097928920000000e-02
4.551739629963413e+01	1.097738650000000e-02
4.557842419994995e+01	1.098500470000000e-02
4.561019939975813e+01	1.099071930000000e-02
4.564164129970595e+01	1.099262290000000e-02
4.567432619957253e+01	1.098690930000000e-02
4.571955529972911e+01	1.099071930000000e-02
4.578183769993484e+01	1.098690930000000e-02
4.582894119992852e+01	1.098881480000000e-02
4.587657539965585e+01	1.098500470000000e-02
4.590897549968213e+01	1.098881480000000e-02
4.593940229993314e+01	1.098309920000000e-02
4.597048589959741e+01	1.098309920000000e-02
4.601730439998209e+01	1.098881480000000e-02
4.606552839977667e+01	1.098881480000000e-02
4.609540459979326e+01	1.098690930000000e-02
4.612626919988543e+01	1.098500470000000e-02
4.617374899983406e+01	1.098500470000000e-02
4.620305459992960e+01	1.099262290000000e-02
4.623409229982644e+01	1.098119470000000e-02
4.627998839970678e+01	1.097928920000000e-02
4.632554959971458e+01	1.098119470000000e-02
4.637168689956889e+01	1.098119470000000e-02
4.641633339971304e+01	1.098119470000000e-02
4.644739339966327e+01	1.097738650000000e-02
4.647838380001485e+01	1.097738650000000e-02
4.650868809968233e+01	1.098119470000000e-02
4.653972419956699e+01	1.097548100000000e-02
4.657053109956905e+01	1.097738650000000e-02
4.661742669995874e+01	1.097738650000000e-02
4.666448799986392e+01	1.097167100000000e-02
4.670161849958822e+01	1.098119470000000e-02
4.672726499987766e+01	1.097167100000000e-02
4.677502429997548e+01	1.096786090000000e-02
4.680516769969836e+01	1.098119470000000e-02
4.683637389959767e+01	1.097357650000000e-02
4.686898519983515e+01	1.096405280000000e-02
4.692892099963501e+01	1.096976640000000e-02
4.697383649973199e+01	1.096976640000000e-02
4.702014039969072e+01	1.096976640000000e-02
4.706730589969084e+01	1.097548100000000e-02
4.709754839958623e+01	1.098119470000000e-02
4.712704419996589e+01	1.098500470000000e-02
4.717309169983491e+01	1.097548100000000e-02
4.721945329988375e+01	1.097167100000000e-02
4.726545979967341e+01	1.097167100000000e-02
4.729732549982145e+01	1.097548100000000e-02
4.732693289965391e+01	1.097357650000000e-02
4.737443439988419e+01	1.097357650000000e-02
4.740541959973052e+01	1.097548100000000e-02
4.743784109968692e+01	1.096976640000000e-02
4.748312909994274e+01	1.097738650000000e-02
4.752917759958655e+01	1.097357650000000e-02
4.757564269984141e+01	1.097738650000000e-02
4.762304360000417e+01	1.097738650000000e-02
4.766839819960296e+01	1.097548100000000e-02
4.769914539996535e+01	1.097167100000000e-02
4.773002779996023e+01	1.097357650000000e-02
4.777740589994937e+01	1.097738650000000e-02
4.782498979987577e+01	1.096976640000000e-02
4.787129099993035e+01	1.097167100000000e-02
4.791737469984218e+01	1.097357650000000e-02
4.797897990001366e+01	1.097548100000000e-02
4.801042740000412e+01	1.097928920000000e-02
4.804164729965851e+01	1.097548100000000e-02
4.807268359977752e+01	1.097738650000000e-02
4.811937839956954e+01	1.098881480000000e-02
4.818132939981297e+01	1.098309920000000e-02
4.822691519977525e+01	1.097928920000000e-02
4.827210809988901e+01	1.098119470000000e-02
4.830283709987998e+01	1.097357650000000e-02
4.833358319988474e+01	1.098119470000000e-02
4.838084319978952e+01	1.097928920000000e-02
4.842760279960930e+01	1.098119470000000e-02
4.847498749988154e+01	1.097928920000000e-02
4.852149569988251e+01	1.097548100000000e-02
4.856815029960126e+01	1.098309920000000e-02
4.859943929966539e+01	1.098119470000000e-02
4.863109659962356e+01	1.098309920000000e-02
4.867789499973878e+01	1.098309920000000e-02
4.872379929991439e+01	1.098309920000000e-02
4.877002679975703e+01	1.098309920000000e-02
4.881563369976357e+01	1.098119470000000e-02
4.884767069993541e+01	1.097548100000000e-02
4.887690389994532e+01	1.098500470000000e-02
4.890832639997825e+01	1.098309920000000e-02
4.893955999985337e+01	1.097167100000000e-02
4.896990039991215e+01	1.098690930000000e-02
4.901576379965991e+01	1.098500470000000e-02
4.904741379991174e+01	1.097928920000000e-02
4.907789139961824e+01	1.097738650000000e-02
4.912644459959120e+01	1.098881480000000e-02
4.917277950001881e+01	1.099262290000000e-02
4.920504989987239e+01	1.099071930000000e-02
4.923546039965004e+01	1.098881480000000e-02
4.928056059964001e+01	1.098881480000000e-02
4.932692689960822e+01	1.099452750000000e-02
4.937450329959393e+01	1.098500470000000e-02
4.942177269980311e+01	1.098309920000000e-02
4.948199979960918e+01	1.097928920000000e-02
4.951281589968130e+01	1.098309920000000e-02
4.954355149995536e+01	1.098119470000000e-02
4.957520059961826e+01	1.098119470000000e-02
4.962270799977705e+01	1.098119470000000e-02
4.966942019993439e+01	1.098309920000000e-02
4.971554459957406e+01	1.098309920000000e-02
4.974679999984801e+01	1.097357650000000e-02
4.977684409962967e+01	1.097357650000000e-02
4.980781579995528e+01	1.097357650000000e-02
4.983912259992212e+01	1.097167100000000e-02
4.986958829965442e+01	1.097548100000000e-02
4.993113769963384e+01	1.097928920000000e-02
4.997689459985122e+01	1.097167100000000e-02
5.002352899964899e+01	1.096595640000000e-02
5.007222229987383e+01	1.096786090000000e-02
5.010330869955942e+01	1.097738650000000e-02
5.013304519979283e+01	1.096976640000000e-02
5.017821439960971e+01	1.097167100000000e-02
5.022720209974796e+01	1.096405280000000e-02
5.027175699966028e+01	1.096595640000000e-02
5.031849429989234e+01	1.096024270000000e-02
5.037931239977479e+01	1.095833820000000e-02
5.041034479998052e+01	1.095262260000000e-02
5.044165309984237e+01	1.095262260000000e-02
5.047223999956623e+01	1.094881450000000e-02
5.051817339984700e+01	1.094309990000000e-02
5.058065969962627e+01	1.093548160000000e-02
5.062799259973690e+01	1.093357620000000e-02
5.067475129989907e+01	1.092786160000000e-02
5.070232259994373e+01	1.092786160000000e-02
5.073232119996101e+01	1.092595610000000e-02
5.078008469985798e+01	1.091643330000000e-02
5.082691229972988e+01	1.091833790000000e-02
5.087254119990394e+01	1.090690960000000e-02
5.091961269965395e+01	1.090500500000000e-02
5.096734959958121e+01	1.089357680000000e-02
5.099851789977401e+01	1.089738500000000e-02
5.102964399987832e+01	1.088786130000000e-02
5.107584339985624e+01	1.088405120000000e-02
5.112442639982328e+01	1.087833750000000e-02
5.116755099967122e+01	1.088405120000000e-02
5.121365659963340e+01	1.087833750000000e-02
5.124532899959013e+01	1.087452840000000e-02
5.127459839964285e+01	1.087833750000000e-02
5.130531540000811e+01	1.087452840000000e-02
5.133740889979526e+01	1.086500470000000e-02
5.136895259981975e+01	1.086500470000000e-02
5.141579519957304e+01	1.087452840000000e-02
5.144631529971957e+01	1.085928920000000e-02
5.147689219983295e+01	1.085928920000000e-02
5.152348029986024e+01	1.086119470000000e-02
5.157046319963410e+01	1.084976640000000e-02
5.160145139973611e+01	1.084786090000000e-02
5.163892659964040e+01	1.085357650000000e-02
5.168009409960359e+01	1.084976640000000e-02
5.172690999973565e+01	1.084024090000000e-02
5.177345300000161e+01	1.083833820000000e-02
5.182043199986219e+01	1.083071810000000e-02
5.186634619999677e+01	1.082881260000000e-02
5.189641409972683e+01	1.082500440000000e-02
5.192805149964988e+01	1.080976610000000e-02
5.197549619991332e+01	1.080024150000000e-02
5.202213229984045e+01	1.078690770000000e-02
5.206814699992537e+01	1.078500320000000e-02
5.211477919993922e+01	1.077357490000000e-02
5.214828999992460e+01	1.076214670000000e-02
5.217860819958150e+01	1.075071840000000e-02
5.220920769963413e+01	1.074500290000000e-02
5.224053249973804e+01	1.073929020000000e-02
5.227169709978625e+01	1.073357460000000e-02
5.231840229965746e+01	1.072976460000000e-02
5.238127549970523e+01	1.071071810000000e-02
5.242674449970946e+01	1.070690810000000e-02
5.247371859988198e+01	1.069928990000000e-02
5.250469039985910e+01	1.069547980000000e-02
5.253525499999523e+01	1.068785970000000e-02
5.258114039991051e+01	1.068595700000000e-02
5.262854359997436e+01	1.067643150000000e-02
5.267439119983464e+01	1.066690780000000e-02
5.272043889993802e+01	1.065928950000000e-02
5.276748949987814e+01	1.065928950000000e-02
5.279937519971281e+01	1.065357500000000e-02
5.282868329994380e+01	1.063262110000000e-02
5.287591189984232e+01	1.060595460000000e-02
5.292216199962422e+01	1.058119350000000e-02
5.296976639982313e+01	1.054881330000000e-02
5.301651909993961e+01	1.054119320000000e-02
5.307789119984955e+01	1.052024220000000e-02
5.310994149977341e+01	1.051262210000000e-02
5.314100169995800e+01	1.050500390000000e-02
5.317171729961410e+01	1.047833730000000e-02
5.321918759960681e+01	1.046881170000000e-02
5.328160389978439e+01	1.044595520000000e-02
5.332804819988087e+01	1.043071690000000e-02
5.337396629992872e+01	1.041357310000000e-02
5.340391079988331e+01	1.041357310000000e-02
5.343512309994549e+01	1.040214490000000e-02
5.348139319987968e+01	1.037928830000000e-02
5.352791769988835e+01	1.036024000000000e-02
5.357432459993288e+01	1.033547890000000e-02
5.362067609978840e+01	1.031833510000000e-02
5.367036429978907e+01	1.030500230000000e-02
5.369754489976913e+01	1.029166860000000e-02
5.372794659994543e+01	1.026309750000000e-02
5.377429809980094e+01	1.023261990000000e-02
5.382043589977548e+01	1.020024060000000e-02
5.386759269982576e+01	1.017547860000000e-02
5.391374579956755e+01	1.013738200000000e-02
5.394499959982932e+01	1.011262090000000e-02
5.397687629982829e+01	1.008214430000000e-02
5.400636599957943e+01	1.005928680000000e-02
5.403821259969845e+01	1.003071570000000e-02
5.406899729976431e+01	9.985000830000000e-03
5.411716889962554e+01	9.948810560000000e-03
5.417904289998114e+01	9.882144630000001e-03
5.422532709967345e+01	9.834524240000000e-03
5.427136169979349e+01	9.800239470000000e-03
5.430111090000719e+01	9.748809040000000e-03
5.433336979988962e+01	9.689763190000001e-03
5.438015709957108e+01	9.640237320000000e-03
5.442534209974110e+01	9.567855860000000e-03
5.447217059973627e+01	9.506904520000000e-03
5.451850809995085e+01	9.480237960000000e-03
5.458139099972323e+01	9.405951020000001e-03
5.461234569968656e+01	9.362141600000000e-03
5.464251929987222e+01	9.333569559999999e-03
5.467429999960586e+01	9.282141920000000e-03
5.472092300001532e+01	9.186903010000001e-03
5.476840869989246e+01	9.146903640000001e-03
5.481468229973689e+01	9.074522180000001e-03
5.484534399956465e+01	9.028806350000000e-03
5.487586649972945e+01	8.984998800000000e-03
5.490736599965021e+01	8.941188450000000e-03
5.493885289970785e+01	8.903093640000000e-03
5.496950139990076e+01	8.834520350000000e-03
5.501445399969816e+01	8.800235579999999e-03
5.504559609992430e+01	8.746902460000001e-03
5.507698549982160e+01	8.661187250000001e-03
5.512719219969586e+01	8.539282719999999e-03
5.517065969994292e+01	8.455473000000000e-03
5.520086119975895e+01	8.375472389999999e-03
5.523222649982199e+01	8.249757809999999e-03
5.527790059987456e+01	8.118327710000000e-03
5.532502489956096e+01	8.000233210000001e-03
5.537152149993926e+01	7.916423489999999e-03
5.541753799980506e+01	7.872613150000001e-03
5.547975800000131e+01	7.775470150000000e-03
5.551032479992136e+01	7.722136560000000e-03
5.554127039993182e+01	7.659278340000000e-03
5.557217609975487e+01	7.583088710000000e-03
5.571159629989415e+01	7.377373990000000e-03
5.574549059988931e+01	7.337374150000000e-03
5.577741089975461e+01	7.190614010000000e-03
5.588558569969609e+01	7.156041450000000e-03
5.591537189995870e+01	7.113400380000000e-03
5.594735749997199e+01	7.068647070000000e-03
5.597787169972435e+01	7.028503340000000e-03
5.600894669955596e+01	6.986054130000000e-03
5.604048339975998e+01	6.937267720000000e-03
5.606968479976058e+01	6.854098760000000e-03
5.611989949969575e+01	6.765168630000000e-03
5.617793020000681e+01	6.680078800000000e-03
5.622366189956665e+01	6.591339600000000e-03
5.626974249957129e+01	6.537174810000000e-03
5.630115919979289e+01	6.473406220000000e-03
5.633218299970031e+01	6.375255530000000e-03
5.637693229969591e+01	6.243684330000000e-03
5.642295169970021e+01	6.110960150000000e-03
5.646943729976192e+01	6.001861770000000e-03
5.651623209984973e+01	5.940205880000000e-03
5.657786959968507e+01	5.790579130000000e-03
5.660926529997960e+01	5.713556890000000e-03
5.663999229995534e+01	5.629236340000000e-03
5.667215499980375e+01	5.473847500000000e-03
5.671761609986424e+01	5.393175870000000e-03
5.677984889969230e+01	5.190536380000000e-03
5.682719979993999e+01	5.034379660000000e-03
5.687296709977090e+01	4.945641380000000e-03
5.690335089992732e+01	4.873997070000000e-03
5.693389909993857e+01	4.781224760000000e-03
5.698077559983358e+01	4.677696620000000e-03
5.702829479984939e+01	4.570902790000000e-03
5.707543209986761e+01	4.449895580000000e-03
5.712228289991617e+01	4.332729150000000e-03
5.716897929972038e+01	4.278948530000000e-03
5.720029729977250e+01	4.215947820000000e-03
5.723129679961130e+01	4.119910300000000e-03
5.727779379999265e+01	4.005433530000000e-03
5.732450209977105e+01	3.913813740000000e-03
5.737161029968411e+01	3.842169880000000e-03
5.741808099998161e+01	3.805483460000000e-03
5.747903659986332e+01	3.725964340000000e-03
5.750921119982377e+01	3.694271900000000e-03
5.754053379967809e+01	3.663155950000000e-03
5.757157979998738e+01	3.609182550000000e-03
5.762318589957431e+01	3.541956660000000e-03
5.766532339993864e+01	3.507191080000000e-03
5.769653409998864e+01	3.461476880000000e-03
5.772773219970986e+01	3.397708290000000e-03
5.777495759958401e+01	3.359293100000000e-03
5.780459559988230e+01	3.327985060000000e-03
5.783563569979742e+01	3.295716130000000e-03
5.786743889981881e+01	3.274780470000000e-03
5.791538279969245e+01	3.235596700000000e-03
5.794775149971247e+01	3.208898710000000e-03
5.797795389965177e+01	3.175093090000000e-03
5.802428799960762e+01	3.137062540000000e-03
5.807030149968341e+01	3.116318260000000e-03
5.810113909980282e+01	3.094805870000000e-03
5.813255929993466e+01	3.063881770000000e-03
5.817695389967412e+01	3.030460790000000e-03
5.822433679969981e+01	2.989932890000000e-03
5.827036659978330e+01	2.939033090000000e-03
5.831735519971699e+01	2.911182350000000e-03
5.837918329983950e+01	2.821482950000000e-03
5.841027149977162e+01	2.765205220000000e-03
5.844130439963192e+01	2.709119350000000e-03
5.847288869973272e+01	2.632481050000000e-03
5.851967329997569e+01	2.549889030000000e-03
5.858183949999511e+01	2.472290540000000e-03
5.862878559995443e+01	2.397189150000000e-03
5.867578089982271e+01	2.341487680000000e-03
5.870725589990616e+01	2.292700110000000e-03
5.873920549964532e+01	2.236614240000000e-03
5.876922549959272e+01	2.171308970000000e-03
5.881719389976934e+01	2.137695900000000e-03
5.886358749959618e+01	2.086603550000000e-03
5.889460409991443e+01	2.058560730000000e-03
5.892535869963467e+01	2.019569510000000e-03
5.897332709981129e+01	1.994215650000000e-03
5.900332679972053e+01	1.962139040000000e-03
5.903448749985546e+01	1.909318380000000e-03
5.908038209984079e+01	1.814625580000000e-03
5.912555899983272e+01	1.664614770000000e-03
5.917320939991623e+01	1.544567990000000e-03
5.921952849999070e+01	1.473500280000000e-03
5.926743389992043e+01	1.444880970000000e-03
5.929837099974975e+01	1.416453860000000e-03
5.932870680000633e+01	1.381304230000000e-03
5.937647949997336e+01	1.351340440000000e-03
5.942277750000358e+01	1.325794500000000e-03
5.946954659977928e+01	1.301785000000000e-03
5.951655669976026e+01	1.288724020000000e-03
5.957883789995685e+01	1.250500910000000e-03
5.961239629983902e+01	1.224571020000000e-03
5.964288089983165e+01	1.193454840000000e-03
5.967301319958642e+01	1.141594370000000e-03
5.971924519957975e+01	1.084548300000000e-03
5.978125929972157e+01	1.036913600000000e-03
5.982863059965894e+01	9.963857010000000e-04
5.987468699971214e+01	9.748733720000000e-04
5.990521399956197e+01	9.581628840000000e-04
5.993518259981647e+01	9.389552870000000e-04
5.998114289995283e+01	9.168665859999999e-04
6.003079449990764e+01	8.930494080000000e-04
6.009393149986863e+01	8.575154350000000e-04
