# [General]
# timestamp=2025-04-17T16:19:44.136288
# comments='# '
# delimiter='\t'
# column_dtypes=float;;float
# column_headers='Time (s);;Power (W)'
# 
# [Metadata]
# scanner_x=-4.62856598041918
# scanner_y=3.7529566073227376
# start recoding time='17.04.2025, 16:18:44.031228'
# sample rate (hz)=50.0
# sample timing='TIMESTAMP'
# 
# ---- END HEADER ----
1.028000027872622e-03	5.399191650000000e-05
2.816940005868673e-02	5.398230860000000e-05
9.130710002500564e-02	5.403609980000000e-05
1.388294000644237e-01	5.390930890000000e-05
1.856083000311628e-01	5.403033720000000e-05
2.325796000659466e-01	5.391891320000000e-05
2.947153000859544e-01	5.390546360000000e-05
3.261519001098350e-01	5.402842000000000e-05
3.573578000068665e-01	5.392851740000000e-05
3.880241001024842e-01	5.404186960000000e-05
4.344065000768751e-01	5.390353910000000e-05
4.805243000155315e-01	5.402457460000000e-05
5.271235000109300e-01	5.401688760000000e-05
5.580274000531062e-01	5.392467570000000e-05
5.898618000792339e-01	5.396309640000000e-05
6.206309000262991e-01	5.399767910000000e-05
6.525010000914335e-01	5.391698870000000e-05
6.837021000683308e-01	5.403418250000000e-05
7.314698001137003e-01	5.390546360000000e-05
7.785783000290394e-01	5.395540940000000e-05
8.248063001083210e-01	5.406299900000000e-05
8.557860000291839e-01	5.390546360000000e-05
8.869680000934750e-01	5.402649550000000e-05
9.182389000197873e-01	5.394388790000000e-05
9.488479000283405e-01	5.391314330000000e-05
9.800919000990689e-01	5.399767910000000e-05
1.026842900086194e+00	5.402457460000000e-05
1.057005000067875e+00	5.392659300000000e-05
1.088273600093089e+00	5.402649550000000e-05
1.134615700109862e+00	5.392083040000000e-05
1.181631000014022e+00	5.404186960000000e-05
1.213199400110170e+00	5.392083040000000e-05
1.244206200004555e+00	5.393812530000000e-05
1.290512000094168e+00	5.403994510000000e-05
1.337578800041229e+00	5.393043830000000e-05
1.383937400067225e+00	5.403994510000000e-05
1.430635100114159e+00	5.391698870000000e-05
1.491139700054191e+00	5.395925470000000e-05
1.524462200002745e+00	5.404954940000000e-05
1.553578000050038e+00	5.392467570000000e-05
1.585439400048926e+00	5.405339470000000e-05
1.632571400026791e+00	5.394004260000000e-05
1.695578500046395e+00	5.404763210000000e-05
1.727269600029103e+00	5.403802420000000e-05
1.758032400044613e+00	5.395157500000000e-05
1.789137200103141e+00	5.399960360000000e-05
1.821163300075568e+00	5.403418250000000e-05
1.852571200113744e+00	5.392851740000000e-05
1.883832300081849e+00	5.405339470000000e-05
1.931524800020270e+00	5.393620090000000e-05
1.978317700093612e+00	5.396885900000000e-05
2.039374500047415e+00	5.393428000000000e-05
2.087263900088146e+00	5.403418250000000e-05
2.117813600110821e+00	5.396117920000000e-05
2.149265000014566e+00	5.392659300000000e-05
2.179678200045601e+00	5.398807120000000e-05
2.226923900074326e+00	5.405147390000000e-05
2.258046100032516e+00	5.396117920000000e-05
2.289144300040789e+00	5.406108180000000e-05
2.335912000038661e+00	5.392467570000000e-05
2.382291900110431e+00	5.404570770000000e-05
2.412594000110403e+00	5.392851740000000e-05
2.444906200049445e+00	5.392467570000000e-05
2.491856800043024e+00	5.404186960000000e-05
2.540049600065686e+00	5.392275120000000e-05
2.595738000003621e+00	5.404763210000000e-05
2.634413700085133e+00	5.392467570000000e-05
2.681808100081980e+00	5.404186960000000e-05
2.713347700075246e+00	5.392275120000000e-05
2.745706500019878e+00	5.391122610000000e-05
2.791604300029576e+00	5.405147390000000e-05
2.838351400103420e+00	5.392083040000000e-05
2.884783700108528e+00	5.404186960000000e-05
2.931257200078107e+00	5.392659300000000e-05
2.978422500076704e+00	5.395540940000000e-05
3.007940600044094e+00	5.403418250000000e-05
3.039123500115238e+00	5.395733750000000e-05
3.101382000022568e+00	5.405147390000000e-05
3.132705000112765e+00	5.393428000000000e-05
3.179787700064480e+00	5.398039140000000e-05
3.225919400108978e+00	5.405531190000000e-05
3.257534700096585e+00	5.394964680000000e-05
3.287789600086398e+00	5.403609980000000e-05
3.319183300016448e+00	5.399383370000000e-05
3.350619000033475e+00	5.394004260000000e-05
3.381820100010373e+00	5.406491620000000e-05
3.429581200005487e+00	5.401304590000000e-05
3.491767900064588e+00	5.406491620000000e-05
3.541478500002995e+00	5.394196710000000e-05
3.587418600101955e+00	5.404954940000000e-05
3.618436500080861e+00	5.397078710000000e-05
3.650536000030115e+00	5.393812530000000e-05
3.681517600081861e+00	5.405147390000000e-05
3.726722800056450e+00	5.406299900000000e-05
3.757097200024873e+00	5.396117920000000e-05
3.788793400046416e+00	5.406876150000000e-05
3.835837000049651e+00	5.393812530000000e-05
3.882917100097984e+00	5.406491620000000e-05
3.914268900058232e+00	5.394196710000000e-05
3.945343000115827e+00	5.394964680000000e-05
3.977050100103952e+00	5.395349220000000e-05
4.008193600107916e+00	5.403994510000000e-05
4.039887200109661e+00	5.395349220000000e-05
4.087510500103235e+00	5.406876150000000e-05
4.134459900087677e+00	5.399191650000000e-05
4.180524600087665e+00	5.403418250000000e-05
4.212121500051580e+00	5.396309640000000e-05
4.242611400084570e+00	5.395540940000000e-05
4.288884800043888e+00	5.407260320000000e-05
4.335840500076301e+00	5.396885900000000e-05
4.382958300062455e+00	5.407644860000000e-05
4.429470600094646e+00	5.402265010000000e-05
4.490463700029068e+00	5.400536610000000e-05
4.521656200056896e+00	5.405723640000000e-05
4.552949300035834e+00	5.396694180000000e-05
4.585530800046399e+00	5.409181540000000e-05
4.631717800046317e+00	5.396309640000000e-05
4.693857100093737e+00	5.408029390000000e-05
4.739217000082135e+00	5.398230860000000e-05
4.786077300086617e+00	5.409757800000000e-05
4.817767800064757e+00	5.398230860000000e-05
4.849119100021198e+00	5.396694180000000e-05
4.880542800063267e+00	5.408412840000000e-05
4.928463600110263e+00	5.406491620000000e-05
4.990494500030763e+00	5.408221110000000e-05
5.037475200020708e+00	5.395349220000000e-05
5.084549700026400e+00	5.447989680000000e-05
5.116527100093663e+00	5.450678870000000e-05
5.147160500055179e+00	5.397078710000000e-05
5.178697200026363e+00	5.346935360000000e-05
5.225712800049223e+00	5.337714170000000e-05
5.257640800089575e+00	5.362112640000000e-05
5.289236100041308e+00	5.383822280000000e-05
5.336025400087237e+00	5.300058910000000e-05
5.381791300023906e+00	5.295256050000000e-05
5.413801600108854e+00	5.272394260000000e-05
5.445426600053906e+00	5.243576380000000e-05
5.492009200039320e+00	5.226670330000000e-05
5.539304500096478e+00	5.132724250000000e-05
5.586692700046115e+00	5.074320510000000e-05
5.634491800097749e+00	5.052996130000000e-05
5.679923100047745e+00	5.127729670000000e-05
5.711564600002021e+00	5.161542500000000e-05
5.742547400062904e+00	5.246842560000000e-05
5.789515400072560e+00	5.340787540000000e-05
5.835726400022395e+00	5.345782850000000e-05
5.882853800081648e+00	5.360383510000000e-05
5.928959100041538e+00	5.365378820000000e-05
5.975023600040004e+00	5.302940920000000e-05
6.006360100000165e+00	5.294103180000000e-05
6.037530400091782e+00	5.275659710000000e-05
6.098709200043231e+00	5.217448420000000e-05
6.129515700042248e+00	5.150207290000000e-05
6.177211700007319e+00	5.007272190000000e-05
6.210023800027557e+00	4.911596990000000e-05
6.240220900042914e+00	4.871637070000000e-05
6.287974000093527e+00	4.853001160000000e-05
6.319561300100759e+00	4.701997020000000e-05
6.351061400026083e+00	4.602095580000000e-05
6.382506600115448e+00	4.598637680000000e-05
6.430189900100231e+00	4.598829760000000e-05
6.491485100006685e+00	4.558292860000000e-05
6.537018700037152e+00	4.371170510000000e-05
6.585004400112666e+00	4.126220300000000e-05
6.615576400072314e+00	3.852453300000000e-05
6.646676400094293e+00	3.448429920000000e-05
6.694804400089197e+00	3.321055920000000e-05
6.742572600021958e+00	3.342765190000000e-05
6.792196600115858e+00	3.309336530000000e-05
6.836447300040163e+00	3.271297460000000e-05
6.882491000113077e+00	3.203288000000000e-05
6.913644200074486e+00	3.023465800000000e-05
6.944621000089683e+00	2.799648790000000e-05
6.991475200047716e+00	2.651718390000000e-05
7.038207500008866e+00	2.462482730000000e-05
7.085053200018592e+00	2.126084840000000e-05
7.131970200105570e+00	1.954716030000000e-05
7.178969700005837e+00	1.942228120000000e-05
7.209163100109436e+00	1.942996640000000e-05
7.240502300090156e+00	1.939154210000000e-05
7.286677000112832e+00	1.942996640000000e-05
7.333675200003199e+00	1.938001510000000e-05
7.380831100046635e+00	1.942228120000000e-05
7.427108900039457e+00	1.942612470000000e-05
7.458516400074586e+00	1.938962120000000e-05
7.488875400042161e+00	1.942420390000000e-05
7.519521400099620e+00	1.940114820000000e-05
7.550839400035329e+00	1.939154210000000e-05
7.582920700078830e+00	1.862307180000000e-05
7.629620400024578e+00	1.817159860000000e-05
7.690454000025056e+00	1.683253870000000e-05
7.737275900086388e+00	1.571825670000000e-05
7.784807800082490e+00	1.495939250000000e-05
7.816029000096023e+00	1.449831050000000e-05
7.847038700012490e+00	1.418323790000000e-05
7.893905900069512e+00	1.380284450000000e-05
7.939819900086150e+00	1.350890490000000e-05
7.987653700052761e+00	1.305166550000000e-05
8.034682000055909e+00	1.233314560000000e-05
8.081861600046977e+00	1.217561020000000e-05
8.111585200065747e+00	1.206225900000000e-05
8.142312200041488e+00	1.168378820000000e-05
8.189364000107162e+00	1.141098160000000e-05
8.235594900092110e+00	1.110167250000000e-05
8.282827100018039e+00	1.074817650000000e-05
8.328824000083841e+00	1.059832450000000e-05
8.390452900086530e+00	9.950888850000001e-06
8.421131300041452e+00	9.603154469999999e-06
8.452107900055125e+00	9.167048120000000e-06
8.482659300090745e+00	8.757838260000001e-06
8.529068900039420e+00	8.577247170000000e-06
8.576016200007871e+00	8.244884160000000e-06
8.608030500006862e+00	8.066215740000001e-06
8.639358900021762e+00	7.851043849999999e-06
8.686939700040966e+00	7.804935190000000e-06
8.718168700113893e+00	7.760748300000000e-06
8.749704200075939e+00	7.681980610000000e-06
8.780711700092070e+00	7.687744070000000e-06
8.829166100011207e+00	7.697350160000001e-06
8.891517500043847e+00	7.685822310000000e-06
8.938423100044020e+00	7.524442940000000e-06
8.984869200037792e+00	7.088206080000000e-06
9.111600300064310e+00	6.827757260000000e-06
9.142096500028856e+00	6.547659720000000e-06
9.172899299999699e+00	6.267560820000000e-06
9.203633600031026e+00	6.052190660000000e-06
9.234335100045428e+00	5.763038640000000e-06
9.281313200015575e+00	5.375255110000000e-06
9.327870900044218e+00	5.110568050000000e-06
9.373869400005788e+00	4.770174660000000e-06
9.404668100061826e+00	4.643803090000000e-06
9.436330400058068e+00	4.346753030000000e-06
9.482314400025643e+00	4.155654550000000e-06
9.527899000095204e+00	4.056830220000000e-06
9.590218200115487e+00	3.853402630000000e-06
9.637600800022483e+00	3.770953530000000e-06
9.684647300047800e+00	3.731654940000000e-06
9.715782800107263e+00	3.701988360000000e-06
9.747609500074759e+00	3.656525450000000e-06
9.779302000068128e+00	3.624739750000000e-06
9.824868400115520e+00	3.552499950000000e-06
9.856505400035530e+00	3.433448680000000e-06
9.888146500103176e+00	3.398195760000000e-06
9.934587200055830e+00	3.238497580000000e-06
9.981802700087428e+00	3.207867850000000e-06
1.001293010008521e+01	3.136590980000000e-06
1.004451540007722e+01	3.102494020000000e-06
1.009149730007630e+01	3.165679800000000e-06
1.013837700011209e+01	3.113859520000000e-06
1.018462020007428e+01	3.031602770000000e-06
1.023017150000669e+01	3.039501050000000e-06
1.029250680003315e+01	2.941447520000000e-06
1.032365820009727e+01	2.960518490000000e-06
1.035468760004733e+01	3.023704720000000e-06
1.038619860005565e+01	2.994423080000000e-06
1.043254590011202e+01	2.953391000000000e-06
1.047885550011415e+01	2.899644640000000e-06
1.052482860011514e+01	2.790032570000000e-06
1.055781960010063e+01	2.735323050000000e-06
1.058805360004772e+01	2.711435630000000e-06
1.061952130007558e+01	2.737249360000000e-06
1.065152170008514e+01	2.800242780000000e-06
1.068255660007708e+01	2.755357630000000e-06
1.072954050009139e+01	2.724149910000000e-06
1.077815730008297e+01	2.674641560000000e-06
1.082362340006512e+01	2.625326030000000e-06
1.085537270002533e+01	2.560213720000000e-06
1.088596240000334e+01	2.530739720000000e-06
1.091693820001092e+01	2.498376260000000e-06
1.094859080004971e+01	2.464664250000000e-06
1.098038270010147e+01	2.366418360000000e-06
1.102658770000562e+01	2.297838590000000e-06
1.105817020009272e+01	2.223287310000000e-06
1.108884940005373e+01	2.218663890000000e-06
1.113499430008233e+01	2.219241650000000e-06
1.118270080001093e+01	2.230799960000000e-06
1.121513540006708e+01	2.212306750000000e-06
1.124591090006288e+01	2.179365310000000e-06
1.129154870007187e+01	2.129664150000000e-06
1.133822700008750e+01	2.048563150000000e-06
1.138490960001945e+01	1.983450830000000e-06
1.143184670002665e+01	1.944152470000000e-06
1.149255030008499e+01	1.922769570000000e-06
1.152320480009075e+01	1.913330150000000e-06
1.155451360007282e+01	1.893680860000000e-06
1.158617320004851e+01	1.867289260000000e-06
1.163270050007850e+01	1.833192190000000e-06
1.167994070006534e+01	1.826642230000000e-06
1.172619950002991e+01	1.811038600000000e-06
1.175709520000964e+01	1.786766010000000e-06
1.178853230003733e+01	1.757099430000000e-06
1.181973270000890e+01	1.731478510000000e-06
1.185082610009704e+01	1.714140810000000e-06
1.188152110006195e+01	1.708939520000000e-06
1.192801350005902e+01	1.698729760000000e-06
1.199340230005328e+01	1.628416270000000e-06
1.203507590002846e+01	1.550589900000000e-06
1.208262700005434e+01	1.517263290000000e-06
1.211270580010023e+01	1.473534210000000e-06
1.214398340007756e+01	1.433850340000000e-06
1.219051050010603e+01	1.424025870000000e-06
1.223684170003980e+01	1.404761860000000e-06
1.228361170005519e+01	1.383186260000000e-06
1.233042960008606e+01	1.352171130000000e-06
1.239183600002434e+01	1.343502390000000e-06
1.242223030002788e+01	1.335989510000000e-06
1.245389240002260e+01	1.321926790000000e-06
1.248522410006262e+01	1.307863950000000e-06
1.253148510004394e+01	1.285517900000000e-06
1.257883320003748e+01	1.271647880000000e-06
1.262484540010337e+01	1.253154440000000e-06
1.265634830005001e+01	1.238128560000000e-06
1.268774270010181e+01	1.234275830000000e-06
1.271931930002756e+01	1.240632970000000e-06
1.275039830000605e+01	1.215204410000000e-06
1.278212500002701e+01	1.210966390000000e-06
1.282867530011572e+01	1.210195820000000e-06
1.288884260004852e+01	1.211351790000000e-06
1.293621260009240e+01	1.210388400000000e-06
1.298208330001216e+01	1.212314830000000e-06
1.301255010010209e+01	1.210195820000000e-06
1.304425660008565e+01	1.210388400000000e-06
1.309072660002857e+01	1.207691640000000e-06
1.313756650011055e+01	1.161650630000000e-06
1.318528380000498e+01	1.118692010000000e-06
1.323157160007395e+01	1.095382690000000e-06
1.327921230008360e+01	1.077274650000000e-06
1.330941190000158e+01	1.055891630000000e-06
1.334175070002675e+01	1.069761650000000e-06
1.338714570004959e+01	1.055506230000000e-06
1.343381920002867e+01	1.042214190000000e-06
1.348028660006821e+01	1.032967480000000e-06
1.352702840010170e+01	1.023913340000000e-06
1.355731690011453e+01	9.767167059999999e-07
1.358844220009632e+01	9.564895440000001e-07
1.362065640010405e+01	9.422342370000000e-07
1.365152360009961e+01	9.331801039999999e-07
1.368307130003814e+01	9.185395700000000e-07
1.372946270008106e+01	9.004315300000000e-07
1.379113920009695e+01	8.751957810000000e-07
1.383698910009116e+01	8.468776970000000e-07
1.388379550003447e+01	8.141288960000000e-07
1.391535310004838e+01	7.952502870000000e-07
1.394554480002262e+01	7.817654929999999e-07
1.399153870006558e+01	7.858109830000000e-07
1.403799870004877e+01	7.888931460000000e-07
1.408596130006481e+01	7.956356850000000e-07
1.413295290002134e+01	7.960208560000000e-07
1.418037530011497e+01	7.906270410000000e-07
1.421157330006827e+01	7.854255840000000e-07
1.424298910005018e+01	7.775274180000000e-07
1.429048890003469e+01	7.682807000000000e-07
1.433673670003191e+01	7.576856550000000e-07
1.438405600003898e+01	7.393848020000000e-07
1.443090700008906e+01	7.285970010000000e-07
1.449247140006628e+01	7.262854070000000e-07
1.452274710009806e+01	7.237809430000000e-07
1.455449540005066e+01	7.259198470000000e-07
1.466470880003180e+01	7.117167800000000e-07
1.469626410002820e+01	7.250177420000000e-07
1.472741870000027e+01	7.302958810000000e-07
1.475816230010241e+01	7.327526530000000e-07
1.479106410010718e+01	7.078397740000000e-07
1.483651770011056e+01	7.143846690000000e-07
1.488415030005854e+01	7.768587690000000e-07
1.493099140003324e+01	8.408491110000000e-07
1.496257130010054e+01	1.558873460000000e-06
1.507034600002225e+01	1.850529660000000e-06
1.510187140002381e+01	2.130434720000000e-06
1.513346140005160e+01	2.699299330000000e-06
1.517920220002998e+01	3.015228460000000e-06
1.522644150000997e+01	3.901369840000000e-06
1.525772080000024e+01	4.952411470000000e-06
1.528906550002284e+01	6.539953570000000e-06
1.533542150002904e+01	7.457302670000000e-06
1.536707270005718e+01	1.026596150000000e-05
1.549046320002526e+01	1.021024760000000e-05
1.552122390002478e+01	1.020448330000000e-05
1.555255920009222e+01	1.019487810000000e-05
1.558248200011440e+01	1.020256150000000e-05
1.561375710007269e+01	1.019103550000000e-05
1.564521810004953e+01	1.019871980000000e-05
1.569170930003747e+01	1.021793100000000e-05
1.573828170006163e+01	1.313427490000000e-05
1.578519780002534e+01	2.112444600000000e-05
1.583315910003148e+01	2.885525280000000e-05
1.588017420005053e+01	3.219233620000000e-05
1.591157700004987e+01	3.643428860000000e-05
1.594244000001345e+01	3.844576350000000e-05
1.599017420003656e+01	3.965610090000000e-05
1.603714820009191e+01	3.962536720000000e-05
1.608518700010609e+01	3.760620890000000e-05
1.613158110005315e+01	3.503183320000000e-05
1.617858920001891e+01	3.498380470000000e-05
1.621025590004865e+01	3.475902490000000e-05
1.624148190009873e+01	3.216159890000000e-05
1.628835270006675e+01	2.776594920000000e-05
1.633518560009543e+01	2.110139030000000e-05
1.638314560009167e+01	1.380476620000000e-05
1.643029190006200e+01	1.128802710000000e-05
1.649312740005553e+01	1.051571330000000e-05
1.652429280010983e+01	8.682912269999999e-06
1.655643330002204e+01	7.055675720000000e-06
1.658764140005223e+01	6.387106620000000e-06
1.663406180008315e+01	4.548542170000000e-06
1.668089780001901e+01	3.866525280000000e-06
1.674479500006419e+01	2.950125010000000e-06
1.679053270001896e+01	2.150915630000000e-06
1.682199170009699e+01	1.812788920000000e-06
1.685335040010978e+01	1.350437510000000e-06
1.696213680005167e+01	1.278197600000000e-06
1.699292930006050e+01	1.181685090000000e-06
1.702335000003222e+01	1.053580040000000e-06
1.705441200011410e+01	9.485913780000000e-07
1.708616220008116e+01	8.466851110000000e-07
1.713213670009281e+01	7.467050980000001e-07
1.717880560003687e+01	7.357247110000000e-07
1.720919460000005e+01	7.332202470000000e-07
1.724056190007832e+01	7.324497350000000e-07
1.728671580005903e+01	7.372657930000000e-07
1.733391960000154e+01	7.364952240000000e-07
1.738188960007392e+01	7.449714300000000e-07
1.742735070001800e+01	7.649205710000000e-07
1.755084950011224e+01	7.707744769999999e-07
1.758170920005068e+01	7.788740960000000e-07
1.761329300003126e+01	7.830198570000000e-07
1.764390810008626e+01	7.864746290000000e-07
1.769047910009976e+01	7.920214670000000e-07
1.773745660006534e+01	7.997755350000000e-07
1.778378690010868e+01	8.008695430000000e-07
1.783051980007440e+01	8.009462820000000e-07
1.789246780006215e+01	8.014837359999999e-07
1.792343590001110e+01	8.018868130000000e-07
1.795430310000665e+01	8.012150940000000e-07
1.798479020001832e+01	8.031536250000000e-07
1.803143320011441e+01	7.978562170000000e-07
1.809267020004336e+01	7.978177900000000e-07
1.814025720010977e+01	7.949388420000000e-07
1.818621350009926e+01	7.850159140000000e-07
1.821707110002171e+01	7.763981100000000e-07
1.824846890009940e+01	7.739606080000000e-07
1.828033230011351e+01	7.759182950000000e-07
1.832729140005540e+01	7.784133800000000e-07
1.835819080006331e+01	7.749969770000000e-07
1.838950580009259e+01	7.707168950000000e-07
1.843661860004067e+01	7.751314120000000e-07
1.848432650009636e+01	7.785093320000000e-07
1.851430640008766e+01	7.792579030000000e-07
1.854556180001236e+01	7.787973570000000e-07
1.857692820008378e+01	7.779335650000000e-07
1.860840090003330e+01	7.824056640000000e-07
1.863830350001808e+01	7.861675610000001e-07
1.868461890006438e+01	7.922709530000000e-07
1.873241360008251e+01	8.007351650000000e-07
1.877845800004434e+01	8.053415850000000e-07
1.880820040008985e+01	8.112147610000000e-07
1.884027880011126e+01	8.164737440000000e-07
1.888535450003110e+01	8.296211150000000e-07
1.893197400006466e+01	8.420774980000000e-07
1.897902290010825e+01	8.471060940000000e-07
1.902540990000125e+01	8.915699820000000e-07
1.912141160003375e+01	8.909922260000000e-07
1.915256490011234e+01	8.950374880000000e-07
1.918408460007049e+01	8.961934550000000e-07
1.923152940010186e+01	8.958080570000000e-07
1.929592670011334e+01	9.027431250000000e-07
1.933985690004192e+01	9.091002650000000e-07
1.938685890007764e+01	9.200806520000000e-07
1.941780250007287e+01	9.254746940000000e-07
1.944959150010254e+01	9.310612650000000e-07
1.948081710003316e+01	9.381886910000000e-07
1.952673150005285e+01	9.401151710000000e-07
1.955824210005812e+01	9.443532460000000e-07
1.959028960007709e+01	9.613056590000001e-07
1.963680890004616e+01	9.740197129999999e-07
1.968351640005130e+01	9.830738459999999e-07
1.971508260001428e+01	9.907794269999999e-07
1.974609320005402e+01	1.008502300000000e-06
1.977874570002314e+01	1.016207760000000e-06
1.983907470002305e+01	1.055506230000000e-06
1.988475090009160e+01	1.073421690000000e-06
1.993164410011377e+01	1.085750570000000e-06
1.997908250009641e+01	1.089988700000000e-06
2.000893280003220e+01	1.100005990000000e-06
2.004082360002212e+01	1.107518980000000e-06
2.008851030003279e+01	1.122352270000000e-06
2.013495000009425e+01	1.139111870000000e-06
2.018077510001604e+01	1.166466630000000e-06
2.022744310006965e+01	1.186693790000000e-06
2.025837660010438e+01	1.210388400000000e-06
2.029050450003706e+01	1.231578840000000e-06
2.032109240000136e+01	1.247953260000000e-06
2.035156470001675e+01	1.270491910000000e-06
2.038357500010170e+01	1.306130340000000e-06
2.043055340007413e+01	1.335796700000000e-06
2.049177070008591e+01	1.369123420000000e-06
2.053780930000357e+01	1.409385050000000e-06
2.058439140010159e+01	1.427878490000000e-06
2.061564830003772e+01	1.438280950000000e-06
2.064575030002743e+01	1.453692220000000e-06
2.069273860007524e+01	1.473534210000000e-06
2.073893810005393e+01	1.499155020000000e-06
2.078529800008982e+01	1.527858330000000e-06
2.083260020008311e+01	1.559066050000000e-06
2.087882930005435e+01	1.572165500000000e-06
2.091054450010415e+01	1.603373220000000e-06
2.094133280008100e+01	1.673301200000000e-06
2.098789380001836e+01	1.780794040000000e-06
2.103416790009942e+01	1.843016660000000e-06
2.108238200005144e+01	1.914678480000000e-06
2.112786670005880e+01	1.969003050000000e-06
2.117413970001508e+01	2.037967760000000e-06
2.120467350003310e+01	2.055883210000000e-06
2.123640490008984e+01	2.045095470000000e-06
2.128204990003724e+01	2.044902890000000e-06
2.132895120000467e+01	2.047599990000000e-06
2.139049090002663e+01	2.044710300000000e-06
2.143712150002830e+01	2.054149720000000e-06
2.148326910007745e+01	2.089402640000000e-06
2.151464030006900e+01	2.115023790000000e-06
2.154669580003247e+01	2.161835030000000e-06
2.157763520011213e+01	2.196703010000000e-06
2.162461220007390e+01	2.289362560000000e-06
2.165562940004747e+01	2.328853500000000e-06
2.168606370000634e+01	2.439236140000000e-06
2.173262260004412e+01	2.568882560000000e-06
2.177971180004533e+01	2.608373730000000e-06
2.181021320004947e+01	2.647479500000000e-06
2.184073460008949e+01	2.712013610000000e-06
2.188771170005202e+01	2.765374800000000e-06
2.193480380007531e+01	2.795041610000000e-06
2.198176020011306e+01	2.860346290000000e-06
2.202768970001489e+01	2.893094690000000e-06
2.208954470010940e+01	2.973425580000000e-06
2.212199210003018e+01	3.025823620000000e-06
2.215168170002289e+01	3.073212840000000e-06
2.218209890008438e+01	3.140829220000000e-06
2.222961740009487e+01	3.174733820000000e-06
2.229234920011368e+01	3.286464790000000e-06
2.233876030007377e+01	3.377583200000000e-06
2.238628170010634e+01	3.423816680000000e-06
2.241764620004687e+01	3.447896920000000e-06
2.244842310005333e+01	3.495478500000000e-06
2.248057510005310e+01	3.576965360000000e-06
2.252698050008621e+01	3.616263480000000e-06
2.255823910003528e+01	3.650360670000000e-06
2.258949040004518e+01	3.713354320000000e-06
2.263738030008972e+01	3.773457820000000e-06
2.268282680003904e+01	3.810059070000000e-06
2.271410170011222e+01	3.840881620000000e-06
2.274529520003125e+01	3.891545480000000e-06
2.279320300009567e+01	3.978811490000000e-06
2.283932630007621e+01	4.059719690000000e-06
2.288579640001990e+01	4.145059390000000e-06
2.293328380002640e+01	4.251781320000000e-06
2.297959360003006e+01	4.312078090000000e-06
2.301064910006244e+01	4.391637960000000e-06
2.304161670000758e+01	4.510111470000000e-06
2.308955250005238e+01	4.640142830000000e-06
2.313590170000680e+01	4.764394820000000e-06
2.318152680003550e+01	4.944321060000000e-06
2.322875100001693e+01	5.054702800000000e-06
2.329195370001253e+01	5.484289430000000e-06
2.332243510009721e+01	5.622219310000000e-06
2.335263210011180e+01	5.649381360000000e-06
2.338329810008872e+01	5.622411660000000e-06
2.343094620003831e+01	5.606037120000000e-06
2.349336780002341e+01	5.610083010000000e-06
2.354063840000890e+01	5.608349060000000e-06
2.358764370006975e+01	5.648803380000000e-06
2.361965680005960e+01	5.748204790000000e-06
2.365157630003523e+01	6.026184110000000e-06
2.368282050010748e+01	6.429763290000000e-06
2.372913040011190e+01	6.680195380000000e-06
2.377665780007374e+01	7.035615000000000e-06
2.380819310003426e+01	7.315520180000000e-06
2.383944050001446e+01	7.837380510000000e-06
2.388606680009980e+01	8.169684410000000e-06
2.391734660009388e+01	8.461918700000000e-06
2.394776120001916e+01	9.453302480000000e-06
2.405561620008666e+01	9.570495420000000e-06
2.408584510011133e+01	9.776061230000000e-06
2.411807840003166e+01	9.985469660000000e-06
2.414823440008331e+01	1.023330060000000e-05
2.417952320002951e+01	1.047344810000000e-05
2.424147750006523e+01	1.165881260000000e-05
2.428924360009842e+01	1.234851520000000e-05
2.433450390002690e+01	1.277117370000000e-05
2.438214370002970e+01	1.290565520000000e-05
2.441432650003117e+01	1.309777420000000e-05
2.444572190009058e+01	1.329373300000000e-05
2.449152520007920e+01	1.349545710000000e-05
2.453884670010302e+01	1.386240090000000e-05
2.458471270010341e+01	1.429850820000000e-05
2.463183890003711e+01	1.515919580000000e-05
2.469404720002785e+01	1.598722160000000e-05
2.472408770001493e+01	1.667884320000000e-05
2.475550680002198e+01	1.726480330000000e-05
2.478744780004490e+01	1.815238650000000e-05
2.483469020004850e+01	1.928011440000000e-05
2.488207390008029e+01	2.086124370000000e-05
2.492869160010014e+01	2.201010650000000e-05
2.499050930002704e+01	2.510896230000000e-05
2.502325570001267e+01	2.593891080000000e-05
2.505247240001336e+01	2.599462280000000e-05
2.508289240009617e+01	2.582363780000000e-05
2.512962790008169e+01	2.580442740000000e-05
2.517633960000239e+01	2.572950320000000e-05
2.520705610001460e+01	2.578521530000000e-05
2.523775770002976e+01	2.569684150000000e-05
2.528460950008593e+01	2.573334310000000e-05
2.531608520005830e+01	2.587743260000000e-05
2.534635180002078e+01	2.731062890000000e-05
2.539249300002120e+01	2.838072400000000e-05
2.543875910004135e+01	2.937397040000000e-05
2.548417940002400e+01	3.068229130000000e-05
2.553104680008255e+01	3.186381580000000e-05
2.557686320005450e+01	3.230568470000000e-05
2.561011840007268e+01	3.297425430000000e-05
2.563927270006388e+01	3.419996570000000e-05
2.568581290007569e+01	3.555439620000000e-05
2.573342870001215e+01	3.770995320000000e-05
2.578453010006342e+01	3.956196450000000e-05
2.583054900006391e+01	4.144856210000000e-05
2.589346360007767e+01	4.285101750000000e-05
2.592377870006021e+01	4.378086670000000e-05
2.595482180011459e+01	4.428037210000000e-05
2.598681340005714e+01	4.516603080000000e-05
2.603364040004089e+01	4.617273230000000e-05
2.608043960004579e+01	4.718326820000000e-05
2.612785280006938e+01	4.777691360000000e-05
2.617450020008255e+01	4.806316430000000e-05
2.620612750004511e+01	4.829947280000000e-05
2.623701910011005e+01	4.824568170000000e-05
2.628400160011370e+01	4.841474220000000e-05
2.632969960011542e+01	4.876247480000000e-05
2.637666140007786e+01	4.917552720000000e-05
2.640817940002307e+01	4.936188270000000e-05
2.644023860001471e+01	4.936572440000000e-05
2.648758130008355e+01	4.965006160000000e-05
2.651906770002097e+01	4.970385270000000e-05
2.654984870005865e+01	4.999010710000000e-05
2.658074950007722e+01	5.013611740000000e-05
2.662798860005569e+01	5.028981100000000e-05
2.669052960001864e+01	5.057798990000000e-05
2.673861420003232e+01	5.090074050000000e-05
2.678350870008580e+01	5.111207430000000e-05
2.681452520005405e+01	5.118891930000000e-05
2.684552160010207e+01	5.147133200000000e-05
2.689157130010426e+01	5.177487760000000e-05
2.693919190007728e+01	5.215911370000000e-05
2.698543920007069e+01	5.249532110000000e-05
2.703284050000366e+01	5.267206870000000e-05
2.708062690007500e+01	5.273546780000000e-05
2.711263250000775e+01	5.284689180000000e-05
2.714358250005171e+01	5.294487350000000e-05
2.718943590007257e+01	5.293718640000000e-05
2.723589630005881e+01	5.286994560000000e-05
2.728261800005566e+01	5.288724060000000e-05
2.733052590000443e+01	5.282191710000000e-05
2.739238630002365e+01	5.293142390000000e-05
2.742357690003701e+01	5.288532340000000e-05
2.745382380008232e+01	5.284305370000000e-05
2.748507640010212e+01	5.296408560000000e-05
2.753151940007228e+01	5.334448000000000e-05
2.757769700000063e+01	5.288532340000000e-05
2.762762270006351e+01	5.012651310000000e-05
2.768801979999989e+01	4.840513790000000e-05
2.771938130003400e+01	4.816499130000000e-05
2.775041920004878e+01	4.812464250000000e-05
2.778083150007296e+01	4.781341700000000e-05
2.782690490002278e+01	4.763666950000000e-05
2.785768720007036e+01	4.693159280000000e-05
2.788892850000411e+01	4.542155150000000e-05
2.793622530007269e+01	4.306619300000000e-05
2.798348810011521e+01	4.182703200000000e-05
2.801462110003922e+01	4.011142300000000e-05
2.804649430001155e+01	3.760044640000000e-05
2.809417370008305e+01	3.436518450000000e-05
2.814088810002431e+01	3.130859480000000e-05
2.818693080008961e+01	2.797919840000000e-05
2.823263150011189e+01	2.521270650000000e-05
2.829461540002376e+01	2.377758940000000e-05
2.832491700001992e+01	2.292650790000000e-05
2.835569000011310e+01	2.212345500000000e-05
2.838809590006713e+01	2.113212940000000e-05
2.843393430009019e+01	2.028296880000000e-05
2.847947910008952e+01	1.991794490000000e-05
2.852693740010727e+01	1.941459780000000e-05
2.855849100009073e+01	1.903804880000000e-05
2.858951630000956e+01	1.878061080000000e-05
2.862169070006348e+01	1.866533970000000e-05
2.865340470010415e+01	1.873642210000000e-05
2.868348770006560e+01	1.996981700000000e-05
2.873057510005310e+01	2.173537720000000e-05
2.877765630010981e+01	2.266906990000000e-05
2.882369650003966e+01	2.473625320000000e-05
2.885478900000453e+01	2.568723540000000e-05
2.888562120008282e+01	2.674003920000000e-05
2.891663030011114e+01	2.777555530000000e-05
2.894815780001227e+01	2.906850570000000e-05
2.897880750009790e+01	3.009249120000000e-05
2.902540340006817e+01	3.165056480000000e-05
2.905689620005433e+01	3.214046590000000e-05
2.908875650004484e+01	3.327972080000000e-05
2.913643210008740e+01	3.454193210000000e-05
2.918369840004016e+01	3.538917010000000e-05
2.921498240006622e+01	3.617685430000000e-05
2.924504660000093e+01	3.713552000000000e-05
2.929151810007170e+01	3.931029280000000e-05
2.933748850005213e+01	4.172520860000000e-05
2.938398860010784e+01	4.402677590000000e-05
2.942943950009067e+01	4.569819790000000e-05
2.949142940004822e+01	4.774617630000000e-05
2.952335330005735e+01	4.836863080000000e-05
2.955447350000031e+01	4.902183720000000e-05
2.958602690009866e+01	5.034168130000000e-05
2.963350810005795e+01	5.158468050000000e-05
2.968070520006586e+01	5.227438310000000e-05
2.972792000009213e+01	5.272778070000000e-05
2.978875370009337e+01	5.310240890000000e-05
2.982077500002924e+01	5.300443440000000e-05
2.985135110002011e+01	5.302556380000000e-05
2.988266210001893e+01	5.303901340000000e-05
2.993050350004341e+01	5.310625420000000e-05
2.997753990010824e+01	5.296408560000000e-05
3.002319350000471e+01	5.305630110000000e-05
3.005348360002972e+01	5.312354550000000e-05
3.008451530011371e+01	5.318309920000000e-05
3.011901740008034e+01	5.309280460000000e-05
3.014715560001787e+01	5.316196980000000e-05
3.017872460000217e+01	5.298906040000000e-05
3.022479670005850e+01	5.286610390000000e-05
3.025641030003317e+01	5.264901480000000e-05
3.028806990000885e+01	5.242807670000000e-05
3.033372530003544e+01	5.161734230000000e-05
3.038101760006975e+01	5.133493320000000e-05
3.041135830001440e+01	5.131379290000000e-05
3.044216870004311e+01	5.123118540000000e-05
3.048919380002189e+01	5.103330110000000e-05
3.053468870010693e+01	5.095453890000000e-05
3.058116150007118e+01	5.087769390000000e-05
3.062911180010997e+01	5.094493100000000e-05
3.068943900009617e+01	5.091419010000000e-05
3.072060700005386e+01	5.075280930000000e-05
3.075255000009201e+01	5.071246780000000e-05
3.078318020002916e+01	5.038779270000000e-05
3.083054680004716e+01	5.006118950000000e-05
3.089157630002592e+01	4.979414730000000e-05
3.093967870005872e+01	4.962892490000000e-05
3.098573490011040e+01	4.961931700000000e-05
3.101718360011000e+01	4.953094690000000e-05
3.104784820007626e+01	4.954823450000000e-05
3.107854610006325e+01	4.950213040000000e-05
3.112482090003323e+01	4.959242510000000e-05
3.115641090006102e+01	4.950020590000000e-05
3.118775740009733e+01	4.951365550000000e-05
3.123356380010955e+01	4.952325980000000e-05
3.129478460003156e+01	4.953094690000000e-05
3.132591740007047e+01	4.956744670000000e-05
3.135711550002452e+01	4.947138950000000e-05
3.138921090005897e+01	4.948099380000000e-05
3.143461190001108e+01	4.953670940000000e-05
3.148260160000063e+01	4.970961530000000e-05
3.152959080005530e+01	5.011498070000000e-05
3.157645450008567e+01	5.120813150000000e-05
3.160832120000850e+01	5.150399010000000e-05
3.163990930002183e+01	5.140985380000000e-05
3.168598080007359e+01	5.141369550000000e-05
3.173300660005771e+01	5.185172270000000e-05
3.177976000006311e+01	5.188053910000000e-05
3.182678440003656e+01	5.211108510000000e-05
3.185865710000508e+01	5.203807810000000e-05
3.188877920003142e+01	5.227630750000000e-05
3.192055210005492e+01	5.221482930000000e-05
3.195150700001977e+01	5.230704480000000e-05
3.198362300009467e+01	5.223980410000000e-05
3.203088460001163e+01	5.227822840000000e-05
3.207762620004360e+01	5.224748380000000e-05
3.214069170004223e+01	5.233586130000000e-05
3.218763650010806e+01	5.238773520000000e-05
3.221888890000992e+01	5.226862050000000e-05
3.224923240009230e+01	5.233586130000000e-05
3.228014600009192e+01	5.230128230000000e-05
3.232705170009285e+01	5.239349780000000e-05
3.235825920000207e+01	5.229744060000000e-05
3.238897950004321e+01	5.272585990000000e-05
3.243608620006125e+01	5.278157550000000e-05
3.248266980005428e+01	5.276428420000000e-05
3.251353710005060e+01	5.280655020000000e-05
3.254409270000178e+01	5.283152500000000e-05
3.259053620009217e+01	5.276812590000000e-05
3.263838820008095e+01	5.278925890000000e-05
3.268564080004580e+01	5.274891740000000e-05
3.273258490010630e+01	5.276043880000000e-05
3.277910300006624e+01	5.270473050000000e-05
3.280951750010718e+01	5.284497460000000e-05
3.284051690006163e+01	5.276812590000000e-05
3.288666500011459e+01	5.273162240000000e-05
3.293325400003232e+01	5.278925890000000e-05
3.297921580006368e+01	5.269704340000000e-05
3.302651930006687e+01	5.279310060000000e-05
3.305707249999978e+01	5.269704340000000e-05
3.308822890010197e+01	5.280463300000000e-05
3.312001860002056e+01	5.266054000000000e-05
3.315133200003766e+01	5.277388850000000e-05
3.318141970003489e+01	5.270856850000000e-05
3.322881600004621e+01	5.278542080000000e-05
3.329044720006641e+01	5.266630250000000e-05
3.333715960010886e+01	5.270280600000000e-05
3.338438240007963e+01	5.271049300000000e-05
3.341566330008209e+01	5.268743920000000e-05
3.344676420011092e+01	5.266822700000000e-05
3.349462610005867e+01	5.264901480000000e-05
3.354066190007143e+01	5.272970520000000e-05
3.358703670010436e+01	5.262980270000000e-05
3.363514990010299e+01	5.259522370000000e-05
3.369587410008535e+01	5.263556520000000e-05
3.372755280009005e+01	5.269896060000000e-05
3.377382070000749e+01	5.264709030000000e-05
3.380463160004001e+01	5.262980270000000e-05
3.383631780010182e+01	5.260866600000000e-05
3.388191640004516e+01	5.256640000000000e-05
3.392889320000540e+01	5.266246440000000e-05
3.399081280000973e+01	5.264325230000000e-05
3.402374800003599e+01	5.255679570000000e-05
3.405378930002917e+01	5.256640000000000e-05
3.408460880001076e+01	5.255872020000000e-05
3.413132460007910e+01	5.259714090000000e-05
3.417883110011462e+01	5.247226730000000e-05
3.422496680007316e+01	5.252221310000000e-05
3.425513480009977e+01	5.245689320000000e-05
3.428576910006814e+01	5.243576380000000e-05
3.431669630005490e+01	5.228783270000000e-05
3.434745920007117e+01	5.231664910000000e-05
3.437844390003011e+01	5.223211700000000e-05
3.442496290011331e+01	5.228783270000000e-05
3.445637970010284e+01	5.223596240000000e-05
3.448765510006342e+01	5.220330060000000e-05
3.453444310009945e+01	5.202655300000000e-05
3.458118140010629e+01	5.165960830000000e-05
3.461271330004092e+01	5.156546830000000e-05
3.464434830006212e+01	5.044542560000000e-05
3.469050240004435e+01	4.690277640000000e-05
3.473683970002457e+01	4.277993500000000e-05
3.478373180003837e+01	3.885305340000000e-05
3.483134080003947e+01	3.677626230000000e-05
3.489298090001103e+01	3.665138500000000e-05
3.492382230004296e+01	3.693379770000000e-05
3.495564570010174e+01	3.745827780000000e-05
3.498694010009058e+01	3.803271100000000e-05
3.503437040001154e+01	3.855911200000000e-05
3.508149570005480e+01	3.909320000000000e-05
3.512786820007022e+01	3.949664460000000e-05
3.518800449999981e+01	4.039575650000000e-05
3.521932100004051e+01	4.042457290000000e-05
3.525048960000277e+01	4.063397860000000e-05
3.528135890001431e+01	4.068393170000000e-05
3.532867790001910e+01	4.081457150000000e-05
3.538996790000238e+01	4.172905390000000e-05
3.543579440005124e+01	4.207870730000000e-05
3.548296860000119e+01	4.250136410000000e-05
3.551381630008109e+01	4.328520660000000e-05
3.554507690004539e+01	4.433800860000000e-05
3.557675090001430e+01	4.501618240000000e-05
3.560891810001340e+01	4.598637680000000e-05
3.564056220010389e+01	4.764050750000000e-05
3.568739100010134e+01	4.930040450000000e-05
3.573489350010641e+01	5.145019900000000e-05
3.578246350004338e+01	5.238388990000000e-05
3.581373090005945e+01	5.334256280000000e-05
3.584515100007411e+01	5.515806700000000e-05
3.589255990006495e+01	5.987455370000000e-05
3.593941170000471e+01	6.549783570000001e-05
3.598655340005644e+01	7.185308640000001e-05
3.603363499999978e+01	8.041576070000000e-05
3.608016700006556e+01	8.275960140000000e-05
3.611889590008650e+01	8.429077570000000e-05
3.614367950009182e+01	8.728059770000000e-05
3.626623170007952e+01	8.344265370000001e-05
3.629681610001717e+01	7.849169920000000e-05
3.632767080003396e+01	7.154500780000001e-05
3.638937360001728e+01	5.615482590000000e-05
3.643528260011226e+01	4.679022460000000e-05
3.648228130000643e+01	4.529342910000000e-05
3.651423400000203e+01	4.719321810000000e-05
3.654494140006136e+01	5.413990950000000e-05
3.659158040001057e+01	1.193466810000000e-04
3.682570960000157e+01	1.290950750000000e-04
3.685706810001284e+01	1.432379070000000e-04
3.688789370004088e+01	1.593573250000000e-04
3.693539440003224e+01	1.676281100000000e-04
3.698273820010945e+01	1.717347040000000e-04
3.701387920009438e+01	1.753615510000000e-04
3.704539510002360e+01	1.790460080000000e-04
3.709147090010811e+01	1.847453680000000e-04
3.713966200000141e+01	1.934191240000000e-04
3.718666690005921e+01	2.157559790000000e-04
3.723298990004696e+01	2.366152620000000e-04
3.727884370007087e+01	2.387453280000000e-04
3.731077360000927e+01	2.396664060000000e-04
3.734143750008661e+01	2.372101300000000e-04
3.738744810002390e+01	2.347346600000000e-04
3.743456620001234e+01	2.348114210000000e-04
3.748158010002226e+01	2.327389230000000e-04
3.752898670011200e+01	2.322399810000000e-04
3.757563289999962e+01	2.319329650000000e-04
3.760624580003787e+01	2.318945630000000e-04
3.763789010001346e+01	2.319137710000000e-04
3.768505160009954e+01	2.315683520000000e-04
3.773160160006955e+01	2.314340240000000e-04
3.777806540008169e+01	2.311653810000000e-04
3.783909220003989e+01	2.321056530000000e-04
3.788597520010080e+01	2.346962720000000e-04
3.791757480008528e+01	2.407410500000000e-04
3.794864420010708e+01	2.461717520000000e-04
3.797949220007285e+01	2.485512810000000e-04
3.802586460008752e+01	2.533871160000000e-04
3.805763030005619e+01	2.576088590000000e-04
3.808849200000986e+01	2.604873150000000e-04
3.822727430006489e+01	2.753785520000000e-04
3.826144120004028e+01	2.762420920000000e-04
3.829241300001740e+01	2.763956140000000e-04
3.833830610010773e+01	2.779307830000000e-04
3.838364240003284e+01	2.786024120000000e-04
3.843009530007839e+01	2.817111670000000e-04
3.849328410008457e+01	2.867580620000000e-04
3.852346210007090e+01	2.891184120000000e-04
3.855517270008568e+01	2.923998690000000e-04
3.858699270000216e+01	2.990587090000000e-04
3.863473040005192e+01	3.121077320000000e-04
3.868146220000926e+01	3.235064510000000e-04
3.872917890001554e+01	3.405469180000000e-04
3.879235570004676e+01	4.127772120000000e-04
3.882451520010363e+01	4.401417390000000e-04
3.885416030010674e+01	4.466854440000000e-04
3.888538320001680e+01	4.447664830000000e-04
3.893297150009312e+01	4.420799090000000e-04
3.897947290004231e+01	4.408133970000000e-04
3.904021720006131e+01	4.416769660000000e-04
3.908736450003926e+01	4.436534950000000e-04
3.911882810003590e+01	4.446897660000000e-04
3.915076590003446e+01	4.460905910000000e-04
3.918173430010211e+01	4.452846190000000e-04
3.922899690002669e+01	4.485085080000000e-04
3.929059850005433e+01	4.570479210000000e-04
3.933695390005596e+01	4.586214780000000e-04
3.938390340004116e+01	4.586982830000000e-04
3.941526990011334e+01	4.616342780000000e-04
3.944608210003935e+01	4.670649940000000e-04
3.947806260001380e+01	4.702121370000000e-04
3.954020770010538e+01	4.777536960000000e-04
3.958704520005267e+01	4.801716130000000e-04
3.963496170006692e+01	4.820522150000000e-04
3.968157550005708e+01	4.831076080000000e-04
3.971258670010138e+01	4.866576930000000e-04
3.974367840006016e+01	4.887685650000000e-04
3.978933860000689e+01	4.908026890000000e-04
3.983721210004296e+01	4.951587760000000e-04
3.988396350003313e+01	4.982483220000000e-04
3.993051360000391e+01	5.052142080000000e-04
3.997770660009701e+01	5.082461870000000e-04
4.000865120009985e+01	5.115467940000000e-04
4.004053320002276e+01	5.168623760000000e-04
4.008722050010692e+01	5.226192880000000e-04
4.013351120008156e+01	5.327899130000000e-04
4.018056760006584e+01	5.374721950000000e-04
4.022669530007988e+01	5.413101170000000e-04
4.025738220009953e+01	5.447259750000000e-04
4.028824600006919e+01	5.500414410000000e-04
4.031948890001513e+01	5.567771150000000e-04
4.035051470005419e+01	5.660457540000000e-04
4.038173220003955e+01	5.766769169999999e-04
4.042827950010542e+01	5.841607930000000e-04
4.049104330001865e+01	5.982845320000000e-04
4.053755160002038e+01	6.043676400000000e-04
4.058493060001638e+01	6.092418330000000e-04
4.061616820003837e+01	6.171287970000000e-04
4.064686120010447e+01	6.236533519999999e-04
4.069335900002625e+01	6.312332700000000e-04
4.073960970004555e+01	6.425168830000000e-04
4.078625870007090e+01	6.616874600000000e-04
4.083274000009988e+01	7.010648840000000e-04
4.087966030009557e+01	7.159560920000000e-04
4.091145200002939e+01	7.334378900000000e-04
4.094232360005844e+01	7.442801730000000e-04
4.098929840000346e+01	7.507087430000000e-04
4.103564320004079e+01	7.569261940000000e-04
4.108383940008935e+01	7.676723760000000e-04
4.113109120004810e+01	7.936553450000000e-04
4.117666060000192e+01	8.041138060000000e-04
4.120817930006888e+01	8.182182790000000e-04
4.123858150001615e+01	9.232051670000000e-04
4.137974460003898e+01	9.224368260000000e-04
4.140928790008184e+01	9.316565700000000e-04
4.143996100011282e+01	9.535530119999999e-04
4.148739350005053e+01	9.748733720000000e-04
4.153460790007375e+01	9.867819030000000e-04
4.156679840001743e+01	9.954253910000000e-04
4.159813160006888e+01	1.008486610000000e-03
4.163036380009726e+01	1.033648270000000e-03
4.169151860009879e+01	1.052471690000000e-03
4.173818960005883e+01	1.070142610000000e-03
4.178508530010004e+01	1.080130460000000e-03
4.183153660001699e+01	1.089926230000000e-03
4.186171920003835e+01	1.092231250000000e-03
4.189200790005270e+01	1.094920210000000e-03
4.193822210002691e+01	1.103755790000000e-03
4.198474360001273e+01	1.112591240000000e-03
4.203242710011546e+01	1.133143200000000e-03
4.209246220008936e+01	1.152542890000000e-03
4.213890790008008e+01	1.180009570000000e-03
4.216963330004364e+01	1.205939680000000e-03
4.220057570002973e+01	1.221689860000000e-03
4.223155370005406e+01	1.235327220000000e-03
4.227875600010157e+01	1.235327220000000e-03
4.232588100002613e+01	1.238784400000000e-03
4.235669660009444e+01	1.239552740000000e-03
4.238874780002516e+01	1.246083290000000e-03
4.243517060007434e+01	1.255495120000000e-03
4.246633260010276e+01	1.260488990000000e-03
4.249689260008745e+01	1.266443290000000e-03
4.252787870005704e+01	1.272973950000000e-03
4.257472410006449e+01	1.288339730000000e-03
4.260619880002923e+01	1.302169290000000e-03
4.263832350005396e+01	1.327138980000000e-03
4.268453560001217e+01	1.355181910000000e-03
4.273057850007899e+01	1.384569330000000e-03
4.276158510008827e+01	1.398783060000000e-03
4.279290640004911e+01	1.415493550000000e-03
4.283807230007369e+01	1.428362450000000e-03
4.288487570011057e+01	1.437774280000000e-03
4.293190170009620e+01	1.456405500000000e-03
4.297943070007022e+01	1.463128140000000e-03
4.302501230000053e+01	1.481375310000000e-03
4.305690040008631e+01	1.496741320000000e-03
4.308848900010344e+01	1.516141000000000e-03
4.313661060004961e+01	1.558013260000000e-03
4.318360740004573e+01	1.589897550000000e-03
4.323053230007645e+01	1.611986310000000e-03
4.327960040001199e+01	1.615251650000000e-03
4.332495460007340e+01	1.633882990000000e-03
4.335556820000056e+01	1.647520230000000e-03
4.338725020003039e+01	1.660389240000000e-03
4.343359280005097e+01	1.687663840000000e-03
4.348027660010848e+01	1.715898860000000e-03
4.354107300005853e+01	1.755850510000000e-03
4.358696640003473e+01	1.811360130000000e-03
4.363445370004047e+01	1.848814890000000e-03
4.366625190002378e+01	1.864180780000000e-03
4.369847710011527e+01	1.879354820000000e-03
4.372878700005822e+01	1.892608120000000e-03
4.377630430005956e+01	1.911623170000000e-03
4.380724069999997e+01	1.923147710000000e-03
4.383850790001452e+01	1.941587190000000e-03
4.388466190011241e+01	1.946965350000000e-03
4.393258810008410e+01	1.956569260000000e-03
4.396348300005775e+01	1.958297570000000e-03
4.399529030011036e+01	1.963867810000000e-03
4.402603880001698e+01	1.969438050000000e-03
4.405774210009258e+01	1.978081650000000e-03
4.408782940008678e+01	1.989990240000000e-03
4.413448860007338e+01	2.018801170000000e-03
4.418181240011472e+01	2.051837980000000e-03
4.422809650003910e+01	2.076231640000000e-03
4.425917670002673e+01	2.090061080000000e-03
4.429062470002100e+01	2.105811150000000e-03
4.433767750009429e+01	2.125210830000000e-03
4.438260090001859e+01	2.133085860000000e-03
4.442845460004173e+01	2.146915070000000e-03
4.449054220004473e+01	2.173613760000000e-03
4.453732310002670e+01	2.204153690000000e-03
4.456800300010946e+01	2.230852380000000e-03
4.459900600009132e+01	2.259471220000000e-03
4.463093710003886e+01	2.296733670000000e-03
4.469297810003627e+01	2.336301380000000e-03
4.473960010008886e+01	2.383743880000000e-03
4.478643330000341e+01	2.417357170000000e-03
4.483496930007823e+01	2.449241470000000e-03
4.486421470006462e+01	2.464415510000000e-03
4.489475320000201e+01	2.494379180000000e-03
4.492583020008169e+01	2.523958680000000e-03
4.495687300001737e+01	2.581965410000000e-03
4.498897780000698e+01	2.707774520000000e-03
4.503586900001392e+01	2.852407050000000e-03
4.508258480008226e+01	2.915023830000000e-03
4.514523930009454e+01	2.956127750000000e-03
4.517516660003457e+01	2.986667440000000e-03
4.520581970002968e+01	3.007219640000000e-03
4.523760010011028e+01	3.062537170000000e-03
4.528463160002138e+01	3.145897760000000e-03
4.533056480006780e+01	3.248273860000000e-03
4.539236690010875e+01	3.345079720000000e-03
4.543855080008507e+01	3.394442840000000e-03
4.546945240010973e+01	3.425366940000000e-03
4.550102250010241e+01	3.446687480000000e-03
4.553157340001781e+01	3.489520170000000e-03
4.557847260008566e+01	3.511992750000000e-03
4.564155640010722e+01	3.587670160000000e-03
4.568858030007686e+01	3.623396620000000e-03
4.573529610002879e+01	3.656241340000000e-03
4.576647070003673e+01	3.689854410000000e-03
4.579702150006779e+01	3.742098810000000e-03
4.582774810004048e+01	3.781666280000000e-03
4.588953520008363e+01	3.892301580000000e-03
4.593672090000473e+01	3.986802420000000e-03
4.598361010011286e+01	4.086105150000000e-03
4.603047310002148e+01	4.159477540000000e-03
4.606150420010090e+01	4.196356050000000e-03
4.609157970000524e+01	4.238036460000000e-03
4.614172100008000e+01	4.292970060000000e-03
4.618567050003912e+01	4.343677780000000e-03
4.623237180011347e+01	4.454313310000000e-03
4.627864000003319e+01	4.508478100000000e-03
4.632534290000331e+01	4.596832670000000e-03
4.635632260004058e+01	4.657720680000000e-03
4.638793180009816e+01	4.711501300000000e-03
4.643477100005839e+01	4.780840590000000e-03
4.648211870004889e+01	4.836542070000000e-03
4.652853940008208e+01	4.877838770000000e-03
4.657652780006174e+01	4.941223190000000e-03
4.660571760009043e+01	4.975412970000000e-03
4.663788240007125e+01	5.019974430000000e-03
4.666941600001883e+01	5.068761300000000e-03
4.670104600000195e+01	5.098340570000000e-03
4.673217170010321e+01	5.157884210000000e-03
4.677884160005488e+01	5.177859680000000e-03
4.683973250002600e+01	5.249504000000000e-03
4.688665280002169e+01	5.257186950000000e-03
4.693231190007646e+01	5.280235780000000e-03
4.696363900008146e+01	5.287919190000000e-03
4.699522580008488e+01	5.323644730000000e-03
4.702734770008828e+01	5.361675280000000e-03
4.709009870002046e+01	5.481338590000000e-03
4.713807410001755e+01	5.571613550000000e-03
4.718418160011061e+01	5.658623760000000e-03
4.723155210004188e+01	5.719703620000000e-03
4.726258490001783e+01	5.747746680000000e-03
4.729431830008980e+01	5.799991080000000e-03
4.733999860007316e+01	5.873555780000000e-03
4.738743600004818e+01	5.894876090000000e-03
4.743259690003470e+01	5.938476880000000e-03
4.747950110002421e+01	5.943855270000000e-03
4.754145910008810e+01	5.978236440000000e-03
4.757312030007597e+01	6.018956190000000e-03
4.760458040004596e+01	6.051416970000000e-03
4.763730760000180e+01	6.157826170000000e-03
4.768369940004777e+01	6.264620460000000e-03
4.773061360011343e+01	6.384667010000000e-03
4.777642600005493e+01	6.406947970000000e-03
4.781319150002673e+01	6.449589040000000e-03
4.783947820006870e+01	6.483394190000000e-03
4.787052690004930e+01	6.545626560000000e-03
4.790136800007895e+01	6.585577970000000e-03
4.793155150010716e+01	6.695253310000000e-03
4.797844700003043e+01	6.747304460000000e-03
4.803877320000902e+01	6.991624370000000e-03
4.808496100001503e+01	7.040603550000000e-03
4.813335370004643e+01	7.092655640000000e-03
4.816285750002135e+01	7.109750530000000e-03
4.819378710002638e+01	7.178897970000000e-03
4.823905620002188e+01	7.288572840000000e-03
4.828686770005152e+01	7.326795720000000e-03
4.833358150010463e+01	7.415725850000000e-03
4.837953740009107e+01	7.457406260000000e-03
4.842544900008943e+01	7.569193840000000e-03
4.845655490003992e+01	7.632002700000000e-03
4.848777440004051e+01	7.672914770000000e-03
4.853542900003958e+01	7.746479010000000e-03
4.858208050008398e+01	7.852696810000000e-03
4.862944870011415e+01	7.927605880000001e-03
4.869008750002831e+01	8.069165050000000e-03
4.873694600001909e+01	8.145611730000000e-03
4.876823420007713e+01	8.185755459999999e-03
4.879841760010459e+01	8.214950560000000e-03
4.882949960010592e+01	8.259127850000001e-03
4.889052660006564e+01	8.312524300000000e-03
4.893738530005794e+01	8.422967980000000e-03
4.898558750003576e+01	8.866902439999999e-03
4.912733150005806e+01	8.815473880000001e-03
4.915518720005639e+01	8.847855030000001e-03
4.918641460000072e+01	8.844044989999999e-03
4.923364450002555e+01	8.880235250000000e-03
4.928058250003960e+01	8.882140740000001e-03
4.932783560000826e+01	8.903093640000000e-03
4.937638710008468e+01	8.954522200000000e-03
4.940876990009565e+01	8.977378720000000e-03
4.943810090003535e+01	9.026903660000000e-03
4.948481490008999e+01	9.055473840000000e-03
4.953159210004378e+01	9.135475380000001e-03
4.957886000000872e+01	9.167854670000000e-03
4.962612630007789e+01	9.224997830000000e-03
4.965712440002244e+01	9.264998139999999e-03
4.968690820003394e+01	9.274523710000000e-03
4.971702000009827e+01	9.299284780000000e-03
4.974768760008737e+01	9.322141300000000e-03
4.977933060005307e+01	9.335475039999999e-03
4.982580020010937e+01	9.346903300000001e-03
4.985768490005285e+01	9.379284460000000e-03
4.988850030000322e+01	9.428809400000000e-03
4.993518360005692e+01	9.503094480000000e-03
4.998195220006164e+01	9.512618180000000e-03
5.001318380003795e+01	9.564047680000000e-03
5.004371230001561e+01	9.596427899999999e-03
5.009051190002356e+01	9.600237940000001e-03
5.013783160003368e+01	9.644047360000000e-03
5.018580740003381e+01	9.676429440000000e-03
5.023253460007254e+01	9.748809040000000e-03
5.027954720007256e+01	9.765952830000001e-03
5.031157430005260e+01	9.826906030000001e-03
5.034242700005416e+01	9.865000840000001e-03
5.038954290002584e+01	9.885952809999999e-03
5.043620620004367e+01	9.918333959999999e-03
5.048308760009240e+01	9.918333959999999e-03
5.053321840008721e+01	9.969762530000001e-03
5.057977550011128e+01	9.965954350000000e-03
5.061047160008457e+01	9.992620910000000e-03
5.064248850010335e+01	1.000785920000000e-02
5.068830370006617e+01	1.004785860000000e-02
5.073545280005783e+01	1.009166890000000e-02
5.078347670007497e+01	1.007643060000000e-02
5.083057850005571e+01	1.012976370000000e-02
5.087825740000699e+01	1.011071540000000e-02
5.090941170009319e+01	1.012404910000000e-02
5.094159250007942e+01	1.014690750000000e-02
5.098664690006990e+01	1.014119200000000e-02
5.103341950010508e+01	1.018309690000000e-02
5.107951210008468e+01	1.017738230000000e-02
5.114046460005920e+01	1.022690720000000e-02
5.118803440011106e+01	1.023261990000000e-02
5.121973610005807e+01	1.024024000000000e-02
5.125157350010704e+01	1.027071660000000e-02
5.128253570001107e+01	1.026500200000000e-02
5.133058640011586e+01	1.030119230000000e-02
5.137698470009491e+01	1.029738410000000e-02
5.140828980004881e+01	1.029738410000000e-02
5.143933960003778e+01	1.032786070000000e-02
5.148588660010137e+01	1.032595520000000e-02
5.151780060003512e+01	1.035262180000000e-02
5.154935370001476e+01	1.036214550000000e-02
5.158129130001180e+01	1.033547890000000e-02
5.162749070010614e+01	1.034881170000000e-02
5.169078120007180e+01	1.034690720000000e-02
5.173764580010902e+01	1.037166830000000e-02
5.178352950001135e+01	1.034500170000000e-02
5.181438800005708e+01	1.037166830000000e-02
5.184537980007008e+01	1.036976370000000e-02
5.189136620005593e+01	1.035262180000000e-02
5.193868490005843e+01	1.036786010000000e-02
5.198650310002267e+01	1.035833550000000e-02
5.203203030000441e+01	1.036786010000000e-02
5.207857150002383e+01	1.036786010000000e-02
5.210992840002291e+01	1.036214550000000e-02
5.214027180010453e+01	1.037547830000000e-02
5.218916420009919e+01	1.035262180000000e-02
5.223478680010885e+01	1.037166830000000e-02
5.228157970006578e+01	1.035071720000000e-02
5.232814260001760e+01	1.035643000000000e-02
5.239053200010676e+01	1.036405000000000e-02
5.242154970008414e+01	1.035262180000000e-02
5.245258800010197e+01	1.036786010000000e-02
5.248382870003115e+01	1.034881170000000e-02
5.252952510002069e+01	1.036214550000000e-02
5.257714400009718e+01	1.036405000000000e-02
5.262400320009328e+01	1.034309720000000e-02
5.265714710007887e+01	1.035262180000000e-02
5.268802260002121e+01	1.033547890000000e-02
5.271948070009239e+01	1.031643060000000e-02
5.275158240005840e+01	1.032405070000000e-02
5.278269110003021e+01	1.026690750000000e-02
5.282900410005823e+01	1.027262210000000e-02
5.289166630001273e+01	1.020404880000000e-02
5.293978410004638e+01	1.018881240000000e-02
5.298966580000706e+01	1.016214400000000e-02
5.301674260001164e+01	1.014690750000000e-02
5.304822030011564e+01	1.012595370000000e-02
5.307983090006746e+01	1.008976440000000e-02
5.312790800002404e+01	1.008595430000000e-02
5.319192900008056e+01	1.001738200000000e-02
5.323761290009134e+01	1.000404920000000e-02
5.328400340001099e+01	9.964048860000000e-03
5.331477799999993e+01	9.954526090000001e-03
5.334773320006207e+01	9.924049490000000e-03
5.339355190005153e+01	9.855477140000001e-03
5.343980450008530e+01	9.826906030000001e-03
5.348762640007772e+01	9.762142780000000e-03
5.353344470006414e+01	9.735476230000000e-03
5.358105930010788e+01	9.685953149999999e-03
5.361252560000867e+01	9.674524889999999e-03
5.364446450001560e+01	9.624999020000000e-03
5.369049740000628e+01	9.535476570000000e-03
5.373738340009004e+01	9.482143449999999e-03
5.378268440009560e+01	9.402140970000000e-03
5.382950420002453e+01	9.383094500000000e-03
5.389067960006651e+01	9.301190260000000e-03
5.392155380011536e+01	9.255475359999999e-03
5.395251370000187e+01	9.228807869999999e-03
5.398373830004130e+01	9.137379940000001e-03
5.403093620005529e+01	9.082142260000000e-03
5.409234200010542e+01	8.994521570000000e-03
5.413878140004817e+01	8.912617340000000e-03
5.418670100008603e+01	8.855474180000000e-03
5.421934700000565e+01	8.811663839999999e-03
5.424906110006850e+01	8.769758980000000e-03
5.427995970007032e+01	8.689759300000001e-03
5.432666670007166e+01	8.664997290000000e-03
5.435838220000733e+01	8.617376910000000e-03
5.438964840001427e+01	8.544995450000000e-03
5.443773870007135e+01	8.499282410000000e-03
5.448384620004799e+01	8.442139249999999e-03
5.451541200000793e+01	8.419280870000000e-03
5.454663460003212e+01	8.388806130000001e-03
5.457777430000715e+01	8.352614010000000e-03
5.463989220000803e+01	8.264996110000001e-03
5.476655280007981e+01	8.110709490000000e-03
5.479651420004666e+01	8.110709490000000e-03
5.482783710001968e+01	8.095471190000000e-03
5.488943180011120e+01	8.089756590000000e-03
5.493615600001067e+01	8.095471190000000e-03
5.498200460011140e+01	8.066900070000001e-03
5.502865520003252e+01	8.078328330000000e-03
5.509069880004972e+01	8.063090029999999e-03
5.512167930009309e+01	8.034517990000000e-03
5.515414930006955e+01	8.038328030000000e-03
5.518502960004844e+01	8.004043250000000e-03
5.523271040001418e+01	7.992613129999999e-03
5.529438930004835e+01	7.927851749999999e-03
5.533957430010196e+01	7.887851450000000e-03
5.538638260005973e+01	7.826898250000000e-03
5.541750900004990e+01	7.794518490000000e-03
5.544891450006980e+01	7.775470150000000e-03
5.547965050011408e+01	7.741184910000000e-03
5.553006740007550e+01	7.659278340000000e-03
5.558932350005489e+01	7.564040370000000e-03
5.563650100002997e+01	7.438325320000000e-03
5.568312500009779e+01	7.350707430000000e-03
5.571329290000722e+01	7.064036560000000e-03
5.582305670005735e+01	7.043292750000000e-03
5.585473180003464e+01	7.039451040000000e-03
5.588614200009033e+01	6.999499630000000e-03
5.593275620008353e+01	6.997962480000000e-03
5.598059470008593e+01	6.976834960000000e-03
5.601173920009751e+01	6.977218670000000e-03
5.604368370003067e+01	6.955706980000000e-03
5.609053970000241e+01	6.911337380000000e-03
5.613748650008347e+01	6.881565320000000e-03
5.618496690003667e+01	6.805120040000000e-03
5.623125380009878e+01	6.744232030000000e-03
5.629312430007849e+01	6.662408360000000e-03
5.632499530003406e+01	6.555422670000000e-03
5.635533750010654e+01	6.474174090000000e-03
5.638579090009443e+01	6.344523280000000e-03
5.643157840007916e+01	6.292855830000000e-03
5.649537460005376e+01	6.230239290000000e-03
5.653944300010335e+01	6.204308480000000e-03
5.658621310000308e+01	6.171272140000000e-03
5.661707370006479e+01	6.159171000000000e-03
5.665282360010315e+01	6.135930310000000e-03
5.669497410010081e+01	6.090408660000000e-03
5.672602390008979e+01	6.080228370000000e-03
5.675783410004806e+01	6.073313770000000e-03
5.678927620011382e+01	6.038163790000000e-03
5.683464230003301e+01	6.016651630000000e-03
5.688207090005744e+01	5.974202880000000e-03
5.691263070004061e+01	5.945391950000000e-03
5.694377280003391e+01	5.889690020000000e-03
5.699027130007744e+01	5.798070230000000e-03
5.703712630004156e+01	5.704913750000000e-03
5.708435080002528e+01	5.587555930000000e-03
5.713142260001041e+01	5.512646400000000e-03
5.719422880001366e+01	5.475191870000000e-03
5.722352780005895e+01	5.438889840000000e-03
5.725461300008465e+01	5.426020830000000e-03
5.728663480002433e+01	5.351303610000000e-03
5.733255240006838e+01	5.264101550000000e-03
5.737957480002660e+01	5.203597710000000e-03
5.744035700010136e+01	5.036492370000000e-03
5.748761250008829e+01	4.971187100000000e-03
5.751904740009923e+01	4.908378240000000e-03
5.755058590008412e+01	4.850948230000000e-03
5.758156320010312e+01	4.780648740000000e-03
5.762780550005846e+01	4.762209490000000e-03
5.769169870007318e+01	4.714190960000000e-03
5.773880860011559e+01	4.685571420000000e-03
5.778539280011319e+01	4.655223340000000e-03
5.781627420010045e+01	4.648692910000000e-03
5.784677360008936e+01	4.628140940000000e-03
5.787812390003819e+01	4.606052300000000e-03
5.792427050007973e+01	4.574744030000000e-03
5.795570580009371e+01	4.566676910000000e-03
5.798708190000616e+01	4.529414700000000e-03
5.803466750006191e+01	4.514816680000000e-03
5.808048130001407e+01	4.494264720000000e-03
5.811156370001845e+01	4.483316560000000e-03
5.814462870010175e+01	4.460843280000000e-03
5.818987390003167e+01	4.421084190000000e-03
5.823716250003781e+01	4.408598880000000e-03
5.828375370008871e+01	4.380940460000000e-03
5.833059210004285e+01	4.369415810000000e-03
5.839376160001848e+01	4.351168870000000e-03
5.842400460003410e+01	4.326775200000000e-03
5.845473510003649e+01	4.324470180000000e-03
5.848584350000601e+01	4.299308170000000e-03
5.853157340001781e+01	4.286247770000000e-03
5.857762560003903e+01	4.273954310000000e-03
5.862488390004728e+01	4.249561110000000e-03
5.865683610003907e+01	4.247448410000000e-03
5.869051220000256e+01	4.238612950000000e-03
5.871953470003791e+01	4.224975590000000e-03
5.875118220003787e+01	4.218445160000000e-03
5.878249320003670e+01	4.198853390000000e-03
5.882964180002455e+01	4.199813590000000e-03
5.889050930005033e+01	4.168121140000000e-03
5.893740870000329e+01	4.157941320000000e-03
5.898328040004708e+01	4.135852680000000e-03
5.901427470007911e+01	4.138157240000000e-03
5.904771360009909e+01	4.129129930000000e-03
5.909161200001836e+01	4.100702700000000e-03
5.913846510008443e+01	4.084184770000000e-03
5.918541000003461e+01	4.056333560000000e-03
5.923204100003932e+01	4.039815160000000e-03
5.927985630009789e+01	4.020991740000000e-03
5.931053790007718e+01	4.015421490000000e-03
5.934189640008844e+01	3.991412000000000e-03
5.938958050007932e+01	3.955494150000000e-03
5.943573750008363e+01	3.937247210000000e-03
5.948249980004039e+01	3.908819520000000e-03
5.952938380010892e+01	3.902481400000000e-03
5.957737020007335e+01	3.885386510000000e-03
5.960848819999956e+01	3.870020850000000e-03
5.963973760011140e+01	3.850813490000000e-03
5.969006990001071e+01	3.806252030000000e-03
5.973469110007863e+01	3.771678310000000e-03
5.978156580007635e+01	3.736336720000000e-03
5.982874260004610e+01	3.720970590000000e-03
5.989450570009649e+01	3.662003670000000e-03
5.992135840002447e+01	3.631463510000000e-03
5.995150740002282e+01	3.613216570000000e-03
5.998271870007738e+01	3.571536160000000e-03
6.003033500001766e+01	3.541572490000000e-03
