# [General]
# timestamp=2025-04-17T14:54:04.155712
# comments='# '
# delimiter='\t'
# column_dtypes=float;;float
# column_headers='Time (s);;Power (W)'
# 
# [Metadata]
# scanner_x=-4.659387383855679
# scanner_y=3.7010040768
# start recoding time='17.04.2025, 14:53:04.043064'
# sample rate (hz)=50.0
# sample timing='TIMESTAMP'
# 
# ---- END HEADER ----
6.289000157266855e-04	1.968540890000000e-04
2.854229998774827e-02	2.084638840000000e-04
5.892930005211383e-02	2.199393640000000e-04
8.994600002188236e-02	2.375747280000000e-04
1.374346000375226e-01	2.543657900000000e-04
1.847588999662548e-01	2.617154390000000e-04
2.309583000605926e-01	2.730182020000000e-04
2.628818000666797e-01	2.818646900000000e-04
2.930284000467509e-01	2.897132940000000e-04
3.241617999738082e-01	2.966983590000000e-04
3.550059000262991e-01	3.035491100000000e-04
3.859909999882802e-01	3.095555000000000e-04
4.336951000150293e-01	3.194765890000000e-04
4.649948000442237e-01	3.258859800000000e-04
4.954450000077486e-01	3.372654900000000e-04
5.428291000425816e-01	3.493358670000000e-04
5.889257000526413e-01	3.573572030000000e-04
6.198476999998093e-01	3.663763350000000e-04
6.510539000155404e-01	3.769498730000000e-04
6.966922000283375e-01	3.919946610000000e-04
7.443028000416234e-01	4.103208780000000e-04
7.899942999938503e-01	4.238304970000000e-04
8.359598000533879e-01	4.287814080000000e-04
8.820019999984652e-01	4.352483960000000e-04
9.132009000750259e-01	4.396044240000000e-04
9.441130000632256e-01	4.475873720000000e-04
9.913896999787539e-01	4.597344960000000e-04
1.039420300046913e+00	4.733208040000000e-04
1.085848800023086e+00	4.789626400000000e-04
1.148841800051741e+00	4.913208540000000e-04
1.195753499981947e+00	4.998794760000000e-04
1.226561899995431e+00	5.082845460000000e-04
1.257672699983232e+00	5.188965010000000e-04
1.289012099965475e+00	5.390840820000000e-04
1.335426000063308e+00	5.499647230000000e-04
1.397581700002775e+00	5.818581560000000e-04
1.445099500007927e+00	6.018346180000000e-04
1.491441100020893e+00	6.145382070000000e-04
1.523027200018987e+00	6.251693700000000e-04
1.554906400036998e+00	6.355701480000000e-04
1.586946600000374e+00	6.519774320000000e-04
1.633026600000449e+00	6.607279650000000e-04
1.664070100057870e+00	6.725679850000000e-04
1.695369299966842e+00	6.880541330000000e-04
1.741068599978462e+00	7.044806260000001e-04
1.787752600037493e+00	7.156490460000000e-04
1.818992899963632e+00	7.268366750000000e-04
1.850281800027005e+00	7.416128060000000e-04
1.897857000003569e+00	7.621457920000000e-04
1.945012200041674e+00	7.805487840000000e-04
1.991677800077014e+00	7.952673480000000e-04
2.038462499971502e+00	8.070307090000000e-04
2.086404400062747e+00	8.139197600000000e-04
2.116876500076614e+00	8.200604349999999e-04
2.147348299971782e+00	8.286575320000000e-04
2.194642700022087e+00	8.384826940000000e-04
2.240772500052117e+00	8.457172080000000e-04
2.287139300024137e+00	8.784516830000000e-04
2.428567899973132e+00	8.767229740000000e-04
2.459243000019342e+00	8.792200820000000e-04
2.489950799965300e+00	8.857504580000000e-04
2.535640600020997e+00	8.901682450000000e-04
2.583359100040980e+00	9.009244390000000e-04
2.614153400063515e+00	9.095678690000000e-04
2.645823099999689e+00	9.209003770000000e-04
2.692712199990638e+00	9.280070660000000e-04
2.724072700017132e+00	9.364584690000000e-04
2.754318600054830e+00	9.443335000000000e-04
2.788336800062098e+00	9.531689570000000e-04
2.847919499967247e+00	9.608519610000000e-04
2.894345100037754e+00	9.685349650000000e-04
2.940571399987675e+00	9.748733720000000e-04
2.987950799986720e+00	9.800592669999999e-04
3.019031999981962e+00	9.852454530000000e-04
3.051311900024302e+00	9.944649650000001e-04
3.097109799971804e+00	1.005797530000000e-03
3.142593599972315e+00	1.015401210000000e-03
3.188891500001773e+00	1.029999000000000e-03
3.235094000003301e+00	1.038834450000000e-03
3.296745700063184e+00	1.062651630000000e-03
3.328019100008532e+00	1.076865240000000e-03
3.359246700070798e+00	1.090694570000000e-03
3.389970500022173e+00	1.115856460000000e-03
3.437944000004791e+00	1.138521240000000e-03
3.484646499971859e+00	1.149853690000000e-03
3.546841499977745e+00	1.181161960000000e-03
3.593200900009833e+00	1.192302440000000e-03
3.623644000035711e+00	1.201137780000000e-03
3.654117400059476e+00	1.209973240000000e-03
3.685273600043729e+00	1.218040360000000e-03
3.746866300003603e+00	1.233022080000000e-03
3.793962400057353e+00	1.242049850000000e-03
3.839897900004871e+00	1.252806050000000e-03
3.886458500055596e+00	1.260297020000000e-03
3.917998100048862e+00	1.267019430000000e-03
3.949299899977632e+00	1.273549980000000e-03
3.996301700011827e+00	1.281233040000000e-03
4.043738099979237e+00	1.288724020000000e-03
4.088970800046809e+00	1.296407080000000e-03
4.136106100049801e+00	1.300056350000000e-03
4.182292100042105e+00	1.308699720000000e-03
4.213072000071406e+00	1.314462050000000e-03
4.244232399971224e+00	1.322529280000000e-03
4.291151100071147e+00	1.330212110000000e-03
4.337716800044291e+00	1.339239770000000e-03
4.383949900045991e+00	1.343465410000000e-03
4.432089700014330e+00	1.353645460000000e-03
4.464437199989334e+00	1.361904550000000e-03
4.492933699977584e+00	1.368627190000000e-03
4.524250400019810e+00	1.376118280000000e-03
4.556180300074629e+00	1.386490180000000e-03
4.587720400071703e+00	1.398590980000000e-03
4.633447900065221e+00	1.402816500000000e-03
4.664690200006589e+00	1.408386740000000e-03
4.695265599992126e+00	1.418758650000000e-03
4.741832199972123e+00	1.429707160000000e-03
4.787936500040814e+00	1.438542620000000e-03
4.819118399987929e+00	1.445265250000000e-03
4.850033700000495e+00	1.453332250000000e-03
4.896588300005533e+00	1.466777640000000e-03
4.942830100073479e+00	1.478302180000000e-03
4.988990999991074e+00	1.493860270000000e-03
5.035248000058345e+00	1.500966960000000e-03
5.082697600009851e+00	1.515756710000000e-03
5.113979100016877e+00	1.525552480000000e-03
5.145504400017671e+00	1.535732530000000e-03
5.192112499964423e+00	1.544952040000000e-03
5.238880999968387e+00	1.553403450000000e-03
5.284855399979278e+00	1.559741800000000e-03
5.346932700020261e+00	1.577028660000000e-03
5.393280200078152e+00	1.586632340000000e-03
5.424610299989581e+00	1.592970920000000e-03
5.455255600041710e+00	1.599501350000000e-03
5.486921300063841e+00	1.613714970000000e-03
5.548291400074959e+00	1.626583980000000e-03
5.595966199995019e+00	1.639453000000000e-03
5.643003700068220e+00	1.651361820000000e-03
5.690010400023311e+00	1.659044760000000e-03
5.721074100001715e+00	1.663654460000000e-03
5.752814300009049e+00	1.670953350000000e-03
5.785946900025010e+00	1.675563280000000e-03
5.845521399984136e+00	1.687087580000000e-03
5.893949400051497e+00	1.694386480000000e-03
5.937994700041600e+00	1.697459720000000e-03
5.984370699967258e+00	1.698612120000000e-03
6.014961000066251e+00	1.699188370000000e-03
6.045973500004038e+00	1.701301200000000e-03
6.093163700075820e+00	1.702645680000000e-03
6.139350100071169e+00	1.702645680000000e-03
6.185517500038259e+00	1.702453590000000e-03
6.231598400045186e+00	1.702069540000000e-03
6.262434800039046e+00	1.703414020000000e-03
6.292870700010099e+00	1.702837880000000e-03
6.323613199987449e+00	1.700532860000000e-03
6.354725299985148e+00	1.698420030000000e-03
6.385589700075798e+00	1.698996410000000e-03
6.447436399990693e+00	1.699380460000000e-03
6.494535500067286e+00	1.699956720000000e-03
6.546694800024852e+00	1.702261620000000e-03
6.589144299970940e+00	1.704182360000000e-03
6.618769200053066e+00	1.709176230000000e-03
6.650000200024806e+00	1.721084820000000e-03
6.697767800069414e+00	1.738755960000000e-03
6.744877699995413e+00	1.751816950000000e-03
6.791132200043648e+00	1.761804800000000e-03
6.837968799984083e+00	1.769487860000000e-03
6.883961900020950e+00	1.771984850000000e-03
6.915138800046407e+00	1.773329340000000e-03
6.945896200020798e+00	1.775250070000000e-03
6.991915400023572e+00	1.777554860000000e-03
7.039391800062731e+00	1.779283630000000e-03
7.086459700018167e+00	1.779475720000000e-03
7.149012100067921e+00	1.779860000000000e-03
7.195780900074169e+00	1.779860000000000e-03
7.227221300010569e+00	1.779283630000000e-03
7.257837300072424e+00	1.779860000000000e-03
7.288976400042884e+00	1.777554860000000e-03
7.334929700009525e+00	1.776978840000000e-03
7.383918200037442e+00	1.775058100000000e-03
7.444087999989279e+00	1.770832460000000e-03
7.489890099968761e+00	1.769487860000000e-03
7.521181400050409e+00	1.766990990000000e-03
7.552697599981911e+00	1.763725540000000e-03
7.598111700033769e+00	1.759500010000000e-03
7.645032700034790e+00	1.754890080000000e-03
7.692179600009695e+00	1.752585290000000e-03
7.737850200035609e+00	1.750088180000000e-03
7.784656599978916e+00	1.750280270000000e-03
7.815124700078741e+00	1.750856640000000e-03
7.845646100002341e+00	1.749319840000000e-03
7.890963200014085e+00	1.745478370000000e-03
7.937188700074330e+00	1.740292410000000e-03
7.984115300001577e+00	1.735682600000000e-03
8.030875800061040e+00	1.726271000000000e-03
8.061888800002635e+00	1.717627630000000e-03
8.093181399977766e+00	1.707063520000000e-03
8.123261300032027e+00	1.697267640000000e-03
8.153975600027479e+00	1.685551130000000e-03
8.184285099967383e+00	1.677484020000000e-03
8.232135800062679e+00	1.659428820000000e-03
8.265048900037073e+00	1.648480650000000e-03
8.295649899984710e+00	1.634651100000000e-03
8.342336900066584e+00	1.623318760000000e-03
8.388984599965625e+00	1.615827790000000e-03
8.421833000029437e+00	1.610641830000000e-03
8.451491100015119e+00	1.606992330000000e-03
8.498628900037147e+00	1.603342830000000e-03
8.545389099977911e+00	1.600846070000000e-03
8.591792599996552e+00	1.597772820000000e-03
8.637927400064655e+00	1.597580620000000e-03
8.684877900057472e+00	1.601998460000000e-03
8.716156000038609e+00	1.613138710000000e-03
8.746661600074731e+00	1.630233480000000e-03
8.793138900073245e+00	1.649825140000000e-03
8.839876800077036e+00	1.667111880000000e-03
8.886450299993157e+00	1.685359050000000e-03
8.948930700076744e+00	1.702453590000000e-03
8.995930599980056e+00	1.716475240000000e-03
9.027999000041746e+00	1.727231430000000e-03
9.059498500078917e+00	1.739524070000000e-03
9.088966500014067e+00	1.756426880000000e-03
9.134782699984498e+00	1.763149510000000e-03
9.181483000051230e+00	1.772368910000000e-03
9.212509699980728e+00	1.776594550000000e-03
9.242450400022790e+00	1.780244060000000e-03
9.289982200018130e+00	1.781012400000000e-03
9.321032400010154e+00	1.780628340000000e-03
9.351992600015365e+00	1.780628340000000e-03
9.398990300018340e+00	1.777554860000000e-03
9.445109099964611e+00	1.774866020000000e-03
9.490792599972337e+00	1.771408600000000e-03
9.537873600027524e+00	1.767951410000000e-03
9.585197100066580e+00	1.767375040000000e-03
9.615655799978413e+00	1.764685960000000e-03
9.645647800061852e+00	1.759691980000000e-03
9.690805700025521e+00	1.755466450000000e-03
9.737812699982896e+00	1.748743820000000e-03
9.784912400064059e+00	1.744517940000000e-03
9.831412500003353e+00	1.737027200000000e-03
9.863366700010374e+00	1.730304560000000e-03
9.894496600027196e+00	1.725310690000000e-03
9.924209599965252e+00	1.719548370000000e-03
9.955366100068204e+00	1.711865420000000e-03
9.986756699974649e+00	1.703605990000000e-03
1.003341520007234e+01	1.699956720000000e-03
1.006445349997375e+01	1.693618130000000e-03
1.009518399997614e+01	1.683438310000000e-03
1.014226360002067e+01	1.672682120000000e-03
1.018793110002298e+01	1.666343540000000e-03
1.021980900003109e+01	1.658276420000000e-03
1.025047039997298e+01	1.646559920000000e-03
1.029721470002551e+01	1.626583980000000e-03
1.034386660007294e+01	1.605263680000000e-03
1.039093180000782e+01	1.577988970000000e-03
1.043752949999180e+01	1.547641120000000e-03
1.048449439997785e+01	1.533811800000000e-03
1.051571860001422e+01	1.518253700000000e-03
1.054690000007395e+01	1.494436290000000e-03
1.059378120000474e+01	1.464856900000000e-03
1.063998710003216e+01	1.441231700000000e-03
1.068715070001781e+01	1.417030230000000e-03
1.074899200000800e+01	1.395133560000000e-03
1.079612319997977e+01	1.379383380000000e-03
1.082776989997365e+01	1.366706450000000e-03
1.085937700001523e+01	1.353837550000000e-03
1.089085930003785e+01	1.335398290000000e-03
1.093723300006241e+01	1.319455910000000e-03
1.098375560005661e+01	1.309468060000000e-03
1.104538809997030e+01	1.279312300000000e-03
1.109172560006846e+01	1.263946290000000e-03
1.112263790005818e+01	1.251077280000000e-03
1.115399819996674e+01	1.231293660000000e-03
1.118571480002720e+01	1.217848270000000e-03
1.123223800002597e+01	1.196143920000000e-03
1.126340499997605e+01	1.182122270000000e-03
1.129341230005957e+01	1.160801970000000e-03
1.134080220002215e+01	1.137753130000000e-03
1.138795910007320e+01	1.125075970000000e-03
1.141925470007118e+01	1.112783330000000e-03
1.145088260003831e+01	1.095688550000000e-03
1.149631570000201e+01	1.076481190000000e-03
1.154327280004509e+01	1.057465680000000e-03
1.159044270007871e+01	1.038066000000000e-03
1.163795350003056e+01	1.017514030000000e-03
1.168516620004084e+01	1.005029190000000e-03
1.171616539999377e+01	9.900473520000001e-04
1.174652970000170e+01	9.698794460000000e-04
1.179227680002805e+01	9.429888449999999e-04
1.183899399999063e+01	9.147538220000000e-04
1.188537600007840e+01	8.995800160000000e-04
1.194795289996546e+01	8.569393540000000e-04
1.199395010003354e+01	8.331218850000000e-04
1.202534769999329e+01	8.129542110000000e-04
1.205756810004823e+01	7.916338510000000e-04
1.208921800006647e+01	7.610938050000000e-04
1.213624560006429e+01	7.365082270000000e-04
1.218300199997611e+01	7.232549830000000e-04
1.221419800003059e+01	7.071208090000000e-04
1.224586879997514e+01	6.836876860000000e-04
1.229269030003343e+01	6.658245690000000e-04
1.232352780003566e+01	6.518031590000000e-04
1.235486479999963e+01	6.352846980000000e-04
1.238661060004961e+01	5.735488960000000e-04
1.251148620003369e+01	5.592141530000000e-04
1.254351089999545e+01	5.463186540000001e-04
1.257473450002726e+01	5.328665720000000e-04
1.260536769998726e+01	5.189924850000000e-04
1.263693729997613e+01	4.987088610000000e-04
1.268286509998143e+01	4.890756100000000e-04
1.271396239998285e+01	4.763720210000000e-04
1.274484830000438e+01	4.580457750000000e-04
1.279342740005814e+01	4.355937710000000e-04
1.283873059996404e+01	4.213741630000000e-04
1.286898120003752e+01	4.050629210000000e-04
1.290039740002248e+01	3.803081050000000e-04
1.294691409997176e+01	3.523486670000000e-04
1.299355170002673e+01	3.248305290000000e-04
1.304001210001297e+01	2.984062590000000e-04
1.308787960000336e+01	2.736898600000000e-04
1.314842730003875e+01	2.580310390000000e-04
1.317932370002382e+01	2.465171860000000e-04
1.320991640002467e+01	2.360203650000000e-04
1.324104740004987e+01	2.209372180000000e-04
1.328792170004454e+01	2.049905450000000e-04
1.333419780002441e+01	1.978135700000000e-04
1.338249190000352e+01	1.838434250000000e-04
1.341171070002019e+01	1.763402250000000e-04
1.344268129998818e+01	1.695854590000000e-04
1.347365040006116e+01	1.625236040000000e-04
1.350435770000331e+01	1.545214760000000e-04
1.353558190003969e+01	1.497432530000000e-04
1.358271390001755e+01	1.402251220000000e-04
1.361344099999405e+01	1.334703410000000e-04
1.364487810002174e+01	1.248541230000000e-04
1.369077910005581e+01	1.157389920000000e-04
1.373735559999477e+01	1.113637480000000e-04
1.376799229998142e+01	1.064319730000000e-04
1.379960140003823e+01	1.004447840000000e-04
1.384609950007871e+01	9.294159100000000e-05
1.389258520002477e+01	8.597570559999999e-05
1.393934270006139e+01	7.912495490000000e-05
1.398614439996891e+01	7.486483810000000e-05
1.403319260000717e+01	6.755354120000000e-05
1.406464190001134e+01	6.262178070000000e-05
1.409590980003122e+01	5.523371150000000e-05
1.414258149999660e+01	4.870919660000000e-05
1.418996800004970e+01	4.208873360000000e-05
1.423685049999040e+01	3.564098010000000e-05
1.428430409997236e+01	2.095153830000000e-05
1.439300959999673e+01	1.674224220000000e-05
1.442453620000742e+01	1.304013770000000e-05
1.445524080004543e+01	1.027364580000000e-05
1.448692190006841e+01	6.940405000000000e-06
1.453307020000648e+01	5.845335640000000e-06
1.456456870003603e+01	4.763714060000000e-06
1.459935180004686e+01	3.831944470000000e-06
1.464349250006489e+01	3.132636040000000e-06
1.468995669996366e+01	2.781059950000000e-06
1.473633930005599e+01	2.686922700000000e-06
1.478341350005940e+01	2.644657570000000e-06
1.481611020001583e+01	2.401478470000000e-06
1.492366149998270e+01	2.350622030000000e-06
1.495435929996893e+01	2.313827960000000e-06
1.498583849996794e+01	2.350429210000000e-06
1.503215450001881e+01	2.676760690000000e-06
1.506420670007356e+01	3.164331470000000e-06
1.509606370003894e+01	4.298978180000000e-06
1.514173939998727e+01	5.639363740000000e-06
1.518793080002069e+01	6.598901560000000e-06
1.521993270004168e+01	7.749152250000000e-06
1.525115370005369e+01	1.344742850000000e-05
1.537606450007297e+01	1.545505440000000e-05
1.540637019998394e+01	1.708229140000000e-05
1.543640100001357e+01	2.023494020000000e-05
1.549833740002941e+01	2.336645780000000e-05
1.554449560004286e+01	2.630585370000000e-05
1.559105130005628e+01	2.948732070000000e-05
1.563795560004655e+01	3.125480360000000e-05
1.567062270001043e+01	3.321248370000000e-05
1.570145569997840e+01	3.547562660000000e-05
1.574838750006165e+01	3.789630860000000e-05
1.579541650007013e+01	4.013831860000000e-05
1.584156470000744e+01	4.274343150000000e-05
1.588797230005730e+01	4.509687280000000e-05
1.594904480001424e+01	4.676444950000000e-05
1.598078980005812e+01	4.770006490000000e-05
1.601190969999880e+01	4.866641760000000e-05
1.604246630007401e+01	5.136182520000000e-05
1.608935020002536e+01	5.658358350000000e-05
1.613511370006017e+01	5.895238790000000e-05
1.618260539998300e+01	6.369385660000000e-05
1.621385830000509e+01	6.609532280000000e-05
1.624518470000476e+01	6.738058440000000e-05
1.627575919998344e+01	6.769182070000000e-05
1.630641650001053e+01	6.773792119999999e-05
1.633717710000928e+01	6.712699540000000e-05
1.638458279997576e+01	6.525768550000000e-05
1.644691689999308e+01	5.490447440000000e-05
1.649322509998456e+01	4.193846330000000e-05
1.653948679997120e+01	3.495498820000000e-05
1.657147029996850e+01	2.765451970000000e-05
1.660189050005283e+01	1.907070510000000e-05
1.663312250003219e+01	1.432924730000000e-05
1.666429019998759e+01	9.211235010000000e-06
1.669591370003764e+01	4.439035370000000e-06
1.674330380000174e+01	2.558204190000000e-06
1.679056350002065e+01	3.000075590000000e-06
1.683795429999009e+01	4.454404920000000e-06
1.686895080003887e+01	6.694495820000000e-06
1.689988919999450e+01	1.088650060000000e-05
1.694646650005598e+01	1.684598830000000e-05
1.699162149999756e+01	2.323581610000000e-05
1.703795520006679e+01	2.944121480000000e-05
1.708430390001740e+01	3.363514040000000e-05
1.714722070004791e+01	4.675484520000000e-05
1.717839989997447e+01	5.479304310000000e-05
1.720895560004283e+01	6.345562720000001e-05
1.723999350005761e+01	7.793552499999999e-05
1.728630979999434e+01	1.105002010000000e-04
1.741106060007587e+01	1.176579750000000e-04
1.744181170000229e+01	1.274639360000000e-04
1.747741960000712e+01	1.381910120000000e-04
1.750492450001184e+01	1.470374850000000e-04
1.753608360001817e+01	1.529287400000000e-04
1.758331800007727e+01	1.637901300000000e-04
1.761589770007413e+01	1.701611330000000e-04
1.764606080006342e+01	1.769351220000000e-04
1.769265860004816e+01	1.833061250000000e-04
1.772313329996541e+01	1.905022650000000e-04
1.775387840007897e+01	1.995982310000000e-04
1.778618050005753e+01	2.108050390000000e-04
1.783213890006300e+01	2.166387280000000e-04
1.786352090002038e+01	2.247176160000000e-04
1.789412990002893e+01	2.353679300000000e-04
1.794046620000154e+01	2.462101400000000e-04
1.798799110006075e+01	2.545193130000000e-04
1.801928870007396e+01	2.637879220000000e-04
1.805004050000571e+01	2.741887870000000e-04
1.809893550002016e+01	2.872570180000000e-04
1.814447339996696e+01	2.983678710000000e-04
1.819106189999729e+01	3.087879160000000e-04
1.823799010005314e+01	3.172122230000000e-04
1.828555520006921e+01	3.214147870000000e-04
1.831680979998782e+01	3.253486650000000e-04
1.834736540005542e+01	3.321226400000000e-04
1.839292390004266e+01	3.421013240000000e-04
1.843953880004119e+01	3.520800090000000e-04
1.848636440001428e+01	3.642847000000000e-04
1.854893320007250e+01	3.781588460000000e-04
1.859650860005058e+01	3.881567390000000e-04
1.862761750002392e+01	3.944893250000000e-04
1.865746849996503e+01	3.995554290000000e-04
1.868897200003266e+01	4.051204890000000e-04
1.874961850000545e+01	4.103784450000000e-04
1.879572190006729e+01	4.165191490000000e-04
1.884164930006955e+01	4.221801940000000e-04
1.888916949997656e+01	4.255767560000000e-04
1.892019740003161e+01	4.289733190000000e-04
1.895065969997086e+01	4.333485850000000e-04
1.899650380003732e+01	4.390671380000000e-04
1.904365910007618e+01	4.457451870000000e-04
1.908973420003895e+01	4.534786570000000e-04
1.913586909999140e+01	4.572590110000000e-04
1.918148480006494e+01	4.652803180000000e-04
1.921208850003313e+01	4.705766910000000e-04
1.924267830001190e+01	4.780607410000000e-04
1.928898179996759e+01	4.848922250000000e-04
1.933505170000717e+01	4.877323230000000e-04
1.938143930002116e+01	4.922227820000000e-04
1.941306769999210e+01	4.955041799999999e-04
1.944486599997617e+01	5.000138190000000e-04
1.949165270000231e+01	5.030073810000000e-04
1.952254809997976e+01	5.049263710000000e-04
1.955391630006488e+01	5.065382570000000e-04
1.958666859997902e+01	5.088410690000001e-04
1.963231560005806e+01	5.098581310000000e-04
1.966347000002861e+01	5.111821810000000e-04
1.969405879999977e+01	5.141566510000000e-04
1.973955130006652e+01	5.165361220000000e-04
1.978609130007681e+01	5.178410790000000e-04
1.981758799997624e+01	5.203165930000000e-04
1.984841510001570e+01	5.260926550000000e-04
1.989538790006191e+01	5.336342729999999e-04
1.994332469999790e+01	5.389498550000000e-04
1.998997910006437e+01	5.425575070000000e-04
2.003647040005308e+01	5.450137540000000e-04
2.008324349997565e+01	5.464722050000000e-04
2.011389849998523e+01	5.482184930000000e-04
2.014461850002408e+01	5.544743030000000e-04
2.019091180001851e+01	5.665447100000000e-04
2.023748550005257e+01	5.763313970000000e-04
2.028352030005772e+01	5.803997050000000e-04
2.034499190002680e+01	5.947727480000000e-04
2.039287580002565e+01	6.030627990000000e-04
2.042359010002110e+01	6.108346280000000e-04
2.045432350004558e+01	6.179155900000001e-04
2.048546730005182e+01	6.221373330000000e-04
2.054827610007487e+01	6.344187420000001e-04
2.059527380007785e+01	6.443591560000000e-04
2.064174800005276e+01	6.553740240000000e-04
2.068890639999881e+01	6.620328640000000e-04
2.072000009997282e+01	6.680584050000000e-04
2.075128570001107e+01	6.737769580000000e-04
2.079754890000913e+01	6.793228090000000e-04
2.084385890001431e+01	6.837940310000000e-04
2.089106070005801e+01	6.902226600000000e-04
2.093760319997091e+01	6.962482580000000e-04
2.098433790006675e+01	6.989347750000000e-04
2.101679010002408e+01	7.020051130000000e-04
2.104644050006755e+01	7.075126050000000e-04
2.109281609999016e+01	7.186043080000000e-04
2.113854000007268e+01	7.343782340000000e-04
2.118507870007306e+01	7.447599200000000e-04
2.123167170002125e+01	7.657726530000000e-04
2.126360180007759e+01	7.806255600000000e-04
2.129422679997515e+01	7.944037790000000e-04
2.132506970001850e+01	8.077406670000000e-04
2.135745410004165e+01	8.204826150000000e-04
2.138869900000282e+01	8.369858840000000e-04
2.143478180002421e+01	8.436639330000000e-04
2.148043700004928e+01	8.853664040000000e-04
2.159448510000948e+01	8.838296640000000e-04
2.162072940007783e+01	8.882475090000000e-04
2.165265160007402e+01	8.980433340000000e-04
2.168292409996502e+01	9.038056010000000e-04
2.171284000005107e+01	9.107202640000000e-04
2.174413030000869e+01	9.172508730000000e-04
2.177537990000565e+01	9.235892790000000e-04
2.180638159997761e+01	9.331930200000001e-04
2.183693039999343e+01	9.477907440000000e-04
2.188340370007791e+01	9.554737480000000e-04
2.191821280005388e+01	9.656538600000001e-04
2.194563360000029e+01	9.742970580000000e-04
2.199292550003156e+01	9.844771120000001e-04
2.203895309998188e+01	9.900473520000001e-04
2.207035880000331e+01	9.971540419999999e-04
2.210239520005416e+01	1.007526180000000e-03
2.215009820007253e+01	1.022315930000000e-03
2.218225780001376e+01	1.030767340000000e-03
2.221211730001960e+01	1.040755190000000e-03
2.224424330005422e+01	1.053624090000000e-03
2.229152770002838e+01	1.060730780000000e-03
2.233867029997054e+01	1.063419970000000e-03
2.236990960000549e+01	1.066877390000000e-03
2.240069240005687e+01	1.070526660000000e-03
2.244674669997767e+01	1.075904820000000e-03
2.249326879996806e+01	1.081090770000000e-03
2.253975770005491e+01	1.092231250000000e-03
2.258625040005427e+01	1.109902160000000e-03
2.263249870005529e+01	1.118929590000000e-03
2.266294569999445e+01	1.132182890000000e-03
2.269400660006795e+01	1.156192160000000e-03
2.273965110001154e+01	1.178472770000000e-03
2.278626740002073e+01	1.193070550000000e-03
2.283333280007355e+01	1.199025080000000e-03
2.288074399996549e+01	1.206900110000000e-03
2.291144050005823e+01	1.213238460000000e-03
2.294096520007588e+01	1.218808700000000e-03
2.297179580002557e+01	1.223802680000000e-03
2.300317150005139e+01	1.229564890000000e-03
2.303493880003225e+01	1.236287530000000e-03
2.308277990005445e+01	1.248388200000000e-03
2.311381340003572e+01	1.255110840000000e-03
2.314586950000376e+01	1.270284880000000e-03
2.319288180000149e+01	1.290068500000000e-03
2.324054410005920e+01	1.301593030000000e-03
2.327205030003097e+01	1.311580880000000e-03
2.330347170005552e+01	1.320416340000000e-03
2.333465740003157e+01	1.325794500000000e-03
2.338096239999868e+01	1.333285470000000e-03
2.341156659997068e+01	1.337511120000000e-03
2.344243010005448e+01	1.345002090000000e-03
2.348838780005462e+01	1.354029520000000e-03
2.355056300002616e+01	1.360752150000000e-03
2.358099230006337e+01	1.367282820000000e-03
2.361328659998253e+01	1.374197430000000e-03
2.364446069998667e+01	1.382840910000000e-03
2.369040389999282e+01	1.389179260000000e-03
2.373782829998527e+01	1.395325530000000e-03
2.378569739998784e+01	1.398590980000000e-03
2.383372019999661e+01	1.404737360000000e-03
2.386465200001840e+01	1.408578830000000e-03
2.389518970006611e+01	1.413572700000000e-03
2.394080039998516e+01	1.420103360000000e-03
2.398654209997039e+01	1.429322870000000e-03
2.403348360001110e+01	1.433932690000000e-03
2.408031410002150e+01	1.440655320000000e-03
2.411397259996738e+01	1.446417650000000e-03
2.414308940002229e+01	1.450259120000000e-03
2.417402550007682e+01	1.455061020000000e-03
2.420506820001174e+01	1.459094580000000e-03
2.423609440005384e+01	1.466585560000000e-03
2.428304080001544e+01	1.469274400000000e-03
2.431395069998689e+01	1.472923900000000e-03
2.434453250002116e+01	1.478494140000000e-03
2.439199969999027e+01	1.487905970000000e-03
2.443899160006549e+01	1.493475980000000e-03
2.447030869999435e+01	1.498854140000000e-03
2.450215850002132e+01	1.503463950000000e-03
2.454894750006497e+01	1.509994380000000e-03
2.459643859998323e+01	1.514988370000000e-03
2.464094930002466e+01	1.518253700000000e-03
2.468726200005040e+01	1.525360390000000e-03
2.473405219998676e+01	1.528625610000000e-03
2.476566290005576e+01	1.534003880000000e-03
2.479599470004905e+01	1.546296760000000e-03
2.484246449999046e+01	1.569729880000000e-03
2.488899470004253e+01	1.590281840000000e-03
2.493619400006719e+01	1.602766800000000e-03
2.498276380007155e+01	1.607376380000000e-03
2.501316620002035e+01	1.611794230000000e-03
2.504436050006188e+01	1.616404160000000e-03
2.507463489996735e+01	1.619477290000000e-03
2.510697690001689e+01	1.622742510000000e-03
2.513810880004894e+01	1.627928690000000e-03
2.518470530002378e+01	1.630809740000000e-03
2.523202460003085e+01	1.635611410000000e-03
2.526331790001132e+01	1.640029250000000e-03
2.529375670000445e+01	1.646367830000000e-03
2.533980940002948e+01	1.651937840000000e-03
2.537115370004904e+01	1.658468510000000e-03
2.540141809999477e+01	1.664038750000000e-03
2.544789469998796e+01	1.669993040000000e-03
2.549471830006223e+01	1.675755250000000e-03
2.554067070002202e+01	1.680557150000000e-03
2.558814410003833e+01	1.685551130000000e-03
2.563477870007046e+01	1.688816350000000e-03
2.566575020004530e+01	1.693042110000000e-03
2.569777009997051e+01	1.700917140000000e-03
2.574429870001040e+01	1.707447580000000e-03
2.579053540003952e+01	1.715514810000000e-03
2.583690970006865e+01	1.722429530000000e-03
2.588315210002474e+01	1.725502660000000e-03
2.591465990000870e+01	1.730496650000000e-03
2.594548180000857e+01	1.733185720000000e-03
2.597595420002472e+01	1.737219280000000e-03
2.600691900006495e+01	1.740868790000000e-03
2.603879180003423e+01	1.747783390000000e-03
2.608536690007895e+01	1.752201000000000e-03
2.614945190004073e+01	1.759884060000000e-03
2.619639920000918e+01	1.764685960000000e-03
2.624391960003413e+01	1.766606700000000e-03
2.627416360005736e+01	1.768527440000000e-03
2.630519510002341e+01	1.770832460000000e-03
2.633629330003168e+01	1.773329340000000e-03
2.638379610003904e+01	1.774673820000000e-03
2.644713690003846e+01	1.780436030000000e-03
2.649138879997190e+01	1.784853870000000e-03
2.653841699997429e+01	1.785814300000000e-03
2.656891150004230e+01	1.786966690000000e-03
2.660012099996675e+01	1.788311060000000e-03
2.664583829999901e+01	1.788887430000000e-03
2.669261510006618e+01	1.789463680000000e-03
2.673872909997590e+01	1.789655770000000e-03
2.678586080006789e+01	1.788695340000000e-03
2.683170910004992e+01	1.787927000000000e-03
2.686281139997300e+01	1.787350750000000e-03
2.689375960000325e+01	1.786390550000000e-03
2.694081050006207e+01	1.782549080000000e-03
2.698794060002547e+01	1.778323200000000e-03
2.703446550003719e+01	1.777939150000000e-03
2.708112620003521e+01	1.775250070000000e-03
2.711473959998693e+01	1.771792650000000e-03
2.714501039998140e+01	1.769872150000000e-03
2.717713980004191e+01	1.766030560000000e-03
2.720898190001026e+01	1.762573140000000e-03
2.723994190001395e+01	1.755658420000000e-03
2.728531329997350e+01	1.752009030000000e-03
2.734653129999060e+01	1.741252840000000e-03
2.739272840006743e+01	1.735298550000000e-03
2.743892880005296e+01	1.730496650000000e-03
2.747011140000541e+01	1.727039110000000e-03
2.750135070004035e+01	1.721469100000000e-03
2.754791620001197e+01	1.715514810000000e-03
2.759822380007245e+01	1.706487150000000e-03
2.764169720001519e+01	1.699764510000000e-03
2.768820480001159e+01	1.691313340000000e-03
2.773508860007860e+01	1.687087580000000e-03
2.776583150005899e+01	1.679788810000000e-03
2.779656110005453e+01	1.673258260000000e-03
2.784260830003768e+01	1.665959480000000e-03
2.788898960000370e+01	1.660389240000000e-03
2.793534159997944e+01	1.657892130000000e-03
2.798343110003043e+01	1.654819000000000e-03
2.802964089997113e+01	1.651361820000000e-03
2.806085690006148e+01	1.649248760000000e-03
2.809112380002625e+01	1.647328260000000e-03
2.813904679997358e+01	1.647135940000000e-03
2.818466510006692e+01	1.647904280000000e-03
2.824653110001236e+01	1.664999060000000e-03
2.829203490004875e+01	1.689584690000000e-03
2.833853930002078e+01	1.707063520000000e-03
2.837107730004936e+01	1.731649040000000e-03
2.840174530004151e+01	1.757963330000000e-03
2.843371979997028e+01	1.773521420000000e-03
2.847999680007342e+01	1.787735030000000e-03
2.851141520007513e+01	1.789079400000000e-03
2.854205280006863e+01	1.783701470000000e-03
2.858899479999673e+01	1.770256200000000e-03
2.863736900000367e+01	1.759884060000000e-03
2.866899360006209e+01	1.747399100000000e-03
2.870026110007893e+01	1.732801440000000e-03
2.874691500002518e+01	1.715130520000000e-03
2.879360139998607e+01	1.692081690000000e-03
2.884138019999955e+01	1.670377100000000e-03
2.888802239997312e+01	1.648288340000000e-03
2.893587410007603e+01	1.634267040000000e-03
2.896780280000530e+01	1.616404160000000e-03
2.899891119997483e+01	1.596428220000000e-03
2.904510980006307e+01	1.570882280000000e-03
2.909546460001729e+01	1.542647250000000e-03
2.914056520001031e+01	1.516141000000000e-03
2.918790120002814e+01	1.486945550000000e-03
2.923473600007128e+01	1.469850770000000e-03
2.926563140004873e+01	1.449682870000000e-03
2.929589740000665e+01	1.422216180000000e-03
2.934288490004838e+01	1.393212820000000e-03
2.938994909997564e+01	1.363441230000000e-03
2.943683760007843e+01	1.338855480000000e-03
2.948324820003472e+01	1.326370640000000e-03
2.954615609999746e+01	1.297367500000000e-03
2.957730540004559e+01	1.287955670000000e-03
2.960712040006183e+01	1.278928250000000e-03
2.963911770004779e+01	1.263370160000000e-03
2.968562760006171e+01	1.254726780000000e-03
2.974797849997412e+01	1.217656300000000e-03
2.979488639999181e+01	1.178280800000000e-03
2.984098239999730e+01	1.146012220000000e-03
2.987367340002675e+01	1.112206960000000e-03
2.990355479996651e+01	1.078017640000000e-03
2.993459499999881e+01	1.056697340000000e-03
2.998142940003891e+01	1.017514030000000e-03
3.001307169999927e+01	9.904314070000001e-04
3.004444209998474e+01	9.531689570000000e-04
3.009304659999907e+01	9.093758420000000e-04
3.013948690006509e+01	8.817169000000000e-04
3.017098950000945e+01	8.509850010000000e-04
3.020204320002813e+01	8.196766140000000e-04
3.023361230001319e+01	8.008533620000000e-04
3.028008040005807e+01	7.699292040000000e-04
3.031182870001066e+01	7.516822660000000e-04
3.034415500005707e+01	7.224868750000000e-04
3.039012360002380e+01	6.915627160000000e-04
3.043689630005974e+01	6.735075730000000e-04
3.046757209999487e+01	6.539159220000000e-04
3.049792650004383e+01	6.249125580000000e-04
3.054452019999735e+01	5.957171670000000e-04
3.059029750002082e+01	5.517301030000000e-04
3.069984790007584e+01	5.403122630000000e-04
3.073124660004396e+01	5.300074120000000e-04
3.076145730004646e+01	5.205083870000000e-04
3.079233089997433e+01	5.084764560000000e-04
3.083898020000197e+01	5.001097450000001e-04
3.086962830007542e+01	4.908411070000000e-04
3.089987259998452e+01	4.735894910000000e-04
3.094662170007359e+01	4.467430120000000e-04
3.099299240007531e+01	4.146193680000000e-04
3.103896500007249e+01	3.928774090000000e-04
3.108556260005571e+01	3.820543930000000e-04
3.114800020004623e+01	3.614637540000000e-04
3.117889880004805e+01	3.534232670000000e-04
3.120998619997408e+01	3.452100790000000e-04
3.124090650002472e+01	3.296471550000000e-04
3.128794110007584e+01	3.138540200000000e-04
3.133549530000892e+01	3.071951800000000e-04
3.138261880003847e+01	2.958539990000000e-04
3.141408710007090e+01	2.892335760000000e-04
3.144435490004253e+01	2.820182130000000e-04
3.147572450002190e+01	2.725000960000000e-04
3.150652489997447e+01	2.594702530000000e-04
3.153789919998962e+01	2.431589670000000e-04
3.158465460001025e+01	2.358092750000000e-04
3.164691390004009e+01	2.183082250000000e-04
3.169307989999652e+01	2.067368040000000e-04
3.173886500007939e+01	2.014404310000000e-04
3.177005300007295e+01	1.960481020000000e-04
3.180121870001312e+01	1.904639070000000e-04
3.183276600006502e+01	1.865300000000000e-04
3.186410090001300e+01	1.802165640000000e-04
3.189503969997168e+01	1.685875900000000e-04
3.194463619997259e+01	1.544447440000000e-04
3.198817460006103e+01	1.392464470000000e-04
3.203449870005716e+01	1.325492340000000e-04
3.206610679998994e+01	1.259479610000000e-04
3.209756210003980e+01	1.176771770000000e-04
3.214513960003387e+01	1.087923300000000e-04
3.219169720006175e+01	9.724008120000000e-05
3.223793609999120e+01	8.574542150000000e-05
3.228411400003824e+01	8.006525599999999e-05
3.234608859999571e+01	6.695865890000000e-05
3.237747040006798e+01	6.077955190000000e-05
3.240890779998153e+01	5.529128980000000e-05
3.243899539997801e+01	4.851730770000000e-05
3.248564179998357e+01	4.512072340000000e-05
3.254687650001142e+01	3.466230560000000e-05
3.259585430007428e+01	2.079592200000000e-05
3.271690290002152e+01	1.974504080000000e-05
3.274798900005408e+01	1.890356360000000e-05
3.277889620000497e+01	1.828110540000000e-05
3.281002420000732e+01	1.751839770000000e-05
3.284098830004223e+01	1.593342860000000e-05
3.288793169998098e+01	1.264053300000000e-05
3.293426780006848e+01	1.111319940000000e-05
3.298155180003960e+01	8.619514120000001e-06
3.301264620001893e+01	7.534048560000000e-06
3.304232060001232e+01	6.613806360000000e-06
3.308852600003593e+01	5.764646180000000e-06
3.313490170007572e+01	5.238244740000000e-06
3.318235859996639e+01	4.198888290000000e-06
3.321399040007964e+01	3.593717110000000e-06
3.324574699997902e+01	3.017365320000000e-06
3.329179529997054e+01	2.685002530000000e-06
3.332315660000313e+01	2.357171520000000e-06
3.343211220006924e+01	2.464471890000000e-06
3.346415859996341e+01	2.628408310000000e-06
3.349438879999798e+01	2.940098740000000e-06
3.354187990003265e+01	3.210564730000000e-06
3.358783450000919e+01	3.382399200000000e-06
3.363562840002123e+01	3.432870700000000e-06
3.366690880001988e+01	3.442502930000000e-06
3.369785750005394e+01	3.442310120000000e-06
3.374355999997351e+01	3.354659380000000e-06
3.378893350006547e+01	2.881536370000000e-06
3.383691139996517e+01	2.424210150000000e-06
3.388346519996412e+01	2.366225540000000e-06
3.394597140001133e+01	4.569251360000000e-06
3.397745820006821e+01	7.620468750000000e-06
3.400798630004283e+01	2.171040430000000e-05
3.411649230006151e+01	2.684570610000000e-05
3.414601190004032e+01	3.308376110000000e-05
3.417729160003364e+01	4.050526330000000e-05
3.420798579999246e+01	4.921395160000000e-05
3.423953060002532e+01	6.590512200000000e-05
3.428678119997494e+01	1.320119040000000e-04
3.444366430002265e+01	1.491483560000000e-04
3.447500390000641e+01	1.627346940000000e-04
3.450512280000839e+01	1.762634640000000e-04
3.453647250006907e+01	1.894660240000000e-04
3.458285979996435e+01	1.965854460000000e-04
3.461383250006475e+01	2.076003580000000e-04
3.464580950001255e+01	2.282869100000000e-04
3.469349770003464e+01	2.547111940000000e-04
3.473986219998915e+01	2.832847240000000e-04
3.478691829997115e+01	3.065619090000000e-04
3.483277249999810e+01	3.142762000000000e-04
3.486394489998929e+01	3.226429110000000e-04
3.489527750003617e+01	3.315277860000000e-04
3.492641030007508e+01	3.427345950000000e-04
3.495692090003286e+01	3.549392570000000e-04
3.498907570005395e+01	3.812100330000000e-04
3.503392580000218e+01	3.989605470000000e-04
3.508101730002090e+01	4.369562670000000e-04
3.511760160000995e+01	4.661246780000000e-04
3.514500969997607e+01	4.932781450000000e-04
3.519079430005513e+01	5.106448660000000e-04
3.522266970004421e+01	5.258048770000000e-04
3.525344510003924e+01	5.426726420000000e-04
3.528514699998777e+01	5.571992950000000e-04
3.534723169996869e+01	6.013548700000000e-04
3.539430849999189e+01	6.378537510000000e-04
3.544043700001203e+01	6.696895580000001e-04
3.548658450006042e+01	6.888409260000000e-04
3.551802179997321e+01	7.072055600000000e-04
3.554896539996844e+01	7.320946900000000e-04
3.559738380007911e+01	7.617428200000000e-04
3.564221379999071e+01	7.868238610000000e-04
3.568839140003547e+01	8.099474940000000e-04
3.575005939998664e+01	8.308835090000000e-04
3.579717240005266e+01	8.444507260000000e-04
3.582842839998193e+01	9.038056010000000e-04
3.595284539996646e+01	9.151381090000000e-04
3.598401879996527e+01	9.303119150000000e-04
3.603037290007342e+01	9.541293260000000e-04
3.606159709999338e+01	9.706477870000000e-04
3.609281980001833e+01	9.969620730000000e-04
3.613881430006586e+01	1.015977350000000e-03
3.618568400002550e+01	1.026733550000000e-03
3.623182119999547e+01	1.045365000000000e-03
3.626225530006923e+01	1.056889300000000e-03
3.629351880005561e+01	1.074752420000000e-03
3.633986299997196e+01	1.085124330000000e-03
3.637110029999167e+01	1.095496470000000e-03
3.640252130001318e+01	1.106444750000000e-03
3.643394150002860e+01	1.113167380000000e-03
3.648006780003197e+01	1.126420570000000e-03
3.651133470004424e+01	1.136024370000000e-03
3.654195520002395e+01	1.151774540000000e-03
3.659340899996459e+01	1.169061290000000e-03
3.663478389999364e+01	1.179241230000000e-03
3.666635459999088e+01	1.190573680000000e-03
3.669786359998398e+01	1.203826750000000e-03
3.674483790004160e+01	1.220345150000000e-03
3.679083000007086e+01	1.234366790000000e-03
3.683794360002503e+01	1.246659670000000e-03
3.688446570001543e+01	1.254150410000000e-03
3.694570140005089e+01	1.271629240000000e-03
3.697789580002427e+01	1.281233040000000e-03
3.700795080000535e+01	1.292181320000000e-03
3.703896759997588e+01	1.309084010000000e-03
3.708552510000300e+01	1.320224260000000e-03
3.714714760007337e+01	1.349035650000000e-03
3.719295950001106e+01	1.361904550000000e-03
3.724089540005662e+01	1.370740010000000e-03
3.727206640003715e+01	1.379575460000000e-03
3.730354880006053e+01	1.391100000000000e-03
3.733453240001108e+01	1.398014720000000e-03
3.738164540007710e+01	1.409539250000000e-03
3.741236219997518e+01	1.417798340000000e-03
3.744294510001782e+01	1.429707160000000e-03
3.748887400003150e+01	1.441231700000000e-03
3.753592340007890e+01	1.444880970000000e-03
3.756635670003016e+01	1.448530470000000e-03
3.760089220001828e+01	1.452179860000000e-03
3.764509960007854e+01	1.459286660000000e-03
3.769075140007772e+01	1.468890350000000e-03
3.773689319996629e+01	1.475997150000000e-03
3.778327000001445e+01	1.480030590000000e-03
3.783326119999401e+01	1.487905970000000e-03
3.786235630000010e+01	1.493668180000000e-03
3.789367080002557e+01	1.503079660000000e-03
3.793991509999614e+01	1.514988370000000e-03
3.798649340006523e+01	1.527665300000000e-03
3.803354720002972e+01	1.533235540000000e-03
3.808094830007758e+01	1.545144130000000e-03
3.812002120004036e+01	1.552443020000000e-03
3.815884420007933e+01	1.560702220000000e-03
3.818995679996442e+01	1.571650620000000e-03
3.823662290000357e+01	1.583943260000000e-03
3.828301989997271e+01	1.590473930000000e-03
3.831414220004808e+01	1.599885640000000e-03
3.834457810001913e+01	1.612946620000000e-03
3.838999779999722e+01	1.626007840000000e-03
3.843732909997925e+01	1.634267040000000e-03
3.846904110000469e+01	1.644254890000000e-03
3.849985789996572e+01	1.657700170000000e-03
3.854677720007021e+01	1.674602860000000e-03
3.859336180007085e+01	1.690545000000000e-03
3.864234280004166e+01	1.703221930000000e-03
3.868806000007316e+01	1.717627630000000e-03
3.873475599999074e+01	1.723389960000000e-03
3.876614830002654e+01	1.732801440000000e-03
3.879773400002159e+01	1.745094310000000e-03
3.884414659999311e+01	1.758539580000000e-03
3.889010960003361e+01	1.768335470000000e-03
3.895222840004135e+01	1.777170810000000e-03
3.898369869997259e+01	1.779475720000000e-03
3.903082340001129e+01	1.785045960000000e-03
3.906113629997708e+01	1.787158660000000e-03
3.909228230000008e+01	1.790231910000000e-03
3.913816329999827e+01	1.791576510000000e-03
3.918717439996544e+01	1.791576510000000e-03
3.924763530003838e+01	1.791960560000000e-03
3.929445619997568e+01	1.792152650000000e-03
3.934088749997318e+01	1.791768590000000e-03
3.937274660007097e+01	1.792728900000000e-03
3.940377390000504e+01	1.792152650000000e-03
3.943512729997747e+01	1.792344850000000e-03
3.948140869999770e+01	1.791576510000000e-03
3.951285599998664e+01	1.791192220000000e-03
3.954504440003075e+01	1.790616200000000e-03
3.959117210004479e+01	1.788311060000000e-03
3.963813239999581e+01	1.786966690000000e-03
3.966898920002859e+01	1.784085530000000e-03
3.970025420002639e+01	1.780820310000000e-03
3.974597190006170e+01	1.777939150000000e-03
3.979193980002310e+01	1.775442160000000e-03
3.983795910002664e+01	1.773137370000000e-03
3.988442790007684e+01	1.773137370000000e-03
3.994648779998533e+01	1.772753080000000e-03
3.997791750007309e+01	1.772753080000000e-03
4.000855759996921e+01	1.773137370000000e-03
4.003963110002223e+01	1.778707490000000e-03
4.008553609997034e+01	1.782933130000000e-03
4.014906560000964e+01	1.790424110000000e-03
4.019507530005649e+01	1.792152650000000e-03
4.024206760001834e+01	1.789463680000000e-03
4.027324650005903e+01	1.784085530000000e-03
4.030597089999355e+01	1.778131230000000e-03
4.033553470007610e+01	1.772176940000000e-03
4.038397369999439e+01	1.763149510000000e-03
4.044416070007719e+01	1.745862650000000e-03
4.049038800003473e+01	1.731841010000000e-03
4.053624330007005e+01	1.723774010000000e-03
4.056799040001351e+01	1.711865420000000e-03
4.059838350000791e+01	1.694002420000000e-03
4.064536940003745e+01	1.669032620000000e-03
4.069190069998149e+01	1.640605620000000e-03
4.073788650007918e+01	1.618324900000000e-03
4.078390639997087e+01	1.608336810000000e-03
4.083097430004273e+01	1.589705590000000e-03
4.086197900003754e+01	1.576260200000000e-03
4.089279199996963e+01	1.553019390000000e-03
4.093887149996590e+01	1.527857500000000e-03
4.098621550004464e+01	1.499814560000000e-03
4.103347000002395e+01	1.487137520000000e-03
4.108047990000341e+01	1.468122010000000e-03
4.111237129999790e+01	1.457173840000000e-03
4.114553079998586e+01	1.443536490000000e-03
4.117801889998373e+01	1.429322870000000e-03
4.120686120004393e+01	1.414917410000000e-03
4.123790790000930e+01	1.391676250000000e-03
4.128487680002581e+01	1.377846700000000e-03
4.133257450000383e+01	1.353261180000000e-03
4.136356700002216e+01	1.335782350000000e-03
4.139472169999499e+01	1.303705850000000e-03
4.144096550007816e+01	1.284690460000000e-03
4.147186350007541e+01	1.266251320000000e-03
4.150378989998717e+01	1.246275380000000e-03
4.154962130007334e+01	1.225915390000000e-03
4.159820920007769e+01	1.205747480000000e-03
4.164484810002614e+01	1.189613250000000e-03
4.168992480007000e+01	1.174631300000000e-03
4.173672759998590e+01	1.166372210000000e-03
4.176799990003929e+01	1.156960500000000e-03
4.179892880003899e+01	1.145051790000000e-03
4.184655550005846e+01	1.127957020000000e-03
4.189318989997264e+01	1.109133820000000e-03
4.193985950003844e+01	1.091846960000000e-03
4.198666779999621e+01	1.069758550000000e-03
4.203396280005109e+01	1.056121200000000e-03
4.206597029999830e+01	1.038258080000000e-03
4.209736170002725e+01	1.012328080000000e-03
4.214261720003560e+01	9.844771120000001e-04
4.218902220006566e+01	9.510561360000000e-04
4.223647790006362e+01	9.180192140000000e-04
4.228307280002628e+01	9.028452330000000e-04
4.231469939998351e+01	8.824852410000000e-04
4.234645209996961e+01	8.603965400000000e-04
4.237791579996701e+01	8.394604670000000e-04
4.240898730000481e+01	8.183321919999999e-04
4.243998540006578e+01	7.891367420000000e-04
4.248637160006911e+01	7.591730100000000e-04
4.254797489999328e+01	7.301696460000000e-04
4.259624650003389e+01	7.038553590000000e-04
4.264259850000963e+01	6.873368980000000e-04
4.267357139999513e+01	6.738918600000000e-04
4.270363420003559e+01	6.581415070000000e-04
4.273484220006503e+01	6.471932869999999e-04
4.278214520006441e+01	5.946960880000000e-04
4.290788830001839e+01	5.832013560000000e-04
4.293766509997658e+01	5.686363440000000e-04
4.298636680003256e+01	5.593101380000000e-04
4.301612709998153e+01	5.485446310000000e-04
4.304827200004365e+01	5.333463200000000e-04
4.309962880006060e+01	5.140415160000000e-04
4.314434630004689e+01	4.955041799999999e-04
4.318991539999843e+01	4.758154970000000e-04
4.323643250006717e+01	4.556086790000000e-04
4.328336290002335e+01	4.459562190000000e-04
4.331453460000921e+01	4.335980920000000e-04
4.334553880000021e+01	4.157323860000000e-04
4.339164649997838e+01	3.943741900000000e-04
4.343897300004028e+01	3.724594720000000e-04
4.348546090000309e+01	3.601013160000000e-04
4.354793370002881e+01	3.289754970000000e-04
4.359799110004678e+01	3.152356660000000e-04
4.371633289998863e+01	2.805406110000000e-04
4.375016459997278e+01	2.693145940000000e-04
4.378129900002386e+01	2.632698160000000e-04
4.381261240004096e+01	2.551909420000000e-04
4.384380949998740e+01	2.429094890000000e-04
4.388999489997514e+01	2.343892560000000e-04
4.392128390003927e+01	2.256962910000000e-04
4.395222480001394e+01	2.150267830000000e-04
4.398408620001283e+01	2.081184650000000e-04
4.403143780003302e+01	1.946856500000000e-04
4.406325550004840e+01	1.861653870000000e-04
4.409476900007576e+01	1.756494020000000e-04
4.414254799997434e+01	1.662656290000000e-04
4.418789040006232e+01	1.602784030000000e-04
4.421890400000848e+01	1.549436570000000e-04
4.425074589997530e+01	1.487069820000000e-04
4.428178489999846e+01	1.450801360000000e-04
4.431326940003783e+01	1.403018830000000e-04
4.434489339997526e+01	1.336430430000000e-04
4.439197720005177e+01	1.265428290000000e-04
4.444005219999235e+01	1.199799440000000e-04
4.448742780007888e+01	1.144341000000000e-04
4.451877510000486e+01	1.091761080000000e-04
4.455027130001690e+01	1.020567290000000e-04
4.458167109999340e+01	9.785414300000000e-05
4.461268290004227e+01	9.259615040000000e-05
4.464386229997035e+01	8.513135250000000e-05
4.468990700005088e+01	7.699489650000000e-05
4.473688209999818e+01	7.064308740000001e-05
4.478302750003058e+01	6.713136100000000e-05
4.481416860001627e+01	6.266016129999999e-05
4.484496070002206e+01	5.659619640000000e-05
4.489085560000967e+01	4.857487150000000e-05
4.493871510005556e+01	4.237658500000000e-05
4.498593590001110e+01	2.837111790000000e-05
4.514167819998693e+01	2.613294780000000e-05
4.517220090003684e+01	2.455566210000000e-05
4.520397709996905e+01	2.280355150000000e-05
4.523499290004838e+01	2.144912290000000e-05
4.528229850006755e+01	1.903228260000000e-05
4.531311820005067e+01	1.727824930000000e-05
4.534352850005962e+01	1.582392000000000e-05
4.537384500005282e+01	1.477688060000000e-05
4.540444840001874e+01	1.365491430000000e-05
4.543500280007720e+01	1.283649360000000e-05
4.548284579999745e+01	1.149743550000000e-05
4.551326879998669e+01	1.080965280000000e-05
4.554390300007071e+01	1.001044530000000e-05
4.559079779998865e+01	9.266949750000000e-06
4.563777180004399e+01	8.826999869999999e-06
4.566899280005600e+01	8.417790010000000e-06
4.570016530004796e+01	7.931733310000001e-06
4.574687490006909e+01	7.226661180000000e-06
4.579349770001136e+01	6.544644290000000e-06
4.583975410007406e+01	5.912575940000000e-06
4.588614760001656e+01	5.303565100000000e-06
4.594758589996491e+01	4.855929550000000e-06
4.597898300003726e+01	4.488985720000000e-06
4.601047470001504e+01	4.191204430000000e-06
4.604146049998235e+01	3.483727820000000e-06
4.615076400001999e+01	3.365446900000000e-06
4.618137860007118e+01	3.271824200000000e-06
4.621217489999253e+01	3.194383230000000e-06
4.624265440006275e+01	3.142177770000000e-06
4.627354800002649e+01	3.087468260000000e-06
4.630457869998645e+01	2.990955860000000e-06
4.633588769997004e+01	2.849365500000000e-06
4.638424090004992e+01	2.767686280000000e-06
4.644677450007293e+01	2.539215980000000e-06
4.649262889998499e+01	2.369693450000000e-06
4.653887280006893e+01	2.327505170000000e-06
4.656969090003986e+01	2.325001110000000e-06
4.660027970001101e+01	2.393580420000000e-06
4.664764179999474e+01	2.626867170000000e-06
4.669379829999525e+01	3.021585600000000e-06
4.673991330002900e+01	3.552307130000000e-06
4.678644820000045e+01	4.101330430000000e-06
4.683276909997221e+01	4.491039360000000e-06
4.686427859996911e+01	5.069536200000000e-06
4.689417700003833e+01	5.857047200000000e-06
4.693986639997456e+01	6.768809730000000e-06
4.698634950001724e+01	7.962211380000000e-06
4.703268870001193e+01	1.015837460000000e-05
4.715797659999225e+01	1.012955730000000e-05
4.718894959997851e+01	1.003734000000000e-05
4.721984999999404e+01	9.545519790000000e-06
4.725034719996620e+01	8.773207809999999e-06
4.728220050001983e+01	8.164194700000000e-06
4.731171679997351e+01	7.113312220000000e-06
4.734387089998927e+01	4.594650820000000e-06
4.739147909998428e+01	2.529386850000000e-06
4.743796270003077e+01	4.460168840000000e-06
4.748449699999765e+01	7.495625600000000e-06
4.751574459997937e+01	1.330141820000000e-05
4.754592140007298e+01	2.526649770000000e-05
4.759194119996391e+01	4.212096970000000e-05
4.764084770006593e+01	5.714264260000000e-05
4.768788840004709e+01	7.451967389999999e-05
4.773477320000529e+01	8.267698290000000e-05
4.779560269997455e+01	1.185790900000000e-04
4.787314200005494e+01	1.292101950000000e-04
4.790568820002954e+01	1.407624510000000e-04
4.793654999998398e+01	1.596067740000000e-04
4.798316790000536e+01	1.677048420000000e-04
4.802940050000325e+01	1.816558220000000e-04
4.805989110004157e+01	1.919223140000000e-04
4.809181490004994e+01	2.129159110000000e-04
4.813847360003274e+01	2.296493620000000e-04
4.817006979999132e+01	2.500672710000000e-04
4.820109620003495e+01	2.741504290000000e-04
4.823231039999519e+01	2.895022040000000e-04
4.826384889998008e+01	3.100352480000000e-04
4.829370340006426e+01	3.426386390000000e-04
4.833986279997043e+01	3.814211230000000e-04
4.838611830002628e+01	4.234466470000000e-04
4.844800510001369e+01	4.482014630000000e-04
4.847895600006450e+01	4.652611680000000e-04
4.851025479997043e+01	4.794040580000000e-04
4.854087610007264e+01	4.927983970000000e-04
4.858870439999737e+01	5.034103520000000e-04
4.863938000006601e+01	5.144252210000000e-04
4.868310160003603e+01	5.214487320000000e-04
4.871406450006180e+01	5.311203420000000e-04
4.874591910000890e+01	5.402162790000000e-04
4.877708310005255e+01	5.476811780000000e-04
4.880790050001815e+01	5.542631840000000e-04
4.883895870007109e+01	5.636085990000000e-04
4.888528839999344e+01	5.692504350000000e-04
4.895041030005086e+01	5.911458870000000e-04
4.899344990006648e+01	6.118899910000000e-04
4.904387060005683e+01	6.258410290000000e-04
4.907136030006222e+01	6.361266710000000e-04
4.910355810006149e+01	6.510371460000000e-04
4.915016750001814e+01	6.696127820000000e-04
4.919612430001143e+01	6.888601350000000e-04
4.924206059996504e+01	7.074166210000000e-04
4.928849509998690e+01	7.248217010000000e-04
4.933443709998392e+01	7.334955740000000e-04
4.936541019997094e+01	7.456809400000000e-04
4.939675610000268e+01	7.627406740000000e-04
4.944363550003618e+01	7.804720080000000e-04
4.948987340007443e+01	8.003910190000000e-04
4.953573570004664e+01	8.193313260000000e-04
4.958188489999156e+01	8.292716230000000e-04
4.961391070007812e+01	8.421671230000001e-04
4.964397810003720e+01	9.082232140000000e-04
4.976802550000139e+01	9.178269540000000e-04
4.979922140005510e+01	9.308882290000000e-04
4.983226669998839e+01	9.439492130000000e-04
4.986253939999733e+01	9.550896940000000e-04
4.989398419996724e+01	9.716081550000000e-04
4.994066459999885e+01	9.875502439999999e-04
4.998794899997301e+01	1.002724280000000e-03
5.003372349997517e+01	1.013288510000000e-03
5.006550060003065e+01	1.027886170000000e-03
5.009644200000912e+01	1.057849730000000e-03
5.014433520007879e+01	1.092615300000000e-03
5.019036190002225e+01	1.129301730000000e-03
5.023692699999083e+01	1.161762280000000e-03
5.028221019997727e+01	1.172902760000000e-03
5.031368710007519e+01	1.184427300000000e-03
5.034435999998823e+01	1.195375570000000e-03
5.037528310006019e+01	1.206323740000000e-03
5.040655139996670e+01	1.216503680000000e-03
5.043688429996837e+01	1.229180840000000e-03
5.048400339996442e+01	1.238016300000000e-03
5.054614950006362e+01	1.269516540000000e-03
5.059203699999489e+01	1.295830710000000e-03
5.063904609996825e+01	1.312541190000000e-03
5.066993870004080e+01	1.330980450000000e-03
5.070225380000193e+01	1.350572100000000e-03
5.074898979999125e+01	1.370548040000000e-03
5.079592720000073e+01	1.388987180000000e-03
5.084277049999218e+01	1.403008590000000e-03
5.089000050001778e+01	1.417414290000000e-03
5.093809259997215e+01	1.426634030000000e-03
5.096893370000180e+01	1.434701030000000e-03
5.100009320001118e+01	1.444112860000000e-03
5.104610390006565e+01	1.455829360000000e-03
5.109387139999308e+01	1.468506290000000e-03
5.114083849999588e+01	1.476957460000000e-03
5.118789770000149e+01	1.487329600000000e-03
5.123491240001749e+01	1.490594820000000e-03
5.126905550004449e+01	1.495781010000000e-03
5.129688400006853e+01	1.499814560000000e-03
5.134433450002689e+01	1.504616460000000e-03
5.138897099997848e+01	1.510570760000000e-03
5.143564410007093e+01	1.514988370000000e-03
5.148172789998353e+01	1.523055600000000e-03
5.151258350000717e+01	1.527857500000000e-03
5.154422400007024e+01	1.531891060000000e-03
5.157506389997434e+01	1.537077010000000e-03
5.160784589999821e+01	1.543607680000000e-03
5.163892140006647e+01	1.554363760000000e-03
5.168451469996944e+01	1.561854850000000e-03
5.174689710000530e+01	1.582022520000000e-03
5.179315400007181e+01	1.593547060000000e-03
5.183999210002366e+01	1.599693670000000e-03
5.187092630006373e+01	1.607568700000000e-03
5.190148390003014e+01	1.616980180000000e-03
5.194692020001821e+01	1.629273060000000e-03
5.199528789997566e+01	1.639453000000000e-03
5.204059830005281e+01	1.648864710000000e-03
5.208602549997158e+01	1.665191140000000e-03
5.214895509998314e+01	1.678828500000000e-03
5.217918109998573e+01	1.685743100000000e-03
5.221095209999476e+01	1.691697400000000e-03
5.224097980000079e+01	1.699188370000000e-03
5.228793960006442e+01	1.704182360000000e-03
5.233530609996524e+01	1.707447580000000e-03
5.238272730004974e+01	1.714554500000000e-03
5.241344070003834e+01	1.718011680000000e-03
5.244456620002165e+01	1.722621620000000e-03
5.247532830003183e+01	1.726271000000000e-03
5.250594439997803e+01	1.730688610000000e-03
5.253664010006469e+01	1.737987620000000e-03
5.258417950000148e+01	1.744710260000000e-03
5.263134149997495e+01	1.754314060000000e-03
5.266175289999228e+01	1.758539580000000e-03
5.269243950000964e+01	1.762189090000000e-03
5.273886869999114e+01	1.763533570000000e-03
5.276999800000340e+01	1.766606700000000e-03
5.280201360001229e+01	1.767951410000000e-03
5.283373559999745e+01	1.769872150000000e-03
5.288006680004764e+01	1.770640260000000e-03
5.291126540000550e+01	1.771792650000000e-03
5.294211409997661e+01	1.773137370000000e-03
5.298753669997677e+01	1.772560990000000e-03
5.303379810007755e+01	1.773137370000000e-03
5.306661340000574e+01	1.772176940000000e-03
5.309731310000643e+01	1.764877930000000e-03
5.314426079997793e+01	1.756810930000000e-03
5.319074460002594e+01	1.744517940000000e-03
5.323691410000902e+01	1.725694750000000e-03
5.328406720003113e+01	1.709560510000000e-03
5.334606250002980e+01	1.657316110000000e-03
5.337798750004731e+01	1.629465140000000e-03
5.340927020006347e+01	1.602190430000000e-03
5.344002300000284e+01	1.559357740000000e-03
5.348646729998291e+01	1.505768860000000e-03
5.354799240001012e+01	1.456021450000000e-03
5.359513290005270e+01	1.402816500000000e-03
5.364128099998925e+01	1.362864980000000e-03
5.367178440000862e+01	1.327330950000000e-03
5.370460629998706e+01	1.280080640000000e-03
5.373553100007121e+01	1.252613960000000e-03
5.379693589999806e+01	1.188844910000000e-03
5.384284599998500e+01	1.156000070000000e-03
5.388999330007937e+01	1.117393140000000e-03
5.393607190006878e+01	1.097609290000000e-03
5.396845919999760e+01	1.070910950000000e-03
5.399791619996540e+01	1.036145260000000e-03
5.404560369998217e+01	9.961937319999999e-04
5.409168020007201e+01	9.577785969999999e-04
5.413918880000710e+01	9.266624110000000e-04
5.418468060006853e+01	9.112965780000000e-04
5.423179810005240e+01	8.890158500000000e-04
5.426244299998507e+01	8.753785510000000e-04
5.429412099998444e+01	8.548265320000000e-04
5.434091310005169e+01	8.352347070000000e-04
5.438910100003704e+01	8.094967340000000e-04
5.443484110001009e+01	7.960514630000000e-04
5.448200010007713e+01	7.683927540000000e-04
5.451372569997329e+01	7.499534990000000e-04
5.454500929999631e+01	7.336271230000000e-04
5.457574190001469e+01	7.188373710000000e-04
5.460693320003338e+01	7.069287820000000e-04
5.463821020000614e+01	6.907943750000000e-04
5.468565050000325e+01	6.831113710000000e-04
5.474803740007337e+01	6.267044810000000e-04
5.488798180001322e+01	6.172439320000000e-04
5.491901740001049e+01	6.065744090000000e-04
5.495063059998211e+01	5.929689510000000e-04
5.499662860005628e+01	5.755638700000000e-04
5.504484200000297e+01	5.634743720000000e-04
5.507539560005534e+01	5.536299430000000e-04
5.510650570003781e+01	5.417322970000000e-04
5.514228889998049e+01	5.267451050000000e-04
5.518577059998643e+01	5.089562040000000e-04
5.524691900005564e+01	4.930286670000000e-04
5.529383109998889e+01	4.760457670000000e-04
5.534149470005650e+01	4.669882470000000e-04
5.537190350005403e+01	4.586214780000000e-04
5.540296189999208e+01	4.463592490000000e-04
5.545032479998190e+01	4.307963830000000e-04
5.549633780005388e+01	4.139669470000000e-04
5.554440740006976e+01	3.988070240000000e-04
5.558993800007738e+01	3.808838080000000e-04
5.564018590003252e+01	3.681993990000000e-04
5.568409860006068e+01	3.524062050000000e-04
5.574673030001577e+01	3.287260770000000e-04
5.579318839998450e+01	3.138923780000000e-04
5.584110520000104e+01	3.017452550000000e-04
5.588720790005755e+01	2.899627430000000e-04
5.594908509997185e+01	2.814616890000000e-04
5.597879379999358e+01	2.749180130000000e-04
5.601077930000611e+01	2.670118410000000e-04
5.604086229996756e+01	2.556514810000000e-04
5.608712559996638e+01	2.443678970000000e-04
5.615014150005300e+01	2.340246430000000e-04
5.619654150004499e+01	2.228561930000000e-04
5.624282839999069e+01	2.154681280000000e-04
5.627424930001143e+01	2.095385130000000e-04
5.630522350000683e+01	2.028796730000000e-04
5.633657080004923e+01	1.948967400000000e-04
5.638389789999928e+01	1.909436400000000e-04
5.644589189998806e+01	1.775683920000000e-04
5.649296409997623e+01	1.678199910000000e-04
5.654023060004693e+01	1.615065700000000e-04
5.657237359997816e+01	1.553658370000000e-04
5.660305200004950e+01	1.495129690000000e-04
5.663773620000575e+01	1.399756730000000e-04
5.669700080004986e+01	1.304383620000000e-04
5.674388540000655e+01	1.216686430000000e-04
5.679045900003985e+01	1.120929370000000e-04
5.683793649997097e+01	1.065854960000000e-04
5.686798310000449e+01	1.013083090000000e-04
5.689887759997509e+01	9.367078750000000e-05
5.694545570004266e+01	8.555353270000000e-05
5.699225150002167e+01	7.737869600000000e-05
5.703908470005263e+01	6.945332280000000e-05
5.708599960000720e+01	6.093307820000000e-05
5.713383810000960e+01	5.642347610000000e-05
5.723510940000415e+01	4.080302460000000e-05
5.728885600005742e+01	2.116478750000000e-05
5.744189500005450e+01	1.735317710000000e-05
5.747204799996689e+01	1.465968850000000e-05
5.750285080005415e+01	1.168955170000000e-05
5.753494529996533e+01	1.014684680000000e-05
5.758220519998576e+01	8.047001760000001e-06
5.761397629999556e+01	6.759816190000000e-06
5.764488779997919e+01	5.555238200000000e-06
5.767823309998494e+01	4.456326680000000e-06
5.770779190002941e+01	3.616772350000000e-06
5.773896029999014e+01	2.809879110000000e-06
5.778517010004725e+01	2.546676570000000e-06
5.783202069997787e+01	2.346876040000000e-06
5.786351749999449e+01	2.379535090000000e-06
5.789490359998308e+01	3.372960010000000e-06
5.801845319999848e+01	3.883455070000000e-06
5.805102350004017e+01	4.581580010000000e-06
5.808091430005152e+01	5.266799230000000e-06
5.811285749997478e+01	6.018093700000000e-06
5.814459999999963e+01	7.012306010000000e-06
5.819452750007622e+01	8.423389770000000e-06
5.823888520000037e+01	1.266166690000000e-05
5.833200459997170e+01	1.339747810000000e-05
5.836238499998581e+01	1.439456810000000e-05
5.839366729999892e+01	1.587579390000000e-05
5.843890489998739e+01	1.718987730000000e-05
5.848806620005053e+01	1.825612890000000e-05
5.851790990005247e+01	1.906494440000000e-05
5.854898890003096e+01	2.009277340000000e-05
5.858123130002059e+01	2.074213080000000e-05
5.861500300001353e+01	2.171040430000000e-05
5.864275880006608e+01	2.259030230000000e-05
5.869072549999692e+01	2.271902120000000e-05
5.873814580007456e+01	2.255379880000000e-05
5.878471570007969e+01	2.164700350000000e-05
5.881581860000733e+01	1.978922590000000e-05
5.884692480007652e+01	1.644446090000000e-05
5.889371830003802e+01	1.071359470000000e-05
5.894037780002691e+01	4.736817120000000e-06
5.898693430004641e+01	3.317068830000000e-06
5.903291309997439e+01	7.071045270000000e-06
5.906403640005738e+01	1.657125720000000e-05
5.909475990000647e+01	2.990421490000000e-05
5.912588790000882e+01	4.755405460000000e-05
5.915683160000481e+01	7.067732800000001e-05
5.918879240006208e+01	1.889287230000000e-04
5.929898309998680e+01	2.170609080000000e-04
5.932950640004128e+01	2.559969140000000e-04
5.936025480006356e+01	2.941653070000000e-04
5.939076920005027e+01	3.495085690000000e-04
5.943796190002467e+01	3.941247710000000e-04
5.948483179998584e+01	4.170181350000000e-04
5.954677460005041e+01	4.979220680000000e-04
5.959259430004749e+01	5.690968830000000e-04
5.963833039999008e+01	6.106619260000000e-04
5.967190000007395e+01	6.585211960000000e-04
5.970131550007500e+01	7.106020930000000e-04
5.974793349998072e+01	7.711841610000000e-04
5.979496810003184e+01	8.239368330000000e-04
5.984192829998210e+01	9.399156550000000e-04
5.996799150004517e+01	9.595073060000000e-04
5.999954790004995e+01	9.867819030000000e-04
6.003170040005352e+01	1.017706120000000e-03
6.006387139996514e+01	1.048630220000000e-03
