# [General]
# timestamp=2025-04-17T14:52:37.654104
# comments='# '
# delimiter='\t'
# column_dtypes=float;;float
# column_headers='Time (s);;Power (W)'
# 
# [Metadata]
# scanner_x=-4.659387383855679
# scanner_y=3.7010040768
# start recoding time='17.04.2025, 14:51:37.582746'
# sample rate (hz)=50.0
# sample timing='TIMESTAMP'
# 
# ---- END HEADER ----
1.457400037907064e-03	2.994735030000000e-03
5.909670004621148e-02	3.010100450000000e-03
1.059854000341147e-01	3.027579280000000e-03
1.539774000411853e-01	3.046595030000000e-03
1.995671000331640e-01	3.057927360000000e-03
2.472286000847816e-01	3.079439750000000e-03
2.788585000671446e-01	3.092116910000000e-03
3.033656000625342e-01	3.107482570000000e-03
3.459261000389233e-01	3.116510340000000e-03
3.741862000897527e-01	3.124001200000000e-03
4.049781999783590e-01	3.141288180000000e-03
4.516268000006676e-01	3.157038240000000e-03
4.986260000150651e-01	3.165489300000000e-03
5.459020000416785e-01	3.181623990000000e-03
5.768991999793798e-01	3.192956090000000e-03
6.075804000720382e-01	3.211395350000000e-03
6.541699999943376e-01	3.235596700000000e-03
7.003847000887617e-01	3.256724910000000e-03
7.475900000426918e-01	3.266136860000000e-03
7.796944000292569e-01	3.279197960000000e-03
8.108599000843242e-01	3.295524280000000e-03
8.575409000040963e-01	3.306664760000000e-03
8.878369000740349e-01	3.314347700000000e-03
9.180522999959067e-01	3.324527530000000e-03
9.492454000283033e-01	3.331057960000000e-03
1.011373699991964e+00	3.345847830000000e-03
1.057020200067200e+00	3.354683520000000e-03
1.102772000012919e+00	3.360637930000000e-03
1.150542900082655e+00	3.364094770000000e-03
1.181698000058532e+00	3.367360220000000e-03
1.213283400051296e+00	3.369088980000000e-03
1.259961200063117e+00	3.374275290000000e-03
1.307482199976221e+00	3.378500700000000e-03
1.353999300044961e+00	3.382534250000000e-03
1.400561099988408e+00	3.388488670000000e-03
1.448284500045702e+00	3.391754120000000e-03
1.480122799985111e+00	3.395979530000000e-03
1.510640699998476e+00	3.402126020000000e-03
1.558744200039655e+00	3.407120010000000e-03
1.604605100001208e+00	3.410769160000000e-03
1.652033600024879e+00	3.414418550000000e-03
1.699570900062099e+00	3.415571290000000e-03
1.746549400035292e+00	3.418836740000000e-03
1.778523900080472e+00	3.419604850000000e-03
1.808975200052373e+00	3.419220680000000e-03
1.854769100085832e+00	3.419028600000000e-03
1.901760600041598e+00	3.419028600000000e-03
1.948065300006419e+00	3.419220680000000e-03
2.011003400082700e+00	3.418068170000000e-03
2.056603600038216e+00	3.417300060000000e-03
2.088357300031930e+00	3.418836740000000e-03
2.121109900064766e+00	3.418452110000000e-03
2.149668000056408e+00	3.416339400000000e-03
2.212667700019665e+00	3.415379210000000e-03
2.259556800010614e+00	3.414418550000000e-03
2.305932500050403e+00	3.412689780000000e-03
2.351954600075260e+00	3.409424800000000e-03
2.382411500089802e+00	3.408656220000000e-03
2.413601199979894e+00	3.404430810000000e-03
2.458832600037567e+00	3.400013080000000e-03
2.505226199980825e+00	3.396171610000000e-03
2.551550999982283e+00	3.391754120000000e-03
2.599364100024104e+00	3.388872600000000e-03
2.646676599979401e+00	3.384455110000000e-03
2.678666700026952e+00	3.382150320000000e-03
2.709306800039485e+00	3.378116760000000e-03
2.755905300029553e+00	3.375235250000000e-03
2.802545899990946e+00	3.372930460000000e-03
2.850585300009698e+00	3.370049180000000e-03
2.912551000015810e+00	3.366208170000000e-03
2.958788400050253e+00	3.362942720000000e-03
2.990340500022285e+00	3.358524990000000e-03
3.021926400018856e+00	3.351994320000000e-03
3.053853100049309e+00	3.341622420000000e-03
3.100602200021967e+00	3.330097770000000e-03
3.161610800074413e+00	3.315692300000000e-03
3.207649999996647e+00	3.300326410000000e-03
3.253368700039573e+00	3.293411340000000e-03
3.285357800079510e+00	3.285920480000000e-03
3.315581000060774e+00	3.277469190000000e-03
3.346837399993092e+00	3.271322930000000e-03
3.377734499983490e+00	3.265176670000000e-03
3.409361300058663e+00	3.255380780000000e-03
3.455636100028642e+00	3.248465950000000e-03
3.502172000007704e+00	3.239246090000000e-03
3.549374000052921e+00	3.236557360000000e-03
3.579529599985108e+00	3.232523800000000e-03
3.610520199988969e+00	3.226185450000000e-03
3.656633500009775e+00	3.216773740000000e-03
3.703243400086649e+00	3.206401360000000e-03
3.750367300002836e+00	3.196221310000000e-03
3.809428900014609e+00	3.187386320000000e-03
3.854939699987881e+00	3.183736700000000e-03
3.885948600014672e+00	3.179511060000000e-03
3.917903700028546e+00	3.176821860000000e-03
3.949951700051315e+00	3.175669580000000e-03
4.010763900005259e+00	3.174709160000000e-03
4.057811700040475e+00	3.180279400000000e-03
4.104927200009115e+00	3.204096570000000e-03
4.151760000037029e+00	3.223688110000000e-03
4.184078200021759e+00	3.243856360000000e-03
4.215112000005320e+00	3.273435640000000e-03
4.260627500014380e+00	3.315884390000000e-03
4.307310800068080e+00	3.353338920000000e-03
4.353587800054811e+00	3.379076950000000e-03
4.400588600081392e+00	3.392522220000000e-03
4.447898500016890e+00	3.397324360000000e-03
4.478882200084627e+00	3.401741850000000e-03
4.510785000049509e+00	3.408272290000000e-03
4.556391800055280e+00	3.412497930000000e-03
4.606103800004348e+00	3.418452110000000e-03
4.650641500018537e+00	3.419796700000000e-03
4.697938800090924e+00	3.422293580000000e-03
4.759111599996686e+00	3.418452110000000e-03
4.790372700081207e+00	3.415187120000000e-03
4.820567500079051e+00	3.412113760000000e-03
4.852399300085381e+00	3.402126020000000e-03
4.900271599995904e+00	3.393290330000000e-03
4.946378200082108e+00	3.389256770000000e-03
4.977547700051218e+00	3.382726340000000e-03
5.009621600038372e+00	3.372162350000000e-03
5.056599800009280e+00	3.363710830000000e-03
5.087513300008141e+00	3.356604370000000e-03
5.119990900042467e+00	3.346232000000000e-03
5.150476200040430e+00	3.326640460000000e-03
5.213451200048439e+00	3.307048700000000e-03
5.259522799984552e+00	3.288609670000000e-03
5.305608500028029e+00	3.272091040000000e-03
5.352583500090986e+00	3.263447900000000e-03
5.384961300063878e+00	3.252883440000000e-03
5.415458400035277e+00	3.239246090000000e-03
5.447589099989273e+00	3.228490240000000e-03
5.495053500053473e+00	3.208706620000000e-03
5.527199800009839e+00	3.189882960000000e-03
5.557795200031251e+00	3.156846160000000e-03
5.604002100066282e+00	3.124577460000000e-03
5.650580300018191e+00	3.106138440000000e-03
5.681627099984325e+00	3.088467520000000e-03
5.713206100044772e+00	3.066570500000000e-03
5.759208300034516e+00	3.040064590000000e-03
5.805478100082837e+00	3.016439270000000e-03
5.851589400088415e+00	2.991661660000000e-03
5.913051299983636e+00	2.967652400000000e-03
5.960632100002840e+00	2.948444800000000e-03
5.991729800007306e+00	2.933462850000000e-03
6.024248200003058e+00	2.916175870000000e-03
6.053502900060266e+00	2.888517220000000e-03
6.101604300085455e+00	2.854519760000000e-03
6.149203900014982e+00	2.838577610000000e-03
6.211702200002037e+00	2.797089520000000e-03
6.258049100055359e+00	2.777881920000000e-03
6.289680100046098e+00	2.765397310000000e-03
6.319853199995123e+00	2.753680800000000e-03
6.351865399978124e+00	2.739082790000000e-03
6.398924699984491e+00	2.731015670000000e-03
6.445758600020781e+00	2.718531060000000e-03
6.476495800074190e+00	2.706429920000000e-03
6.509418100002222e+00	2.680115870000000e-03
6.553594500059262e+00	2.661868460000000e-03
6.585808300063945e+00	2.643045500000000e-03
6.616612700046971e+00	2.620956630000000e-03
6.647437700070441e+00	2.606551160000000e-03
6.678248699987307e+00	2.590224850000000e-03
6.709594700019807e+00	2.563142220000000e-03
6.756494999979623e+00	2.528952670000000e-03
6.803933400078677e+00	2.494379180000000e-03
6.850544000044465e+00	2.472866790000000e-03
6.881608200026676e+00	2.451546490000000e-03
6.912095200037584e+00	2.423695750000000e-03
6.957876400090754e+00	2.394692270000000e-03
7.005089099984616e+00	2.369146330000000e-03
7.053032000083476e+00	2.342639720000000e-03
7.099402700085193e+00	2.327465920000000e-03
7.146118100034073e+00	2.302111820000000e-03
7.177608300000429e+00	2.283864890000000e-03
7.208333600079641e+00	2.261199990000000e-03
7.255619900068268e+00	2.232196510000000e-03
7.301622500061058e+00	2.201848900000000e-03
7.348284400068223e+00	2.185330260000000e-03
7.410592900007032e+00	2.131741490000000e-03
7.457254000008106e+00	2.101585500000000e-03
7.489181500044651e+00	2.074887040000000e-03
7.520545599982142e+00	2.045691710000000e-03
7.552092900034040e+00	2.000554000000000e-03
7.599104400025681e+00	1.980002270000000e-03
7.646019799984060e+00	1.940626650000000e-03
7.678643400082365e+00	1.914120510000000e-03
7.707931700046174e+00	1.876089610000000e-03
7.754579700063914e+00	1.849967290000000e-03
7.786097700009122e+00	1.826534160000000e-03
7.816946799983270e+00	1.801372390000000e-03
7.848249700036831e+00	1.783893440000000e-03
7.909569800016470e+00	1.734338120000000e-03
7.956466000061482e+00	1.710712910000000e-03
8.002474599983543e+00	1.699380460000000e-03
8.049011600087397e+00	1.691697400000000e-03
8.080565300071612e+00	1.686127160000000e-03
8.111543099978007e+00	1.674986910000000e-03
8.158479599980637e+00	1.657892130000000e-03
8.205392000032589e+00	1.632154220000000e-03
8.252160000032745e+00	1.598156870000000e-03
8.299534299992956e+00	1.576260200000000e-03
8.345074700075202e+00	1.540150140000000e-03
8.375470699975267e+00	1.518829840000000e-03
8.406670300057158e+00	1.484256470000000e-03
8.452338200062513e+00	1.449490780000000e-03
8.500028599984944e+00	1.428554770000000e-03
8.547044400009327e+00	1.393404790000000e-03
8.577180400025100e+00	1.371124060000000e-03
8.607409300049767e+00	1.337511120000000e-03
8.653812600066885e+00	1.314462050000000e-03
8.684232200030237e+00	1.290068500000000e-03
8.715389600023627e+00	1.260681080000000e-03
8.746234600082971e+00	1.242049850000000e-03
8.776921499986202e+00	1.219384840000000e-03
8.807974499999546e+00	1.184619380000000e-03
8.854219000088051e+00	1.139481670000000e-03
8.900615200051107e+00	1.099721990000000e-03
8.948588600032963e+00	1.075520760000000e-03
8.979527199990116e+00	1.050743040000000e-03
9.010393499978818e+00	1.016169440000000e-03
9.057047000038438e+00	9.775625080000001e-04
9.103617600048892e+00	9.383792060000000e-04
9.150947200017981e+00	8.993877560000000e-04
9.197582400054671e+00	8.828692950000000e-04
9.244373399997130e+00	8.519454280000000e-04
9.275370900053531e+00	8.321615170000000e-04
9.306188500020653e+00	8.048868620000000e-04
9.355838500079699e+00	7.737707350000000e-04
9.399103000061586e+00	7.574443010000000e-04
9.461243400000967e+00	7.107700800000000e-04
9.507324100006372e+00	6.821509450000000e-04
9.555297099985182e+00	6.652484300000000e-04
9.586504900013097e+00	6.523792400000000e-04
9.617518000071868e+00	6.364370930000000e-04
9.648039499996230e+00	6.262572130000000e-04
9.694851199979894e+00	5.858879889999999e-04
9.788232300081290e+00	5.786150000000000e-04
9.819160300074145e+00	5.704209320000000e-04
9.851128100068308e+00	5.546470060000000e-04
9.896895100013353e+00	5.465488650000000e-04
9.927376599982381e+00	5.367621780000000e-04
9.957878799992613e+00	5.208346410000000e-04
1.000672870001290e+01	5.075362280000000e-04
1.003587220003828e+01	4.957153000000000e-04
1.006733730004635e+01	4.835105500000000e-04
1.009867059998214e+01	4.745297480000000e-04
1.014497040002607e+01	4.606556320000000e-04
1.017620540002827e+01	4.518859200000000e-04
1.020735360006802e+01	4.391822440000000e-04
1.025393970008008e+01	4.240223500000000e-04
1.030056830006652e+01	4.151758910000000e-04
1.033163160004187e+01	4.057537590000000e-04
1.036278870003298e+01	3.929925440000000e-04
1.040926280000713e+01	3.803081050000000e-04
1.045603460003622e+01	3.702143150000000e-04
1.050444990000688e+01	3.622313670000000e-04
1.055103630002122e+01	3.553614370000000e-04
1.061160780000500e+01	3.482804170000000e-04
1.064263320004102e+01	3.420245480000000e-04
1.067440900008660e+01	3.373806540000000e-04
1.070463490008842e+01	3.318539820000000e-04
1.075235030008480e+01	3.265959680000000e-04
1.081347000005189e+01	3.201098590000000e-04
1.086067369999364e+01	3.102846970000000e-04
1.090815969998948e+01	3.028774520000000e-04
1.093970610003453e+01	2.950480560000000e-04
1.096952630009037e+01	2.854723430000000e-04
1.100160529999994e+01	2.715406010000000e-04
1.104986630007625e+01	2.630971140000000e-04
1.109519710007589e+01	2.476493830000000e-04
1.112656290002633e+01	2.366536210000000e-04
1.115749520005193e+01	2.211866960000000e-04
1.120370240008924e+01	2.118796690000000e-04
1.123436150001362e+01	2.018050290000000e-04
1.126622160000261e+01	1.897155160000000e-04
1.129781650006771e+01	1.818093150000000e-04
1.135950130003039e+01	1.610651960000000e-04
1.140675269998610e+01	1.494937750000000e-04
1.145371200004593e+01	1.385940120000000e-04
1.150149920000695e+01	1.329714140000000e-04
1.153234100004192e+01	1.274447710000000e-04
1.156435700005386e+01	1.198264220000000e-04
1.161062010005116e+01	1.115172710000000e-04
1.165754779998679e+01	1.023829390000000e-04
1.170456240000203e+01	9.447677440000000e-05
1.175149210006930e+01	8.710788820000000e-05
1.179835330008063e+01	8.394158790000001e-05
1.182944970007520e+01	7.981578530000000e-05
1.186030400008895e+01	7.438509060000000e-05
1.190623950003646e+01	6.895438860000000e-05
1.195336320006754e+01	6.317827500000000e-05
1.199926770001184e+01	6.047252100000000e-05
1.204709010000806e+01	5.559832430000000e-05
1.207720529998187e+01	5.271986080000000e-05
1.210833399998955e+01	4.999492010000000e-05
1.214032820006832e+01	4.746186820000000e-05
1.217062180000357e+01	3.856487460000000e-05
1.227979559998494e+01	3.489543090000000e-05
1.231042340002023e+01	3.238445420000000e-05
1.234059610008262e+01	3.042101160000000e-05
1.237081470002886e+01	2.848830990000000e-05
1.240266550006345e+01	2.567186860000000e-05
1.244914869999047e+01	2.426556780000000e-05
1.249734240001999e+01	2.234438940000000e-05
1.252831239998341e+01	2.118208070000000e-05
1.255879600008484e+01	1.940883520000000e-05
1.260519270005170e+01	1.813125350000000e-05
1.263634650001768e+01	1.668076400000000e-05
1.266784820007160e+01	1.507274010000000e-05
1.269880540005397e+01	1.389698170000000e-05
1.274520850006957e+01	1.170492120000000e-05
1.277576029999182e+01	1.044270900000000e-05
1.280698400002439e+01	8.875028470000001e-06
1.285413500003051e+01	7.505231220000000e-06
1.290071000007447e+01	6.928879430000000e-06
1.293248940003105e+01	6.342919730000000e-06
1.296354969998356e+01	5.774251800000000e-06
1.301064710004721e+01	5.232480820000000e-06
1.305776380002499e+01	4.788689690000000e-06
1.310481689998414e+01	4.550463930000000e-06
1.315120800002478e+01	5.513762520000000e-06
1.329158110008575e+01	6.155637490000000e-06
1.332269439997617e+01	6.834884970000000e-06
1.335437880002428e+01	7.953927710000000e-06
1.340056680003181e+01	1.171644910000000e-05
1.352649050008040e+01	1.261363740000000e-05
1.355793770006858e+01	1.365491430000000e-05
1.359003229998052e+01	1.476535270000000e-05
1.361868750001304e+01	1.588732080000000e-05
1.364969650004059e+01	1.681332650000000e-05
1.369678990007378e+01	1.813317250000000e-05
1.372826950007584e+01	1.880942910000000e-05
1.375917109998409e+01	1.958942270000000e-05
1.380535220005549e+01	2.016193500000000e-05
1.383593050006311e+01	2.076518650000000e-05
1.386736070003826e+01	2.165084700000000e-05
1.389902690006420e+01	2.228675480000000e-05
1.398053970001638e+01	2.464403950000000e-05
1.400681829999667e+01	2.634619890000000e-05
1.405366309999954e+01	2.802530800000000e-05
1.410055039997678e+01	2.877456430000000e-05
1.413162800006103e+01	2.946811040000000e-05
1.416275560006034e+01	3.040564300000000e-05
1.420922940003220e+01	3.156219100000000e-05
1.425531160004903e+01	3.299346640000000e-05
1.430262950004544e+01	3.475710760000000e-05
1.435040200001094e+01	3.673015450000000e-05
1.441060350008775e+01	3.825556630000000e-05
1.444217030005530e+01	3.970029140000000e-05
1.447196190000977e+01	4.114693730000000e-05
1.450266040000133e+01	4.361372700000000e-05
1.454875030007679e+01	4.529091170000000e-05
1.461157820001245e+01	5.000931560000000e-05
1.465955770004075e+01	5.334063460000000e-05
1.470666330005042e+01	5.548467020000000e-05
1.473750619997736e+01	5.729633630000000e-05
1.476815060002264e+01	5.921175030000000e-05
1.479970880004112e+01	6.037982170000000e-05
1.484667850006372e+01	6.188602860000000e-05
1.487842720001936e+01	6.209350980000000e-05
1.491013840003870e+01	6.213001320000000e-05
1.495655530004296e+01	6.191484140000000e-05
1.500364620005712e+01	6.066992140000000e-05
1.503692470001988e+01	5.782082010000000e-05
1.506569870002568e+01	5.364994650000000e-05
1.511245890008286e+01	4.518716740000000e-05
1.515827860007994e+01	3.329893300000000e-05
1.520458140003029e+01	2.247502930000000e-05
1.525022600009106e+01	1.333599990000000e-05
1.529689200001303e+01	9.633893570000000e-06
1.532062630006112e+01	6.917351580000000e-06
1.535776300006546e+01	4.698394150000000e-06
1.540514510008506e+01	6.250704250000000e-06
1.545144520001486e+01	1.062714180000000e-05
1.549762230005581e+01	1.353195970000000e-05
1.554311269999016e+01	2.098611730000000e-05
1.557391749997623e+01	2.761609720000000e-05
1.560539160005283e+01	3.580798880000000e-05
1.563597619999200e+01	4.541194360000000e-05
1.566750009998213e+01	5.775165480000000e-05
1.569852169998921e+01	6.669665160000000e-05
1.575853440002538e+01	1.293445240000000e-04
1.588162870006636e+01	1.420865450000000e-04
1.591244700003881e+01	1.558072110000000e-04
1.594264340004884e+01	1.712357630000000e-04
1.597335790004581e+01	1.903679370000000e-04
1.600360270007513e+01	2.183657930000000e-04
1.605064220004715e+01	2.488775060000000e-04
1.609777120000217e+01	2.649777160000000e-04
1.614352430007420e+01	2.932442000000000e-04
1.617447209998500e+01	3.120118050000000e-04
1.620465129998047e+01	3.407772460000000e-04
1.625147670006845e+01	3.683720720000000e-04
1.629760569997597e+01	3.812868090000000e-04
1.634437300008722e+01	4.066364490000000e-04
1.637547760002781e+01	4.229477490000000e-04
1.640672800003085e+01	4.486236430000000e-04
1.645163790008519e+01	4.667963370000000e-04
1.648295720003080e+01	4.869264080000000e-04
1.651380740001332e+01	5.143676540000000e-04
1.656134390004445e+01	5.510201440000000e-04
1.659856020007282e+01	5.683485070000000e-04
1.665365970006678e+01	6.089732630000000e-04
1.670038020005450e+01	6.324038840000000e-04
1.674757530004717e+01	6.450116050000000e-04
1.677931810007431e+01	6.619945050000000e-04
1.681135019997600e+01	6.869987120000001e-04
1.685840510006528e+01	7.166085420000000e-04
1.690344520006329e+01	7.434741710000000e-04
1.695092319999821e+01	7.716063410000000e-04
1.701254570006859e+01	7.985487460000000e-04
1.705958940007258e+01	8.187939530000000e-04
1.709152660006657e+01	8.343760860000000e-04
1.712208830006421e+01	9.157141900000000e-04
1.726055120001547e+01	9.245496480000000e-04
1.729039420001209e+01	9.328089650000000e-04
1.732277530001011e+01	9.439492130000000e-04
1.735372070001904e+01	9.612360150000000e-04
1.740058700006921e+01	9.729525770000000e-04
1.743139809998684e+01	9.839008560000001e-04
1.746231660002377e+01	9.992668640000000e-04
1.750982630008366e+01	1.019626860000000e-03
1.755771880003158e+01	1.042867890000000e-03
1.760225240001455e+01	1.061883520000000e-03
1.764954120002221e+01	1.073984080000000e-03
1.769718040002044e+01	1.090502600000000e-03
1.772798010008410e+01	1.102411190000000e-03
1.775883870001417e+01	1.119121680000000e-03
1.780572669999674e+01	1.134871970000000e-03
1.785179019998759e+01	1.152926940000000e-03
1.789881370007060e+01	1.161570310000000e-03
1.794636920001358e+01	1.180201540000000e-03
1.797764390008524e+01	1.194991290000000e-03
1.800878770009149e+01	1.210165330000000e-03
1.803996630001348e+01	1.223034230000000e-03
1.807071140001062e+01	1.236095560000000e-03
1.810154549998697e+01	1.253574390000000e-03
1.814806500007398e+01	1.260488990000000e-03
1.820957449998241e+01	1.279120220000000e-03
1.825687620008830e+01	1.288724020000000e-03
1.830315150006209e+01	1.295830710000000e-03
1.833459600002971e+01	1.302169290000000e-03
1.836587680003140e+01	1.313885910000000e-03
1.841267450002488e+01	1.331364740000000e-03
1.845900700008497e+01	1.363249030000000e-03
1.850640870002098e+01	1.405121410000000e-03
1.855350100004580e+01	1.444688880000000e-03
1.860110970004462e+01	1.460823350000000e-03
1.863195740000810e+01	1.476957460000000e-03
1.866329840000253e+01	1.495588690000000e-03
1.871005860005971e+01	1.519790150000000e-03
1.875670030002948e+01	1.556092520000000e-03
1.880384840001352e+01	1.589897550000000e-03
1.885080960008781e+01	1.625431590000000e-03
1.891260919999331e+01	1.651361820000000e-03
1.894368410005700e+01	1.669608760000000e-03
1.897464200004470e+01	1.688240210000000e-03
1.900518650002778e+01	1.712825730000000e-03
1.905177770007867e+01	1.737603340000000e-03
1.909991770004854e+01	1.748935790000000e-03
1.914635130006354e+01	1.771408600000000e-03
1.917770140001085e+01	1.786966690000000e-03
1.920920919999480e+01	1.801180300000000e-03
1.924058179999702e+01	1.818466930000000e-03
1.927063040004577e+01	1.835945760000000e-03
1.930160430003889e+01	1.865333410000000e-03
1.934882319997996e+01	1.881851810000000e-03
1.941165760008153e+01	1.926413160000000e-03
1.945742390002124e+01	1.953111730000000e-03
1.950446359999478e+01	1.970782640000000e-03
1.953543000004720e+01	1.985379960000000e-03
1.956731379998382e+01	2.000938170000000e-03
1.959877919999417e+01	2.011310540000000e-03
1.964485560008325e+01	2.032630840000000e-03
1.967570060002618e+01	2.049149010000000e-03
1.970684840006288e+01	2.076615810000000e-03
1.975391179998405e+01	2.106387630000000e-03
1.980056490004063e+01	2.120217080000000e-03
1.983156329998747e+01	2.138080080000000e-03
1.986160740000196e+01	2.162857680000000e-03
1.990856060001533e+01	2.188979880000000e-03
1.995526820002124e+01	2.214717680000000e-03
2.000162940006703e+01	2.237574660000000e-03
2.004894640005659e+01	2.250828080000000e-03
2.009581770002842e+01	2.271571900000000e-03
2.012679270002991e+01	2.284633000000000e-03
2.015761280001607e+01	2.312484200000000e-03
2.020375330001116e+01	2.338990340000000e-03
2.025054370006546e+01	2.364920690000000e-03
2.029796850006096e+01	2.378174100000000e-03
2.034420470008627e+01	2.404872100000000e-03
2.037542370008305e+01	2.425808460000000e-03
2.040652389999013e+01	2.445784160000000e-03
2.043669000000227e+01	2.463262990000000e-03
2.046807539998554e+01	2.483815190000000e-03
2.049814020004123e+01	2.499565250000000e-03
2.054452420002781e+01	2.521461810000000e-03
2.057595199998468e+01	2.537019780000000e-03
2.060752880002838e+01	2.561605540000000e-03
2.065369050006848e+01	2.587343570000000e-03
2.070098269998562e+01	2.600788840000000e-03
2.073204899998382e+01	2.616346810000000e-03
2.076368139998522e+01	2.636514600000000e-03
2.081068150000647e+01	2.657642820000000e-03
2.085774630005471e+01	2.682420660000000e-03
2.090313560003415e+01	2.703933050000000e-03
2.094957810000051e+01	2.718531060000000e-03
2.101055010000709e+01	2.755409110000000e-03
2.104263679997530e+01	2.775961300000000e-03
2.107520219997969e+01	2.800547050000000e-03
2.110468280001078e+01	2.837040930000000e-03
2.115105119999498e+01	2.878337400000000e-03
2.121266459999606e+01	2.909261500000000e-03
2.125953210005537e+01	2.936343660000000e-03
2.130617070000153e+01	2.952286280000000e-03
2.133632170001511e+01	2.966691740000000e-03
2.136774730007164e+01	2.983017820000000e-03
2.139932800002862e+01	2.994350390000000e-03
2.144606280000880e+01	3.012405710000000e-03
2.147719640005380e+01	3.025082640000000e-03
2.150900740001816e+01	3.039488340000000e-03
2.155445180006791e+01	3.066378650000000e-03
2.160142690001521e+01	3.082897280000000e-03
2.163234720006585e+01	3.098839430000000e-03
2.166354320000391e+01	3.119775790000000e-03
2.171105040004477e+01	3.141864200000000e-03
2.175762090005446e+01	3.159726970000000e-03
2.180460530007258e+01	3.173940820000000e-03
2.185140610008966e+01	3.191995900000000e-03
2.189847050001845e+01	3.199102820000000e-03
2.192966040002648e+01	3.209090560000000e-03
2.196162860002369e+01	3.221767260000000e-03
2.200679720006883e+01	3.235020670000000e-03
2.205467079998925e+01	3.249041970000000e-03
2.210199850006029e+01	3.262871410000000e-03
2.214682400005404e+01	3.269402080000000e-03
2.217874200001825e+01	3.274972320000000e-03
2.220960050006397e+01	3.281118810000000e-03
2.224156830005813e+01	3.286112570000000e-03
2.227380060008727e+01	3.291490720000000e-03
2.230252560006920e+01	3.299941770000000e-03
2.234887860005256e+01	3.307048700000000e-03
2.241065199999139e+01	3.326448380000000e-03
2.245777770003770e+01	3.341814270000000e-03
2.250570940005127e+01	3.349881390000000e-03
2.253606589999981e+01	3.357372480000000e-03
2.256665719999000e+01	3.362174150000000e-03
2.261267370008864e+01	3.369857090000000e-03
2.266060790000483e+01	3.378116760000000e-03
2.270741550007369e+01	3.385607150000000e-03
2.275366960000247e+01	3.392714080000000e-03
2.280048470001202e+01	3.395210950000000e-03
2.283191190008074e+01	3.399821230000000e-03
2.286358390003443e+01	3.404622900000000e-03
2.291007800004445e+01	3.411345650000000e-03
2.295749130006880e+01	3.417684000000000e-03
2.300386479997542e+01	3.420565040000000e-03
2.305104130005930e+01	3.422485660000000e-03
2.311326920008287e+01	3.422101730000000e-03
2.314387690008152e+01	3.422485660000000e-03
2.317551670002285e+01	3.422485660000000e-03
2.320581620000303e+01	3.421717560000000e-03
2.325149809999857e+01	3.418644190000000e-03
2.329823509999551e+01	3.419028600000000e-03
2.334426909999456e+01	3.413650440000000e-03
2.337573720002547e+01	3.410193140000000e-03
2.340624020004179e+01	3.405391470000000e-03
2.343723370006774e+01	3.400781190000000e-03
2.346855200000573e+01	3.397324360000000e-03
2.349995129997842e+01	3.393098250000000e-03
2.354824390006252e+01	3.390601370000000e-03
2.361100270005409e+01	3.378116760000000e-03
2.365708380006254e+01	3.369088980000000e-03
2.370336510008201e+01	3.365247510000000e-03
2.373424110002816e+01	3.359869360000000e-03
2.376547970005777e+01	3.352378260000000e-03
2.381168240006082e+01	3.343735120000000e-03
2.385898959997576e+01	3.335668010000000e-03
2.390564630005974e+01	3.326832320000000e-03
2.395180889999028e+01	3.323951500000000e-03
2.399886709998827e+01	3.324911700000000e-03
2.402965909999330e+01	3.329905680000000e-03
2.406162629998289e+01	3.345463890000000e-03
2.410824199998751e+01	3.363326660000000e-03
2.415357580001000e+01	3.384263020000000e-03
2.420057620003354e+01	3.403470620000000e-03
2.424791370006278e+01	3.412497930000000e-03
2.429584720009007e+01	3.420565040000000e-03
2.432613290008157e+01	3.422870300000000e-03
2.435723239998333e+01	3.419604850000000e-03
2.440358070004731e+01	3.415571290000000e-03
2.445060159999412e+01	3.411345650000000e-03
2.449843330006115e+01	3.410001050000000e-03
2.454463060002308e+01	3.405006840000000e-03
2.457620540005155e+01	3.403085980000000e-03
2.460802020004485e+01	3.397131800000000e-03
2.463817579997703e+01	3.393290330000000e-03
2.466835639998317e+01	3.388680750000000e-03
2.469872720004059e+01	3.386567810000000e-03
2.474468240002170e+01	3.378308840000000e-03
2.477624440006912e+01	3.373314630000000e-03
2.480760050006211e+01	3.365823530000000e-03
2.485501469997689e+01	3.357372480000000e-03
2.490077559999190e+01	3.351226220000000e-03
2.493211330007762e+01	3.342006360000000e-03
2.496340170002077e+01	3.328945250000000e-03
2.500947669998277e+01	3.317805240000000e-03
2.505614390003029e+01	3.303975800000000e-03
2.510261170007288e+01	3.292066740000000e-03
2.515143670001999e+01	3.276124600000000e-03
2.521232370007783e+01	3.264408090000000e-03
2.524349560006522e+01	3.256724910000000e-03
2.527438740001526e+01	3.246545090000000e-03
2.530568760004826e+01	3.231179200000000e-03
2.535147630004212e+01	3.204480510000000e-03
2.541367869998794e+01	3.175669580000000e-03
2.545961470005568e+01	3.141480030000000e-03
2.550575880007818e+01	3.122272440000000e-03
2.553583710000385e+01	3.108059060000000e-03
2.556779080000706e+01	3.090580230000000e-03
2.560062570008449e+01	3.070604520000000e-03
2.564631750003900e+01	3.061192810000000e-03
2.567755989998113e+01	3.049476310000000e-03
2.570942159998231e+01	3.036799140000000e-03
2.575504660001025e+01	3.018936140000000e-03
2.580169430002570e+01	3.011829220000000e-03
2.583290050004143e+01	3.004914850000000e-03
2.586369300005026e+01	2.993198340000000e-03
2.591016099997796e+01	2.978216160000000e-03
2.595701200002804e+01	2.959008790000000e-03
2.600371930003166e+01	2.932118020000000e-03
2.605115190008655e+01	2.898889130000000e-03
2.611337819998153e+01	2.876416550000000e-03
2.614496770000551e+01	2.856440610000000e-03
2.617628820007667e+01	2.837809500000000e-03
2.620783050009049e+01	2.808230000000000e-03
2.625338150002062e+01	2.775769220000000e-03
2.630060469999444e+01	2.744269090000000e-03
2.634669100004248e+01	2.728518800000000e-03
2.637722470005974e+01	2.707198500000000e-03
2.640871160000097e+01	2.685109620000000e-03
2.644055400008801e+01	2.659563670000000e-03
2.647140000003856e+01	2.633441710000000e-03
2.650164660008159e+01	2.595218600000000e-03
2.654869189998135e+01	2.578315790000000e-03
2.661191320000216e+01	2.537211870000000e-03
2.665730409999378e+01	2.511858010000000e-03
2.670333400007803e+01	2.494955670000000e-03
2.673403360007796e+01	2.479205140000000e-03
2.676468790008221e+01	2.455771900000000e-03
2.681162460008636e+01	2.425040350000000e-03
2.685789950005710e+01	2.388737860000000e-03
2.690398699999787e+01	2.358774420000000e-03
2.695108440006152e+01	2.327465920000000e-03
2.699752880004235e+01	2.314020880000000e-03
2.702938950003590e+01	2.295389540000000e-03
2.705975720006973e+01	2.271379810000000e-03
2.710555219999515e+01	2.236998640000000e-03
2.715171850007027e+01	2.194934060000000e-03
2.719902499997988e+01	2.176110630000000e-03
2.724559449998196e+01	2.135390650000000e-03
2.727669359999709e+01	2.108115940000000e-03
2.730782930005807e+01	2.081417940000000e-03
2.733854680007789e+01	2.055872000000000e-03
2.736900459998287e+01	2.022642640000000e-03
2.739907200005837e+01	2.000746080000000e-03
2.744577450002544e+01	1.959642160000000e-03
2.747773160005454e+01	1.931214820000000e-03
2.750951210001949e+01	1.897025740000000e-03
2.755706420005299e+01	1.855729610000000e-03
2.760342800000217e+01	1.831144090000000e-03
2.763476400007494e+01	1.804253440000000e-03
2.766641379997600e+01	1.774097680000000e-03
2.769786309998017e+01	1.757002900000000e-03
2.774354890000541e+01	1.721469100000000e-03
2.777427599998191e+01	1.697843780000000e-03
2.780603119998705e+01	1.665383110000000e-03
2.785262850008439e+01	1.632538270000000e-03
2.789871410001069e+01	1.616404160000000e-03
2.792927159997635e+01	1.597964900000000e-03
2.796061090007424e+01	1.573379150000000e-03
2.800739729998168e+01	1.542070880000000e-03
2.805381980002858e+01	1.505768860000000e-03
2.810158230003435e+01	1.469082430000000e-03
2.814750429999549e+01	1.448914530000000e-03
2.820940950000659e+01	1.402240250000000e-03
2.824001459998544e+01	1.380151720000000e-03
2.827222060004715e+01	1.352300750000000e-03
2.830262640002184e+01	1.306202840000000e-03
2.834987320005894e+01	1.260488990000000e-03
2.841064600006212e+01	1.223610600000000e-03
2.845755270007066e+01	1.190189390000000e-03
2.850427650008351e+01	1.168292950000000e-03
2.853428959997837e+01	1.146396270000000e-03
2.856787200004328e+01	1.119313880000000e-03
2.859823140001390e+01	1.103947870000000e-03
2.864455550001003e+01	1.074752420000000e-03
2.867576730006840e+01	1.054392430000000e-03
2.870723020005971e+01	1.023084270000000e-03
2.875298940006178e+01	9.898551510000000e-04
2.879955560003873e+01	9.739129450000000e-04
2.883112740004435e+01	9.545133800000000e-04
2.886162720003631e+01	9.297358340000000e-04
2.890852330008056e+01	9.013085510000000e-04
2.895461730007082e+01	8.703846250000000e-04
2.900228810007684e+01	8.450307070000000e-04
2.904907519998960e+01	8.302407800000000e-04
2.909891410009004e+01	8.054631760000000e-04
2.912780390004627e+01	7.912495640000000e-04
2.915880380000453e+01	7.647432500000000e-04
2.920521450007800e+01	7.368922820000000e-04
2.925161979999393e+01	7.107700800000000e-04
2.929856420005672e+01	6.965566430000000e-04
2.934480700001586e+01	6.740838870000001e-04
2.937560110003687e+01	6.602545040000000e-04
2.940712980006356e+01	6.464249450000000e-04
2.943798210006207e+01	6.327876470000000e-04
2.946881019999273e+01	5.763698720000000e-04
2.957750560005661e+01	5.575063410000000e-04
2.960939280001912e+01	5.400819940000000e-04
2.963836510002147e+01	5.258624439999999e-04
2.966845230001491e+01	5.104529550000000e-04
2.969952550006565e+01	4.982291140000000e-04
2.974686309997924e+01	4.762569150000000e-04
2.977790340001229e+01	4.631118790000000e-04
2.980833899998106e+01	4.468198170000000e-04
2.985528920008801e+01	4.293187520000000e-04
2.990164709999226e+01	4.194936190000000e-04
2.993217250006273e+01	4.085362310000000e-04
2.996350010007154e+01	3.936066350000000e-04
3.000959130004048e+01	3.786578020000000e-04
3.006023499998264e+01	3.660885270000000e-04
3.010538409999572e+01	3.541524930000000e-04
3.015251749998424e+01	3.435213880000000e-04
3.019946570007596e+01	3.386663740000000e-04
3.023080130002927e+01	3.319307290000000e-04
3.026154680002946e+01	3.239478100000000e-04
3.030806010006927e+01	3.160416380000000e-04
3.035451950004790e+01	3.084040950000000e-04
3.040253359999042e+01	3.023593160000000e-04
3.044753710005898e+01	2.991930520000000e-04
3.050927819998469e+01	2.903273560000000e-04
3.054068480001297e+01	2.858945230000000e-04
3.057151680008974e+01	2.816536000000000e-04
3.060254270001315e+01	2.747069230000000e-04
3.065054890001193e+01	2.640949680000000e-04
3.069699540000875e+01	2.590097140000000e-04
3.072722890006844e+01	2.532527720000000e-04
3.075861330004409e+01	2.442527620000000e-04
3.080520750000142e+01	2.378817880000000e-04
3.083589800004847e+01	2.312229340000000e-04
3.086682630004361e+01	2.230672840000000e-04
3.089855260006152e+01	2.173679240000000e-04
3.094525880005676e+01	2.066216840000000e-04
3.097581149998587e+01	1.998668740000000e-04
3.100729340000544e+01	1.902911750000000e-04
3.105347899999470e+01	1.802933260000000e-04
3.110052249999717e+01	1.756494020000000e-04
3.113162490003742e+01	1.709479110000000e-04
3.116262680001091e+01	1.632528290000000e-04
3.120912060001865e+01	1.540801310000000e-04
3.125649370008614e+01	1.423935610000000e-04
3.130264760006685e+01	1.280204310000000e-04
3.134910120000131e+01	1.197304880000000e-04
3.141164870001376e+01	1.025172680000000e-04
3.144204310001805e+01	9.537868750000000e-05
3.147407250001561e+01	8.712708950000000e-05
3.150534889998380e+01	7.415481380000000e-05
3.155141289997846e+01	6.035737900000000e-05
3.159802550007589e+01	5.506100570000000e-05
3.164381440007128e+01	4.709725910000000e-05
3.167494140006602e+01	4.243414880000000e-05
3.170569630002137e+01	3.803970320000000e-05
3.173744400008582e+01	3.383715010000000e-05
3.176877950003836e+01	2.905889960000000e-05
3.180059160001110e+01	1.572594190000000e-05
3.194202850002330e+01	1.284994140000000e-05
3.197262140002567e+01	1.052339850000000e-05
3.200353750004433e+01	7.935575010000000e-06
3.205006749997847e+01	6.381342700000000e-06
3.211258509999607e+01	5.555238200000000e-06
3.215848740004003e+01	4.994255510000000e-06
3.220513450005092e+01	4.788689690000000e-06
3.223612150002737e+01	4.615784290000000e-06
3.226741329999641e+01	4.510119200000000e-06
3.229840950004291e+01	4.475538390000000e-06
3.234465950005688e+01	4.594101940000000e-06
3.245438290003221e+01	4.677129710000000e-06
3.248507460008841e+01	4.815829930000000e-06
3.251576049998403e+01	5.035439240000000e-06
3.254699190007523e+01	5.177607360000000e-06
3.257881199999247e+01	5.356954260000000e-06
3.260982610005885e+01	5.513955780000000e-06
3.263978770002723e+01	5.678662550000000e-06
3.267121970001608e+01	5.921195220000000e-06
3.270266670000274e+01	6.487362950000000e-06
3.275175920000765e+01	7.268708940000000e-06
3.281162320007570e+01	8.168528440000000e-06
3.285898420005105e+01	1.123423230000000e-05
3.296867299999576e+01	1.200078260000000e-05
3.299955349997617e+01	1.288068050000000e-05
3.303113830008078e+01	1.383742530000000e-05
3.306162030005362e+01	1.531673120000000e-05
3.311016290006228e+01	1.776622780000000e-05
3.315595130005386e+01	2.205045170000000e-05
3.320263319998048e+01	2.719919940000000e-05
3.324929180007894e+01	3.064771230000000e-05
3.329651410004590e+01	3.610193020000000e-05
3.332786140008830e+01	3.869359350000000e-05
3.335895650007296e+01	4.188274400000000e-05
3.340402300003916e+01	4.494125460000000e-05
3.345003160007764e+01	4.878552860000000e-05
3.349684100004379e+01	5.121966390000000e-05
3.352734810009133e+01	5.428009540000000e-05
3.355806180008221e+01	5.890244210000000e-05
3.360495730000548e+01	6.120593030000001e-05
3.363517630007118e+01	6.359587129999999e-05
3.366662470006850e+01	6.754196509999999e-05
3.369824769999832e+01	7.059087510000001e-05
3.374614010006189e+01	7.585297860000000e-05
3.377689790003933e+01	8.004305710000000e-05
3.380836909997743e+01	9.131045950000000e-05
3.394540199998301e+01	9.063880129999999e-05
3.397648210008629e+01	9.042771130000000e-05
3.400722660007887e+01	9.029338980000000e-05
3.405453750002198e+01	9.023582239999999e-05
3.410202120000031e+01	9.019745630000000e-05
3.414903640002012e+01	9.019745630000000e-05
3.417956560000312e+01	8.994797099999999e-05
3.421065400005318e+01	8.645544590000000e-05
3.425703229999635e+01	7.613134950000001e-05
3.430372460000217e+01	6.129767280000000e-05
3.435119339998346e+01	4.527423150000000e-05
3.441260470007546e+01	3.473906690000000e-05
3.445901850005612e+01	2.905889960000000e-05
3.448954840004444e+01	2.525932360000000e-05
3.451956460007932e+01	2.170921650000000e-05
3.455136540008243e+01	7.142129560000000e-06
3.469160630006809e+01	5.178688300000000e-06
3.472355290001724e+01	4.925093440000000e-06
3.475412200007122e+01	1.108822470000000e-05
3.480057269998360e+01	2.338566810000000e-05
3.484776090004016e+01	3.123751230000000e-05
3.491008840000723e+01	5.385167240000000e-05
3.494131860008929e+01	6.779171960000001e-05
3.497260290000122e+01	8.492667980000000e-05
3.500327139999717e+01	1.479202330000000e-04
3.511461749998853e+01	1.752847890000000e-04
3.514454440004192e+01	1.977560020000000e-04
3.517527430003975e+01	2.214745470000000e-04
3.520646590006072e+01	2.530416820000000e-04
3.525262490008026e+01	2.725768430000000e-04
3.528435460000765e+01	2.929371840000000e-04
3.531507930008229e+01	3.178646440000000e-04
3.534700349997729e+01	3.357687090000000e-04
3.537840709998272e+01	3.592953140000000e-04
3.540956340008415e+01	3.937409200000000e-04
3.545654679997824e+01	4.357089640000000e-04
3.550226540002041e+01	4.787707290000000e-04
3.554975390003528e+01	5.052717170000000e-04
3.558069910004269e+01	5.281843480000000e-04
3.561158240004443e+01	5.581778820000000e-04
3.566041850007605e+01	5.911267360000000e-04
3.570559510006569e+01	6.214081080000001e-04
3.575230210006703e+01	6.490221710000000e-04
3.579941410000902e+01	6.633761220000000e-04
3.584589840006083e+01	6.917002030000000e-04
3.587727340008132e+01	7.114273030000000e-04
3.590911260002758e+01	7.433014690000000e-04
3.595630760001950e+01	7.825253410000000e-04
3.600262440007646e+01	8.124805170000000e-04
3.605058220005594e+01	8.385210530000000e-04
3.609752529999241e+01	8.497278320000000e-04
3.614484770002309e+01	9.093758420000000e-04
3.622299929999281e+01	9.224368260000000e-04
3.625419720006175e+01	9.508638760000000e-04
3.628545259998646e+01	9.775625080000001e-04
3.631596859998535e+01	1.005413240000000e-03
3.634718060004525e+01	1.022315930000000e-03
3.641056049999315e+01	1.072639720000000e-03
3.645670900004916e+01	1.107213090000000e-03
3.650319920002948e+01	1.128149340000000e-03
3.653438470000401e+01	1.150814120000000e-03
3.656568310002331e+01	1.184427300000000e-03
3.661247849999927e+01	1.228412500000000e-03
3.665940540004522e+01	1.279120220000000e-03
3.670654640009161e+01	1.336166640000000e-03
3.675234000000637e+01	1.404353300000000e-03
3.679798969998956e+01	1.433932690000000e-03
3.682866580004338e+01	1.464280530000000e-03
3.685909350006841e+01	1.505384800000000e-03
3.690512100001797e+01	1.548409460000000e-03
3.695161390001886e+01	1.603534910000000e-03
3.699971130001359e+01	1.660005190000000e-03
3.706059570005164e+01	1.729344250000000e-03
3.710715030005667e+01	1.781972710000000e-03
3.713886230008211e+01	1.824229140000000e-03
3.717070700007025e+01	1.863028390000000e-03
3.720054330001585e+01	1.908358300000000e-03
3.724657449999359e+01	1.931407370000000e-03
3.727856670005713e+01	1.959834250000000e-03
3.730971429997589e+01	1.995944420000000e-03
3.735723199998029e+01	2.045115460000000e-03
3.740273139998317e+01	2.073542910000000e-03
3.743299910007045e+01	2.104274460000000e-03
3.746380240004510e+01	2.139424670000000e-03
3.751029510004446e+01	2.181872960000000e-03
3.755629680003040e+01	2.236806550000000e-03
3.760223890002817e+01	2.292700110000000e-03
3.765055210003629e+01	2.338030140000000e-03
3.769747600005940e+01	2.354932950000000e-03
3.772849750006571e+01	2.374332630000000e-03
3.775961549999192e+01	2.405832750000000e-03
3.780650860001333e+01	2.445016060000000e-03
3.785362010006793e+01	2.488424770000000e-03
3.789985200006049e+01	2.522998490000000e-03
3.794843610003591e+01	2.540669170000000e-03
3.800938330008648e+01	2.576587490000000e-03
3.804100800002925e+01	2.597715470000000e-03
3.807162800000515e+01	2.618075580000000e-03
3.810363520006649e+01	2.649191770000000e-03
3.815279269998427e+01	2.683957340000000e-03
3.819841900002211e+01	2.700859680000000e-03
3.824486640002578e+01	2.728902970000000e-03
3.827618510008324e+01	2.749262610000000e-03
3.830724840005860e+01	2.768854380000000e-03
3.833720569999423e+01	2.787677800000000e-03
3.836822900001425e+01	2.812647730000000e-03
3.839974780008197e+01	2.840114290000000e-03
3.844675360003021e+01	2.854904160000000e-03
3.847704640007578e+01	2.869693800000000e-03
3.850884440005757e+01	2.890053900000000e-03
3.855580209998880e+01	2.915023830000000e-03
3.860166929999832e+01	2.929045120000000e-03
3.863492129999213e+01	2.946523950000000e-03
3.866555160004646e+01	2.964770890000000e-03
3.869744600006379e+01	2.973798660000000e-03
3.874395050003659e+01	2.990124980000000e-03
3.877533800003584e+01	3.000689200000000e-03
3.880670559999999e+01	3.017207370000000e-03
3.885311540006660e+01	3.033149520000000e-03
3.890059229999315e+01	3.041024790000000e-03
3.893154140003026e+01	3.051396930000000e-03
3.896286279999185e+01	3.065418450000000e-03
3.900999950000551e+01	3.077903060000000e-03
3.905718040000647e+01	3.093269190000000e-03
3.910346180002671e+01	3.109019250000000e-03
3.915076600003522e+01	3.122848690000000e-03
3.921370950003620e+01	3.131300210000000e-03
3.924479530006647e+01	3.138022730000000e-03
3.927641540009063e+01	3.144745480000000e-03
3.930789539997932e+01	3.153004680000000e-03
3.935408690001350e+01	3.163376590000000e-03
3.940046270005405e+01	3.172596220000000e-03
3.944707110000309e+01	3.178358540000000e-03
3.949329490005039e+01	3.187770260000000e-03
3.952401380008087e+01	3.194876710000000e-03
3.955490370001644e+01	3.205825110000000e-03
3.960149879998062e+01	3.211779520000000e-03
3.964924380008597e+01	3.215044970000000e-03
3.970937480009161e+01	3.225032710000000e-03
3.975584510003682e+01	3.231947310000000e-03
3.980226620007306e+01	3.236365270000000e-03
3.983259590005036e+01	3.239054230000000e-03
3.986359980003908e+01	3.243471730000000e-03
3.991051200008951e+01	3.243856360000000e-03
3.995756460004486e+01	3.247505290000000e-03
4.000469870003872e+01	3.249426140000000e-03
4.005007100000512e+01	3.253844100000000e-03
4.009695180004928e+01	3.254228270000000e-03
4.012822690000758e+01	3.254420120000000e-03
4.015820499998517e+01	3.255764950000000e-03
4.020463330007624e+01	3.257301640000000e-03
4.025056150008459e+01	3.260182450000000e-03
4.029730169998948e+01	3.262295150000000e-03
4.034355340001639e+01	3.267673540000000e-03
4.037546780006960e+01	3.274011890000000e-03
4.040639300004113e+01	3.280350240000000e-03
4.043682240007911e+01	3.286304420000000e-03
4.046827840001788e+01	3.295332190000000e-03
4.049885079998057e+01	3.300710350000000e-03
4.054626329999883e+01	3.311466430000000e-03
4.057688020006754e+01	3.319725860000000e-03
4.060774080001283e+01	3.331057960000000e-03
4.065289040002972e+01	3.348152850000000e-03
4.069947770005092e+01	3.354683520000000e-03
4.073063390003517e+01	3.363710830000000e-03
4.076239070005249e+01	3.372738600000000e-03
4.080872299999464e+01	3.379268800000000e-03
4.085564369999338e+01	3.385799700000000e-03
4.090129710000474e+01	3.392138050000000e-03
4.094750070001464e+01	3.393482650000000e-03
4.099515279999468e+01	3.398860570000000e-03
4.102605920005590e+01	3.398476400000000e-03
4.105680620006751e+01	3.401165360000000e-03
4.110264260007534e+01	3.404238730000000e-03
4.115103780000936e+01	3.405583320000000e-03
4.121267220005393e+01	3.405583320000000e-03
4.125885209999979e+01	3.406159580000000e-03
4.130649580003228e+01	3.407120010000000e-03
4.133645140007138e+01	3.408080200000000e-03
4.136744890001137e+01	3.408656220000000e-03
4.141458810004406e+01	3.408272290000000e-03
4.144548150000628e+01	3.409424800000000e-03
4.147687920008320e+01	3.409040860000000e-03
4.150833470001817e+01	3.409232940000000e-03
4.155414390005171e+01	3.408848310000000e-03
4.160052710003220e+01	3.408848310000000e-03
4.163164040003903e+01	3.408848310000000e-03
4.166375800000969e+01	3.406543520000000e-03
4.171027839998715e+01	3.401933940000000e-03
4.175670410005841e+01	3.393866820000000e-03
4.180761020001955e+01	3.383302360000000e-03
4.185036350006703e+01	3.375043390000000e-03
4.189714860008098e+01	3.372546520000000e-03
4.192855250008870e+01	3.369665010000000e-03
4.195959360001143e+01	3.363518740000000e-03
4.200676560006104e+01	3.357372480000000e-03
4.205310100002680e+01	3.349689530000000e-03
4.209957419999409e+01	3.347000570000000e-03
4.214781540003605e+01	3.343351190000000e-03
4.221287590009160e+01	3.340085740000000e-03
4.224325609998778e+01	3.339125540000000e-03
4.227416270005051e+01	3.336244030000000e-03
4.230529550008941e+01	3.328561080000000e-03
4.235220309998840e+01	3.309737660000000e-03
4.239891870005522e+01	3.300902430000000e-03
4.244552200008184e+01	3.288417820000000e-03
4.247674100007862e+01	3.283423600000000e-03
4.250770289998036e+01	3.282462950000000e-03
4.253851470001973e+01	3.280542330000000e-03
4.257059460005257e+01	3.276508770000000e-03
4.260139359999448e+01	3.273051700000000e-03
4.264805160008837e+01	3.270170420000000e-03
4.269471810001414e+01	3.266328710000000e-03
4.272662129998207e+01	3.264792030000000e-03
4.275783320004120e+01	3.263255810000000e-03
4.280458200001158e+01	3.264023920000000e-03
4.283553939999547e+01	3.264984120000000e-03
4.286734040000010e+01	3.276124600000000e-03
4.291338659997564e+01	3.294948020000000e-03
4.295955790008884e+01	3.328753170000000e-03
4.300548190006521e+01	3.366592110000000e-03
4.305145899998024e+01	3.399052660000000e-03
4.309878860006575e+01	3.407888110000000e-03
4.313138300005812e+01	3.409424800000000e-03
4.316157320002094e+01	3.399052660000000e-03
4.320727100002114e+01	3.377732120000000e-03
4.325223019998521e+01	3.347576600000000e-03
4.329953540000133e+01	3.329713830000000e-03
4.334677890001331e+01	3.303783250000000e-03
4.338020980008878e+01	3.282462950000000e-03
4.340837710001506e+01	3.263639980000000e-03
4.343921610002872e+01	3.244816330000000e-03
4.347422790003475e+01	3.220615210000000e-03
4.350138839997817e+01	3.176437690000000e-03
4.354748280008789e+01	3.156654070000000e-03
4.360926030005794e+01	3.110748020000000e-03
4.365753259998746e+01	3.079823920000000e-03
4.370253630005755e+01	3.056198590000000e-03
4.373394589999225e+01	3.022585760000000e-03
4.376496940001380e+01	2.972838000000000e-03
4.381145729997661e+01	2.918096720000000e-03
4.385808160004672e+01	2.860474170000000e-03
4.390382480004337e+01	2.810150850000000e-03
4.395020700001623e+01	2.760019150000000e-03
4.401253000006545e+01	2.720835850000000e-03
4.404364530008752e+01	2.691832370000000e-03
4.407620160002261e+01	2.661868460000000e-03
4.410536100005265e+01	2.618459750000000e-03
4.415748920000624e+01	2.568135970000000e-03
4.419938370003365e+01	2.544318790000000e-03
4.424669629998971e+01	2.498220650000000e-03
4.427753229998052e+01	2.467680960000000e-03
4.430887369997799e+01	2.435604340000000e-03
4.433914260007441e+01	2.404488160000000e-03
4.437037040002178e+01	2.363000070000000e-03
4.440187840000726e+01	2.310178940000000e-03
4.444818669999950e+01	2.276565880000000e-03
4.449451240000781e+01	2.213949570000000e-03
4.452523340005428e+01	2.171308970000000e-03
4.455651140003465e+01	2.104467010000000e-03
4.460379459999967e+01	2.062978460000000e-03
4.463477850006893e+01	2.022066390000000e-03
4.466795979999006e+01	1.976544970000000e-03
4.469871540006716e+01	1.944660090000000e-03
4.474534340004902e+01	1.890302870000000e-03
4.477583420008887e+01	1.856497950000000e-03
4.480669630004559e+01	1.797914850000000e-03
4.485476550005842e+01	1.726655060000000e-03
4.490164579998236e+01	1.687471870000000e-03
4.493316410004627e+01	1.640989680000000e-03
4.496341800002847e+01	1.575299890000000e-03
4.501014360005502e+01	1.512491490000000e-03
4.505616899998859e+01	1.462167710000000e-03
4.510260380001273e+01	1.421063790000000e-03
4.515056440001354e+01	1.377846700000000e-03
4.521258549997583e+01	1.345578120000000e-03
4.524331410008017e+01	1.317151120000000e-03
4.527453340007924e+01	1.289108070000000e-03
4.530549780000001e+01	1.245699240000000e-03
4.535175849997904e+01	1.189805330000000e-03
4.540147130005062e+01	1.142747000000000e-03
4.544542830006685e+01	1.117777200000000e-03
4.547591060004197e+01	1.084932360000000e-03
4.550725060002878e+01	1.047285510000000e-03
4.553780950000510e+01	1.007526180000000e-03
4.556781710009091e+01	9.593152790000001e-04
4.559906899998896e+01	9.299278610000000e-04
4.564763460005634e+01	8.736498420000000e-04
4.570756660006009e+01	7.958594360000000e-04
4.575404660007916e+01	7.470723940000000e-04
4.580163330002688e+01	7.213341890000000e-04
4.583344860002398e+01	6.936754800000000e-04
4.586464769998565e+01	6.585257940000001e-04
4.591083810001146e+01	6.206869730000000e-04
4.595671920001041e+01	5.847689460000000e-04
4.600257200002670e+01	5.511557100000000e-04
4.604947399999946e+01	4.716705300000000e-04
4.617539330001455e+01	4.506961270000000e-04
4.620650670002215e+01	4.306620100000000e-04
4.625262919999659e+01	4.174978530000000e-04
4.628457640006673e+01	4.062334770000000e-04
4.631680999998935e+01	3.951993710000000e-04
4.634739040001296e+01	3.864488100000000e-04
4.639420159999281e+01	3.738219680000000e-04
4.642512570007239e+01	3.662804370000000e-04
4.645595410000533e+01	3.558987520000000e-04
4.650161600008141e+01	3.467260390000000e-04
4.654779219999909e+01	3.426002220000000e-04
4.657815760001540e+01	3.381290590000000e-04
4.660954209999181e+01	3.327750890000000e-04
4.665749420004431e+01	3.296087670000000e-04
4.670343910006341e+01	3.277281940000000e-04
4.675206790002994e+01	3.272676260000000e-04
4.681395830004476e+01	3.272292380000000e-04
4.686158110003453e+01	3.273444310000000e-04
4.689266310003586e+01	3.272868630000000e-04
4.692424610001035e+01	3.272292380000000e-04
4.695547520008404e+01	3.272100580000000e-04
4.700263130001258e+01	3.270757730000000e-04
4.704964330000803e+01	3.271909080000000e-04
4.709652490005828e+01	3.266727730000000e-04
4.712760850007180e+01	3.231418380000000e-04
4.716375770000741e+01	3.150437840000000e-04
4.719236680003814e+01	3.061205500000000e-04
4.722058319998905e+01	2.941845160000000e-04
4.725257970008533e+01	2.699670440000000e-04
4.729955840006005e+01	2.462485280000000e-04
4.734547669999301e+01	2.350608850000000e-04
4.737690989999101e+01	2.206109930000000e-04
4.740783969999757e+01	1.996365900000000e-04
4.745262340002228e+01	1.854937580000000e-04
4.748366220004391e+01	1.719649880000000e-04
4.751476160006132e+01	1.573423800000000e-04
4.756053880008403e+01	1.387475060000000e-04
4.760700479999650e+01	1.237987160000000e-04
4.765460570005234e+01	1.079863430000000e-04
4.777989760006312e+01	8.528486070000001e-05
4.781069090007804e+01	7.839575120000000e-05
4.785751870006789e+01	7.027848190000000e-05
4.790314369997941e+01	6.191175630000000e-05
4.795016190002207e+01	5.055142170000000e-05
4.801268819998950e+01	4.057274050000000e-05
4.805983939999714e+01	3.362606370000000e-05
4.809062620007899e+01	2.882861370000000e-05
4.812235170009080e+01	1.227935350000000e-05
4.824860480008647e+01	1.024290670000000e-05
4.827964319998864e+01	8.204539880000001e-06
4.831192960008048e+01	6.323708480000000e-06
4.835737590002827e+01	5.001939370000000e-06
4.840923850005493e+01	4.525488750000000e-06
4.843550350004807e+01	4.510119200000000e-06
4.846712380007375e+01	4.763714060000000e-06
4.849828380008694e+01	5.286273790000000e-06
4.854563379997853e+01	6.404397940000000e-06
4.857652690005489e+01	7.230502890000000e-06
4.860738070006482e+01	1.284033530000000e-05
4.882551220001187e+01	1.395461820000000e-05
4.885685039998498e+01	1.491328290000000e-05
4.888811080006417e+01	1.598145720000000e-05
4.891841470007785e+01	1.751263520000000e-05
4.895008810004219e+01	2.039632090000000e-05
4.901285669999197e+01	2.357586530000000e-05
4.905951020005159e+01	2.702821800000000e-05
4.910574710008223e+01	3.025003020000000e-05
4.915469560003839e+01	3.208475030000000e-05
4.918372740002815e+01	3.361784910000000e-05
4.921405319997575e+01	3.570232370000000e-05
4.924502420006320e+01	3.693763940000000e-05
4.927665330003947e+01	3.807881880000000e-05
4.930792719998863e+01	3.863979870000000e-05
4.935412430006545e+01	3.856295370000000e-05
4.940162650006823e+01	3.558705070000000e-05
4.944856460008305e+01	3.226918490000000e-05
4.947782620007638e+01	2.801954180000000e-05
4.950927080004476e+01	2.055001280000000e-05
4.955598200007807e+01	1.175871420000000e-05
4.960352730005980e+01	5.951000730000000e-06
4.965296830004081e+01	5.589819010000000e-06
4.969768750004005e+01	8.857738980000000e-06
4.976038530003279e+01	2.858052720000000e-05
4.979160730005242e+01	4.219589750000000e-05
4.982272050005849e+01	5.695244540000000e-05
4.985321920004208e+01	1.687027110000000e-04
4.999340310005937e+01	1.929585560000000e-04
5.002366170007735e+01	2.262528000000000e-04
5.005563299998175e+01	2.838604270000000e-04
5.010262930009048e+01	3.505639910000000e-04
5.015011350007262e+01	3.968880630000000e-04
5.018080329999793e+01	4.375127900000000e-04
5.021263269998599e+01	4.963869580000000e-04
5.024454139999580e+01	5.312163270000000e-04
5.027619710005820e+01	5.796129120000000e-04
5.030763609998394e+01	6.499048900000000e-04
5.035361390002072e+01	7.174719939999999e-04
5.039867420005612e+01	7.458921170000000e-04
5.044551610003691e+01	7.961308000000000e-04
5.047774530004244e+01	8.307684330000000e-04
5.050784500001464e+01	9.662299420000000e-04
5.063153260003310e+01	9.915838019999999e-04
5.066188340005465e+01	1.017514030000000e-03
5.069290120003279e+01	1.044404580000000e-03
5.072427280002739e+01	1.068605920000000e-03
5.075504640000872e+01	1.107405060000000e-03
5.080146039999090e+01	1.142554800000000e-03
5.084857869998086e+01	1.163299080000000e-03
5.091057270008605e+01	1.218424410000000e-03
5.095901940006297e+01	1.249156540000000e-03
5.098659610003233e+01	1.270668930000000e-03
5.101781660004053e+01	1.298135610000000e-03
5.104812320007477e+01	1.317343090000000e-03
5.109433540003374e+01	1.347883260000000e-03
5.112508050003089e+01	1.367474790000000e-03
5.116100750002079e+01	1.394173130000000e-03
5.120253340003546e+01	1.415109490000000e-03
5.124828609998804e+01	1.425481400000000e-03
5.128252570005134e+01	1.438350530000000e-03
5.131212880008388e+01	1.453908630000000e-03
5.135738980001770e+01	1.480991020000000e-03
5.140260550007224e+01	1.506152910000000e-03
5.144846440001857e+01	1.519406100000000e-03
5.149504070007242e+01	1.541494860000000e-03
5.152980830008164e+01	1.557821060000000e-03
5.155688410007861e+01	1.571266330000000e-03
5.158859539998230e+01	1.590473930000000e-03
5.161893530003726e+01	1.614291340000000e-03
5.165226970007643e+01	1.657892130000000e-03
5.169710109999869e+01	1.681133290000000e-03
5.174255289998837e+01	1.724158300000000e-03
5.177297960000578e+01	1.752969340000000e-03
5.180391480005346e+01	1.791960560000000e-03
5.184936009999365e+01	1.813088890000000e-03
5.187986610003281e+01	1.833256800000000e-03
5.191109030006919e+01	1.863796730000000e-03
5.195810669998173e+01	1.893952370000000e-03
5.200458060007077e+01	1.920266890000000e-03
5.205120860005263e+01	1.949654310000000e-03
5.209869450004771e+01	1.971166580000000e-03
5.212962280004285e+01	1.996328590000000e-03
5.216268569999374e+01	2.022642640000000e-03
5.219325660006143e+01	2.043194840000000e-03
5.222453680005856e+01	2.061441770000000e-03
5.225671480002347e+01	2.086988180000000e-03
5.230305640003644e+01	2.112149490000000e-03
5.235099850001279e+01	2.137503820000000e-03
5.239844090002589e+01	2.149796580000000e-03
5.243150800000876e+01	2.165930810000000e-03
5.246056929999031e+01	2.180720680000000e-03
5.249144790007267e+01	2.201080320000000e-03
5.252322380000260e+01	2.222976880000000e-03
5.255436379997991e+01	2.261583930000000e-03
5.260063630004879e+01	2.294813050000000e-03
5.264858150004875e+01	2.313252310000000e-03
5.271091400005389e+01	2.366841540000000e-03
5.275796150008682e+01	2.390850800000000e-03
5.278939310007263e+01	2.411402990000000e-03
5.281976199999917e+01	2.432915380000000e-03
5.285177880001720e+01	2.472098680000000e-03
5.289891310001258e+01	2.491498130000000e-03
5.294651769998018e+01	2.521077640000000e-03
5.297801160009112e+01	2.537403950000000e-03
5.300836650002748e+01	2.559684920000000e-03
5.305557810002938e+01	2.577547680000000e-03
5.308552369999234e+01	2.594834430000000e-03
5.311752139998134e+01	2.614426190000000e-03
5.315015960007440e+01	2.640932570000000e-03
5.321271280001383e+01	2.656106140000000e-03
5.325916670006700e+01	2.672816860000000e-03
5.330726650008000e+01	2.689527580000000e-03
5.335215699998662e+01	2.698362800000000e-03
5.338391680002678e+01	2.707966600000000e-03
5.341561770008411e+01	2.714881440000000e-03
5.344767969998065e+01	2.719107080000000e-03
5.349485800007824e+01	2.731015670000000e-03
5.352608920005150e+01	2.736585910000000e-03
5.355761920008808e+01	2.748494500000000e-03
5.360465780005325e+01	2.761747920000000e-03
5.365080499998294e+01	2.767318160000000e-03
5.368422729999293e+01	2.771735660000000e-03
5.371379910001997e+01	2.777305900000000e-03
5.374527289997786e+01	2.779226750000000e-03
5.377601630007848e+01	2.783644250000000e-03
5.380715620005503e+01	2.789598660000000e-03
5.385428089997731e+01	2.795360750000000e-03
5.390163950005081e+01	2.802275820000000e-03
5.394830390007701e+01	2.806885400000000e-03
5.397947610006668e+01	2.814568350000000e-03
5.401061390002724e+01	2.828973810000000e-03
5.405776019999757e+01	2.852791450000000e-03
5.410449250007514e+01	2.883907640000000e-03
5.415137950005010e+01	2.919249470000000e-03
5.419937020004727e+01	2.937688260000000e-03
5.426059199997690e+01	2.976871560000000e-03
5.429264150001109e+01	2.991085410000000e-03
5.432442730001640e+01	3.000689200000000e-03
5.435660960001405e+01	3.017015520000000e-03
5.440357620001305e+01	3.031036820000000e-03
5.444954599998891e+01	3.044866260000000e-03
5.449560240004212e+01	3.052357120000000e-03
5.452606519998517e+01	3.062345090000000e-03
5.455662050005049e+01	3.070028030000000e-03
5.458823680004571e+01	3.081744540000000e-03
5.461874589999206e+01	3.089811650000000e-03
5.465115669998340e+01	3.109019250000000e-03
5.469635930005461e+01	3.118623050000000e-03
5.472778080007993e+01	3.127842680000000e-03
5.475868710002396e+01	3.143400890000000e-03
5.480478900007438e+01	3.159535120000000e-03
5.485062640008982e+01	3.166449950000000e-03
5.488162850006483e+01	3.169330770000000e-03
5.491332280007191e+01	3.178166460000000e-03
5.495967300003394e+01	3.184312720000000e-03
5.500649850000627e+01	3.186425660000000e-03
5.505262189998757e+01	3.185849400000000e-03
5.509966429998167e+01	3.186617750000000e-03
5.514704970002640e+01	3.186617750000000e-03
5.517840480001178e+01	3.183928780000000e-03
5.520919449999928e+01	3.175285180000000e-03
5.525662840006407e+01	3.159343030000000e-03
5.530263220006600e+01	3.141672120000000e-03
5.534981560008600e+01	3.112092610000000e-03
5.541271020006388e+01	3.083665390000000e-03
5.545783329999540e+01	3.058311530000000e-03
5.548889799998142e+01	3.024698470000000e-03
5.552057440008502e+01	2.982249720000000e-03
5.555183030001353e+01	2.919249470000000e-03
5.559844349999912e+01	2.897160360000000e-03
5.564679280004930e+01	2.853943730000000e-03
5.567758810007945e+01	2.826284850000000e-03
5.570894440007396e+01	2.780378800000000e-03
5.575600930000655e+01	2.745805770000000e-03
5.578681429999415e+01	2.713728930000000e-03
5.581890289997682e+01	2.672816860000000e-03
5.585041740001179e+01	2.611929320000000e-03
5.591326280008070e+01	2.557379890000000e-03
5.596015130006708e+01	2.505327570000000e-03
5.600752760004252e+01	2.451546490000000e-03
5.605487170000561e+01	2.412171100000000e-03
5.608555540000089e+01	2.379902410000000e-03
5.611715160007589e+01	2.342831810000000e-03
5.614853570004925e+01	2.313252310000000e-03
5.621192290005274e+01	2.239687600000000e-03
5.625909320008941e+01	2.188595710000000e-03
5.630529070005286e+01	2.140192780000000e-03
5.635349140001927e+01	2.108115940000000e-03
5.638448760006577e+01	2.074311020000000e-03
5.641507220000494e+01	2.034359150000000e-03
5.644568630005233e+01	2.009005290000000e-03
5.647681440005545e+01	1.976352880000000e-03
5.650735430000350e+01	1.929294090000000e-03
5.655348940007389e+01	1.869942990000000e-03
5.659957560000475e+01	1.841323920000000e-03
5.665025030006655e+01	1.790039820000000e-03
5.667869239998981e+01	1.762573140000000e-03
5.670970000000671e+01	1.724734320000000e-03
5.675717530003749e+01	1.676523590000000e-03
5.680295679997653e+01	1.641181650000000e-03
5.684949619998224e+01	1.600653980000000e-03
5.691192460001912e+01	1.548217490000000e-03
5.695740940002725e+01	1.512299410000000e-03
5.698885970003903e+01	1.477917890000000e-03
5.701850680005737e+01	1.440463350000000e-03
5.704955090000294e+01	1.385145700000000e-03
5.709612130001187e+01	1.358831420000000e-03
5.712776290008333e+01	1.328483570000000e-03
5.715995710005518e+01	1.286803280000000e-03
5.720443440007512e+01	1.250885190000000e-03
5.725160890002735e+01	1.232253970000000e-03
5.728250930004288e+01	1.213430540000000e-03
5.731344340008218e+01	1.191726070000000e-03
5.735926170006860e+01	1.163106990000000e-03
5.740513389999978e+01	1.138137190000000e-03
5.745236130000558e+01	1.108941740000000e-03
5.749929750000592e+01	1.088965920000000e-03
5.754587250004988e+01	1.053047830000000e-03
5.757719009998254e+01	1.026541460000000e-03
5.760915250005201e+01	9.977304139999999e-04
5.765752820007037e+01	9.656538600000001e-04
5.770055349997710e+01	9.339613610000000e-04
5.774680010008160e+01	9.172508730000000e-04
5.777755770005751e+01	8.966989120000000e-04
5.780878379999194e+01	8.661588070000000e-04
5.785541140008718e+01	8.454148190000000e-04
5.788664769998286e+01	8.239024320000000e-04
5.791768589999992e+01	8.041185210000000e-04
5.794928300008178e+01	7.862556380000000e-04
5.801267269998789e+01	7.426545490000000e-04
5.805784510006197e+01	7.178770030000000e-04
5.810386380006094e+01	6.942516190000000e-04
5.815326330007520e+01	6.821509450000000e-04
5.818385989998933e+01	6.696660420000000e-04
5.821466160006821e+01	6.558367170000000e-04
5.826057260006201e+01	6.041757300000000e-04
5.838312580005731e+01	5.955595410000000e-04
5.841368600004353e+01	5.852738980000000e-04
5.844460930000059e+01	5.741629870000000e-04
5.847639429999981e+01	5.636278069999999e-04
5.850840619998053e+01	5.490819460000000e-04
5.855525600002147e+01	5.335767050000000e-04
5.859972210007254e+01	5.204124610000000e-04
5.865152650000528e+01	5.122568110000000e-04
5.869259180000518e+01	5.010116730000000e-04
5.872367209999356e+01	4.930862340000000e-04
5.875481890002266e+01	4.798070000000000e-04
5.880060030007735e+01	4.661246780000000e-04
5.884856600000057e+01	4.582568650000000e-04
5.891043809999246e+01	4.367451770000000e-04
5.895738490007352e+01	4.278027630000000e-04
5.898793040006422e+01	4.209136530000000e-04
5.901887520006858e+01	4.135255880000000e-04
5.905132940004114e+01	4.032398570000000e-04
5.909826230001636e+01	3.977131860000000e-04
5.914607500005513e+01	3.878688730000000e-04
5.925240690005012e+01	3.644189860000000e-04
5.928319210000336e+01	3.568006500000000e-04
5.931445379997604e+01	3.464957700000000e-04
5.936061269999482e+01	3.310096510000000e-04
5.940941130009014e+01	3.166748790000000e-04
5.945459510001820e+01	3.017452550000000e-04
5.950155360007193e+01	2.900970870000000e-04
5.954844669997692e+01	2.839755620000000e-04
5.958068910008296e+01	2.764339730000000e-04
5.961167530005332e+01	2.676066940000000e-04
5.965977919998113e+01	2.574553360000000e-04
5.970810669998173e+01	2.482250570000000e-04
5.975395699997898e+01	2.383807150000000e-04
5.980189200001769e+01	2.292655840000000e-04
5.984879730001558e+01	2.240459580000000e-04
5.987956700008363e+01	2.186152850000000e-04
5.991016930004116e+01	2.117069530000000e-04
5.995722159999423e+01	2.042229610000000e-04
6.000313480000477e+01	1.984852280000000e-04
