# [General]
# timestamp=2025-04-17T12:37:48.186054
# comments='# '
# delimiter='\t'
# column_dtypes=float;;float
# column_headers='Time (s);;Power (W)'
# 
# [Metadata]
# scanner_x=-4.648888772663919
# scanner_y=3.7150022250721597
# start recoding time='17.04.2025, 12:36:48.082333'
# sample rate (hz)=50.0
# sample timing='TIMESTAMP'
# 
# ---- END HEADER ----
2.388900029473007e-03	5.246073490000000e-05
3.814029996283352e-02	5.246266300000000e-05
7.008520001545548e-02	5.241846880000000e-05
1.171911000274122e-01	5.241078910000000e-05
1.634833000134677e-01	5.240886460000000e-05
2.087434999411926e-01	5.237236470000000e-05
2.403594999341294e-01	5.237044020000000e-05
2.713908000150695e-01	5.238388990000000e-05
3.175913000013679e-01	5.225517090000000e-05
3.653847000095993e-01	5.203039470000000e-05
4.122118999948725e-01	5.175759000000000e-05
4.609509999863803e-01	5.142330340000000e-05
5.188477999763563e-01	5.122158110000000e-05
5.495389000279829e-01	5.100833000000000e-05
5.817782999947667e-01	5.076818710000000e-05
6.123074999777600e-01	5.033015620000000e-05
6.583828999428079e-01	4.972882380000000e-05
7.045646000187844e-01	4.937148700000000e-05
7.383878999389708e-01	4.880282360000000e-05
7.671958999708295e-01	4.800553140000000e-05
8.148211999796331e-01	4.742918100000000e-05
8.460754000116140e-01	4.692198490000000e-05
8.763929000124335e-01	4.649549010000000e-05
9.074619000311941e-01	4.608243400000000e-05
9.544896000297740e-01	4.564632760000000e-05
9.890887000365183e-01	4.545420960000000e-05
1.016871199943125e+00	4.516219630000000e-05
1.063927699928172e+00	4.480101420000000e-05
1.111425400013104e+00	4.451283530000000e-05
1.142607899964787e+00	4.421889390000000e-05
1.173304499941878e+00	4.378279120000000e-05
1.220148899941705e+00	4.315840490000000e-05
1.266532100038603e+00	4.244373120000000e-05
1.313491999986582e+00	4.182703200000000e-05
1.360568000003695e+00	4.136979260000000e-05
1.406242399942130e+00	4.121225360000000e-05
1.437872100039385e+00	4.100668960000000e-05
1.468352399999276e+00	4.072235610000000e-05
1.514515399932861e+00	4.050526330000000e-05
1.561495600035414e+00	4.016521420000000e-05
1.608969399938360e+00	3.985590590000000e-05
1.654846000019461e+00	3.965802530000000e-05
1.686804999946617e+00	3.939290400000000e-05
1.717800599988550e+00	3.900674710000000e-05
1.749788200017065e+00	3.851108340000000e-05
1.781311300001107e+00	3.786748860000000e-05
1.811308600008488e+00	3.693763940000000e-05
1.858043199987151e+00	3.645542530000000e-05
1.904251000029035e+00	3.574458970000000e-05
1.935952999978326e+00	3.533153720000000e-05
1.965484699932858e+00	3.483203180000000e-05
2.012124200002290e+00	3.457267300000000e-05
2.043426199932583e+00	3.425567770000000e-05
2.075305399950594e+00	3.393484080000000e-05
2.107239900040440e+00	3.367164030000000e-05
2.153441100032069e+00	3.326819570000000e-05
2.184394599986263e+00	3.291661780000000e-05
2.215302499942482e+00	3.240366640000000e-05
2.262422299943864e+00	3.179465420000000e-05
2.309542899951339e+00	3.134894000000000e-05
2.340845800004900e+00	3.086095970000000e-05
2.372295800014399e+00	3.014820690000000e-05
2.418788100010715e+00	2.927215060000000e-05
2.465495000011288e+00	2.828466680000000e-05
2.512446400010958e+00	2.737595060000000e-05
2.559030400007032e+00	2.646146820000000e-05
2.622447500005364e+00	2.582172060000000e-05
2.652890300028957e+00	2.534334820000000e-05
2.685089100035839e+00	2.489379220000000e-05
2.715586600010283e+00	2.431935900000000e-05
2.762434000032954e+00	2.359699830000000e-05
2.808758300030604e+00	2.289961230000000e-05
2.855963299982250e+00	2.246542500000000e-05
2.903009500005282e+00	2.167389900000000e-05
2.935196000034921e+00	2.116670840000000e-05
2.965568899991922e+00	2.037518610000000e-05
3.012295500026084e+00	1.977577990000000e-05
3.058458599960431e+00	1.926666850000000e-05
3.106253899983130e+00	1.903420530000000e-05
3.152377899968997e+00	1.862499450000000e-05
3.183482500026003e+00	1.837716260000000e-05
3.215066500008106e+00	1.810819780000000e-05
3.246067999978550e+00	1.783731200000000e-05
3.276665500015952e+00	1.750879160000000e-05
3.308703199960291e+00	1.711879300000000e-05
3.355971200042404e+00	1.698046800000000e-05
3.417831299942918e+00	1.660391900000000e-05
3.464596000034362e+00	1.635224360000000e-05
3.511025200015865e+00	1.618125860000000e-05
3.544542899937369e+00	1.597761550000000e-05
3.576069999951869e+00	1.568559670000000e-05
3.620897799963132e+00	1.529559810000000e-05
3.668469800031744e+00	1.499013160000000e-05
3.715736299986020e+00	1.478648570000000e-05
3.761996599962004e+00	1.436574890000000e-05
3.807624700013548e+00	1.414097100000000e-05
3.838388200034387e+00	1.391811570000000e-05
3.869564799941145e+00	1.367220470000000e-05
3.917141799931414e+00	1.339171380000000e-05
3.964111999957822e+00	1.314003930000000e-05
4.010493200039491e+00	1.294984210000000e-05
4.055761800031178e+00	1.283073020000000e-05
4.102384199970402e+00	1.246378630000000e-05
4.133658600039780e+00	1.218521540000000e-05
4.165054799988866e+00	1.180866460000000e-05
4.211295499932021e+00	1.144748420000000e-05
4.258255599997938e+00	1.110551420000000e-05
4.304692200035788e+00	1.092108140000000e-05
4.336348199984059e+00	1.067901390000000e-05
4.367859599995427e+00	1.026788140000000e-05
4.414519299985841e+00	9.983547900000000e-06
4.445205299998634e+00	9.687685630000000e-06
4.477660899981856e+00	9.424485139999999e-06
4.507308900007047e+00	9.255421900000000e-06
4.553614899981767e+00	8.940349290000000e-06
4.584880899987184e+00	8.665620950000000e-06
4.616181400022469e+00	8.206459820000000e-06
4.662429300020449e+00	7.756905690000000e-06
4.708440199960023e+00	7.539812490000000e-06
4.739610499935225e+00	7.324640590000000e-06
4.770023599965498e+00	7.061439650000000e-06
4.816589399939403e+00	6.798239160000000e-06
4.864080899977125e+00	6.600358570000000e-06
4.909834099933505e+00	6.421687890000000e-06
4.956773699959740e+00	6.337156260000000e-06
5.018268599989824e+00	5.942963980000000e-06
5.111431299941614e+00	5.836241140000000e-06
5.142429800005630e+00	5.746086570000000e-06
5.173507499974221e+00	5.609505020000000e-06
5.220497700036503e+00	5.447880540000000e-06
5.266818500007503e+00	5.305326790000000e-06
5.312428800039925e+00	5.220372710000000e-06
5.344277899945155e+00	5.137922930000000e-06
5.374934299965389e+00	5.054124810000000e-06
5.421427199966274e+00	4.946439280000000e-06
5.468884299974889e+00	4.847808210000000e-06
5.514491299982183e+00	4.770367010000000e-06
5.560968299978413e+00	4.684064610000000e-06
5.609409900032915e+00	4.641491160000000e-06
5.640001900028437e+00	4.590056050000000e-06
5.669280300033279e+00	4.502597680000000e-06
5.715738600003533e+00	4.337891370000000e-06
5.763452399987727e+00	4.165094200000000e-06
5.811444199993275e+00	4.003276440000000e-06
5.858010699972510e+00	3.912735790000000e-06
5.904386300011538e+00	3.802546420000000e-06
5.935505599947646e+00	3.724912630000000e-06
5.966828500037082e+00	3.597962860000000e-06
6.013296499964781e+00	3.457336110000000e-06
6.060020699980669e+00	3.339825980000000e-06
6.107874299981631e+00	3.285693990000000e-06
6.155978500028141e+00	3.173192680000000e-06
6.218708900036290e+00	2.936631520000000e-06
6.249966899980791e+00	2.779437410000000e-06
6.279842599993572e+00	2.609336890000000e-06
6.311453699949197e+00	2.359098060000000e-06
6.357431699987501e+00	2.244670210000000e-06
6.418922199984081e+00	1.990193370000000e-06
6.464543699985370e+00	1.842246090000000e-06
6.510387799935415e+00	1.764034440000000e-06
6.541424399940297e+00	1.675227620000000e-06
6.572609300026670e+00	1.558873460000000e-06
6.619954399997368e+00	1.461782970000000e-06
6.666480000014417e+00	1.401101710000000e-06
6.712454600026831e+00	1.354097550000000e-06
6.759032699977979e+00	1.310946350000000e-06
6.821363499970175e+00	1.283206190000000e-06
6.852470699930564e+00	1.262593740000000e-06
6.883596300031058e+00	1.234275830000000e-06
6.914804699947126e+00	1.191895190000000e-06
6.961502799997106e+00	1.155293490000000e-06
7.023402099963278e+00	1.127360970000000e-06
7.055189599981532e+00	1.112912860000000e-06
7.086162799969316e+00	1.094612120000000e-06
7.117430199985392e+00	1.071495490000000e-06
7.148547500022687e+00	1.041443740000000e-06
7.180354999960400e+00	9.971365669999999e-07
7.210629099979997e+00	9.098708350000000e-07
7.259642699966207e+00	7.989104350000000e-07
7.303913100040518e+00	7.461271140000000e-07
7.334572799969465e+00	6.815928940000000e-07
7.365491400007159e+00	5.950979020000000e-07
7.412482299958356e+00	5.452041590000000e-07
7.442849399987608e+00	5.035940380000000e-07
7.474256400018930e+00	4.631396280000000e-07
7.519958299933933e+00	4.338586170000000e-07
7.568550299969502e+00	4.172914030000000e-07
7.615233600023203e+00	3.562957720000000e-07
7.725746799958870e+00	3.179092120000000e-07
7.757513599935919e+00	2.791771860000000e-07
7.819037099950947e+00	2.079125490000000e-07
7.850450700032525e+00	1.796600630000000e-07
7.880992199992761e+00	1.545360820000000e-07
7.912201700033620e+00	1.212357290000000e-07
7.959054599981755e+00	1.004494190000000e-07
8.021263099974021e+00	9.417323810000000e-08
8.069539199932478e+00	9.542078060000000e-08
8.114261599956080e+00	1.027526220000000e-07
8.144971800036728e+00	1.136543870000000e-07
8.176273699966259e+00	1.303333480000000e-07
8.207005099975504e+00	1.449586340000000e-07
8.253726399969310e+00	1.835946790000000e-07
8.284551799995825e+00	2.158393930000000e-07
8.315767099964432e+00	2.755688510000000e-07
8.361871900036931e+00	3.595970380000000e-07
8.408781199948862e+00	4.080216340000000e-07
8.440347600029781e+00	4.665035360000000e-07
8.471589399967343e+00	5.557906770000000e-07
8.518861599965021e+00	6.690117400000000e-07
8.565318999928422e+00	7.892960530000000e-07
8.612101600039750e+00	1.204416660000000e-06
8.735507800010964e+00	1.313258050000000e-06
8.766858199960552e+00	1.445601470000000e-06
8.798267300007865e+00	1.574477320000000e-06
8.830171099980362e+00	1.691602050000000e-06
8.861374599975534e+00	1.818744070000000e-06
8.908415499958210e+00	1.915256460000000e-06
8.969104000017978e+00	1.993853400000000e-06
9.015661200042814e+00	2.038353160000000e-06
9.047191199962981e+00	2.079385470000000e-06
9.079203299945220e+00	2.120032380000000e-06
9.110347299952991e+00	2.192272180000000e-06
9.157990599982440e+00	2.247174280000000e-06
9.218812000006437e+00	2.348888070000000e-06
9.266480499994941e+00	2.395699310000000e-06
9.313533799955621e+00	2.418045820000000e-06
9.345317699946463e+00	2.430567290000000e-06
9.376323599950410e+00	2.436154090000000e-06
9.407361999968998e+00	2.443088760000000e-06
9.453569900011644e+00	2.448097580000000e-06
9.485896099940874e+00	2.448290390000000e-06
9.516838000039570e+00	2.446171270000000e-06
9.564181800000370e+00	2.423824980000000e-06
9.612041499931365e+00	2.332321400000000e-06
9.642337099998258e+00	2.196317610000000e-06
9.673435100005008e+00	2.001559100000000e-06
9.718899599974975e+00	1.732441660000000e-06
9.765645900042728e+00	1.495687680000000e-06
9.812405399978161e+00	1.285325310000000e-06
9.859462299966253e+00	1.096345840000000e-06
9.905920299934223e+00	1.009658040000000e-06
9.937857699929737e+00	9.117972580000000e-07
9.968864699942060e+00	7.759863369999999e-07
1.001462909998372e+01	6.384416910000000e-07
1.006090339994989e+01	4.949253030000000e-07
1.010658160003368e+01	4.126681570000000e-07
1.015306169993710e+01	2.751235400000000e-07
1.018448449997231e+01	1.980677240000000e-07
1.021576779999305e+01	1.396979310000000e-07
1.024677810003050e+01	1.056007550000000e-07
1.027867010002956e+01	2.011949080000000e-07
1.042034620000049e+01	2.724019620000000e-07
1.045146529993508e+01	3.373903890000000e-07
1.048238099995069e+01	4.084246830000000e-07
1.051285729999654e+01	5.313000320000000e-07
1.055921169999056e+01	6.125067670000000e-07
1.059136950003449e+01	6.974178180000000e-07
1.062139129999559e+01	8.201012630000000e-07
1.066875119996257e+01	1.275500610000000e-06
1.077709630003665e+01	1.430768070000000e-06
1.080914979998488e+01	1.661742890000000e-06
1.087168059998658e+01	1.832421620000000e-06
1.090543389995582e+01	1.981717110000000e-06
1.093515229993500e+01	2.116372340000000e-06
1.096681449993048e+01	2.326349430000000e-06
1.101261089998297e+01	2.586027220000000e-06
1.106103009998333e+01	2.915633790000000e-06
1.110766370000783e+01	3.065121970000000e-06
1.115419389994349e+01	3.329615990000000e-06
1.118448739999440e+01	3.533621340000000e-06
1.121562549995724e+01	3.911387470000000e-06
1.126298899995163e+01	4.447888390000000e-06
1.131018669996411e+01	5.134262660000000e-06
1.135709409997799e+01	5.508946740000000e-06
1.142151409992948e+01	6.483124710000000e-06
1.146683609997854e+01	6.950468560000000e-06
1.150134309998248e+01	7.353663020000000e-06
1.152991489996202e+01	7.686544449999999e-06
1.156168559996877e+01	8.280066140000000e-06
1.161122570000589e+01	9.641578800000000e-06
1.173373320000246e+01	9.806800340000000e-06
1.176450439996552e+01	1.002965660000000e-05
1.179477060004137e+01	1.025827620000000e-05
1.182642129994929e+01	1.054837410000000e-05
1.186168930004351e+01	1.106132730000000e-05
1.191987049998716e+01	1.156467530000000e-05
1.196682430000510e+01	1.217561020000000e-05
1.201504099997692e+01	1.284609970000000e-05
1.206070010003168e+01	1.326107390000000e-05
1.209220950002782e+01	1.369333770000000e-05
1.212235830002464e+01	1.425432130000000e-05
1.215350120002404e+01	1.464432080000000e-05
1.218419399997219e+01	1.520337990000000e-05
1.221564189996570e+01	1.608135790000000e-05
1.226140519999899e+01	1.705155230000000e-05
1.230881449999288e+01	1.812164740000000e-05
1.235569819994271e+01	1.864612750000000e-05
1.238583589997143e+01	1.926090230000000e-05
1.241837029997259e+01	2.013119590000000e-05
1.246401370002422e+01	2.111483630000000e-05
1.251121489994694e+01	2.197744650000000e-05
1.255661979992874e+01	2.246350230000000e-05
1.261849230004009e+01	2.373724420000000e-05
1.266646320000291e+01	2.438852060000000e-05
1.269673950003926e+01	2.492453130000000e-05
1.272786989994347e+01	2.552393380000000e-05
1.275862380000763e+01	2.647876140000000e-05
1.282172000000719e+01	2.737595060000000e-05
1.286846759996843e+01	2.829235020000000e-05
1.291603940003552e+01	2.921451230000000e-05
1.296242909994908e+01	2.976589170000000e-05
1.299347220000345e+01	3.039219340000000e-05
1.302424830000382e+01	3.115298020000000e-05
1.305667059996631e+01	3.171780550000000e-05
1.310317310004029e+01	3.284745620000000e-05
1.313462839997374e+01	3.358326650000000e-05
1.316573140001856e+01	3.466681300000000e-05
1.321308799996041e+01	3.564276990000000e-05
1.326097139995545e+01	3.619606650000000e-05
1.329174340004101e+01	3.675320840000000e-05
1.332344389997888e+01	3.742369520000000e-05
1.336896999995224e+01	3.831704450000000e-05
1.341567589994520e+01	3.908167130000000e-05
1.346151719999034e+01	3.988856410000000e-05
1.350841799995396e+01	4.063397860000000e-05
1.356997229997069e+01	4.116230410000000e-05
1.360193999996409e+01	4.161378090000000e-05
1.363415379996877e+01	4.212673590000000e-05
1.366502209997270e+01	4.283756790000000e-05
1.371136870002374e+01	4.362333130000000e-05
1.375874990003649e+01	4.437835380000000e-05
1.382141780003440e+01	4.511800220000000e-05
1.386688839993440e+01	4.560790330000000e-05
1.389801070000976e+01	4.599405660000000e-05
1.393012969999108e+01	4.641671690000000e-05
1.396039289992768e+01	4.699499550000000e-05
1.400766020000447e+01	4.732736120000000e-05
1.405574280000292e+01	4.792676550000000e-05
1.410508819995448e+01	4.858381000000000e-05
1.413535659993067e+01	4.897380860000000e-05
1.416649360000156e+01	4.932922090000000e-05
1.419758569996338e+01	4.963468750000000e-05
1.422921469993889e+01	5.004389820000000e-05
1.425979349995032e+01	5.064714790000000e-05
1.430759089998901e+01	5.092763970000000e-05
1.435414770001080e+01	5.157123090000000e-05
1.438446420000400e+01	5.198428700000000e-05
1.441666730004363e+01	5.259714090000000e-05
1.446228989993688e+01	5.294871880000000e-05
1.449376029998530e+01	5.325226450000000e-05
1.452433659997769e+01	5.358846830000000e-05
1.455482750001829e+01	5.383438110000000e-05
1.458625519997440e+01	5.406491620000000e-05
1.461784870002884e+01	5.447029250000000e-05
1.466379200003576e+01	5.495634830000000e-05
1.471141909994185e+01	5.537516340000000e-05
1.475792140001431e+01	5.556919860000000e-05
1.478865490003955e+01	5.583816530000000e-05
1.481955020001624e+01	5.614939440000000e-05
1.486463289998937e+01	5.648944350000000e-05
1.491100249998271e+01	5.672190670000000e-05
1.495737820002250e+01	5.684102140000000e-05
1.501959109993186e+01	5.716185480000000e-05
1.506692230002955e+01	5.724638690000000e-05
1.509932979999576e+01	5.741353020000000e-05
1.512979749997612e+01	5.750766650000000e-05
1.516023969999515e+01	5.755954040000000e-05
1.520628339995164e+01	5.758643240000000e-05
1.525352559995372e+01	5.772475560000000e-05
1.528559250000399e+01	5.772860100000000e-05
1.531673790002242e+01	5.780737050000000e-05
1.536349869996775e+01	5.781313300000000e-05
1.539519069995731e+01	5.775550020000000e-05
1.542640789994039e+01	5.770362620000000e-05
1.545790030003991e+01	5.764406890000000e-05
1.551997469994240e+01	5.755761590000000e-05
1.557116980000865e+01	5.741544740000000e-05
1.561532809992786e+01	5.729826080000000e-05
1.566239339997992e+01	5.716377930000000e-05
1.569301759998780e+01	5.707732270000000e-05
1.572385459998623e+01	5.689289170000000e-05
1.577017249993514e+01	5.673919440000000e-05
1.581686349993106e+01	5.652786790000000e-05
1.586367300001439e+01	5.632614560000000e-05
1.591172530001495e+01	5.612250240000000e-05
1.595789109996986e+01	5.597840940000000e-05
1.598919410002418e+01	5.581511140000000e-05
1.601991709996946e+01	5.564220560000000e-05
1.606688489997759e+01	5.542319200000000e-05
1.611564059997909e+01	5.515806700000000e-05
1.615986449993216e+01	5.483146740000000e-05
1.620710909995250e+01	5.467777370000000e-05
1.627296850003768e+01	5.404570770000000e-05
1.629963250004221e+01	5.368645000000000e-05
1.633108619996347e+01	5.324266020000000e-05
1.636178469995502e+01	5.255103310000000e-05
1.640902479994111e+01	5.179217260000000e-05
1.645491339999717e+01	5.148478160000000e-05
1.648591289995238e+01	5.103138390000000e-05
1.651746480003931e+01	5.039355530000000e-05
1.656399920000695e+01	4.992478350000000e-05
1.659511130000465e+01	4.948483910000000e-05
1.662605530000292e+01	4.890848500000000e-05
1.665629840001930e+01	4.852040370000000e-05
1.671695819997694e+01	4.747528870000000e-05
1.676367100002244e+01	4.676444950000000e-05
1.681105020001996e+01	4.610740870000000e-05
1.685800619993825e+01	4.576543870000000e-05
1.688906459999271e+01	4.525440820000000e-05
1.692106910003349e+01	4.465692840000000e-05
1.696786340000108e+01	4.391150650000000e-05
1.701474200002849e+01	4.333707330000000e-05
1.706245359999593e+01	4.279338460000000e-05
1.710967769997660e+01	4.212673590000000e-05
1.715666919993237e+01	4.172713310000000e-05
1.718736989994068e+01	4.122954850000000e-05
1.721898519992828e+01	4.056289980000000e-05
1.726549589994829e+01	3.983669380000000e-05
1.731191309995484e+01	3.924881460000000e-05
1.735771390004084e+01	3.895103150000000e-05
1.742033170000650e+01	3.807881880000000e-05
1.746689769998193e+01	3.765039950000000e-05
1.749887400004081e+01	3.727192230000000e-05
1.752936319995206e+01	3.691458550000000e-05
1.755963120004162e+01	3.627675320000000e-05
1.762088780000340e+01	3.560626650000000e-05
1.766775190003682e+01	3.496651700000000e-05
1.771447460004129e+01	3.426720650000000e-05
1.776037010003347e+01	3.388104960000000e-05
1.779142499994487e+01	3.349105100000000e-05
1.782241130003240e+01	3.283016850000000e-05
1.786897549999412e+01	3.194450620000000e-05
1.791639949998353e+01	3.106460640000000e-05
1.796360369992908e+01	3.013475730000000e-05
1.800943870004267e+01	2.923564720000000e-05
1.805634929996450e+01	2.883604250000000e-05
1.808738899999298e+01	2.838648650000000e-05
1.811789819994010e+01	2.785816290000000e-05
1.816606419999152e+01	2.763530940000000e-05
1.821209359995555e+01	2.762185980000000e-05
1.825881989998743e+01	2.787353510000000e-05
1.832037189998664e+01	2.844028130000000e-05
1.836745799996424e+01	2.918185600000000e-05
1.839868969994131e+01	2.994840360000000e-05
1.842907509999350e+01	3.086095970000000e-05
1.845992129994556e+01	3.279366500000000e-05
1.850599510001484e+01	3.392715730000000e-05
1.856640390004031e+01	3.792896680000000e-05
1.861396989994682e+01	4.019403420000000e-05
1.866047579993028e+01	4.136595090000000e-05
1.869248890003655e+01	4.245141460000000e-05
1.872431179997511e+01	4.346387500000000e-05
1.875558560003992e+01	4.396722220000000e-05
1.881691459997091e+01	4.542731040000000e-05
1.886376330000348e+01	4.635140430000000e-05
1.891036360000726e+01	4.729469950000000e-05
1.895844870002475e+01	4.787873700000000e-05
1.899016839999240e+01	4.841858390000000e-05
1.902101469994523e+01	4.911020730000000e-05
1.906698370003141e+01	4.993055340000000e-05
1.911384519992862e+01	5.058182430000000e-05
1.915911699994467e+01	5.108902040000000e-05
1.922036769997794e+01	5.152512680000000e-05
1.926683530001901e+01	5.180753940000000e-05
1.929769929999020e+01	5.203424010000000e-05
1.932813449995592e+01	5.228591540000000e-05
1.935917289997451e+01	5.271625560000000e-05
1.942137799994089e+01	5.314083320000000e-05
1.946688750002068e+01	5.354236420000000e-05
1.951280200004112e+01	5.391122610000000e-05
1.956025510001928e+01	5.420132220000000e-05
1.959192389994860e+01	5.436270290000000e-05
1.962240620004013e+01	5.466816950000000e-05
1.966787470004056e+01	5.491599950000000e-05
1.971622409997508e+01	5.516575770000000e-05
1.976229660003446e+01	5.548659100000000e-05
1.980969020002522e+01	5.565565520000000e-05
1.985589150001761e+01	5.580166180000000e-05
1.988752210000530e+01	5.595727630000000e-05
1.991872139996849e+01	5.607254570000000e-05
1.996593690000009e+01	5.628580040000000e-05
2.001289489993360e+01	5.645102280000000e-05
2.005934809998143e+01	5.658358350000000e-05
2.010673110000789e+01	5.664313720000000e-05
2.015392049995717e+01	5.684293860000000e-05
2.018634549994022e+01	5.692554620000000e-05
2.021796249994077e+01	5.705234800000000e-05
2.026450419996399e+01	5.720603800000000e-05
2.031143310002517e+01	5.737895120000000e-05
2.035828879999463e+01	5.761141440000000e-05
2.042048259999137e+01	5.765944300000000e-05
2.046604930004105e+01	5.773628800000000e-05
2.049686399998609e+01	5.772475560000000e-05
2.052817449998111e+01	5.775741740000000e-05
2.055837039998733e+01	5.784964010000000e-05
2.062033139995765e+01	5.779007920000000e-05
2.066705079993699e+01	5.779584170000000e-05
2.071583949995693e+01	5.767288530000000e-05
2.076137920003384e+01	5.771707580000000e-05
2.079240070004016e+01	5.761524880000000e-05
2.082355410000309e+01	5.757106560000000e-05
2.085385349998251e+01	5.754416630000000e-05
2.088566909998190e+01	5.748652980000000e-05
2.091652470000554e+01	5.740776760000000e-05
2.096384560002480e+01	5.730210250000000e-05
2.102566529996693e+01	5.723293730000000e-05
2.105693920003250e+01	5.716569650000000e-05
2.108821509999689e+01	5.707924720000000e-05
2.111878509994131e+01	5.695436990000000e-05
2.116654050000943e+01	5.670269820000000e-05
2.121488200000022e+01	5.649905140000000e-05
2.126092020003125e+01	5.633190810000000e-05
2.130746529996395e+01	5.622816390000000e-05
2.135503780003637e+01	5.607639100000000e-05
2.138588189997245e+01	5.592845990000000e-05
2.141692799993325e+01	5.574018360000000e-05
2.146363060001750e+01	5.552117000000000e-05
2.151039249997120e+01	5.526949460000000e-05
2.155721320002340e+01	5.513117140000000e-05
2.161987299995963e+01	5.473925190000000e-05
2.166701019997708e+01	5.448757660000000e-05
2.170050789997913e+01	5.433580370000000e-05
2.172890200000256e+01	5.414753100000000e-05
2.176036209997255e+01	5.389970100000000e-05
2.180676900001708e+01	5.375753240000000e-05
2.185305379994679e+01	5.348664850000000e-05
2.188471489993390e+01	5.330221390000000e-05
2.191689330001827e+01	5.304093070000000e-05
2.196399489999749e+01	5.279310060000000e-05
2.199548649997450e+01	5.257984960000000e-05
2.202688499994110e+01	5.236852300000000e-05
2.206134250003379e+01	5.202079050000000e-05
2.210480670002289e+01	5.187670470000000e-05
2.213507870002650e+01	5.175182380000000e-05
2.216650920000393e+01	5.140793290000000e-05
2.221356449997984e+01	5.110631170000000e-05
2.225902220001444e+01	5.094108930000000e-05
2.229010819992982e+01	5.071055060000000e-05
2.232161270000506e+01	5.043773850000000e-05
2.236773810000159e+01	5.011690520000000e-05
2.241515579994302e+01	4.990365410000000e-05
2.246300660003908e+01	4.962700400000000e-05
2.251038160000462e+01	4.942336090000000e-05
2.255792779999319e+01	4.925813480000000e-05
2.258870469999965e+01	4.902951700000000e-05
2.262025099992752e+01	4.885276940000000e-05
2.266619040002115e+01	4.851464470000000e-05
2.271312520001084e+01	4.813617490000000e-05
2.275930869998410e+01	4.763474500000000e-05
2.282067349995486e+01	4.709681530000000e-05
2.286797270004172e+01	4.668760450000000e-05
2.289872229995672e+01	4.634371730000000e-05
2.292952380003408e+01	4.598829760000000e-05
2.295978409994859e+01	4.550223820000000e-05
2.300650210003369e+01	4.537736460000000e-05
2.305413880001288e+01	4.526593330000000e-05
2.308505999995396e+01	4.532549430000000e-05
2.311605549999513e+01	4.531973170000000e-05
2.316322089999449e+01	4.526209520000000e-05
2.319520299998112e+01	4.530628210000000e-05
2.322752539999783e+01	4.531780360000000e-05
2.325912449997850e+01	4.531012380000000e-05
2.330616319994442e+01	4.530436130000000e-05
2.335234650003258e+01	4.529475700000000e-05
2.338342319999356e+01	4.528707000000000e-05
2.341657649993431e+01	4.522559170000000e-05
2.346143379993737e+01	4.505076140000000e-05
2.349306410003919e+01	4.481061840000000e-05
2.352449270000216e+01	4.447441100000000e-05
2.355543189996388e+01	4.417470700000000e-05
2.361812470003497e+01	4.317377530000000e-05
2.366416459996253e+01	4.246678510000000e-05
2.371124249999411e+01	4.180974430000000e-05
2.375744479999412e+01	4.132752660000000e-05
2.378834229998756e+01	4.073196400000000e-05
2.381941019999795e+01	3.993083370000000e-05
2.386713229992893e+01	3.909320000000000e-05
2.391240199992899e+01	3.826901590000000e-05
2.395953689992893e+01	3.746788570000000e-05
2.400685919995885e+01	3.713359910000000e-05
2.405418119998649e+01	3.655916950000000e-05
2.408470290002879e+01	3.623833250000000e-05
2.411664729996119e+01	3.587907120000000e-05
2.416344030003529e+01	3.529887540000000e-05
2.420986439997796e+01	3.475518680000000e-05
2.425651850004215e+01	3.439208010000000e-05
2.430353249993641e+01	3.369469410000000e-05
2.433435729995836e+01	3.311642290000000e-05
2.436548909998965e+01	3.248435680000000e-05
2.439749959995970e+01	3.179657140000000e-05
2.442949410004076e+01	3.114913850000000e-05
2.445963089994621e+01	3.020391890000000e-05
2.450544189999346e+01	2.979470810000000e-05
2.455239309999160e+01	2.899934220000000e-05
2.458351529994980e+01	2.849599330000000e-05
2.461482949997298e+01	2.775826210000000e-05
2.466144159995019e+01	2.728181060000000e-05
2.469461949996185e+01	2.678422790000000e-05
2.472442999994382e+01	2.626551030000000e-05
2.475483490002807e+01	2.598117680000000e-05
2.478564100002404e+01	2.560462420000000e-05
2.481725429999642e+01	2.503787800000000e-05
2.486322629998904e+01	2.433280860000000e-05
2.491040990001056e+01	2.369881800000000e-05
2.495687110000290e+01	2.347019840000000e-05
2.498684419994242e+01	2.329729430000000e-05
2.501754629996140e+01	2.310325360000000e-05
2.506426270003431e+01	2.274399410000000e-05
2.511027569998987e+01	2.219069760000000e-05
2.515669169998728e+01	2.183527790000000e-05
2.521933689992875e+01	2.109562410000000e-05
2.526602069998626e+01	2.075749760000000e-05
2.529704580001999e+01	2.042513730000000e-05
2.532803089998197e+01	2.005627180000000e-05
2.535874089994468e+01	1.942612470000000e-05
2.542153129994404e+01	1.889588020000000e-05
2.546902509999927e+01	1.829647410000000e-05
2.551559690001886e+01	1.772588440000000e-05
2.556289039994590e+01	1.733588400000000e-05
2.559442239999771e+01	1.692475600000000e-05
2.562499649997335e+01	1.647327920000000e-05
2.565584299992770e+01	1.615628570000000e-05
2.570424759993330e+01	1.556840650000000e-05
2.573538149998058e+01	1.532057100000000e-05
2.576654089998920e+01	1.499973770000000e-05
2.581243819999509e+01	1.461358170000000e-05
2.586300739995204e+01	1.434653770000000e-05
2.589127000002190e+01	1.406796670000000e-05
2.592241360002663e+01	1.362993950000000e-05
2.596876399999019e+01	1.292871090000000e-05
2.601509909995366e+01	1.225821960000000e-05
2.606212489993777e+01	1.159925610000000e-05
2.610932539997157e+01	1.091531790000000e-05
2.617119789996650e+01	1.037354650000000e-05
2.620380559994373e+01	9.925913219999999e-06
2.623577449994627e+01	9.532072000000000e-06
2.626543339993805e+01	9.107492590000000e-06
2.631210400001146e+01	8.661779250000001e-06
2.635860659996979e+01	8.177642479999999e-06
2.642077149997931e+01	7.685822310000000e-06
2.646657489996869e+01	7.324640590000000e-06
2.650139099999797e+01	7.007647130000000e-06
2.652985829999670e+01	6.736760950000000e-06
2.656047779996879e+01	6.281443350000000e-06
2.660717470000964e+01	6.075877540000000e-06
2.665440470003523e+01	5.733907070000000e-06
2.668552489997819e+01	5.555238200000000e-06
2.671595600002911e+01	4.866687050000000e-06
2.685528569994494e+01	4.734536110000000e-06
2.688621529994998e+01	4.624153460000000e-06
2.691786899999715e+01	4.474858540000000e-06
2.696506620000582e+01	4.290309790000000e-06
2.701130699994974e+01	4.088808510000000e-06
2.705841029994190e+01	3.939512680000000e-06
2.708991670003161e+01	3.739359950000000e-06
2.711998700001277e+01	3.447704100000000e-06
2.716653439996298e+01	3.096907680000000e-06
2.721448520000558e+01	2.836844030000000e-06
2.726019089994952e+01	2.575624880000000e-06
2.730709489993751e+01	2.455995850000000e-06
2.735410989995580e+01	2.289362560000000e-06
2.738443770003505e+01	2.210958200000000e-06
2.741577029996552e+01	2.098264300000000e-06
2.746444020001218e+01	1.977093690000000e-06
2.751070159999654e+01	1.868830280000000e-06
2.755650810000952e+01	1.798709490000000e-06
2.761957109998912e+01	1.598749690000000e-06
2.766662859998178e+01	1.495687680000000e-06
2.769895979994908e+01	1.398597310000000e-06
2.772972509998363e+01	1.299965790000000e-06
2.776140399998985e+01	1.114068710000000e-06
2.780804349994287e+01	9.495544760000000e-07
2.785524249996524e+01	8.647931510000000e-07
2.790116110001691e+01	7.243589270000000e-07
2.793257569998968e+01	6.326624770000000e-07
2.796355210000183e+01	5.509833160000000e-07
2.799443139997311e+01	4.827890050000000e-07
2.802525790000800e+01	4.151725930000000e-07
2.805700819997583e+01	3.691316980000000e-07
2.810411529999692e+01	2.974697680000000e-07
2.813529659993947e+01	2.529699540000000e-07
2.816648749995511e+01	1.239611720000000e-07
2.830720269994345e+01	1.142877650000000e-07
2.833821730001364e+01	1.051325920000000e-07
2.836899200000335e+01	9.824218240000001e-08
2.841636899998412e+01	9.507530759999999e-08
2.846350489999168e+01	9.436515570000000e-08
2.849492610001471e+01	9.430756620000000e-08
2.852609930001199e+01	9.411564860000000e-08
2.855679499998223e+01	9.421160739999999e-08
2.861964009993244e+01	9.371259320000000e-08
2.866725249995943e+01	9.346307910000000e-08
2.871518729999661e+01	9.559351350000000e-08
2.876239499996882e+01	9.968167800000000e-08
2.879263709997758e+01	1.054780580000000e-07
2.882343440002296e+01	1.177425520000000e-07
2.885434039996471e+01	1.296999700000000e-07
2.888562169997022e+01	1.485093720000000e-07
2.891610010003205e+01	1.758214130000000e-07
2.896249469998293e+01	2.024616630000000e-07
2.900899390003178e+01	2.219620260000000e-07
2.905540730000939e+01	2.307909600000000e-07
2.908661540003959e+01	2.415775670000000e-07
2.911786570004188e+01	2.576807110000000e-07
2.916409440001007e+01	2.789276720000000e-07
2.921291070000734e+01	3.007312440000000e-07
2.925829649996012e+01	3.234944470000000e-07
2.930504749994725e+01	3.346265770000000e-07
2.933682490000501e+01	3.499619650000000e-07
2.936694360000547e+01	3.638579070000000e-07
2.939761119999457e+01	3.771396280000000e-07
2.942856379994191e+01	3.912659280000000e-07
2.946133620000910e+01	4.151423520000000e-07
2.950664639996830e+01	4.299787120000000e-07
2.955375159997493e+01	4.602081560000000e-07
2.958448019996285e+01	4.776164250000000e-07
2.961717770004179e+01	4.998038890000000e-07
2.966239199996926e+01	5.111662630000000e-07
2.969328140001744e+01	5.188244360000000e-07
2.972507209994365e+01	5.240449350000000e-07
2.975558220001403e+01	5.263865430000001e-07
2.981828190002125e+01	5.366549660000000e-07
2.986507459997665e+01	5.444282460000000e-07
2.991241039999295e+01	5.538905160000000e-07
2.995831180003006e+01	5.603586150000000e-07
2.998948069999460e+01	5.638518130000000e-07
3.002005309995729e+01	5.697633580000000e-07
3.006728509999812e+01	5.831986410000000e-07
3.011463850003202e+01	6.044456310000000e-07
3.016241510002874e+01	6.423139210000000e-07
3.020944010000676e+01	6.881090260000001e-07
3.025520190002862e+01	7.136553110000000e-07
3.028649079997558e+01	7.473203140000000e-07
3.031837829994038e+01	7.983168190000000e-07
3.036466870002914e+01	9.705523779999999e-07
3.050238810002338e+01	9.882750190000000e-07
3.053332239994779e+01	1.009272860000000e-06
3.056449769996107e+01	1.039902370000000e-06
3.061066719994415e+01	1.062826530000000e-06
3.065754199994262e+01	1.073614270000000e-06
3.071994680003263e+01	1.093456260000000e-06
3.075072559993714e+01	1.106748530000000e-06
3.078137959993910e+01	1.120618440000000e-06
3.081232040002942e+01	1.155486300000000e-06
3.086028130003251e+01	1.210003230000000e-06
3.090739579999354e+01	1.246989880000000e-06
3.095762510003988e+01	1.332907120000000e-06
3.101793420000467e+01	1.430382780000000e-06
3.104927790001966e+01	1.477386830000000e-06
3.108148639998399e+01	1.523427610000000e-06
3.111249410000164e+01	1.577944660000000e-06
3.115858599997591e+01	1.614160960000000e-06
3.122624099999666e+01	1.627645820000000e-06
3.126861989998724e+01	1.628994260000000e-06
3.131455509993248e+01	1.630150000000000e-06
3.134471440000925e+01	1.630342810000000e-06
3.137549170001876e+01	1.629379430000000e-06
3.140671989996918e+01	1.617243130000000e-06
3.146894009993412e+01	1.403991290000000e-06
3.151552469993476e+01	1.182841060000000e-06
3.156146999995690e+01	9.162279750000000e-07
3.160889000003226e+01	7.677029430000000e-07
3.163979299995117e+01	6.001064890000000e-07
3.167100979993120e+01	3.874324360000000e-07
3.172057629993651e+01	1.745656560000000e-07
3.176629609998781e+01	1.040596730000000e-07
3.181338389997836e+01	1.774553480000000e-07
3.185915399994701e+01	3.941747200000000e-07
3.190545520000160e+01	5.519464710000000e-07
3.193750310002360e+01	2.483928480000000e-06
3.213843649998307e+01	2.696795260000000e-06
3.217065290000755e+01	2.920256970000000e-06
3.220171039993875e+01	3.161441550000000e-06
3.223418369994033e+01	3.429403480000000e-06
3.226454250002280e+01	3.802160790000000e-06
3.231153479998466e+01	4.201309820000000e-06
3.235869000002276e+01	4.651123160000000e-06
3.242157040000893e+01	5.020027400000000e-06
3.245231980003882e+01	5.317077470000000e-06
3.248355430003721e+01	5.638401030000000e-06
3.251451360003557e+01	6.145235150000000e-06
3.256145349994767e+01	6.796356960000000e-06
3.260838320001494e+01	7.396622100000000e-06
3.265531369997188e+01	7.665931660000001e-06
3.270153339998797e+01	8.099948899999999e-06
3.281242450000718e+01	9.612760550000000e-06
3.287465939996764e+01	9.802956810000000e-06
3.290484870004002e+01	1.003349830000000e-05
3.293630049994681e+01	1.023906410000000e-05
3.296781069994904e+01	1.050226550000000e-05
3.301530049997382e+01	1.077891560000000e-05
3.306242189998738e+01	1.110551420000000e-05
3.310936699993908e+01	1.147822150000000e-05
3.315632549999282e+01	1.170876290000000e-05
3.322314020001795e+01	1.237925430000000e-05
3.325078160001431e+01	1.268279990000000e-05
3.328349179995712e+01	1.304398030000000e-05
3.331372289999854e+01	1.363762290000000e-05
3.336016379995272e+01	1.441954280000000e-05
3.340669620002154e+01	1.479993530000000e-05
3.345344249997288e+01	1.556071770000000e-05
3.348469840001781e+01	1.604293540000000e-05
3.351637920003850e+01	1.654628430000000e-05
3.354846219997853e+01	1.701889050000000e-05
3.357972189993598e+01	1.741657430000000e-05
3.361138869996648e+01	1.796987450000000e-05
3.365793190000113e+01	1.855198930000000e-05
3.370460319996346e+01	1.884977430000000e-05
3.373565559997223e+01	1.925321890000000e-05
3.376709119998850e+01	1.991025970000000e-05
3.381342359993141e+01	2.036365910000000e-05
3.384445490001235e+01	2.082858190000000e-05
3.387589220004156e+01	2.136651160000000e-05
3.390713990002405e+01	2.175651030000000e-05
3.395330439996906e+01	2.242123990000000e-05
3.398439580004197e+01	2.280162880000000e-05
3.401486420002766e+01	2.341256370000000e-05
3.406225730001461e+01	2.415797830000000e-05
3.410930839995854e+01	2.459600730000000e-05
3.413903159997426e+01	2.508590660000000e-05
3.417022940004244e+01	2.591009430000000e-05
3.421696879994124e+01	2.683225650000000e-05
3.426547700003721e+01	2.771023360000000e-05
3.431157889997121e+01	2.863047670000000e-05
3.435777979996055e+01	2.963332920000000e-05
3.442012679995969e+01	3.031726920000000e-05
3.445141660002992e+01	3.086288420000000e-05
3.448242869996466e+01	3.138352260000000e-05
3.451331199996639e+01	3.218273200000000e-05
3.456009929999709e+01	3.314139760000000e-05
3.462241680000443e+01	3.394444870000000e-05
3.465369870001450e+01	3.439015930000000e-05
3.468447109998669e+01	3.487429790000000e-05
3.471616309997626e+01	3.531617040000000e-05
3.474788159993477e+01	3.577533060000000e-05
3.477984850003850e+01	3.625946560000000e-05
3.481135860003997e+01	3.687232310000000e-05
3.485776389995590e+01	3.743522390000000e-05
3.490405449992977e+01	3.767921590000000e-05
3.493440809997264e+01	3.800004920000000e-05
3.496488200000022e+01	3.852453300000000e-05
3.501152699999511e+01	3.882039160000000e-05
3.504286099993624e+01	3.919502340000000e-05
3.507415619993117e+01	3.962728440000000e-05
3.510473040002398e+01	3.991930500000000e-05
3.513500469992869e+01	4.024590450000000e-05
3.516612389998045e+01	4.064935270000000e-05
3.521333369996864e+01	4.107008860000000e-05
3.526048129994888e+01	4.158496450000000e-05
3.530590629996732e+01	4.182319030000000e-05
3.533643140003551e+01	4.217668540000000e-05
3.536780360003468e+01	4.277417250000000e-05
3.541553959995508e+01	4.340431770000000e-05
3.546222350001335e+01	4.390958570000000e-05
3.552360570000019e+01	4.445519880000000e-05
3.555552039993927e+01	4.475682730000000e-05
3.561799539998174e+01	4.541002640000000e-05
3.564852209994569e+01	4.572701440000000e-05
3.567975899996236e+01	4.596332290000000e-05
3.571165740001015e+01	4.649740730000000e-05
3.575904499995522e+01	4.685474410000000e-05
3.582127980003133e+01	4.701420770000000e-05
3.586661979998462e+01	4.697385880000000e-05
3.591345729993191e+01	4.704878670000000e-05
3.594457269995473e+01	4.705839090000000e-05
3.597486169997137e+01	4.732351590000000e-05
3.600629009993281e+01	4.752331730000000e-05
3.606904860003851e+01	4.818804150000000e-05
3.611724609998055e+01	4.840706240000000e-05
3.616348739992827e+01	4.858572720000000e-05
3.621114369994029e+01	4.869715120000000e-05
3.624477739993017e+01	4.881626590000000e-05
3.627240879996680e+01	4.904489110000000e-05
3.631792289996520e+01	4.934651220000000e-05
3.636438619997352e+01	4.978262220000000e-05
3.641016410000157e+01	5.025522840000000e-05
3.645725680002943e+01	5.043773850000000e-05
3.651985119993333e+01	5.081237030000000e-05
3.655188339995220e+01	5.097951360000000e-05
3.658241229993291e+01	5.109670750000000e-05
3.661321330000646e+01	5.135606260000000e-05
3.666069499996956e+01	5.174029870000000e-05
3.670754139998462e+01	5.186901760000000e-05
3.675663830002304e+01	5.216680070000000e-05
3.681648050004151e+01	5.260098620000000e-05
3.684797589993104e+01	5.286226590000000e-05
3.687980600004084e+01	5.310433700000000e-05
3.691162959998474e+01	5.338866320000000e-05
3.695829540002160e+01	5.352891460000000e-05
3.702144030004274e+01	5.369221250000000e-05
3.706219339999370e+01	5.376521220000000e-05
3.711632489995100e+01	5.383053580000000e-05
3.714738249999937e+01	5.385358960000000e-05
3.717825679993257e+01	5.385167240000000e-05
3.721138150000479e+01	5.398422950000000e-05
3.725575100001879e+01	5.403994510000000e-05
3.730239359999541e+01	5.406876150000000e-05
3.733348160004243e+01	5.416098070000000e-05
3.736435049993452e+01	5.428009540000000e-05
3.741142439993564e+01	5.438767770000000e-05
3.744149050000124e+01	5.444723500000000e-05
3.747298890003003e+01	5.450487150000000e-05
3.751894660003018e+01	5.456058720000000e-05
3.756603929994162e+01	5.462590340000000e-05
3.761243179999292e+01	5.467201120000000e-05
3.765973499999382e+01	5.479688840000000e-05
3.770639149995986e+01	5.477191370000000e-05
3.773899590002839e+01	5.479881290000000e-05
3.776936100004241e+01	5.491215420000000e-05
3.781548789993394e+01	5.493521170000000e-05
3.786247799999546e+01	5.502550630000000e-05
3.790834890003316e+01	5.504664300000000e-05
3.795534390001558e+01	5.508313920000000e-05
3.801928729994688e+01	5.516767490000000e-05
3.805133499996737e+01	5.523107030000000e-05
3.808206319995224e+01	5.523491560000000e-05
3.811318899993785e+01	5.523107030000000e-05
3.816204079997260e+01	5.531368520000000e-05
3.820626470004208e+01	5.533481450000000e-05
3.825481860002037e+01	5.532136490000000e-05
3.831625969999004e+01	5.549619530000000e-05
3.834722629992757e+01	5.551733190000000e-05
3.837865149998106e+01	5.553654410000000e-05
3.841041280003265e+01	5.561530630000000e-05
3.845694689999800e+01	5.566718030000000e-05
3.851824569993187e+01	5.579589920000000e-05
3.856447079998907e+01	5.593038080000000e-05
3.861550239997450e+01	5.602259990000000e-05
3.864350260002539e+01	5.609175790000000e-05
3.867514299997129e+01	5.622816390000000e-05
3.870695819996763e+01	5.634151600000000e-05
3.876890190003905e+01	5.653747210000000e-05
3.881590569997206e+01	5.667195360000000e-05
3.886238679999951e+01	5.675840660000000e-05
3.890878369996790e+01	5.685447100000000e-05
3.893982530001085e+01	5.690633410000000e-05
3.897133800003212e+01	5.696205330000000e-05
3.901834780001082e+01	5.703505300000000e-05
3.906605289992876e+01	5.708885150000000e-05
3.911294030002318e+01	5.715416770000000e-05
3.916034479998052e+01	5.722333300000000e-05
3.920729369996116e+01	5.723678260000000e-05
3.923900319996756e+01	5.734628940000000e-05
3.927049589995295e+01	5.736358070000000e-05
3.931744539993815e+01	5.751534990000000e-05
3.936342730000615e+01	5.759796480000000e-05
3.940968579996843e+01	5.760756900000000e-05
3.945572059997357e+01	5.759027770000000e-05
3.951788930001203e+01	5.763062290000000e-05
3.954874190001283e+01	5.759796480000000e-05
3.958030040003359e+01	5.762678120000000e-05
3.961040689994115e+01	5.752111610000000e-05
3.965801929996815e+01	5.754993620000000e-05
3.970586350001395e+01	5.748269540000000e-05
3.975387779995799e+01	5.744234660000000e-05
3.978561529994477e+01	5.733475700000000e-05
3.981648479995783e+01	5.722909550000000e-05
3.984659989993088e+01	5.715800940000000e-05
3.987748929997906e+01	5.698319000000000e-05
3.990947409998626e+01	5.668732050000000e-05
3.995433300000150e+01	5.647407670000000e-05
3.998522130004130e+01	5.624353070000000e-05
4.001729829993565e+01	5.586314000000000e-05
4.006402149994392e+01	5.539822090000000e-05
4.011131129995920e+01	5.508506730000000e-05
4.014144409995060e+01	5.484299620000000e-05
4.017237699998077e+01	5.443186090000000e-05
4.021866949996911e+01	5.385743500000000e-05
4.026687619998120e+01	5.325034000000000e-05
4.031329670001287e+01	5.250492900000000e-05
4.036033419996966e+01	5.175951080000000e-05
4.040746050002053e+01	5.139256610000000e-05
4.043800780002493e+01	5.086616150000000e-05
4.046902550000232e+01	5.005927230000000e-05
4.051766829995904e+01	4.907178300000000e-05
4.056174030003604e+01	4.787873700000000e-05
4.060827670001891e+01	4.659923430000000e-05
4.065568620001432e+01	4.589031960000000e-05
4.071694950002711e+01	4.436105880000000e-05
4.074892749998253e+01	4.354072010000000e-05
4.078006929997355e+01	4.275496030000000e-05
4.081123280001339e+01	4.164451820000000e-05
4.085732760000974e+01	4.098555660000000e-05
4.090452720003668e+01	3.978290260000000e-05
4.093476169998758e+01	3.889915750000000e-05
4.096857020002790e+01	3.734108760000000e-05
4.101441329997033e+01	3.637665580000000e-05
4.104251409997232e+01	3.558513340000000e-05
4.107335269998293e+01	3.455538170000000e-05
4.110439200000837e+01	3.392139120000000e-05
4.113574169995263e+01	3.313947670000000e-05
4.116667609999422e+01	3.214622850000000e-05
4.121594949997962e+01	3.125672450000000e-05
4.125976309995167e+01	3.041909260000000e-05
4.130676569999196e+01	3.006559560000000e-05
4.133793789998163e+01	2.968520130000000e-05
4.137007529998664e+01	2.912998390000000e-05
4.141562260000501e+01	2.835766830000000e-05
4.146242999995593e+01	2.737210710000000e-05
4.150921970000491e+01	2.635004240000000e-05
4.155581209994853e+01	2.578329260000000e-05
4.161900479998440e+01	2.446728830000000e-05
4.165008749999106e+01	2.379487890000000e-05
4.168135920003988e+01	2.318202310000000e-05
4.171214019996114e+01	2.229251730000000e-05
4.175899909995496e+01	2.135498290000000e-05
4.182138290000148e+01	2.058843530000000e-05
4.186751040001400e+01	1.980075290000000e-05
4.191438119998202e+01	1.923785020000000e-05
4.194550609996077e+01	1.873066140000000e-05
4.197695679997560e+01	1.815430550000000e-05
4.200791769998614e+01	1.740504740000000e-05
4.207008199999109e+01	1.674224220000000e-05
4.211628750001546e+01	1.607367450000000e-05
4.216348799993284e+01	1.552421780000000e-05
4.220949199993629e+01	1.530904770000000e-05
4.224278550001327e+01	1.506505580000000e-05
4.227229630004149e+01	1.475574660000000e-05
4.231840899994131e+01	1.429082290000000e-05
4.236452659999486e+01	1.365491430000000e-05
4.241143300000113e+01	1.307279850000000e-05
4.245831589994486e+01	1.241191330000000e-05
4.250616859993897e+01	1.206610340000000e-05
4.253695640002843e+01	1.164536480000000e-05
4.256908229994588e+01	1.106516900000000e-05
4.261588139995001e+01	1.043886640000000e-05
4.266190409997944e+01	9.745322129999999e-06
4.270809229998849e+01	8.934584910000000e-06
4.275568359997123e+01	8.492715100000000e-06
4.281711619999260e+01	7.520600780000000e-06
4.284829440002795e+01	7.065281810000000e-06
4.287894810002763e+01	6.650308930000000e-06
4.290958810003940e+01	6.131591820000000e-06
4.295698839996476e+01	5.870311270000000e-06
4.301893589994870e+01	5.249770770000000e-06
4.306566960003693e+01	4.855929550000000e-06
4.311319139995612e+01	4.049895320000000e-06
4.322277699992992e+01	3.927568740000000e-06
4.325385939993430e+01	3.785400850000000e-06
4.328564659995027e+01	3.649397510000000e-06
4.331741290003993e+01	3.463693250000000e-06
4.336537739995401e+01	3.296289150000000e-06
4.341050849994645e+01	3.194961210000000e-06
4.345694279996678e+01	3.154892060000000e-06
4.351906810002401e+01	3.058957650000000e-06
4.356563610001467e+01	2.999817070000000e-06
4.359691429999657e+01	2.925650960000000e-06
4.362804450001568e+01	2.828945750000000e-06
4.365931260003708e+01	2.640544610000000e-06
4.370557600003667e+01	2.549040570000000e-06
4.375156759994570e+01	2.426907030000000e-06
4.378344299993478e+01	2.354089250000000e-06
4.381449280004017e+01	2.208453910000000e-06
4.386144579993561e+01	2.123885000000000e-06
4.389348209998570e+01	2.070138630000000e-06
4.392513620003592e+01	2.059158310000000e-06
4.395613279996905e+01	2.057039180000000e-06
4.401800249994267e+01	2.057039180000000e-06
4.406470680003986e+01	2.049333490000000e-06
4.411039279995020e+01	2.004255980000000e-06
4.415756980003789e+01	1.974589620000000e-06
4.418891150003765e+01	1.944345060000000e-06
4.422376550000627e+01	1.899460130000000e-06
4.426674989995081e+01	1.848603230000000e-06
4.431331739993766e+01	1.761337440000000e-06
4.436034270003438e+01	1.645946440000000e-06
4.440708829998039e+01	1.593163350000000e-06
4.446804780000821e+01	1.469103270000000e-06
4.449842900002841e+01	1.398404720000000e-06
4.453020089992788e+01	1.331558910000000e-06
4.456043269997463e+01	1.277234450000000e-06
4.460775329999160e+01	1.256429410000000e-06
4.465446440002415e+01	1.249879690000000e-06
4.468597170000430e+01	1.246026730000000e-06
4.471838410000782e+01	1.247375280000000e-06
4.476438700000290e+01	1.245448860000000e-06
4.479741420003120e+01	1.245834140000000e-06
4.482715619995724e+01	1.246026730000000e-06
4.485408700001426e+01	1.242366690000000e-06
4.489016239997000e+01	1.219249950000000e-06
4.492185319995042e+01	1.165310780000000e-06
4.496808759996202e+01	1.065523520000000e-06
4.501448439992964e+01	9.911645980000000e-07
4.506032779999077e+01	9.487839630000000e-07
4.509130369999912e+01	9.067886710000000e-07
4.512278480001260e+01	8.540053500000000e-07
4.515333460003603e+01	8.187523690000000e-07
4.518456079997122e+01	7.713630340000000e-07
4.521606589993462e+01	7.164607040000000e-07
4.526306989998557e+01	6.627142850000000e-07
4.531002610002179e+01	5.991431640000000e-07
4.535821560001932e+01	5.615785880000000e-07
4.538897530001123e+01	5.342237730000000e-07
4.541994539997540e+01	5.076395270000000e-07
4.546643080003560e+01	4.939115570000000e-07
4.560671459999867e+01	4.939691390000000e-07
4.563836999994237e+01	4.880959640000000e-07
4.567026439995971e+01	4.629528120000000e-07
4.571842129994184e+01	4.165050600000000e-07
4.576443570002448e+01	3.852584310000000e-07
4.579488599998876e+01	3.595778250000000e-07
4.582621760002803e+01	3.414977530000000e-07
4.585706850001588e+01	3.323425520000000e-07
4.590395870001521e+01	3.087156410000000e-07
4.593520880001597e+01	2.844937230000000e-07
4.596657689998392e+01	2.500609920000000e-07
4.601322219998110e+01	2.237086250000000e-07
4.606138019997161e+01	2.093904500000000e-07
4.609285859996453e+01	1.963006330000000e-07
4.612426980002783e+01	1.823663210000000e-07
4.615508019994013e+01	1.741132110000000e-07
4.620275439997204e+01	1.607162970000000e-07
4.623486199998297e+01	1.512923970000000e-07
4.626623349997681e+01	1.343639300000000e-07
4.631430600001477e+01	1.152282470000000e-07
4.636090720002539e+01	1.071670680000000e-07
4.639136719994713e+01	1.028293970000000e-07
4.642241959995590e+01	1.008141060000000e-07
4.645351379993372e+01	9.993121350000000e-08
4.648578480002470e+01	9.968167800000000e-08
4.651710830000229e+01	9.860686840000000e-08
4.656326740002260e+01	9.876041670000000e-08
4.660995579999872e+01	9.820381310000000e-08
4.665611879993230e+01	9.868364259999999e-08
4.668879589997232e+01	9.854927900000000e-08
4.671855530003086e+01	9.783912700000000e-08
4.676713319995906e+01	9.645722090000000e-08
4.681252629996743e+01	9.480658750000000e-08
4.685905620001722e+01	9.377014720000001e-08
4.690673859999515e+01	9.517127350000000e-08
4.695332089997828e+01	1.054012840000000e-07
4.698381769994739e+01	1.198922060000000e-07
4.701586239994504e+01	1.565897350000000e-07
4.706244489992969e+01	2.101005950000000e-07
4.710935459996108e+01	2.778144790000000e-07
4.715635459998157e+01	3.131301010000000e-07
4.722414279996883e+01	3.949510300000000e-07
4.726542760001030e+01	4.257562130000000e-07
4.729641319997609e+01	4.485386280000000e-07
4.732812630000990e+01	4.702845900000000e-07
4.735852290003095e+01	4.986714540000000e-07
4.742033200000878e+01	5.224519550000000e-07
4.746710659994278e+01	5.497639680000000e-07
4.751432239997666e+01	5.835825050000000e-07
4.756112840003334e+01	6.117966220000000e-07
4.759234219999053e+01	6.390511090000000e-07
4.762375709996559e+01	6.646164930000000e-07
4.765451569994912e+01	6.782245240000000e-07
4.768468479998410e+01	6.906809630000000e-07
4.771592730004340e+01	7.081276290000000e-07
4.776394630002324e+01	7.249409460000000e-07
4.781136059993878e+01	7.353629030000000e-07
4.785847680002917e+01	7.396046160000000e-07
4.788833570003044e+01	7.444797350000000e-07
4.791911369992886e+01	7.484143790000000e-07
4.796554979996290e+01	7.538268390000000e-07
4.801282800000627e+01	7.585867370000000e-07
4.805870029993821e+01	7.701987100000000e-07
4.810508889995981e+01	7.788548830000000e-07
4.815236109995749e+01	7.934993390000000e-07
4.818283850001171e+01	8.030000340000000e-07
4.821355149999727e+01	8.198516640000000e-07
4.826155789999757e+01	8.426724780000000e-07
4.830650980002247e+01	9.031285230000000e-07
4.843144419998862e+01	9.067886710000000e-07
4.846252239996102e+01	9.185395700000000e-07
4.849349469994195e+01	9.358770970000000e-07
4.852467149996664e+01	9.584160810000000e-07
4.855820720002521e+01	1.006961040000000e-06
4.861803350003902e+01	1.079586240000000e-06
4.866490189998876e+01	1.165696060000000e-06
4.871249820000958e+01	1.257199980000000e-06
4.875949660001788e+01	1.321348800000000e-06
4.878949470003136e+01	1.389350590000000e-06
4.882135209999979e+01	1.480469000000000e-06
4.886877059994731e+01	1.593933920000000e-06
4.891625859995838e+01	1.703738350000000e-06
4.896648659999482e+01	1.790811330000000e-06
4.901105269999243e+01	1.859391090000000e-06
4.905916169995908e+01	1.895607400000000e-06
4.908942919992842e+01	1.928163330000000e-06
4.912153549992945e+01	1.963031080000000e-06
4.915321180003230e+01	1.983065660000000e-06
4.918345280003268e+01	2.002522250000000e-06
4.921463159995619e+01	2.018896570000000e-06
4.926180029998068e+01	2.035848870000000e-06
4.930906739993952e+01	2.046058850000000e-06
4.935652869998012e+01	2.047792580000000e-06
4.938679719995707e+01	2.050489460000000e-06
4.941872549999971e+01	2.057617170000000e-06
4.946673290000763e+01	2.076303190000000e-06
4.951330360001884e+01	2.107510680000000e-06
4.955925049993675e+01	2.139103800000000e-06
4.962136590003502e+01	2.174356720000000e-06
4.966923380002845e+01	2.194583890000000e-06
4.969967799994629e+01	2.203637910000000e-06
4.973624629992992e+01	2.205949610000000e-06
4.976337549998425e+01	2.209031890000000e-06
4.981075710000005e+01	2.197665940000000e-06
4.985766919993330e+01	2.082274930000000e-06
4.990414779994171e+01	1.975359960000000e-06
4.993468509998638e+01	1.802947620000000e-06
4.996539869997650e+01	1.614353550000000e-06
4.999730559997261e+01	1.426530050000000e-06
5.002840469998773e+01	1.238128560000000e-06
5.005891160003375e+01	9.774871610000001e-07
5.012260549992789e+01	7.476684230000000e-07
5.015334019996226e+01	6.241863279999999e-07
5.018418189999647e+01	4.305836400000000e-07
5.021495349996258e+01	1.840050600000000e-07
5.026144789997488e+01	1.119578880000000e-07
5.029235899995547e+01	1.181223300000000e-07
5.032300999993458e+01	1.965266420000000e-07
5.035471169999801e+01	2.678032730000000e-07
5.038468849996570e+01	3.544910780000000e-07
5.041577730001882e+01	1.408036610000000e-06
5.065441469999496e+01	1.558680650000000e-06
5.068877939996310e+01	1.778097270000000e-06
5.072892979998142e+01	2.091714350000000e-06
5.076483300002292e+01	2.338485730000000e-06
5.081138009997085e+01	2.418623810000000e-06
5.085770709998906e+01	2.453298750000000e-06
5.088871470000595e+01	2.492597100000000e-06
5.091896669997368e+01	2.573505980000000e-06
5.096489439997822e+01	2.736286210000000e-06
5.101143209997099e+01	2.902534330000000e-06
5.105807489994913e+01	3.117905180000000e-06
5.110448340000585e+01	3.290124820000000e-06
5.113581969996449e+01	3.583707670000000e-06
5.116687780001666e+01	3.902333450000000e-06
5.119904350000434e+01	4.179927150000000e-06
5.122893460001796e+01	4.412250750000000e-06
5.126067350001540e+01	4.800611350000000e-06
5.130661109997891e+01	4.986316070000000e-06
5.135296079993714e+01	5.320160650000000e-06
5.138453569996636e+01	5.539191080000000e-06
5.141548580001108e+01	5.827187120000000e-06
5.146276110003237e+01	6.002875120000000e-06
5.149352679995354e+01	6.167196260000000e-06
5.152508679998573e+01	6.369467430000000e-06
5.155553280003369e+01	6.494105040000000e-06
5.161802629998419e+01	6.931782540000000e-06
5.166503419994842e+01	7.340370760000000e-06
5.171156490000430e+01	7.621817080000000e-06
5.175950139993802e+01	7.744528380000000e-06
5.179162679996807e+01	7.865312910000000e-06
5.182235509995371e+01	8.056604199999999e-06
5.186908650002442e+01	8.374844580000000e-06
5.191567629994825e+01	9.532072000000000e-06
5.202527680003550e+01	9.745322129999999e-06
5.205695410002954e+01	1.010650250000000e-05
5.208789760002401e+01	1.049650110000000e-05
5.211853279999923e+01	1.116122890000000e-05
5.216447670001071e+01	1.218137190000000e-05
5.221193520002998e+01	1.306319340000000e-05
5.226202260004357e+01	1.407180930000000e-05
5.230607109994162e+01	1.462895120000000e-05
5.235209029994439e+01	1.550308480000000e-05
5.238296760001685e+01	1.610249090000000e-05
5.241361839999445e+01	1.695933500000000e-05
5.246026510000229e+01	1.788726330000000e-05
5.250665959995240e+01	1.831952800000000e-05
5.255259450001176e+01	1.910528950000000e-05
5.258434709999710e+01	1.962785060000000e-05
5.261561480001546e+01	2.027336450000000e-05
5.266119419992901e+01	2.069794210000000e-05
5.269241629994940e+01	2.113981280000000e-05
5.280756520002615e+01	2.256340300000000e-05
5.286714979994576e+01	2.291690180000000e-05
5.291484859993216e+01	2.331842730000000e-05
5.296137639996596e+01	2.356818190000000e-05
5.299337119993288e+01	2.378142930000000e-05
5.302434160001576e+01	2.395241430000000e-05
5.305578529997729e+01	2.406000020000000e-05
5.310259729996324e+01	2.426940770000000e-05
5.313414830004331e+01	2.448073790000000e-05
5.316523799998686e+01	2.507630050000000e-05
5.321192249993328e+01	2.584093090000000e-05
5.325981590000447e+01	2.628856420000000e-05
5.329020960000344e+01	2.676885920000000e-05
5.332135700003710e+01	2.746048090000000e-05
5.336802149994764e+01	2.824432160000000e-05
5.341447479999624e+01	2.886293990000000e-05
5.346191569999792e+01	2.933554790000000e-05
5.350875379994977e+01	2.961411700000000e-05
5.355532819998916e+01	2.971786310000000e-05
5.358629969996400e+01	2.992919330000000e-05
5.361750429996755e+01	3.030381960000000e-05
5.366457479994278e+01	3.088785890000000e-05
5.371196750004310e+01	3.144692160000000e-05
5.376067340001464e+01	3.202903460000000e-05
5.380691829998977e+01	3.231721350000000e-05
5.385438429994974e+01	3.289548480000000e-05
5.388449079997372e+01	3.317982190000000e-05
5.391484230000060e+01	3.360824480000000e-05
5.396160809998401e+01	3.395213210000000e-05
5.400804999994580e+01	3.420957360000000e-05
5.405448970000725e+01	3.433252640000000e-05
5.408575029997155e+01	3.451311570000000e-05
5.411734430002980e+01	3.474557890000000e-05
5.416347909998149e+01	3.491079770000000e-05
5.419555219996255e+01	3.509523230000000e-05
5.422742030001245e+01	3.528350860000000e-05
5.425798739993479e+01	3.553326310000000e-05
5.430455899995286e+01	3.570040280000000e-05
5.433589350001421e+01	3.585601730000000e-05
5.436745769996196e+01	3.613266740000000e-05
5.441311299998779e+01	3.629404820000000e-05
5.445918240002356e+01	3.637665580000000e-05
5.448986720002722e+01	3.643813400000000e-05
5.452032010001130e+01	3.653035310000000e-05
5.456737840001006e+01	3.675128760000000e-05
5.461383569997270e+01	3.685502820000000e-05
5.466034750000108e+01	3.691266830000000e-05
5.470747469994240e+01	3.692418980000000e-05
5.477405499992892e+01	3.709133670000000e-05
5.480326449999120e+01	3.728153390000000e-05
5.483533299993724e+01	3.750246470000000e-05
5.486557160003576e+01	3.783290590000000e-05
5.491336949996185e+01	3.829975320000000e-05
5.496037560002878e+01	3.878389180000000e-05
5.500754439993761e+01	3.928723530000000e-05
5.507015249994583e+01	3.965033830000000e-05
5.510147949995007e+01	3.985782680000000e-05
5.513337139994837e+01	4.001920390000000e-05
5.516537099995185e+01	4.026703750000000e-05
5.521137609996367e+01	4.056481700000000e-05
5.526009420002811e+01	4.086260010000000e-05
5.530589720001444e+01	4.098555660000000e-05
5.535351639997680e+01	4.133713080000000e-05
5.538566279993393e+01	4.149082450000000e-05
5.541550619993359e+01	4.179437020000000e-05
5.546261749998666e+01	4.207870730000000e-05
5.550941239995882e+01	4.256668760000000e-05
5.557233919994906e+01	4.318530410000000e-05
5.561799479997717e+01	4.375397110000000e-05
5.566492809995543e+01	4.407480450000000e-05
5.569628040003590e+01	4.440525300000000e-05
5.572732649999671e+01	4.469342460000000e-05
5.575928629992995e+01	4.514298420000000e-05
5.580639359995257e+01	4.543308020000000e-05
5.585246209998149e+01	4.578657540000000e-05
5.588457230001222e+01	4.600367170000000e-05
5.591561629995704e+01	4.618425370000000e-05
5.596143809997011e+01	4.627839370000000e-05
5.599115799996071e+01	4.638405880000000e-05
5.602241890004370e+01	4.642056230000000e-05
5.605352479999419e+01	4.644169890000000e-05
5.608434910001233e+01	4.646667370000000e-05
5.611548899998888e+01	4.656273090000000e-05
5.616349309997167e+01	4.668184190000000e-05
5.621187110000756e+01	4.679903580000000e-05
5.625709229998756e+01	4.691238060000000e-05
5.628869119996671e+01	4.698730850000000e-05
5.631934119993821e+01	4.710065700000000e-05
5.636507689999416e+01	4.725050530000000e-05
5.641242800001055e+01	4.746952620000000e-05
5.645938989997376e+01	4.771159000000000e-05
5.650673819996882e+01	4.795750280000000e-05
5.655316170002334e+01	4.841282500000000e-05
5.658435549994465e+01	4.875671220000000e-05
5.661560429993551e+01	4.920818900000000e-05
5.666242780000903e+01	4.961739980000000e-05
5.670755910000298e+01	4.989404990000000e-05
5.675868319999427e+01	5.022448750000000e-05
5.681638019997627e+01	5.046079600000000e-05
5.686234180000611e+01	5.061064800000000e-05
5.689434779994190e+01	5.083349970000000e-05
5.692641279997770e+01	5.098143080000000e-05
5.695803179999348e+01	5.129458440000000e-05
5.701983919995837e+01	5.162502930000000e-05
5.706651799997780e+01	5.197276190000000e-05
5.711411940003745e+01	5.231088650000000e-05
5.715941049996763e+01	5.247802980000000e-05
5.718995649996214e+01	5.268167660000000e-05
5.722195259993896e+01	5.295256050000000e-05
5.726842710003257e+01	5.326955220000000e-05
5.731533360003959e+01	5.356541080000000e-05
5.736330870003439e+01	5.389393120000000e-05
5.741199529997539e+01	5.413216420000000e-05
5.745725570002105e+01	5.423974650000000e-05
5.748886559996754e+01	5.438575680000000e-05
5.752031669998541e+01	5.452408370000000e-05
5.756744090002030e+01	5.451639300000000e-05
5.761482539994176e+01	5.428392980000000e-05
5.766146640002262e+01	5.419555960000000e-05
5.770826520002447e+01	5.417442300000000e-05
5.775441629998386e+01	5.415521450000000e-05
5.778543209994677e+01	5.415329360000000e-05
5.781946249993052e+01	5.414753100000000e-05
5.786644210002851e+01	5.404378680000000e-05
5.791075789998285e+01	5.407260320000000e-05
5.795731780002825e+01	5.407836580000000e-05
5.802041029999964e+01	5.404763210000000e-05
5.806528640002944e+01	5.406876150000000e-05
5.809643489995506e+01	5.410526500000000e-05
5.812742659996729e+01	5.409566070000000e-05
5.815923909994308e+01	5.432235410000000e-05
5.820541239995509e+01	5.441264880000000e-05
5.825253529998008e+01	5.450871320000000e-05
5.828671160002705e+01	5.467585650000000e-05
5.831557879992761e+01	5.481994230000000e-05
5.836273599998094e+01	5.489678730000000e-05
5.839321969996672e+01	5.486797090000000e-05
5.842447800002992e+01	5.491599950000000e-05
5.845617859996855e+01	5.486989540000000e-05
5.850342680001631e+01	5.498516480000000e-05
5.853420350002125e+01	5.504664300000000e-05
5.856523259996902e+01	5.515998780000000e-05
5.861142870003823e+01	5.535018500000000e-05
5.865784919995349e+01	5.541550490000000e-05
5.868942750000861e+01	5.557112310000000e-05
5.871994229999837e+01	5.578053240000000e-05
5.876592509995680e+01	5.604372930000000e-05
5.881568579992745e+01	5.626658820000000e-05
5.886004890000913e+01	5.654708000000000e-05
5.892246829997748e+01	5.677185620000000e-05
5.896808499994222e+01	5.698510720000000e-05
5.900314899999648e+01	5.715800940000000e-05
5.903095789998770e+01	5.723293730000000e-05
5.906243339995854e+01	5.741160930000000e-05
5.910823809995782e+01	5.752495420000000e-05
5.915632529999129e+01	5.759027770000000e-05
5.922032630001195e+01	5.772092120000000e-05
5.926581629994325e+01	5.771515130000000e-05
5.930219089996535e+01	5.773628800000000e-05
5.932976410002448e+01	5.772283840000000e-05
5.936137119994964e+01	5.774013330000000e-05
5.940804220002610e+01	5.773436350000000e-05
5.945487110002432e+01	5.776126270000000e-05
5.951754669996444e+01	5.773244270000000e-05
5.956533939996734e+01	5.770747160000000e-05
5.959519369993359e+01	5.766520550000000e-05
5.962705889996141e+01	5.761141440000000e-05
5.965793500002474e+01	5.751919160000000e-05
5.970403829996940e+01	5.747692560000000e-05
5.973493729997426e+01	5.740008050000000e-05
5.977344599994831e+01	5.726559900000000e-05
5.981213370000478e+01	5.710230110000000e-05
5.986126979999244e+01	5.704274010000000e-05
5.989053710002918e+01	5.686023360000000e-05
5.992236550000962e+01	5.676993530000000e-05
5.995338079996873e+01	5.673343180000000e-05
5.998472339997534e+01	5.664506170000000e-05
6.001586669997778e+01	5.654131750000000e-05
6.006350519997068e+01	5.625890120000000e-05
