# [General]
# timestamp=2025-04-17T12:44:37.359001
# comments='# '
# delimiter='\t'
# column_dtypes=float;;float
# column_headers='Time (s);;Power (W)'
# 
# [Metadata]
# scanner_x=-4.648888772663919
# scanner_y=3.7150022250721597
# start recoding time='17.04.2025, 12:43:37.212828'
# sample rate (hz)=50.0
# sample timing='TIMESTAMP'
# 
# ---- END HEADER ----
2.092999988235533e-03	7.136553110000000e-07
3.756909992080182e-02	7.383378600000000e-07
8.448439999483526e-02	7.708704860000000e-07
1.315963999368250e-01	8.035566450000000e-07
1.781173999188468e-01	8.268188480000000e-07
2.088990999618545e-01	9.836517170000001e-07
3.328307999763638e-01	1.005227320000000e-06
3.632522999541834e-01	1.032774780000000e-06
3.946042999159545e-01	1.059359190000000e-06
4.256753999507055e-01	1.084209540000000e-06
4.570382999954745e-01	1.108674720000000e-06
4.878324999008328e-01	1.131984160000000e-06
5.341175999492407e-01	1.157219910000000e-06
5.820153999375179e-01	1.181107340000000e-06
6.297719000140205e-01	1.213277980000000e-06
6.759437000146136e-01	1.232156820000000e-06
7.238278998993337e-01	1.249301700000000e-06
7.550855999579653e-01	1.266061300000000e-06
7.869250999065116e-01	1.278968170000000e-06
8.183975999709219e-01	1.292260320000000e-06
8.492938999552280e-01	1.303048180000000e-06
8.810938999522477e-01	1.323467810000000e-06
9.285457999212667e-01	1.337915820000000e-06
9.750100999372080e-01	1.353327090000000e-06
1.021029999945313e+00	1.356601840000000e-06
1.053125999984331e+00	1.368545550000000e-06
1.085155899985693e+00	1.383571430000000e-06
1.131641299929470e+00	1.408422010000000e-06
1.178043999942020e+00	1.431731220000000e-06
1.224479199969210e+00	1.459085980000000e-06
1.288233899977058e+00	1.483166100000000e-06
1.319315299973823e+00	1.502622580000000e-06
1.350603299913928e+00	1.519574990000000e-06
1.382384900003672e+00	1.545773780000000e-06
1.428879399900325e+00	1.577174090000000e-06
1.476365600014105e+00	1.607418650000000e-06
1.523147500003688e+00	1.644212720000000e-06
1.570071499911137e+00	1.662706150000000e-06
1.617888499982655e+00	1.694877030000000e-06
1.649816299905069e+00	1.713563050000000e-06
1.681857499992475e+00	1.741302980000000e-06
1.727944099926390e+00	1.763841850000000e-06
1.774881099932827e+00	1.796975880000000e-06
1.821285899961367e+00	1.824138050000000e-06
1.883530699997209e+00	1.882507720000000e-06
1.928137399954721e+00	1.917760980000000e-06
1.961930499994196e+00	1.949353870000000e-06
1.991533499909565e+00	1.978635050000000e-06
2.022250099922530e+00	2.021786260000000e-06
2.083992299973033e+00	2.062047770000000e-06
2.130654899985529e+00	2.095952370000000e-06
2.177648199955001e+00	2.143534400000000e-06
2.224474499933422e+00	2.162798410000000e-06
2.255298699950799e+00	2.179943290000000e-06
2.286468799924478e+00	2.209995050000000e-06
2.332501499913633e+00	2.238120260000000e-06
2.380157999927178e+00	2.280501120000000e-06
2.426902799983509e+00	2.323459510000000e-06
2.474078999948688e+00	2.358905250000000e-06
2.521024299901910e+00	2.371234360000000e-06
2.552315899985842e+00	2.394928970000000e-06
2.585046499967575e+00	2.412266670000000e-06
2.630844699917361e+00	2.433456980000000e-06
2.675435799988918e+00	2.454839890000000e-06
2.722339299973100e+00	2.484891640000000e-06
2.783021899987943e+00	2.497798730000000e-06
2.830325399991125e+00	2.523226840000000e-06
2.861371099948883e+00	2.541720280000000e-06
2.892729699960910e+00	2.551737450000000e-06
2.923155299969949e+00	2.575239710000000e-06
2.970118999946862e+00	2.601245800000000e-06
3.016815399983898e+00	2.616079200000000e-06
3.048843199969269e+00	2.627252340000000e-06
3.079823500011116e+00	2.663276060000000e-06
3.125945399980992e+00	2.675989890000000e-06
3.157305100001395e+00	2.700648110000000e-06
3.188069299911149e+00	2.719526720000000e-06
3.219129299977794e+00	2.740139050000000e-06
3.283632299979217e+00	2.805829130000000e-06
3.327694699983113e+00	2.852640360000000e-06
3.373846699949354e+00	2.891939180000000e-06
3.420326499966905e+00	2.911588130000000e-06
3.452317599905655e+00	2.928540430000000e-06
3.483804699964821e+00	2.963215370000000e-06
3.530917799915187e+00	2.992882170000000e-06
3.578937699901871e+00	3.022355940000000e-06
3.625743399956264e+00	3.032180300000000e-06
3.671259599970654e+00	3.040849380000000e-06
3.718094200012274e+00	3.050288570000000e-06
3.749009099905379e+00	3.063002850000000e-06
3.781565699959174e+00	3.084193390000000e-06
3.827441999921575e+00	3.101145690000000e-06
3.874989699921571e+00	3.126188630000000e-06
3.922132099978626e+00	3.148727270000000e-06
3.969069399987347e+00	3.152965520000000e-06
4.015362299978733e+00	3.175118990000000e-06
4.047207599971443e+00	3.189759580000000e-06
4.078015499981120e+00	3.201895880000000e-06
4.124002399970777e+00	3.223471370000000e-06
4.170325999963097e+00	3.230984480000000e-06
4.218122199992649e+00	3.268549340000000e-06
4.248440900002606e+00	3.269319680000000e-06
4.280178099987097e+00	3.295903980000000e-06
4.327246799948625e+00	3.308811070000000e-06
4.358139699907042e+00	3.325570790000000e-06
4.389588999911211e+00	3.350228550000000e-06
4.420376399997622e+00	3.362172040000000e-06
4.482465300010517e+00	3.387022620000000e-06
4.528157899971120e+00	3.402626590000000e-06
4.576146899955347e+00	3.424009490000000e-06
4.621825099922717e+00	3.434604650000000e-06
4.652364499983378e+00	3.446548130000000e-06
4.684597899904475e+00	3.473132670000000e-06
4.731266399961896e+00	3.485654130000000e-06
4.779312999919057e+00	3.502413620000000e-06
4.825365899945609e+00	3.521485040000000e-06
4.871794499922544e+00	3.545757640000000e-06
4.918144600000232e+00	3.557701120000000e-06
4.950142199988477e+00	3.557315950000000e-06
4.981282499968074e+00	3.575424220000000e-06
5.027119999984279e+00	3.576387370000000e-06
5.075241899932735e+00	3.598348030000000e-06
5.121013299911283e+00	3.609328590000000e-06
5.183499299921095e+00	3.634756920000000e-06
5.231059399899095e+00	3.645545120000000e-06
5.261324299965054e+00	3.652865420000000e-06
5.292529199970886e+00	3.668661750000000e-06
5.324225399992429e+00	3.685613820000000e-06
5.372822299948893e+00	3.696786510000000e-06
5.418387099984102e+00	3.704492430000000e-06
5.450326399994083e+00	3.725297350000000e-06
5.482450400013477e+00	3.724912630000000e-06
5.526802700012922e+00	3.734351370000000e-06
5.558093299972825e+00	3.734159010000000e-06
5.590258499956690e+00	3.764403570000000e-06
5.621265099965967e+00	3.767678210000000e-06
5.682331199990585e+00	3.776154470000000e-06
5.729266899987124e+00	3.790602480000000e-06
5.775763699901290e+00	3.795418480000000e-06
5.823800200014375e+00	3.804857440000000e-06
5.855049700010568e+00	3.802738770000000e-06
5.886116200010292e+00	3.803316760000000e-06
5.917302099987864e+00	3.816609020000000e-06
5.947591100004502e+00	3.815453060000000e-06
5.978242899989709e+00	3.824121450000000e-06
6.024332999950275e+00	3.824313810000000e-06
6.088214199990034e+00	3.832212310000000e-06
6.119560999912210e+00	3.828167340000000e-06
6.150284099974670e+00	3.844541880000000e-06
6.180321599938907e+00	3.854751870000000e-06
6.227194899925962e+00	3.866502540000000e-06
6.273343599983491e+00	3.860337980000000e-06
6.319274000008591e+00	3.870740780000000e-06
6.382385400007479e+00	3.893087070000000e-06
6.428873499971814e+00	3.886151260000000e-06
6.460166999953799e+00	3.890197150000000e-06
6.491938899969682e+00	3.889233540000000e-06
6.522913199965842e+00	3.899443530000000e-06
6.584002399933524e+00	3.904452110000000e-06
6.631313799996860e+00	3.903103790000000e-06
6.678203899995424e+00	3.906956410000000e-06
6.726284799980931e+00	3.899057900000000e-06
6.757115099928342e+00	3.899635890000000e-06
6.788033599965274e+00	3.900407140000000e-06
6.819269999978133e+00	3.910616210000000e-06
6.882256599958055e+00	3.894627750000000e-06
6.928966299979948e+00	3.910231500000000e-06
6.974784999969415e+00	3.908112380000000e-06
7.021049099974334e+00	3.915047730000000e-06
7.051310300012119e+00	3.911194200000000e-06
7.083524999907240e+00	3.915818070000000e-06
7.130253099952824e+00	3.901947820000000e-06
7.177064199931920e+00	3.908883630000000e-06
7.223448099917732e+00	3.915432440000000e-06
7.285507599939592e+00	3.922560150000000e-06
7.332468200009316e+00	3.908305640000000e-06
7.364744599908590e+00	3.923908480000000e-06
7.395665999967605e+00	3.901369840000000e-06
7.426251199911349e+00	3.905030100000000e-06
7.473506300011650e+00	3.905223370000000e-06
7.534808299969882e+00	3.897324860000000e-06
7.581884699990042e+00	3.900599490000000e-06
7.629227199940942e+00	3.900407140000000e-06
7.660322399926372e+00	3.915432440000000e-06
7.691139900009148e+00	3.916781680000000e-06
7.722682499908842e+00	3.916010430000000e-06
7.768370399950072e+00	3.911579820000000e-06
7.800412899930961e+00	3.917166400000000e-06
7.831687099998817e+00	3.915818070000000e-06
7.878156399936415e+00	3.910616210000000e-06
7.925122099928558e+00	3.918707990000000e-06
7.956566300010309e+00	3.897709580000000e-06
7.987264199997298e+00	3.894435390000000e-06
8.018296799971722e+00	3.880565150000000e-06
8.049774799961597e+00	3.870162800000000e-06
8.081386899924837e+00	3.855906930000000e-06
8.128382399911061e+00	3.818149710000000e-06
8.175773700000718e+00	3.794840720000000e-06
8.222899599932134e+00	3.781740820000000e-06
8.254015799961053e+00	3.776154470000000e-06
8.284598800004460e+00	3.744947210000000e-06
8.331322899903171e+00	3.726646580000000e-06
8.378367599914782e+00	3.709500790000000e-06
8.423920399975032e+00	3.679449260000000e-06
8.470313799916767e+00	3.665771830000000e-06
8.518398999935016e+00	3.637261220000000e-06
8.548812399967574e+00	3.643618360000000e-06
8.580227199941874e+00	3.617226640000000e-06
8.627055399934761e+00	3.605090340000000e-06
8.672907399944961e+00	3.603357070000000e-06
8.719669000012800e+00	3.595265980000000e-06
8.767093300004490e+00	3.579084250000000e-06
8.798186799976975e+00	3.577157710000000e-06
8.829258899902925e+00	3.570415400000000e-06
8.860257399966940e+00	3.553270740000000e-06
8.891680800006725e+00	3.547491590000000e-06
8.922788099967875e+00	3.543638510000000e-06
8.969201899948530e+00	3.523218990000000e-06
9.016225099912845e+00	3.511275050000000e-06
9.046823999960907e+00	3.495478500000000e-06
9.078956299927086e+00	3.488736180000000e-06
9.125164199969731e+00	3.471398710000000e-06
9.157459700014442e+00	3.450978970000000e-06
9.187469700002111e+00	3.434219480000000e-06
9.218322300002910e+00	3.434604650000000e-06
9.248829099931754e+00	3.422660710000000e-06
9.280279599945061e+00	3.398966100000000e-06
9.326505800010636e+00	3.369299980000000e-06
9.374042399926111e+00	3.349457760000000e-06
9.421283799922094e+00	3.335395150000000e-06
9.452378599904478e+00	3.325185160000000e-06
9.484292999957688e+00	3.292629120000000e-06
9.531318099936470e+00	3.263348160000000e-06
9.577152299927548e+00	3.226554100000000e-06
9.624928899924271e+00	3.194190410000000e-06
9.671351799974218e+00	3.172036710000000e-06
9.718344299937598e+00	3.126766610000000e-06
9.749259599950165e+00	3.117520010000000e-06
9.780286199995317e+00	3.088623770000000e-06
9.826716199982911e+00	3.063966010000000e-06
9.872885199962184e+00	3.036803950000000e-06
9.920168299926445e+00	3.016191610000000e-06
9.966508599929512e+00	2.986717850000000e-06
9.998241900000721e+00	2.960904110000000e-06
1.002882729994599e+01	2.947997020000000e-06
1.006033229990862e+01	2.924880390000000e-06
1.009263109997846e+01	2.903111860000000e-06
1.012340269994456e+01	2.882884930000000e-06
1.017026839999016e+01	2.872096960000000e-06
1.021749349997845e+01	2.844742310000000e-06
1.024857669998892e+01	2.825863700000000e-06
1.028015829995275e+01	2.806407110000000e-06
1.032742799993139e+01	2.773465440000000e-06
1.035839209996630e+01	2.761907130000000e-06
1.038956859998871e+01	2.739561300000000e-06
1.042037529998925e+01	2.707005250000000e-06
1.048316069995053e+01	2.671944690000000e-06
1.052862100000493e+01	2.644589810000000e-06
1.057735269994009e+01	2.620510030000000e-06
1.062293369998224e+01	2.605676630000000e-06
1.065414509992115e+01	2.586798020000000e-06
1.068447360000573e+01	2.564836900000000e-06
1.073133469989989e+01	2.535363140000000e-06
1.077775060001295e+01	2.501265950000000e-06
1.082390239997767e+01	2.476030200000000e-06
1.088589959999081e+01	2.444629670000000e-06
1.093214980000630e+01	2.427677830000000e-06
1.096339679998346e+01	2.404175580000000e-06
1.099459859996568e+01	2.383370660000000e-06
1.102579929993954e+01	2.363528670000000e-06
1.107185099995695e+01	2.334247480000000e-06
1.111980449990369e+01	2.322881980000000e-06
1.116736849991139e+01	2.295526880000000e-06
1.119925790000707e+01	2.276648270000000e-06
1.123032789991703e+01	2.262392850000000e-06
1.126229049998801e+01	2.247559450000000e-06
1.129432409990113e+01	2.231570760000000e-06
1.132445069996174e+01	2.204986460000000e-06
1.137131610000506e+01	2.189189900000000e-06
1.141636779997498e+01	2.161642440000000e-06
1.144726789998822e+01	2.138910990000000e-06
1.147926619998179e+01	2.117335270000000e-06
1.152745579998009e+01	2.075725210000000e-06
1.155872869992163e+01	2.056846600000000e-06
1.159073249995708e+01	2.022749410000000e-06
1.162126669997815e+01	2.006182290000000e-06
1.168333549995441e+01	1.955133030000000e-06
1.173130439990200e+01	1.915449050000000e-06
1.177779389999341e+01	1.873838980000000e-06
1.182395649992395e+01	1.851107640000000e-06
1.185419669991825e+01	1.830109800000000e-06
1.188751929998398e+01	1.807378450000000e-06
1.193176429998130e+01	1.776941300000000e-06
1.197750989999622e+01	1.740532410000000e-06
1.202497639996000e+01	1.705857360000000e-06
1.207281469996087e+01	1.679658340000000e-06
1.211933109990787e+01	1.659816580000000e-06
1.215127259993460e+01	1.643442260000000e-06
1.218242119997740e+01	1.623407680000000e-06
1.223033129994292e+01	1.590466350000000e-06
1.227692259999458e+01	1.552130930000000e-06
1.232441949995700e+01	1.515529450000000e-06
1.238537409994751e+01	1.468332700000000e-06
1.243175310001243e+01	1.435584180000000e-06
1.246314139990136e+01	1.410926190000000e-06
1.249379899993073e+01	1.389543170000000e-06
1.252469649992418e+01	1.353519680000000e-06
1.257149589993060e+01	1.321734200000000e-06
1.261960999993607e+01	1.307286200000000e-06
1.268105399992783e+01	1.274922620000000e-06
1.272843339992687e+01	1.261630590000000e-06
1.275845929991920e+01	1.248531250000000e-06
1.278961679991335e+01	1.230808270000000e-06
1.282129110000096e+01	1.218671970000000e-06
1.288380509999115e+01	1.181685090000000e-06
1.293363739992492e+01	1.143350000000000e-06
1.297654770000372e+01	1.103280970000000e-06
1.302428929996677e+01	1.075733390000000e-06
1.305452789994888e+01	1.050497640000000e-06
1.308582159993239e+01	1.021986920000000e-06
1.313169720000587e+01	9.850002700000000e-07
1.317824439995456e+01	9.530220380000000e-07
1.322455869999249e+01	9.081371670000000e-07
1.327032619994134e+01	8.915699820000000e-07
1.331636539997999e+01	8.605550760000000e-07
1.334661799995229e+01	8.368604090000000e-07
1.337740469991695e+01	8.014148420000000e-07
1.342369019996841e+01	7.675101300000000e-07
1.347142309998162e+01	7.355321260000000e-07
1.351847060001455e+01	7.160753060000000e-07
1.354945729998872e+01	6.894911170000000e-07
1.358131819998380e+01	6.523118830000000e-07
1.362809000001289e+01	6.257274090000000e-07
1.365903149999212e+01	6.026107260000000e-07
1.369073339994065e+01	5.727515030000000e-07
1.372082629997749e+01	5.521392840000000e-07
1.376738049997948e+01	4.832784270000000e-07
1.386063749995083e+01	4.666379140000000e-07
1.389162739994936e+01	4.535480970000000e-07
1.392269759997725e+01	4.331072320000000e-07
1.396837739995681e+01	4.255643090000000e-07
1.400041209999472e+01	4.144513920000000e-07
1.403117859992199e+01	3.978491920000000e-07
1.407699139998294e+01	3.855079460000000e-07
1.412406179995742e+01	3.786942950000000e-07
1.415479790000245e+01	3.693663760000000e-07
1.418579269992188e+01	3.561805780000000e-07
1.423271689994726e+01	3.372368270000000e-07
1.427925799996592e+01	3.192911040000000e-07
1.433007679996081e+01	2.943398840000000e-07
1.437156219989993e+01	2.728625930000000e-07
1.441813000000548e+01	2.624982190000000e-07
1.444939480000176e+01	2.534581820000000e-07
1.447986610000953e+01	2.430362540000000e-07
1.452719229995273e+01	2.327870590000000e-07
1.457628589996602e+01	2.243036050000000e-07
1.462144149991218e+01	2.205225370000000e-07
1.468406909995247e+01	2.090065720000000e-07
1.473040749994107e+01	2.036132830000000e-07
1.476121419994161e+01	1.977593060000000e-07
1.479121830000076e+01	1.903699170000000e-07
1.482767119992059e+01	1.792378160000000e-07
1.488436669996008e+01	1.696027850000000e-07
1.492999999993481e+01	1.630386920000000e-07
1.497674359998200e+01	1.552654110000000e-07
1.502291599998716e+01	1.482406730000000e-07
1.505454929999541e+01	1.413502990000000e-07
1.508522299991455e+01	1.320799470000000e-07
1.513306479994208e+01	1.212357290000000e-07
1.518027219991200e+01	1.098541350000000e-07
1.522632349992637e+01	9.686027619999999e-08
1.527396019990556e+01	8.760910930000000e-08
1.532047819998115e+01	8.265725879999999e-08
1.535157349996734e+01	7.764781880000000e-08
1.538240609993227e+01	7.187063740000000e-08
1.542910369997844e+01	6.524895470000000e-08
1.547585079993587e+01	6.050822070000000e-08
1.552240299992263e+01	5.559474300000000e-08
1.556922830000985e+01	5.296526240000000e-08
1.561551399994642e+01	4.847404260000000e-08
1.564669219998177e+01	4.594052070000000e-08
1.567913939990103e+01	4.123817730000000e-08
1.572712729999330e+01	3.686210450000000e-08
1.577380749990698e+01	3.204459990000000e-08
1.582125539996196e+01	2.958785570000000e-08
1.588256489997730e+01	2.471276340000000e-08
1.592905639996752e+01	2.288939700000000e-08
1.595918459992390e+01	2.144990140000000e-08
1.599065129994415e+01	1.987605810000000e-08
1.602240359992720e+01	1.747689990000000e-08
1.607032129995059e+01	1.693949340000000e-08
1.611759119993076e+01	1.530806410000000e-08
1.614835979999043e+01	1.467468280000000e-08
1.618028579989914e+01	1.419485150000000e-08
1.622598879993893e+01	1.396452910000000e-08
1.625747489999048e+01	1.379179350000000e-08
1.628855229995679e+01	1.375340640000000e-08
1.632022429991048e+01	1.365744580000000e-08
1.638153519993648e+01	1.379179350000000e-08
1.642757229995914e+01	1.440597330000000e-08
1.647515499999281e+01	1.409889090000000e-08
1.652123909990769e+01	1.480903130000000e-08
1.655233069998212e+01	1.523129000000000e-08
1.658325879997574e+01	1.609497780000000e-08
1.663077289995272e+01	1.795673120000000e-08
1.667660189990420e+01	2.135394080000000e-08
1.672514299990144e+01	2.465518990000000e-08
1.677004079998005e+01	2.690079980000000e-08
1.681649569992442e+01	3.104655020000000e-08
1.684763739991467e+01	3.342650960000000e-08
1.687850769993383e+01	3.801370600000000e-08
1.692607879999559e+01	4.306153300000000e-08
1.697286390000954e+01	4.893467320000000e-08
1.702039739990141e+01	5.185205150000000e-08
1.706835059996229e+01	5.732213640000000e-08
1.710028089990374e+01	6.022033009999999e-08
1.713186669989955e+01	6.215883990000000e-08
1.716358880000189e+01	6.457720050000000e-08
1.719472129992209e+01	6.693797160000000e-08
1.722568849998061e+01	7.069985490000000e-08
1.727126599999610e+01	7.223530930000001e-08
1.731693759991322e+01	7.494156050000000e-08
1.734800629992969e+01	7.616993970000000e-08
1.737924469995778e+01	7.820442250000000e-08
1.742594849993475e+01	7.941359570000000e-08
1.745725649991073e+01	8.089148199999999e-08
1.748874669999350e+01	8.236936110000000e-08
1.751990600000136e+01	8.378965790000001e-08
1.756752649997361e+01	8.615042899999999e-08
1.759755169996060e+01	8.843444019999999e-08
1.762754749995656e+01	9.225390580000000e-08
1.767486189992633e+01	9.864524490000000e-08
1.772152919997461e+01	1.017929560000000e-07
1.775357629999053e+01	1.048830850000000e-07
1.778531329997350e+01	1.086257480000000e-07
1.783320589992218e+01	1.138847100000000e-07
1.788020359992515e+01	1.184719170000000e-07
1.792669959994964e+01	1.242106860000000e-07
1.797230449994095e+01	1.297191550000000e-07
1.801800039992668e+01	1.338649160000000e-07
1.804855609999504e+01	1.376843810000000e-07
1.807958579994738e+01	1.430584860000000e-07
1.812459749996196e+01	1.475881110000000e-07
1.817131269990932e+01	1.494690310000000e-07
1.821833669999614e+01	1.534996410000000e-07
1.828050509991590e+01	1.601980980000000e-07
1.832704909995664e+01	1.653034900000000e-07
1.835810099996161e+01	1.693340860000000e-07
1.839003279991448e+01	1.734030660000000e-07
1.842135829990730e+01	1.759173640000000e-07
1.848416240001097e+01	1.777599290000000e-07
1.853132660000119e+01	1.769538040000000e-07
1.857874169992283e+01	1.775679980000000e-07
1.862728079990484e+01	1.785276710000000e-07
1.865784309990704e+01	1.806773180000000e-07
1.868954319995828e+01	1.842472410000000e-07
1.872066220000852e+01	1.862817530000000e-07
1.876761689991690e+01	1.933448600000000e-07
1.879869809991214e+01	1.985846440000000e-07
1.883069490001071e+01	2.072599870000000e-07
1.887910109991208e+01	2.178354920000000e-07
1.892484869994223e+01	2.264916500000000e-07
1.895624669990502e+01	2.349174930000000e-07
1.898818819993176e+01	2.414432170000000e-07
1.903324819996487e+01	2.410017430000000e-07
1.907969269994646e+01	2.310980280000000e-07
1.912623129994608e+01	1.959935360000000e-07
1.917217149992939e+01	1.532693120000000e-07
1.921823090000544e+01	1.339608670000000e-07
1.924801509990357e+01	1.133856950000000e-07
1.927961889992002e+01	8.764751410000000e-08
1.932718349993229e+01	6.432767920000000e-08
1.937907849997282e+01	4.814774360000000e-08
1.942227559990715e+01	3.452053580000000e-08
1.948448099999223e+01	2.538453000000000e-08
1.953132549999282e+01	1.979928400000000e-08
1.956268789991736e+01	1.630611380000000e-08
1.959406309993938e+01	1.440597330000000e-08
1.962767660000827e+01	1.471306990000000e-08
1.967122699995525e+01	1.526967710000000e-08
1.971864889992867e+01	1.882043320000000e-08
1.974927879997995e+01	2.168022380000000e-08
1.978030300000682e+01	2.624823380000000e-08
1.982704319991171e+01	3.020203470000000e-08
1.985841409990098e+01	3.419423680000000e-08
1.988958159997128e+01	3.872385790000000e-08
1.992109059996437e+01	4.214025400000000e-08
1.996780939993914e+01	4.793662360000000e-08
1.999947759998031e+01	5.231269640000000e-08
2.003029829997104e+01	5.889597790000000e-08
2.007823099999223e+01	6.747537639999999e-08
2.012528279994149e+01	7.298385190000000e-08
2.015680729993619e+01	7.929843800000000e-08
2.018740729999263e+01	8.739799990000000e-08
2.021838360000402e+01	9.505612300000000e-08
2.025031719997060e+01	1.091439830000000e-07
2.028161089995410e+01	1.337113670000000e-07
2.032750939996913e+01	1.622133820000000e-07
2.037414819991682e+01	1.849382160000000e-07
2.042030259990133e+01	1.944964790000000e-07
2.045127879991196e+01	2.045537290000000e-07
2.048563309991732e+01	2.159161740000000e-07
2.052871589991264e+01	2.284493520000000e-07
2.057528739992995e+01	2.410017430000000e-07
2.062112799996976e+01	2.473931030000000e-07
2.068378739990294e+01	2.687552580000000e-07
2.073108599998523e+01	2.790236520000000e-07
2.076404849998653e+01	2.881212420000000e-07
2.079257689998485e+01	2.979865880000000e-07
2.082394799997564e+01	3.110764060000000e-07
2.087033319997136e+01	3.185234050000000e-07
2.091655289998744e+01	3.298666230000000e-07
2.094695669994690e+01	3.373903890000000e-07
2.097832439991180e+01	3.490791020000000e-07
2.102523119992111e+01	3.562765580000000e-07
2.105719719990157e+01	3.649327310000000e-07
2.108844149997458e+01	3.764294830000000e-07
2.111989189998712e+01	3.838765110000000e-07
2.116742009995505e+01	3.992694810000000e-07
2.119895949994680e+01	4.107854470000000e-07
2.122989849990699e+01	4.366963540000000e-07
2.127654439990874e+01	4.683461160000000e-07
2.132329879992176e+01	4.892475540000000e-07
2.135340529994573e+01	5.080377720000000e-07
2.138438039994799e+01	5.361367240000000e-07
2.143138480000198e+01	5.688420400000000e-07
2.147732499998529e+01	5.977471460000000e-07
2.152446739992592e+01	6.243874400000000e-07
2.157116950000636e+01	6.395501369999999e-07
2.161848239996471e+01	6.628507090000000e-07
2.165000069991220e+01	6.809499950000000e-07
2.168160549993627e+01	7.040202950000000e-07
2.172766589990351e+01	7.289523860000000e-07
2.177443969994783e+01	7.506023390000000e-07
2.182102139992639e+01	7.666287730000000e-07
2.188435589999426e+01	7.923285920000000e-07
2.193023409997113e+01	7.990653900000000e-07
2.196170729992446e+01	8.106773070000000e-07
2.199260369990952e+01	8.179323460000000e-07
2.202387949998956e+01	8.372215920000000e-07
2.207056029990781e+01	8.416936340000000e-07
2.211726769991219e+01	8.859835820000000e-07
2.222602049994748e+01	8.827086050000000e-07
2.225687219994143e+01	8.873320780000000e-07
2.228859719994944e+01	8.961934550000000e-07
2.231981829996221e+01	9.015872140000000e-07
2.238179769995622e+01	9.175764720000000e-07
2.241236499999650e+01	9.316390220000000e-07
2.244473369990010e+01	9.485913780000000e-07
2.247457169997506e+01	9.776799740000000e-07
2.252183340000920e+01	1.008502300000000e-06
2.258253449993208e+01	1.038554160000000e-06
2.263190029992256e+01	1.070339520000000e-06
2.267695649992675e+01	1.086328550000000e-06
2.270789849990979e+01	1.104436820000000e-06
2.273806219990365e+01	1.133525300000000e-06
2.277015439991374e+01	1.156064290000000e-06
2.281651509995572e+01	1.173401760000000e-06
2.284756669995841e+01	1.193628800000000e-06
2.288082419999409e+01	1.206535670000000e-06
2.292567929998040e+01	1.222332120000000e-06
2.297185179998633e+01	1.236202140000000e-06
2.300312289991416e+01	1.246989880000000e-06
2.303393369994592e+01	1.271069890000000e-06
2.308161369990557e+01	1.306900910000000e-06
2.312770419998560e+01	1.363151680000000e-06
2.317465770000126e+01	1.421136290000000e-06
2.322093259997200e+01	1.444830900000000e-06
2.328300449997187e+01	1.501081560000000e-06
2.331311439990532e+01	1.522271990000000e-06
2.334369419992436e+01	1.551360360000000e-06
2.337502809998114e+01	1.584494610000000e-06
2.342127409996465e+01	1.600483530000000e-06
2.348246540001128e+01	1.627838400000000e-06
2.352876719995402e+01	1.644597890000000e-06
2.357521959999576e+01	1.656927000000000e-06
2.360590809991118e+01	1.664439880000000e-06
2.363731969997752e+01	1.683896360000000e-06
2.368475829996169e+01	1.695069610000000e-06
2.373027119995095e+01	1.717993650000000e-06
2.377608089998830e+01	1.740532410000000e-06
2.382409609993920e+01	1.756328860000000e-06
2.387196029990446e+01	1.767887170000000e-06
2.390278449992184e+01	1.781757420000000e-06
2.393880229990464e+01	1.796590710000000e-06
2.398132849996909e+01	1.808534190000000e-06
2.402854450000450e+01	1.825679080000000e-06
2.407532870001160e+01	1.842631490000000e-06
2.412223929993343e+01	1.853997220000000e-06
2.416920399991795e+01	1.870564230000000e-06
2.420072580000851e+01	1.881159390000000e-06
2.423253159993328e+01	1.910247870000000e-06
2.428010889992584e+01	1.934327880000000e-06
2.432586819992866e+01	1.968039900000000e-06
2.437242679996416e+01	2.008108820000000e-06
2.441824649996124e+01	2.027565420000000e-06
2.444891709997319e+01	2.050489460000000e-06
2.448006329999771e+01	2.078229730000000e-06
2.451134079997428e+01	2.105391790000000e-06
2.454234549996909e+01	2.129664150000000e-06
2.457338369998615e+01	2.175897860000000e-06
2.461926760000642e+01	2.190731270000000e-06
2.468339369993191e+01	2.238698240000000e-06
2.472880829998758e+01	2.267401670000000e-06
2.477619229990523e+01	2.276070290000000e-06
2.480694149993360e+01	2.291096280000000e-06
2.483811909996439e+01	2.303039760000000e-06
2.488490969990380e+01	2.325964260000000e-06
2.493207559990697e+01	2.350236850000000e-06
2.497927069989964e+01	2.379325000000000e-06
2.502579559991136e+01	2.396662920000000e-06
2.507267499994487e+01	2.408798760000000e-06
2.510347520001233e+01	2.419394150000000e-06
2.513576129998546e+01	2.432879000000000e-06
2.516831029998139e+01	2.447904760000000e-06
2.520099990000017e+01	2.459270720000000e-06
2.523128579999320e+01	2.478919670000000e-06
2.527774729998782e+01	2.494908810000000e-06
2.532491520000622e+01	2.546151110000000e-06
2.537064689991530e+01	2.565222530000000e-06
2.540217259991914e+01	2.593733140000000e-06
2.543339259992354e+01	2.622821510000000e-06
2.548120379995089e+01	2.661349300000000e-06
2.552724809991196e+01	2.696410090000000e-06
2.557286680000834e+01	2.740139050000000e-06
2.561822059995029e+01	2.738020160000000e-06
2.565076339989901e+01	2.760943970000000e-06
2.568139990000054e+01	2.784446220000000e-06
2.571325169992633e+01	2.796196900000000e-06
2.574404049990699e+01	2.810837940000000e-06
2.577600449998863e+01	2.833183770000000e-06
2.582329490000848e+01	2.850906640000000e-06
2.587029359990265e+01	2.864969470000000e-06
2.591652400000021e+01	2.884811240000000e-06
2.594758289994206e+01	2.889434430000000e-06
2.597833690000698e+01	2.897718330000000e-06
2.600911829993129e+01	2.915826140000000e-06
2.603933509998024e+01	2.920256970000000e-06
2.606956839992199e+01	2.921412940000000e-06
2.611740719992667e+01	2.940676720000000e-06
2.614810659992509e+01	2.940676720000000e-06
2.618007349991240e+01	2.955317310000000e-06
2.622680409997702e+01	2.969380150000000e-06
2.627406189998146e+01	2.970150490000000e-06
2.630429369991180e+01	2.979011920000000e-06
2.633500039996579e+01	2.999817070000000e-06
2.638229779992253e+01	2.998854140000000e-06
2.642808049998712e+01	3.009641660000000e-06
2.647521740000229e+01	3.020621990000000e-06
2.652193849999458e+01	3.028520270000000e-06
2.656901519990060e+01	3.024667650000000e-06
2.659979429992381e+01	3.043161090000000e-06
2.663119639991783e+01	3.039886220000000e-06
2.667806189996190e+01	3.064929160000000e-06
2.672480819991324e+01	3.068204020000000e-06
2.677191719994880e+01	3.079377390000000e-06
2.681824179994874e+01	3.081881460000000e-06
2.685033169994131e+01	3.083808220000000e-06
2.688141989998985e+01	3.078606600000000e-06
2.691264509991743e+01	3.089201750000000e-06
2.694301909999922e+01	3.088816580000000e-06
2.697492750000674e+01	3.097870830000000e-06
2.702117839991115e+01	3.122528600000000e-06
2.708501229993999e+01	3.115015490000000e-06
2.713162449991796e+01	3.130811820000000e-06
2.717898629989941e+01	3.143140930000000e-06
2.720909469993785e+01	3.145067240000000e-06
2.724004039994907e+01	3.157781520000000e-06
2.728741280001123e+01	3.172614700000000e-06
2.733237879991066e+01	3.171651770000000e-06
2.737908759992570e+01	3.189374410000000e-06
2.742610239994247e+01	3.193227260000000e-06
2.747234370000660e+01	3.206133900000000e-06
2.750390079990029e+01	3.199776760000000e-06
2.753514199994970e+01	3.214610160000000e-06
2.758249760000035e+01	3.228672990000000e-06
2.763158970000222e+01	3.239845910000000e-06
2.767740419995971e+01	3.248514760000000e-06
2.772543190000579e+01	3.251789850000000e-06
2.777291609998792e+01	3.260651060000000e-06
2.780219959991518e+01	3.254486730000000e-06
2.783404889993835e+01	3.249863080000000e-06
2.788007089996245e+01	3.270668460000000e-06
2.792696529999375e+01	3.272016560000000e-06
2.797432429995388e+01	3.272980170000000e-06
2.802032389992382e+01	3.281455970000000e-06
2.808219679992180e+01	3.302646290000000e-06
2.811336039996240e+01	3.311507730000000e-06
2.814449069998227e+01	3.313241680000000e-06
2.817785989993718e+01	3.318250490000000e-06
2.822295339999255e+01	3.323644020000000e-06
2.828646909992676e+01	3.338477430000000e-06
2.831696929992177e+01	3.341559480000000e-06
2.834830929990858e+01	3.347146280000000e-06
2.837894819991197e+01	3.359667740000000e-06
2.841086890001316e+01	3.356585690000000e-06
2.844145099993329e+01	3.363520590000000e-06
2.847294499992859e+01	3.368721990000000e-06
2.851892049994785e+01	3.393379760000000e-06
2.856604089995380e+01	3.402240960000000e-06
2.859752279997338e+01	3.420734400000000e-06
2.862917779991403e+01	3.417845160000000e-06
2.867752749996725e+01	3.431522370000000e-06
2.870690929994453e+01	3.435182630000000e-06
2.873753529996611e+01	3.432485530000000e-06
2.876898469997104e+01	3.435952980000000e-06
2.881532249995507e+01	3.445199810000000e-06
2.884656500001438e+01	3.458299260000000e-06
2.887775689992122e+01	3.479296990000000e-06
2.892596129991580e+01	3.459647590000000e-06
2.897126539994497e+01	3.473903010000000e-06
2.900298029999249e+01	3.482764210000000e-06
2.903392199997324e+01	3.488929000000000e-06
2.907979499991052e+01	3.504532740000000e-06
2.912657839991152e+01	3.505881300000000e-06
2.926747349998914e+01	3.548069570000000e-06
2.929889309999999e+01	3.536318220000000e-06
2.932990999997128e+01	3.542675360000000e-06
2.937603409995791e+01	3.552885120000000e-06
2.942294829990715e+01	3.567140310000000e-06
2.949047179997433e+01	3.577350530000000e-06
2.953239700000267e+01	3.578313680000000e-06
2.957912339991890e+01	3.581588540000000e-06
2.961093239998445e+01	3.596999930000000e-06
2.964096019999124e+01	3.598155220000000e-06
2.968704479990993e+01	3.606631480000000e-06
2.971845509996638e+01	3.616841470000000e-06
2.976638219994493e+01	3.612025470000000e-06
2.979718200000934e+01	3.632445210000000e-06
2.982771230000071e+01	3.627436850000000e-06
2.987481299997307e+01	3.637646840000000e-06
2.990555429994129e+01	3.635334910000000e-06
2.993610829999670e+01	3.639958320000000e-06
2.998268889996689e+01	3.644967140000000e-06
3.002956880000420e+01	3.655947470000000e-06
3.007620239991229e+01	3.659799860000000e-06
3.012220619991422e+01	3.677138010000000e-06
3.016956079995725e+01	3.678100940000000e-06
3.020030849997420e+01	3.683302340000000e-06
3.023237429989967e+01	3.682146370000000e-06
3.028377039998304e+01	3.686191800000000e-06
3.032582819997333e+01	3.673862920000000e-06
3.037286769994535e+01	3.673284940000000e-06
3.041995579993818e+01	3.675982040000000e-06
3.048207139992155e+01	3.684650210000000e-06
3.051237479993142e+01	3.687732490000000e-06
3.054564569995273e+01	3.710078770000000e-06
3.057449539995287e+01	3.715280400000000e-06
3.062095819995739e+01	3.718940660000000e-06
3.068314219999593e+01	3.730498970000000e-06
3.073032839992084e+01	3.741286950000000e-06
3.077651049999986e+01	3.761321520000000e-06
3.080804229993373e+01	3.756505520000000e-06
3.083969519997481e+01	3.767485850000000e-06
3.087128109997138e+01	3.764981560000000e-06
3.091894629993476e+01	3.779814510000000e-06
3.098216559994034e+01	3.776539870000000e-06
3.102925929997582e+01	3.780970470000000e-06
3.107584179996047e+01	3.783666900000000e-06
3.110886379994918e+01	3.790410120000000e-06
3.113935329997912e+01	3.804279460000000e-06
3.116951529996004e+01	3.803894740000000e-06
3.121676619991194e+01	3.799271100000000e-06
3.124765839998145e+01	3.808903100000000e-06
3.127803109993692e+01	3.819498030000000e-06
3.132532269996591e+01	3.827011370000000e-06
3.137165300000925e+01	3.830863990000000e-06
3.140127089992166e+01	3.835872120000000e-06
3.143237069994211e+01	3.849357650000000e-06
3.148544209997635e+01	3.845697850000000e-06
3.152495210000779e+01	3.849742370000000e-06
3.157228719990235e+01	3.874014960000000e-06
3.161979499994777e+01	3.856870530000000e-06
3.166796789993532e+01	3.862071940000000e-06
3.169964899995830e+01	3.860722700000000e-06
3.173027109995019e+01	3.870355160000000e-06
3.177642299991567e+01	3.876134540000000e-06
3.182216769992374e+01	3.868814470000000e-06
3.188445999997202e+01	3.874014960000000e-06
3.193183099990711e+01	3.865924550000000e-06
3.197752099996433e+01	3.867272880000000e-06
3.200820819998626e+01	3.884033050000000e-06
3.203885759995319e+01	3.877675230000000e-06
3.208522259991150e+01	3.886729250000000e-06
3.213405289989896e+01	3.879794800000000e-06
3.218001179990824e+01	3.889041180000000e-06
3.222661319992039e+01	3.898673190000000e-06
3.227863349998370e+01	3.907727660000000e-06
3.230478299991228e+01	3.906379330000000e-06
3.233633309998550e+01	3.912350170000000e-06
3.238274799997453e+01	3.905415720000000e-06
3.243087199993897e+01	3.909268340000000e-06
3.247543519991450e+01	3.913699400000000e-06
3.252274419995956e+01	3.908305640000000e-06
3.256927909993101e+01	3.904645380000000e-06
3.260069889994338e+01	3.915625710000000e-06
3.263080509996507e+01	3.904259760000000e-06
3.267906559992116e+01	3.908690360000000e-06
3.272520779992919e+01	3.896554060000000e-06
3.277190849999897e+01	3.902333450000000e-06
3.281815419998020e+01	3.909075990000000e-06
3.285027609998360e+01	3.906379330000000e-06
3.288232749991585e+01	3.904645380000000e-06
3.291341269994155e+01	3.903489410000000e-06
3.294567980000284e+01	3.912543430000000e-06
3.297638010000810e+01	3.905415720000000e-06
3.302234859997407e+01	3.900599490000000e-06
3.308476249990053e+01	3.902911430000000e-06
3.313117969990708e+01	3.905415720000000e-06
3.317706389992964e+01	3.905801350000000e-06
3.320804469997529e+01	3.905993710000000e-06
3.323832439992111e+01	3.921789810000000e-06
3.328437509993091e+01	3.901563100000000e-06
3.333132459991612e+01	3.914662100000000e-06
3.337778370000888e+01	3.902911430000000e-06
3.342528580001090e+01	3.911194200000000e-06
3.347332989994902e+01	3.907727660000000e-06
3.350340189994313e+01	3.905415720000000e-06
3.353433419996873e+01	3.903681770000000e-06
3.358228470000904e+01	3.920056320000000e-06
3.362927189993206e+01	3.909653510000000e-06
3.367625469993800e+01	3.902333450000000e-06
3.372259089990985e+01	3.896939230000000e-06
3.376909299998078e+01	3.893665050000000e-06
3.380015939997975e+01	3.910616210000000e-06
3.383163549995515e+01	3.898480830000000e-06
3.387830569990911e+01	3.897902840000000e-06
3.392401630000677e+01	3.892509080000000e-06
3.397033499996178e+01	3.896554060000000e-06
3.401702339993790e+01	3.871125500000000e-06
3.404905309993774e+01	3.875748920000000e-06
3.408027599996421e+01	3.863420260000000e-06
3.411142109998036e+01	3.852054310000000e-06
3.414388849993702e+01	3.829515660000000e-06
3.417456889990717e+01	3.785016130000000e-06
3.422064529999625e+01	3.729150650000000e-06
3.428132720000576e+01	3.574653420000000e-06
3.432774320000317e+01	3.488351010000000e-06
3.437604000000283e+01	3.424009490000000e-06
3.440726090001408e+01	3.388178360000000e-06
3.443770269991364e+01	3.330964320000000e-06
3.448370759992395e+01	3.273943320000000e-06
3.453122969996184e+01	3.234259340000000e-06
3.457808699994348e+01	3.200740370000000e-06
3.462615369993728e+01	3.166450370000000e-06
3.467153429996688e+01	3.153736090000000e-06
3.470542269991711e+01	3.130811820000000e-06
3.473437530000228e+01	3.113667160000000e-06
3.478238439990673e+01	3.078992220000000e-06
3.482781679998152e+01	3.023126740000000e-06
3.487502219993621e+01	2.992882170000000e-06
3.492198579991236e+01	2.948960170000000e-06
3.496875190001447e+01	2.923339250000000e-06
3.500036989990622e+01	2.898488670000000e-06
3.503172560001258e+01	2.867473770000000e-06
3.507921709993389e+01	2.839155740000000e-06
3.512492400000338e+01	2.810452320000000e-06
3.517131279991008e+01	2.762677920000000e-06
3.521808899997268e+01	2.739561300000000e-06
3.524926909990609e+01	2.719141550000000e-06
3.528987639991101e+01	2.693520170000000e-06
3.532742119999602e+01	2.645167800000000e-06
3.537463939993177e+01	2.612996920000000e-06
3.542111359990668e+01	2.594696300000000e-06
3.548430050001480e+01	2.539408800000000e-06
3.553126259997953e+01	2.497798730000000e-06
3.557733429991640e+01	2.473333320000000e-06
3.560825629997998e+01	2.453683920000000e-06
3.563973840000108e+01	2.421898670000000e-06
3.567159529996570e+01	2.382985030000000e-06
3.571694149996620e+01	2.372197510000000e-06
3.574839019996580e+01	2.345612980000000e-06
3.577997739997227e+01	2.310938040000000e-06
3.582686979998834e+01	2.281464280000000e-06
3.587303329992574e+01	2.259310580000000e-06
3.590515259990934e+01	2.234075050000000e-06
3.593629410001449e+01	2.202289580000000e-06
3.596740520000458e+01	2.187071000000000e-06
3.599782669998240e+01	2.163183580000000e-06
3.602815559995361e+01	2.133324410000000e-06
3.607521929999348e+01	2.091521760000000e-06
3.612178349995520e+01	2.050682040000000e-06
3.618463419994805e+01	2.026602260000000e-06
3.621439029998146e+01	2.003485410000000e-06
3.624578060000204e+01	1.984606800000000e-06
3.627653109992389e+01	1.953013910000000e-06
3.632196809991729e+01	1.900230590000000e-06
3.638325680000708e+01	1.859198510000000e-06
3.643014089995995e+01	1.805452030000000e-06
3.647584749991074e+01	1.783683840000000e-06
3.651130869996268e+01	1.755943690000000e-06
3.653819389990531e+01	1.739761840000000e-06
3.656904909992591e+01	1.717608370000000e-06
3.661602989991661e+01	1.682355330000000e-06
3.664906829991378e+01	1.662706150000000e-06
3.667910029995255e+01	1.630727980000000e-06
3.672531789995264e+01	1.587384190000000e-06
3.677194040000904e+01	1.562533610000000e-06
3.680238219990861e+01	1.540958010000000e-06
3.683787899999879e+01	1.495494980000000e-06
3.688030009996146e+01	1.449261500000000e-06
3.692654349992517e+01	1.394551760000000e-06
3.697399399999995e+01	1.347355240000000e-06
3.702082289999817e+01	1.323660400000000e-06
3.708335819991771e+01	1.284169340000000e-06
3.711461029993370e+01	1.264134880000000e-06
3.714711469993927e+01	1.244678290000000e-06
3.717575169994961e+01	1.214819240000000e-06
3.722525329992641e+01	1.171090160000000e-06
3.728382839995902e+01	1.136222290000000e-06
3.733033809997141e+01	1.103088380000000e-06
3.737690469995141e+01	1.079393660000000e-06
3.740808279998600e+01	1.064752950000000e-06
3.743839979998302e+01	1.042599370000000e-06
3.746928369998932e+01	1.026802920000000e-06
3.751638029993046e+01	1.008117010000000e-06
3.754820209997706e+01	9.913574100000000e-07
3.758018169994466e+01	9.734419560000000e-07
3.762816119997296e+01	9.499398740000000e-07
3.767567289993167e+01	9.356845110000000e-07
3.770630459999666e+01	9.208512210000000e-07
3.773773299995810e+01	8.881026470000000e-07
3.776922039990313e+01	8.632520690000000e-07
3.781463349994738e+01	8.241461270000000e-07
3.784641469991766e+01	8.000663460000000e-07
3.787725359993055e+01	7.690512120000000e-07
3.792378790001385e+01	7.418892660000000e-07
3.797032699990086e+01	7.347615560000000e-07
3.800136170000769e+01	7.278264890000000e-07
3.803614939993713e+01	7.239737560000000e-07
3.808033539995085e+01	7.151122080000000e-07
3.812723459990229e+01	6.837119030000000e-07
3.817516300000716e+01	5.755021560000000e-07
3.831423819996417e+01	5.418371530000000e-07
3.834671209997032e+01	5.193234640000000e-07
3.837640720000491e+01	4.928367050000000e-07
3.842291449999902e+01	4.677895050000000e-07
3.846925849991385e+01	4.579625000000000e-07
3.851577139995061e+01	4.414946770000000e-07
3.854758369992487e+01	4.328385610000000e-07
3.857848389993887e+01	4.228963920000000e-07
3.861024389998056e+01	4.129159090000000e-07
3.864303859998472e+01	4.019949240000000e-07
3.867258099990431e+01	3.956035930000000e-07
3.872020839992911e+01	3.933195960000000e-07
3.876661659998354e+01	3.898647660000000e-07
3.879735409992281e+01	3.863332270000000e-07
3.882830349996220e+01	3.704028300000000e-07
3.887481439998373e+01	3.579655750000000e-07
3.890619119990151e+01	3.456818830000000e-07
3.893640469992533e+01	3.338396080000000e-07
3.898363529995549e+01	3.213831970000000e-07
3.903111390001141e+01	3.032839400000000e-07
3.907740639999975e+01	2.883323870000000e-07
3.912475680001080e+01	2.723059820000000e-07
3.917229979997501e+01	2.639953040000000e-07
3.920358699990902e+01	2.526329010000000e-07
3.923526719992515e+01	2.360115160000000e-07
3.928151309990790e+01	2.164151880000000e-07
3.932794609991834e+01	1.962046670000000e-07
3.937521939992439e+01	1.778175120000000e-07
3.942202810000163e+01	1.599293710000000e-07
3.948408099997323e+01	1.472042330000000e-07
3.951469250000082e+01	1.381642110000000e-07
3.954582249990199e+01	1.295272370000000e-07
3.957720299996436e+01	1.172051610000000e-07
3.962427559995558e+01	1.072246500000000e-07
3.968545230000746e+01	9.753205890000000e-08
3.971655759995338e+01	9.282970130000000e-08
3.974729799991474e+01	8.588173020000000e-08
3.977928849996533e+01	7.927923920000000e-08
3.981132139998954e+01	7.307981060000000e-08
3.984277489990927e+01	6.759054120000001e-08
3.987352579995058e+01	6.329123890000001e-08
3.992032419994939e+01	6.108401610000001e-08
3.996714409999549e+01	5.918388980000000e-08
3.999793790001422e+01	5.734132460000000e-08
4.002828440000303e+01	5.338752020000000e-08
4.007496369990986e+01	5.077722780000000e-08
4.010643599997275e+01	4.713050930000000e-08
4.013795219990425e+01	4.315750600000000e-08
4.017008249997161e+01	4.027851470000000e-08
4.021501679997891e+01	3.651662080000000e-08
4.024623009993229e+01	3.373360610000000e-08
4.027736389997881e+01	2.905044920000000e-08
4.032379569998011e+01	2.501986000000000e-08
4.037018049997278e+01	2.258231470000000e-08
4.040211989998352e+01	2.014476760000000e-08
4.043278069992084e+01	1.795673120000000e-08
4.048030299996026e+01	1.594144370000000e-08
4.052687469997909e+01	1.442517390000000e-08
4.057370189996436e+01	1.423323860000000e-08
4.062692969990894e+01	1.417565090000000e-08
4.068240009993315e+01	1.482823200000000e-08
4.071437699999660e+01	1.563434720000000e-08
4.074563939997461e+01	1.693949340000000e-08
4.077570749993902e+01	2.008717990000000e-08
4.082251999992877e+01	2.465518990000000e-08
4.087230139994062e+01	2.931914440000000e-08
4.091705649998039e+01	3.219813750000000e-08
4.094833209994249e+01	3.670855620000000e-08
4.098017699993216e+01	4.143010200000000e-08
4.101133249991108e+01	4.647793970000000e-08
4.104296469991095e+01	5.250461750000000e-08
4.107416299998295e+01	6.219723050000000e-08
4.112174869992305e+01	7.657299510000000e-08
4.116870679997373e+01	8.340580140000000e-08
4.121638429991435e+01	9.747446940000000e-08
4.124718129995745e+01	1.059387030000000e-07
4.127877169998828e+01	1.142493960000000e-07
4.131033060001209e+01	1.215236410000000e-07
4.134135879995301e+01	1.311586570000000e-07
4.137301639991347e+01	1.421564090000000e-07
4.143531570001505e+01	1.529046330000000e-07
4.148260629992001e+01	1.629427260000000e-07
4.152928499993868e+01	1.704472940000000e-07
4.157612330000848e+01	1.761668780000000e-07
4.160668749990873e+01	1.849765850000000e-07
4.163850319990888e+01	1.979128540000000e-07
4.168525759992190e+01	2.124997560000000e-07
4.171674689999782e+01	2.195052820000000e-07
4.174856779992115e+01	2.267219800000000e-07
4.178267479990609e+01	2.325759140000000e-07
4.182655829994474e+01	2.341497800000000e-07
4.187326189992018e+01	2.342457320000000e-07
4.190400310000405e+01	2.323647830000000e-07
4.193529219995253e+01	2.262421500000000e-07
4.198121869994793e+01	2.142079440000000e-07
4.202789579995442e+01	1.996402690000000e-07
4.207511079998221e+01	1.828461510000000e-07
4.212236499995925e+01	1.630770900000000e-07
4.217069509997964e+01	1.520409260000000e-07
4.220133149996400e+01	1.416765800000000e-07
4.223246169998311e+01	1.241147200000000e-07
4.227886999992188e+01	1.071862530000000e-07
4.232474660000298e+01	8.703332100000000e-08
4.237230709998403e+01	7.144837610000000e-08
4.242359109991230e+01	5.605537720000000e-08
4.248239339992870e+01	4.774468820000000e-08
4.251483050000388e+01	4.231299040000000e-08
4.254915400000755e+01	3.739952350000000e-08
4.257523239997681e+01	3.167991740000000e-08
4.262325910001528e+01	2.620984670000000e-08
4.267211669997778e+01	2.056701300000000e-08
4.271731320000254e+01	1.882043320000000e-08
4.274812040000688e+01	1.659400970000000e-08
4.277940699993633e+01	1.505855350000000e-08
4.281035669997800e+01	1.404130320000000e-08
4.284213259990793e+01	1.498177940000000e-08
4.287307719991077e+01	1.732335160000000e-08
4.291927780001424e+01	1.953057450000000e-08
4.298114529997110e+01	2.772611470000000e-08
4.302988209994510e+01	3.427101090000000e-08
4.307943059992976e+01	3.847433660000000e-08
4.311206600000151e+01	4.204429520000000e-08
4.313712999993004e+01	4.547989010000000e-08
4.318453289999161e+01	5.089238900000000e-08
4.321669319993816e+01	5.308042360000000e-08
4.324820479995105e+01	5.613215140000000e-08
4.328025589999743e+01	6.144868789999999e-08
4.332671129994560e+01	6.939470150000000e-08
4.337302659999114e+01	7.405867560000000e-08
4.340336859994568e+01	7.910649910000000e-08
4.343437289993744e+01	8.630397730000000e-08
4.348217400000431e+01	9.522885590000000e-08
4.352915089996532e+01	1.090480170000000e-07
4.357553169992752e+01	1.220034700000000e-07
4.362256329995580e+01	1.366287560000000e-07
4.367049209994730e+01	1.436534940000000e-07
4.370111259992700e+01	1.511580340000000e-07
4.373132279992569e+01	1.610042090000000e-07
4.377828259998932e+01	1.714069670000000e-07
4.382462239998858e+01	1.848998320000000e-07
4.387033459998202e+01	1.924235990000000e-07
4.391768829990178e+01	2.084691600000000e-07
4.394809889991302e+01	2.166071060000000e-07
4.397844759991858e+01	2.229025140000000e-07
4.400957339990418e+01	2.329021950000000e-07
4.404109119996428e+01	2.469132880000000e-07
4.407304980000481e+01	2.672005910000000e-07
4.412031489994843e+01	2.791963710000000e-07
4.418617959995754e+01	3.147231380000000e-07
4.423056960001122e+01	3.462192810000000e-07
4.427746929996647e+01	3.668712910000000e-07
4.430857649992686e+01	3.889626900000000e-07
4.433964129991364e+01	4.183092130000000e-07
4.438685499993153e+01	4.525884380000000e-07
4.441744339989964e+01	4.635094230000000e-07
4.444853239995427e+01	4.784609470000000e-07
4.447911379998550e+01	4.968097190000001e-07
4.452481669990811e+01	5.161564900000000e-07
4.457127600000240e+01	5.250814180000000e-07
4.460224839998409e+01	5.349659200000000e-07
4.463338339992333e+01	5.515681210000000e-07
4.468170319998171e+01	5.721817050000000e-07
4.472754839994013e+01	5.939084530000000e-07
4.477347929996904e+01	6.246752950000000e-07
4.482117619994096e+01	6.587433750000000e-07
4.488432479999028e+01	6.836370400000000e-07
4.491477979999036e+01	7.007574250000000e-07
4.494538799999282e+01	7.233095400000000e-07
4.497611179994419e+01	7.611778869999999e-07
4.502329809998628e+01	8.006201140000000e-07
4.507008440000936e+01	8.191799450000000e-07
4.512022409995552e+01	9.341434290000000e-07
4.524164829996880e+01	9.478208090000000e-07
4.527275749994442e+01	9.813401220000001e-07
4.531996439991053e+01	9.938615899999999e-07
4.535032570001204e+01	1.012933010000000e-06
4.538266479992308e+01	1.040480360000000e-06
4.542881249997299e+01	1.079200840000000e-06
4.547497979993932e+01	1.112335100000000e-06
4.552098899998236e+01	1.138726470000000e-06
4.556838019995485e+01	1.193628800000000e-06
4.561502899997868e+01	1.248531250000000e-06
4.564632559998427e+01	1.284747330000000e-06
4.567932259989902e+01	1.341190800000000e-06
4.572409109992441e+01	1.393203550000000e-06
4.577125639992300e+01	1.440207370000000e-06
4.581763890001457e+01	1.463709510000000e-06
4.584882700000890e+01	1.494146430000000e-06
4.587951489991974e+01	1.526702590000000e-06
4.592673609999474e+01	1.551167770000000e-06
4.595853539998643e+01	1.574284510000000e-06
4.598960550001357e+01	1.599713070000000e-06
4.602051299996674e+01	1.615124120000000e-06
4.608250569994561e+01	1.659238590000000e-06
4.613005549996160e+01	1.681777350000000e-06
4.617677699995693e+01	1.709710090000000e-06
4.622484319994692e+01	1.727818360000000e-06
4.625557219993789e+01	1.747082140000000e-06
4.628638629999477e+01	1.777133890000000e-06
4.631755149993114e+01	1.794471700000000e-06
4.634883479995187e+01	1.827990790000000e-06
4.638018569990527e+01	1.859583560000000e-06
4.643397139990702e+01	1.909477310000000e-06
4.647655209992081e+01	1.947234750000000e-06
4.652031099994201e+01	1.979790800000000e-06
4.655132379999850e+01	1.999632790000000e-06
4.658162179996725e+01	2.035271110000000e-06
4.662763120001182e+01	2.075340030000000e-06
4.667539210000541e+01	2.131590690000000e-06
4.672078859992325e+01	2.151239870000000e-06
4.678270049998537e+01	2.184759300000000e-06
4.683300699992105e+01	2.199785060000000e-06
4.686029559990857e+01	2.211343370000000e-06
4.689179449994117e+01	2.230992780000000e-06
4.692331969994120e+01	2.259888560000000e-06
4.697033639997244e+01	2.279537970000000e-06
4.701679159991909e+01	2.312479180000000e-06
4.704781029990409e+01	2.336173790000000e-06
4.707979389990214e+01	2.358520080000000e-06
4.712548769998830e+01	2.385104150000000e-06
4.715652899991255e+01	2.398589230000000e-06
4.719082879996859e+01	2.429604140000000e-06
4.721975269995164e+01	2.455417870000000e-06
4.728201309998985e+01	2.538638000000000e-06
4.732885109994095e+01	2.594310670000000e-06
4.737827479990665e+01	2.640158980000000e-06
4.742261259991210e+01	2.662698080000000e-06
4.745239809993654e+01	2.679649920000000e-06
4.748248189990409e+01	2.712398780000000e-06
4.753271900000982e+01	2.749770830000000e-06
4.757519010000397e+01	2.779437410000000e-06
4.762165220000315e+01	2.811223110000000e-06
4.768519669992384e+01	2.850714280000000e-06
4.771722969994880e+01	2.864969470000000e-06
4.774859829992056e+01	2.892517160000000e-06
4.777964339999016e+01	2.931430120000000e-06
4.782642769999802e+01	2.974581320000000e-06
4.787424119992647e+01	3.027942740000000e-06
4.792027649993543e+01	3.062232050000000e-06
4.798165500001051e+01	3.129463490000000e-06
4.802834309998434e+01	3.148149290000000e-06
4.805984439991880e+01	3.188796430000000e-06
4.809182470000815e+01	3.224434980000000e-06
4.812295190000441e+01	3.265274240000000e-06
4.817060429998673e+01	3.298986260000000e-06
4.821873769990634e+01	3.327111700000000e-06
4.828077019995544e+01	3.388948700000000e-06
4.832640269992407e+01	3.419964060000000e-06
4.835763929993846e+01	3.430751800000000e-06
4.838845359999686e+01	3.451171320000000e-06
4.841964829992503e+01	3.488158200000000e-06
4.848139259999152e+01	3.544794480000000e-06
4.852890319994185e+01	3.573883080000000e-06
4.857607909990475e+01	3.615685730000000e-06
4.862341239990201e+01	3.634949730000000e-06
4.865427800000180e+01	3.647086030000000e-06
4.869008299999405e+01	3.666734980000000e-06
4.873322729999200e+01	3.691007810000000e-06
4.877997869998217e+01	3.700254410000000e-06
4.882699460000731e+01	3.720288990000000e-06
4.887459309992846e+01	3.729920990000000e-06
4.892207659990527e+01	3.738204900000000e-06
4.895688869990408e+01	3.736470940000000e-06
4.898353309999220e+01	3.746102950000000e-06
4.903129770001397e+01	3.751689520000000e-06
4.907938549993560e+01	3.769604520000000e-06
4.912516059994232e+01	3.776154470000000e-06
4.918770359992050e+01	3.777695840000000e-06
4.922031389991753e+01	3.776732230000000e-06
4.925162959995214e+01	3.779428880000000e-06
4.928286029992159e+01	3.798115130000000e-06
4.932849779992830e+01	3.804472730000000e-06
4.937400589999743e+01	3.820461640000000e-06
4.942066959990188e+01	3.825855400000000e-06
4.948232219996862e+01	3.844156250000000e-06
4.952928989997599e+01	3.858796840000000e-06
4.956031139998231e+01	3.859760000000000e-06
4.959234249999281e+01	3.866502540000000e-06
4.962319999991450e+01	3.859374830000000e-06
4.967083389998879e+01	3.867850860000000e-06
4.971714429999702e+01	3.864382960000000e-06
4.974865149997640e+01	3.874400590000000e-06
4.977972029999364e+01	3.867080520000000e-06
4.982704949995968e+01	3.870548430000000e-06
4.985644070000853e+01	3.883839780000000e-06
4.988688989996444e+01	3.879987160000000e-06
4.991813999996521e+01	3.883647420000000e-06
4.994912409991957e+01	3.887114870000000e-06
4.997969009994995e+01	3.884225410000000e-06
5.002641469996888e+01	3.887885210000000e-06
5.007311299990397e+01	3.884033050000000e-06
5.011912789999042e+01	3.881528760000000e-06
5.015033289999701e+01	3.898865540000000e-06
5.018247219990008e+01	3.887114870000000e-06
5.023007029993460e+01	3.907342030000000e-06
5.027590080001391e+01	3.912735790000000e-06
5.032203719997779e+01	3.892509080000000e-06
5.038370100001339e+01	3.906764050000000e-06
5.043079909996595e+01	3.902333450000000e-06
5.046171209996101e+01	3.916203700000000e-06
5.049278579989914e+01	3.912157810000000e-06
5.052472609991673e+01	3.907534390000000e-06
5.057127660000697e+01	3.888463200000000e-06
5.061814789997879e+01	3.903489410000000e-06
5.068068300001323e+01	3.902525800000000e-06
5.072766219999176e+01	3.909461160000000e-06
5.075897570000961e+01	3.892315820000000e-06
5.078967629990075e+01	3.910231500000000e-06
5.082089540001471e+01	3.892893800000000e-06
5.088333449990023e+01	3.879409180000000e-06
5.092846699990332e+01	3.894627750000000e-06
5.097639429999981e+01	3.879794800000000e-06
5.102290569990873e+01	3.892893800000000e-06
5.105504539993126e+01	3.883839780000000e-06
5.108632160001434e+01	3.900213870000000e-06
5.113333400001284e+01	3.912350170000000e-06
5.118029950000346e+01	3.910423860000000e-06
5.122971019998658e+01	3.903874130000000e-06
5.127489799994510e+01	3.887114870000000e-06
5.132116009993479e+01	3.872666640000000e-06
5.135365389997605e+01	3.848972030000000e-06
5.138474809995387e+01	3.812755720000000e-06
5.143127649999224e+01	3.782704200000000e-06
5.147844759991858e+01	3.756890240000000e-06
5.152639609994367e+01	3.716821080000000e-06
5.157295890001114e+01	3.675596420000000e-06
5.161915099993348e+01	3.636298060000000e-06
5.165049959998578e+01	3.595651150000000e-06
5.168184659990948e+01	3.545372460000000e-06
5.172980659990571e+01	3.477370680000000e-06
5.177616279991344e+01	3.417652350000000e-06
5.182293169992045e+01	3.342908260000000e-06
5.188405679992866e+01	3.271438570000000e-06
5.193101309996564e+01	3.208831000000000e-06
5.196264739998151e+01	3.153928450000000e-06
5.199376059998758e+01	3.107502830000000e-06
5.202586529997643e+01	3.032951100000000e-06
5.207200949999969e+01	2.953005830000000e-06
5.211792260000948e+01	2.916018960000000e-06
5.214955279999413e+01	2.871904600000000e-06
5.217980799998622e+01	2.819506560000000e-06
5.228745259996504e+01	2.691786220000000e-06
5.232235429994762e+01	2.608758900000000e-06
5.236836229998153e+01	2.588917140000000e-06
5.241433279996272e+01	2.528813640000000e-06
5.244584099994972e+01	2.483157690000000e-06
5.247726809990127e+01	2.436154090000000e-06
5.252331119996961e+01	2.385682140000000e-06
5.255428679997567e+01	2.342916560000000e-06
5.258634019992314e+01	2.295719700000000e-06
5.261726739990991e+01	2.266630870000000e-06
5.264832459995523e+01	2.226561950000000e-06
5.268100679991767e+01	2.178787330000000e-06
5.272918399993796e+01	2.122729480000000e-06
5.277527939993888e+01	2.073606310000000e-06
5.282281809998676e+01	2.049141130000000e-06
5.285328699997626e+01	2.022364240000000e-06
5.288375819998328e+01	1.990578540000000e-06
5.293132480001077e+01	1.955325620000000e-06
5.297837749996688e+01	1.926044210000000e-06
5.302599639992695e+01	1.890791280000000e-06
5.307265739992727e+01	1.852263380000000e-06
5.311838399991393e+01	1.826835050000000e-06
5.314961259998381e+01	1.805259440000000e-06
5.318059619993437e+01	1.769235720000000e-06
5.322844609990716e+01	1.731863680000000e-06
5.327452709991485e+01	1.710673470000000e-06
5.332127089996357e+01	1.689483040000000e-06
5.338380159996450e+01	1.671760060000000e-06
5.343133419996593e+01	1.657312170000000e-06
5.346317299990915e+01	1.637277710000000e-06
5.349413169990294e+01	1.620132710000000e-06
5.352595139993355e+01	1.589888370000000e-06
5.357226539996918e+01	1.568120180000000e-06
5.361863219994120e+01	1.559258640000000e-06
5.368371109990403e+01	1.516685420000000e-06
5.373146339994855e+01	1.485092530000000e-06
5.376027009997051e+01	1.463131530000000e-06
5.379161239997484e+01	1.432116620000000e-06
5.382267179992050e+01	1.372398170000000e-06
5.388384439994115e+01	1.318651810000000e-06
5.392926359991543e+01	1.269528870000000e-06
5.397476049989928e+01	1.212892810000000e-06
5.402183759992477e+01	1.173979740000000e-06
5.405235189991072e+01	1.140653010000000e-06
5.408335979992989e+01	1.092107710000000e-06
5.412958169996273e+01	1.030077900000000e-06
5.417634569993243e+01	9.678553849999999e-07
5.422479699994437e+01	9.189249680000000e-07
5.427080309996381e+01	8.992756190000000e-07
5.431740569998510e+01	8.646005650000000e-07
5.434878969995771e+01	8.389794740000000e-07
5.438002569996752e+01	8.006442730000000e-07
5.442706379992887e+01	7.567223290000000e-07
5.447312149999198e+01	7.062508869999999e-07
5.452032639994286e+01	6.725389880000000e-07
5.458196739992127e+01	5.912449410000000e-07
5.463661499996670e+01	5.521392840000000e-07
5.467525599990040e+01	5.080246980000000e-07
5.472162829991430e+01	4.357559080000000e-07
5.484721229993738e+01	4.232419140000000e-07
5.487784899992403e+01	4.094419520000000e-07
5.490895829990041e+01	3.976188910000000e-07
5.494081259996165e+01	3.854887320000000e-07
5.497073089994956e+01	3.769477250000000e-07
5.503220639994834e+01	3.555088030000000e-07
5.507904659991618e+01	3.407876080000000e-07
5.512613729992881e+01	3.314596880000000e-07
5.515726549993269e+01	3.216902940000000e-07
5.518754750001244e+01	3.110380360000000e-07
5.521962989994790e+01	3.053760050000000e-07
5.528266189992428e+01	2.891192990000000e-07
5.533034079999197e+01	2.778144790000000e-07
5.537658489996102e+01	2.669510760000000e-07
5.542390079994220e+01	2.598687270000000e-07
5.545529819990043e+01	2.532662790000000e-07
5.548632879997604e+01	2.438039810000000e-07
5.553224440000486e+01	2.353589540000000e-07
5.557890149997547e+01	2.237470230000000e-07
5.562740779994056e+01	2.121926600000000e-07
5.567294949991629e+01	2.006766950000000e-07
5.572072009998374e+01	1.939590530000000e-07
5.575104239990469e+01	1.856099630000000e-07
5.578189310000744e+01	1.729040240000000e-07
5.582791849994101e+01	1.542865680000000e-07
5.587516109994613e+01	1.393350150000000e-07
5.592196379997768e+01	1.259572850000000e-07
5.596884969994426e+01	1.188557660000000e-07
5.601607169990893e+01	1.078964050000000e-07
5.604718819994014e+01	1.035011440000000e-07
5.607895289990120e+01	9.647640550000000e-08
5.612476099992637e+01	9.008504520000000e-08
5.617251529998612e+01	8.106421489999999e-08
5.621907609992195e+01	7.618912430000001e-08
5.626703089999501e+01	6.695715630000000e-08
5.629830949997995e+01	6.177496910000000e-08
5.633002689993009e+01	5.697665270000000e-08
5.636132179992273e+01	5.346428010000000e-08
5.639870919997338e+01	4.903064980000000e-08
5.643704079999588e+01	4.534553000000000e-08
5.648334599996451e+01	4.183315740000000e-08
5.653032709995750e+01	3.782177060000000e-08
5.657781889999751e+01	3.446294630000000e-08
5.662503359990660e+01	3.208298690000000e-08
5.665643639990594e+01	2.945350630000000e-08
5.668715069990139e+01	2.728465630000000e-08
5.672190020000562e+01	2.494308580000000e-08
5.678095359995496e+01	2.221764280000000e-08
5.682729589997325e+01	2.025992880000000e-08
5.687414199998602e+01	1.816785300000000e-08
5.692792970000301e+01	1.703545570000000e-08
5.696713070000987e+01	1.601821790000000e-08
5.699900299997535e+01	1.525047640000000e-08
5.703033350000624e+01	1.488580550000000e-08
5.707611889997497e+01	1.423323860000000e-08
5.712309959996492e+01	1.375340640000000e-08
5.716989769996144e+01	1.358067170000000e-08
5.721693180000875e+01	1.423323860000000e-08
5.725014979997650e+01	1.436758620000000e-08
5.727849589998368e+01	1.534645120000000e-08
5.732487159990706e+01	1.659400970000000e-08
5.738940939994063e+01	1.849415020000000e-08
5.741879889997654e+01	1.872446020000000e-08
5.748132009990513e+01	2.016395410000000e-08
5.752915199997369e+01	2.116200550000000e-08
5.755884079996031e+01	2.137314150000000e-08
5.759620979998726e+01	2.208328100000000e-08
5.762192379997578e+01	2.338842900000000e-08
5.767056709993631e+01	2.444405390000000e-08
5.771491009998135e+01	2.626742020000000e-08
5.774690449994523e+01	2.839786890000000e-08
5.777892760001123e+01	3.152638330000000e-08
5.782600849994924e+01	3.381038030000000e-08
5.785647949995473e+01	3.596002780000000e-08
5.788770739990287e+01	3.784096950000000e-08
5.791921949991956e+01	3.970270870000000e-08
5.798098069999833e+01	4.350297540000000e-08
5.802809309994336e+01	4.638196670000000e-08
5.807827069994528e+01	4.826290830000000e-08
5.812028329994064e+01	4.912660860000000e-08
5.815182699996512e+01	4.933773210000000e-08
5.818277089996263e+01	5.029739470000000e-08
5.823365069995634e+01	4.987515110000000e-08
5.827691909996793e+01	4.987515110000000e-08
5.832302799995523e+01	4.759115410000000e-08
5.837031549995299e+01	4.586374660000000e-08
5.841843059996609e+01	4.169881150000000e-08
5.844884530000854e+01	4.000980520000000e-08
5.847917009994853e+01	3.630550080000000e-08
5.852578829997219e+01	3.250523410000000e-08
5.857216029998381e+01	2.747659170000000e-08
5.861825349996798e+01	2.584516250000000e-08
5.866809339995962e+01	2.202570750000000e-08
5.869722490001004e+01	1.985687170000000e-08
5.872918529994786e+01	1.786077060000000e-08
5.876451529993210e+01	1.596063020000000e-08
5.879139829997439e+01	1.519290290000000e-08
5.881995289993938e+01	1.448274740000000e-08
5.888158950000070e+01	1.442517390000000e-08
5.892927409999538e+01	1.713141630000000e-08
5.897570159996394e+01	2.551887770000000e-08
5.902276869991329e+01	3.315780010000000e-08
5.907073479995597e+01	4.974078750000000e-08
5.911752229998820e+01	6.751376699999999e-08
5.914970479998738e+01	7.841554609999999e-08
5.917912260000594e+01	8.856877540000000e-08
5.922967109992169e+01	9.987363110000000e-08
5.927338549995329e+01	1.079539940000000e-07
5.932028989994433e+01	1.129634480000000e-07
5.935131509997882e+01	1.191052730000000e-07
5.938343339995481e+01	1.272432260000000e-07
5.943132729991339e+01	1.359185970000000e-07
5.947760270000435e+01	1.431544520000000e-07
5.952313639991917e+01	1.524248030000000e-07
5.957040769990999e+01	1.587010130000000e-07
5.963447309995536e+01	1.819824430000000e-07
5.966689059999771e+01	1.957440220000000e-07
5.969627059996128e+01	2.075670840000000e-07
5.972761709999759e+01	2.223650880000000e-07
5.977370679995511e+01	2.321920500000000e-07
5.981998479994945e+01	2.348791100000000e-07
5.988206450000871e+01	2.467405410000000e-07
5.992769899999257e+01	2.555694610000000e-07
5.995939829992130e+01	2.617880740000000e-07
5.999082159996033e+01	2.683137840000000e-07
6.002669079997577e+01	2.790620500000000e-07
6.007238259993028e+01	2.898294440000000e-07
