# [General]
# timestamp=2025-04-17T17:39:14.668124
# comments='# '
# delimiter='\t'
# column_dtypes=float;;float
# column_headers='Time (s);;Power (W)'
# 
# [Metadata]
# scanner_x=-4.626422588500507
# scanner_y=3.7529566073
# start recoding time='17.04.2025, 17:38:14.377582'
# sample rate (hz)=20.0
# sample timing='TIMESTAMP'
# 
# ---- END HEADER ----
2.840699977241457e-03	4.380199970000000e-05
6.971429998520762e-02	4.387500300000000e-05
1.319768000394106e-01	4.382697440000000e-05
2.093253999482840e-01	4.384618660000000e-05
2.712057000026107e-01	4.386924050000000e-05
3.487344000022858e-01	4.390574400000000e-05
4.097252000356093e-01	4.393840210000000e-05
4.726452999748290e-01	4.396338040000000e-05
5.499417999526486e-01	4.393071870000000e-05
6.124483000021428e-01	4.397106390000000e-05
6.747721999417990e-01	4.397298470000000e-05
7.369022000348195e-01	4.389613600000000e-05
7.988884999649599e-01	4.394993080000000e-05
8.612071999814361e-01	4.391534820000000e-05
9.233636000426486e-01	4.401332990000000e-05
1.000929799978621e+00	4.422465640000000e-05
1.063936699996702e+00	4.426308440000000e-05
1.125660500023514e+00	4.578081280000000e-05
1.202599899959750e+00	4.676637760000000e-05
1.271585499984212e+00	4.807085500000000e-05
1.328400500002317e+00	4.816306680000000e-05
1.408172399969772e+00	4.873941730000000e-05
1.468746799975634e+00	4.885085220000000e-05
1.545825500041246e+00	4.801129400000000e-05
1.608351600007154e+00	4.641479970000000e-05
1.669662100030109e+00	4.453588920000000e-05
1.746637900010683e+00	4.112964600000000e-05
1.809164799982682e+00	4.024590450000000e-05
1.870223899953999e+00	3.998078320000000e-05
1.932113399961963e+00	4.058787450000000e-05
2.010468799970113e+00	4.286254630000000e-05
2.073080900008790e+00	4.637445090000000e-05
2.150785799953155e+00	5.108132970000000e-05
2.211773599963635e+00	5.553269880000000e-05
2.273617099970579e+00	5.996484830000000e-05
2.351273800013587e+00	6.271212620000000e-05
2.413364500040188e+00	6.529034730000000e-05
2.474727799999528e+00	6.538449089999999e-05
2.536407500039786e+00	6.527882209999999e-05
2.599216099944897e+00	6.539985770000000e-05
2.660934000043198e+00	6.536527510000000e-05
2.722491699969396e+00	6.495030540000000e-05
2.798854199936613e+00	6.480429150000000e-05
2.860316999955103e+00	6.353054780000001e-05
2.921606399933808e+00	6.265065170000000e-05
3.001222399994731e+00	6.141918130000000e-05
3.064505700021982e+00	5.904845240000000e-05
3.126902199932374e+00	5.587082710000000e-05
3.202895399997942e+00	5.510427950000000e-05
3.267036600038409e+00	5.444915590000000e-05
3.329150800011121e+00	5.396501730000000e-05
3.407703300006688e+00	5.304093070000000e-05
3.467773200012743e+00	5.262019840000000e-05
3.529633200028911e+00	5.199773660000000e-05
3.607540199998766e+00	5.149246860000000e-05
3.669272299972363e+00	5.111976130000000e-05
3.731497999979183e+00	5.087961110000000e-05
3.809370400034823e+00	5.090842750000000e-05
3.871189299970865e+00	5.125039750000000e-05
3.948806899948977e+00	5.121197680000000e-05
4.011684100027196e+00	5.127537220000000e-05
4.074380500009283e+00	5.135030010000000e-05
4.163706199964508e+00	5.130611320000000e-05
4.224610600038432e+00	5.125231470000000e-05
4.301941899931990e+00	5.132532530000000e-05
4.365045899990946e+00	5.129842610000000e-05
4.427916000015102e+00	5.129458440000000e-05
4.505771599942818e+00	5.131379290000000e-05
4.568163599935360e+00	5.130803400000000e-05
4.631157099967822e+00	5.131572110000000e-05
4.707811299944296e+00	5.133493320000000e-05
4.771853899932466e+00	5.140985380000000e-05
4.848829100024886e+00	5.136951220000000e-05
4.910823400015943e+00	5.139064160000000e-05
4.972724999999627e+00	5.142906960000000e-05
5.050760300015099e+00	5.138872070000000e-05
5.114744800026529e+00	5.148478160000000e-05
5.176765599986538e+00	5.150783550000000e-05
5.238066299934871e+00	5.143674930000000e-05
5.299954200047068e+00	5.150591820000000e-05
5.363589999964461e+00	5.148286070000000e-05
5.425851200008765e+00	5.143674930000000e-05
5.503620599978603e+00	5.150014840000000e-05
5.565585199976340e+00	5.147325650000000e-05
5.629345600027591e+00	5.148286070000000e-05
5.706766100018285e+00	5.148093620000000e-05
5.768682199995965e+00	5.149438580000000e-05
5.831201600027271e+00	5.153281020000000e-05
5.908689599949867e+00	5.150975270000000e-05
5.971668999991380e+00	5.154241440000000e-05
6.048994799959473e+00	5.149631030000000e-05
6.111729199998081e+00	4.386155710000000e-05
6.173182299942710e+00	2.611757920000000e-05
6.250519599998370e+00	1.436190630000000e-05
6.312818399979733e+00	4.473569060000000e-05
6.374710700009018e+00	5.208803120000000e-05
6.436987499939278e+00	5.150014840000000e-05
6.499917099950835e+00	5.133877490000000e-05
6.561761499964632e+00	5.198236610000000e-05
6.622142200008966e+00	5.179217260000000e-05
6.714739199960604e+00	5.184020120000000e-05
6.778199199936353e+00	5.183827310000000e-05
6.856593500007875e+00	5.207650610000000e-05
6.919102599960752e+00	5.231856990000000e-05
7.010830300045200e+00	5.237428560000000e-05
7.073290299973451e+00	5.250684630000000e-05
7.151087000034750e+00	5.177487760000000e-05
7.213331199949607e+00	5.215142660000000e-05
7.274911400047131e+00	5.220522510000000e-05
7.335313500021584e+00	5.003621480000000e-05
7.398817999986932e+00	4.480485590000000e-05
7.461646800045855e+00	4.036693640000000e-05
7.522901799995452e+00	3.727768850000000e-05
7.600577299948782e+00	3.461301820000000e-05
7.662563699996099e+00	3.084174750000000e-05
7.723587799933739e+00	2.301680250000000e-05
7.801782399998046e+00	1.400841030000000e-05
7.864742800011300e+00	1.006423740000000e-05
7.928417599992827e+00	9.474436410000000e-06
8.005710399942473e+00	6.890454640000000e-06
8.067433699965477e+00	9.153601240000000e-06
8.130358299938962e+00	3.616340840000000e-05
8.207564200041816e+00	5.081813290000000e-05
8.267810599994846e+00	5.152128510000000e-05
8.329949400038458e+00	5.145788960000000e-05
8.408187799970619e+00	5.157891790000000e-05
8.470888399984688e+00	5.135414180000000e-05
8.532639899989590e+00	5.226477880000000e-05
8.612383199972101e+00	5.063562280000000e-05
8.673353199963458e+00	4.994399570000000e-05
8.751842499943450e+00	4.919858470000000e-05
8.814708899939433e+00	4.850888220000000e-05
8.877320899977349e+00	4.862415150000000e-05
8.955776000046171e+00	4.891233040000000e-05
9.017594599979930e+00	4.897188410000000e-05
9.079007799969986e+00	4.890464330000000e-05
9.142130399937741e+00	5.044734640000000e-05
9.205675799981691e+00	5.069517650000000e-05
9.265886400011368e+00	5.098143080000000e-05
9.328929399955086e+00	5.090842750000000e-05
9.406671599950641e+00	5.079123370000000e-05
9.469753999961540e+00	4.941759830000000e-05
9.547755599953234e+00	4.712947700000000e-05
9.610147699946538e+00	4.230732880000000e-05
9.671112300013192e+00	3.993467540000000e-05
9.732208400033414e+00	3.770611150000000e-05
9.810015999944881e+00	3.390794520000000e-05
9.873215900035575e+00	2.854018200000000e-05
9.950993599952199e+00	2.688028510000000e-05
1.001313979993574e+01	2.468822460000000e-05
1.007382289995439e+01	2.074213080000000e-05
1.015290989994537e+01	1.892277580000000e-05
1.021437860000879e+01	1.789110680000000e-05
1.027766939997673e+01	1.633879400000000e-05
1.033922149997670e+01	1.425239950000000e-05
1.040097289998084e+01	1.385855920000000e-05
1.046329280000646e+01	1.383358360000000e-05
1.052506400004495e+01	1.381245060000000e-05
1.060213499993552e+01	1.382205570000000e-05
1.066475019999780e+01	1.382205570000000e-05
1.072803729993757e+01	1.382013580000000e-05
1.080583450000267e+01	1.328028520000000e-05
1.086932289996184e+01	1.240422990000000e-05
1.093081309995614e+01	1.177408380000000e-05
1.100884110003244e+01	1.079620510000000e-05
1.107089329999872e+01	1.022369450000000e-05
1.115111330000218e+01	9.808720280000000e-06
1.121275119995698e+01	9.453302480000000e-06
1.127479719999246e+01	9.307294930000001e-06
1.135217780002858e+01	9.305373170000001e-06
1.141572900000028e+01	9.411037350000000e-06
1.147816940001212e+01	9.205471540000000e-06
1.153943510004319e+01	8.871186759999999e-06
1.160090339998715e+01	8.615670590000001e-06
1.166251159994863e+01	8.348627490000000e-06
1.172394709999207e+01	8.143061680000000e-06
1.180154679995030e+01	7.766511769999999e-06
1.186484209995251e+01	7.411093970000000e-06
1.192734269995708e+01	7.142129560000000e-06
1.200459679996129e+01	6.996119740000000e-06
1.206678380002268e+01	6.834742180000000e-06
1.213003649993334e+01	6.557484080000000e-06
1.225675339996815e+01	6.378907070000000e-06
1.231997640000191e+01	5.934101860000000e-06
1.239790740003809e+01	5.319582670000000e-06
1.246007090003695e+01	5.049309490000000e-06
1.252210880001076e+01	4.693118630000000e-06
1.259912369993981e+01	4.637252910000000e-06
1.266215799993370e+01	4.619144870000000e-06
1.272291729995050e+01	4.422653090000000e-06
1.280078449996654e+01	4.299556170000000e-06
1.286278450000100e+01	4.165864540000000e-06
1.292413079994731e+01	3.957235550000000e-06
1.300187629996799e+01	3.833175920000000e-06
1.306370810000226e+01	3.701988360000000e-06
1.312653140001930e+01	3.665194070000000e-06
1.320496380003169e+01	3.537474190000000e-06
1.326583289995324e+01	3.370262900000000e-06
1.332705029996578e+01	3.292243950000000e-06
1.340550210000947e+01	3.237149260000000e-06
1.346677940001246e+01	3.152580350000000e-06
1.352978949993849e+01	3.176467770000000e-06
1.360964139993303e+01	3.091320880000000e-06
1.367096240003593e+01	3.026015970000000e-06
1.374957340001129e+01	2.942603030000000e-06
1.381166959996335e+01	2.855722640000000e-06
1.387420900003053e+01	2.783290260000000e-06
1.393721240002196e+01	2.702189250000000e-06
1.400037779996637e+01	2.614730870000000e-06
1.406293839996215e+01	2.548847990000000e-06
1.412370380002540e+01	2.452335590000000e-06
1.420169679995161e+01	2.321918370000000e-06
1.426475279999431e+01	2.198629320000000e-06
1.432625369995367e+01	2.113097250000000e-06
1.440398369997274e+01	2.052608580000000e-06
1.446575430000667e+01	1.991349110000000e-06
1.452814109995961e+01	1.891369270000000e-06
1.460750030004419e+01	1.800250860000000e-06
1.466948189993855e+01	1.758255280000000e-06
1.474759389995597e+01	1.676768760000000e-06
1.480958220001776e+01	1.635929150000000e-06
1.487155809998512e+01	1.608574390000000e-06
1.494991139997728e+01	1.596630680000000e-06
1.501197630004026e+01	1.552323740000000e-06
1.507333349995315e+01	1.527087760000000e-06
1.513526330003515e+01	1.515722260000000e-06
1.519778349995613e+01	1.485477700000000e-06
1.526022069994360e+01	1.433850340000000e-06
1.532289690000471e+01	1.368930950000000e-06
1.539846569998190e+01	1.322119370000000e-06
1.546071489993483e+01	1.301699630000000e-06
1.552240419993177e+01	1.284747330000000e-06
1.559969699999783e+01	1.282435730000000e-06
1.566188779997174e+01	1.283013600000000e-06
1.572377000004053e+01	1.282435730000000e-06
1.580095409997739e+01	1.282820790000000e-06
1.586242419993505e+01	1.283013600000000e-06
1.592532909999136e+01	1.272225860000000e-06
1.600309889996424e+01	1.280316610000000e-06
1.606570409995038e+01	1.200371120000000e-06
1.612879139999859e+01	1.217130940000000e-06
1.620604059996549e+01	1.093071090000000e-06
1.627127369993832e+01	1.070146940000000e-06
1.632796250004321e+01	1.052616650000000e-06
1.640458790003322e+01	1.091337250000000e-06
1.646571739995852e+01	1.107133580000000e-06
1.652741370000876e+01	1.092878280000000e-06
1.660566280002240e+01	1.082283230000000e-06
1.666592279996257e+01	1.024298740000000e-06
1.672772309998982e+01	1.014474040000000e-06
1.680562230001669e+01	1.019867910000000e-06
1.686572070000693e+01	1.016785750000000e-06
1.692815039993729e+01	1.014666620000000e-06
1.700697400001809e+01	1.009080050000000e-06
1.706896019994747e+01	1.009080050000000e-06
1.714863359997980e+01	1.026417860000000e-06
1.721101279999129e+01	1.052616650000000e-06
1.727315799996722e+01	1.085172810000000e-06
1.734993100003339e+01	1.118306840000000e-06
1.741276860004291e+01	1.165118190000000e-06
1.747497410001233e+01	1.211929660000000e-06
1.753804629994556e+01	1.265676130000000e-06
1.760131239995826e+01	1.299773200000000e-06
1.766500419995282e+01	1.331558910000000e-06
1.772788859996945e+01	1.363344270000000e-06
1.780848500004504e+01	1.435584180000000e-06
1.786875280004460e+01	1.493375860000000e-06
1.794586290000007e+01	1.550782490000000e-06
1.800964980002027e+01	1.580256480000000e-06
1.807116359996144e+01	1.613775570000000e-06
1.813265819998924e+01	1.665595730000000e-06
1.821055389998946e+01	1.716452630000000e-06
1.827275619993452e+01	1.751320270000000e-06
1.835002030001488e+01	1.759989000000000e-06
1.841374829993583e+01	1.779060430000000e-06
1.847579009993933e+01	1.827027630000000e-06
1.855287559994031e+01	1.845328480000000e-06
1.861588820000179e+01	1.872105260000000e-06
1.867687419999857e+01	1.914293310000000e-06
1.873834259994328e+01	1.998091650000000e-06
1.879988029995002e+01	2.069753460000000e-06
1.886202649993356e+01	2.163954150000000e-06
1.892417340003885e+01	2.256806510000000e-06
1.900207669998053e+01	2.334247480000000e-06
1.906473209999967e+01	2.466205840000000e-06
1.912835260003339e+01	2.621280370000000e-06
1.920446919999085e+01	2.769998220000000e-06
1.926720450003631e+01	2.964949320000000e-06
1.932901280000806e+01	3.155662400000000e-06
1.940592439996544e+01	3.329808810000000e-06
1.946678409993183e+01	3.497790430000000e-06
1.952980290004052e+01	3.711234740000000e-06
1.960737780004274e+01	3.925450070000000e-06
1.966865929996129e+01	4.109228480000000e-06
1.974626439996064e+01	4.314582380000000e-06
1.980911249993369e+01	4.420725870000000e-06
1.987130160001107e+01	4.589478070000000e-06
1.993439890001900e+01	4.843570420000000e-06
2.001155840000138e+01	5.069151030000000e-06
2.007426669995766e+01	5.333067290000000e-06
2.015087789995596e+01	5.562885690000000e-06
2.021277490002103e+01	5.847607100000000e-06
2.027467600000091e+01	6.382952050000000e-06
2.035200419998728e+01	6.829875930000000e-06
2.041370749997441e+01	7.295871460000000e-06
2.047522979998030e+01	7.796348650000000e-06
2.053722229995765e+01	8.471357430000000e-06
2.059978559997398e+01	9.641578800000000e-06
2.070571210002527e+01	9.956652320000001e-06
2.076663470000494e+01	1.026788140000000e-05
2.082872670004144e+01	1.069822520000000e-05
2.089083019993268e+01	1.149935540000000e-05
2.095259250001982e+01	1.206994510000000e-05
2.101432620000560e+01	1.255984530000000e-05
2.107615500001702e+01	1.316885660000000e-05
2.115419679996558e+01	1.368949600000000e-05
2.121568499994464e+01	1.451368010000000e-05
2.127803669997957e+01	1.550116210000000e-05
2.135471059998963e+01	1.648672880000000e-05
2.141669360001106e+01	1.770474960000000e-05
2.147859489999246e+01	1.920711110000000e-05
2.155573879997246e+01	2.106680770000000e-05
2.161768339993432e+01	2.407344980000000e-05
2.167969010001980e+01	3.017510240000000e-05
2.175797249993775e+01	3.190416100000000e-05
2.182050899998285e+01	3.152569120000000e-05
2.189793390000705e+01	3.127017040000000e-05
2.195870419999119e+01	3.123943320000000e-05
2.202008829999249e+01	3.121445840000000e-05
2.208275339996908e+01	3.187342370000000e-05
2.216114119999111e+01	3.624217420000000e-05
2.222334509994835e+01	3.844384260000000e-05
2.231569009996019e+01	4.224968870000000e-05
2.237839480000548e+01	4.448209800000000e-05
2.245487250003498e+01	4.558101140000000e-05
2.251677200000267e+01	4.695081220000000e-05
2.258230290003121e+01	4.841282500000000e-05
2.265971379994880e+01	4.912941950000000e-05
2.272215749998577e+01	4.962316230000000e-05
2.279998679994605e+01	4.969809020000000e-05
2.286323699995410e+01	4.989212900000000e-05
2.292618870001752e+01	5.008232620000000e-05
2.299006740003824e+01	5.025138670000000e-05
2.305051039997488e+01	5.041084660000000e-05
2.311438569996972e+01	5.049153700000000e-05
2.317781140003353e+01	5.064714790000000e-05
2.325665809994098e+01	5.059335670000000e-05
2.332068150001578e+01	5.056069490000000e-05
2.339846960001159e+01	5.031478210000000e-05
2.346183129993733e+01	4.988444200000000e-05
2.352393040002789e+01	4.965774130000000e-05
2.358646869997028e+01	4.957128840000000e-05
2.364731150004081e+01	4.962892490000000e-05
2.370804299996234e+01	4.958665890000000e-05
2.377032939996570e+01	4.940414870000000e-05
2.384878999995999e+01	4.928311680000000e-05
2.391164679999929e+01	4.923316370000000e-05
2.397369559993967e+01	4.915631870000000e-05
2.405109039996751e+01	4.943104800000000e-05
2.411618250003085e+01	4.958473800000000e-05
2.417570719996002e+01	4.970576990000000e-05
2.425544630002696e+01	4.966927370000000e-05
2.431371699995361e+01	4.969809020000000e-05
2.437568800000008e+01	4.969040310000000e-05
2.445278359996155e+01	4.970769440000000e-05
2.451471190003213e+01	4.966158670000000e-05
2.457765610003844e+01	4.963661190000000e-05
2.465548830002081e+01	4.960779550000000e-05
2.471674329997040e+01	4.957513370000000e-05
2.477846259996295e+01	4.959242510000000e-05
2.485535319999326e+01	4.954823450000000e-05
2.491638449998572e+01	4.954823450000000e-05
2.497927120001987e+01	4.957128840000000e-05
2.505836619995534e+01	4.947715210000000e-05
2.512185029999819e+01	4.949636060000000e-05
2.519997159997001e+01	4.943488240000000e-05
2.526311199995689e+01	4.944065220000000e-05
2.532465830002911e+01	4.944065220000000e-05
2.538751249993220e+01	4.943488240000000e-05
2.544913119997364e+01	4.944449760000000e-05
2.551055470004212e+01	4.942720260000000e-05
2.557160549995024e+01	4.938301940000000e-05
2.565071760001592e+01	4.938493660000000e-05
2.571275539998896e+01	4.935419930000000e-05
2.577461830002721e+01	4.927927510000000e-05
2.585285699996166e+01	4.927158440000000e-05
2.591409640002530e+01	4.925430040000000e-05
2.597739390004426e+01	4.924085080000000e-05
2.605577900004573e+01	4.916400580000000e-05
2.611864420003258e+01	4.911020730000000e-05
2.619596979999915e+01	4.912941950000000e-05
2.625878449995071e+01	4.908714980000000e-05
2.632176429999527e+01	4.906410320000000e-05
2.641359080001712e+01	4.907370750000000e-05
2.647507809998933e+01	4.906025790000000e-05
2.655359349993523e+01	4.899493800000000e-05
2.661612959997728e+01	4.892578000000000e-05
2.667703240003902e+01	4.895651360000000e-05
2.675467599998228e+01	4.890848500000000e-05
2.681576629995834e+01	4.885853200000000e-05
2.687777389993425e+01	4.885276940000000e-05
2.695498639997095e+01	4.888543120000000e-05
2.701678890001494e+01	4.966158670000000e-05
2.707877030002419e+01	4.779612210000000e-05
2.715755699994043e+01	4.518140490000000e-05
2.721976100001484e+01	4.355801140000000e-05
2.729824949998874e+01	3.840733920000000e-05
2.736004309996497e+01	3.281479440000000e-05
2.742269569996279e+01	3.010978430000000e-05
2.748437570000533e+01	2.950077030000000e-05
2.754682639997918e+01	3.067268700000000e-05
2.760864640004002e+01	3.431908040000000e-05
2.767031189997215e+01	4.066856490000000e-05
2.774680810002610e+01	4.901799180000000e-05
2.780845200002659e+01	5.467585650000000e-05
2.787010359996930e+01	5.845288250000000e-05
2.794786690000910e+01	6.383025170000000e-05
2.801142719993368e+01	6.767068410000000e-05
2.807271939993370e+01	7.193761849999999e-05
2.815084439993370e+01	7.548026040000000e-05
2.821344530000351e+01	7.939754140000000e-05
2.827477719995659e+01	8.436569620000000e-05
2.835197219997644e+01	9.420808779999999e-05
2.846126120002009e+01	9.937015420000000e-05
2.852419519994874e+01	1.140311210000000e-04
2.858833820000291e+01	1.306686460000000e-04
2.865028279996477e+01	1.459244810000000e-04
2.871211059996858e+01	1.651718190000000e-04
2.877371159999166e+01	1.800246830000000e-04
2.885023969993927e+01	1.866259550000000e-04
2.891181249998044e+01	1.936110200000000e-04
2.897375010000542e+01	2.084255100000000e-04
2.905053979996592e+01	2.179436270000000e-04
2.911363369994797e+01	2.254468130000000e-04
2.917648809996899e+01	2.302634380000000e-04
2.925468919996638e+01	2.335640750000000e-04
2.931676980003249e+01	2.381312370000000e-04
2.937881150003523e+01	2.584531900000000e-04
2.945706579997204e+01	2.799457000000000e-04
2.951911049999762e+01	2.995000690000000e-04
2.959830349998083e+01	3.189200940000000e-04
2.965870549995452e+01	3.326791630000000e-04
2.972147530002985e+01	3.473976690000000e-04
2.978334710001945e+01	3.612143340000000e-04
2.986182700004429e+01	3.718262310000000e-04
2.992376589996275e+01	3.935682470000000e-04
2.999987509998027e+01	4.060031790000000e-04
3.006236179999541e+01	4.168454320000000e-04
3.012558420002460e+01	4.340010350000000e-04
3.020338840002660e+01	4.523272510000000e-04
3.026577980001457e+01	4.763720210000000e-04
3.032889530004468e+01	4.973464530000000e-04
3.038941229996271e+01	5.155958930000000e-04
3.045260700001381e+01	5.411566240000000e-04
3.051474240003154e+01	5.670435490000000e-04
3.057793110003695e+01	5.910307520000000e-04
3.065598989999853e+01	6.025062760000000e-04
3.071817500004545e+01	6.144614890000000e-04
3.079576629993971e+01	6.315978830000000e-04
3.085938449995592e+01	6.427663610000000e-04
3.092157569993287e+01	6.549519020000001e-04
3.098431259999052e+01	6.762716800000000e-04
3.106184680003207e+01	6.987428640000000e-04
3.112466349999886e+01	7.306745970000000e-04
3.120144780003466e+01	7.589410520000000e-04
3.126345389999915e+01	7.993547480000000e-04
3.132570729998406e+01	9.149458490000000e-04
3.151184719998855e+01	9.424127640000000e-04
3.157472469995264e+01	9.742970580000000e-04
3.165314750000834e+01	9.921601739999999e-04
3.171488979994319e+01	1.009446920000000e-03
3.177720370003954e+01	1.050358990000000e-03
3.185457349999342e+01	1.085316650000000e-03
3.191672229999676e+01	1.114896030000000e-03
3.197968610003591e+01	1.154463620000000e-03
3.205679529998451e+01	1.186347920000000e-03
3.211895209993236e+01	1.218232440000000e-03
3.219681170000695e+01	1.257607950000000e-03
3.225913739996031e+01	1.282193470000000e-03
3.232160469994415e+01	1.318687810000000e-03
3.239876280003227e+01	1.364593740000000e-03
3.246074859995861e+01	1.419719080000000e-03
3.252265359996818e+01	1.461783660000000e-03
3.258776619995479e+01	1.511531070000000e-03
3.266318509995472e+01	1.552827070000000e-03
3.272463910002261e+01	1.608529010000000e-03
3.280052839999553e+01	1.661541640000000e-03
3.286366999999154e+01	1.726078800000000e-03
3.292686999996658e+01	1.803869150000000e-03
3.300492069998290e+01	1.874744890000000e-03
3.306677779997699e+01	1.940242480000000e-03
3.313007269997615e+01	2.013423250000000e-03
3.319270220003091e+01	2.099472800000000e-03
3.325397159997374e+01	2.184946320000000e-03
3.331672490003984e+01	2.276565880000000e-03
3.337847420002799e+01	2.379902410000000e-03
3.345600440003909e+01	2.473058640000000e-03
3.351738989993464e+01	2.561797620000000e-03
3.358007210004143e+01	2.687990900000000e-03
3.365883570001461e+01	2.797857630000000e-03
3.372093229996972e+01	2.919249470000000e-03
3.378327120002359e+01	3.048131710000000e-03
3.386085229995660e+01	3.183544610000000e-03
3.392249489994720e+01	3.338549050000000e-03
3.399855949997436e+01	3.445726820000000e-03
3.406292309996206e+01	3.580371850000000e-03
3.412257699994370e+01	3.761882430000000e-03
3.420085659995675e+01	3.865794980000000e-03
3.426320479996502e+01	3.991220150000000e-03
3.432556929998100e+01	4.112803380000000e-03
3.438685539993457e+01	4.238228780000000e-03
3.444870179996360e+01	4.364230200000000e-03
3.451195419998839e+01	4.502524160000000e-03
3.457399169995915e+01	4.674430940000000e-03
3.465182130003814e+01	4.818487450000000e-03
3.471473799995147e+01	4.965809170000000e-03
3.477613679994829e+01	5.121005700000000e-03
3.485266650002450e+01	5.252384580000000e-03
3.491473720001522e+01	5.386837290000000e-03
3.497576179995667e+01	5.515527910000000e-03
3.505387980001979e+01	5.587364080000000e-03
3.511585669999477e+01	5.670916290000000e-03
3.517776969994884e+01	5.800758950000000e-03
3.525571800000034e+01	5.905631930000000e-03
3.531679609999992e+01	6.014730780000000e-03
3.537881779996678e+01	6.162436680000000e-03
3.545781159994658e+01	6.287093270000000e-03
3.552083429996856e+01	6.380633920000000e-03
3.558182910003234e+01	6.515086160000000e-03
3.566189230000600e+01	6.612084340000000e-03
3.572415669995826e+01	6.759214210000000e-03
3.580065819993615e+01	6.860821510000000e-03
3.586372270004358e+01	6.954937710000000e-03
3.592560710001271e+01	7.101876200000000e-03
3.600257210002746e+01	7.219425870000000e-03
3.606598449999001e+01	7.343506440000000e-03
3.612991220003460e+01	7.451451850000000e-03
3.619237720000092e+01	7.553827950000000e-03
3.625372979999520e+01	7.616060320000000e-03
3.631569469999522e+01	7.690393830000000e-03
3.637880499998573e+01	7.807943500000000e-03
3.645783810003195e+01	7.913968529999999e-03
3.651893040002324e+01	8.028062060000000e-03
3.659772069996689e+01	8.181913759999999e-03
3.665887030004524e+01	8.302153090000000e-03
3.672008160001133e+01	8.417397740000001e-03
3.678280269994866e+01	8.849758649999999e-03
3.692273570003454e+01	8.834520350000000e-03
3.698427909996826e+01	8.956426750000000e-03
3.704776770004537e+01	9.036426429999999e-03
3.710980810003821e+01	9.158331900000000e-03
3.717349570000079e+01	9.276428260000000e-03
3.724918399995659e+01	9.360236120000000e-03
3.731117609993089e+01	9.468809700000001e-03
3.737244109995663e+01	9.596427899999999e-03
3.744972819997929e+01	9.657381099999999e-03
3.751301039999817e+01	9.735476230000000e-03
3.757490390003659e+01	9.828810580000000e-03
3.765128550003283e+01	9.884049180000000e-03
3.771422510000411e+01	9.946906009999999e-03
3.777577199996449e+01	1.001738200000000e-02
3.785308899998199e+01	1.007071600000000e-02
3.791375339997467e+01	1.012976370000000e-02
3.797578790003899e+01	1.018500230000000e-02
3.805234779999591e+01	1.020976340000000e-02
3.811603080003988e+01	1.024595370000000e-02
3.817871689994354e+01	1.029928870000000e-02
3.825756129994988e+01	1.032786070000000e-02
3.831959850003477e+01	1.035833550000000e-02
3.839773019996937e+01	1.040405040000000e-02
3.845947030000389e+01	1.041357310000000e-02
3.852084739995189e+01	1.043452700000000e-02
3.859877769998275e+01	1.046119350000000e-02
3.866075669997372e+01	1.047833730000000e-02
3.872181699995417e+01	1.049357560000000e-02
3.878439289995003e+01	1.052024220000000e-02
3.884675150003750e+01	1.050500390000000e-02
3.890845380001701e+01	1.052024220000000e-02
3.896875629993156e+01	1.053738310000000e-02
3.903126439999323e+01	1.055833700000000e-02
3.909502859995700e+01	1.056024150000000e-02
3.915677719993982e+01	1.057166980000000e-02
3.921900949999690e+01	1.057738350000000e-02
3.929694549995475e+01	1.057738350000000e-02
3.935769790003542e+01	1.058690810000000e-02
3.941922109993175e+01	1.058500350000000e-02
3.951222249993589e+01	1.058309800000000e-02
3.957488099997863e+01	1.057547980000000e-02
3.965265299996827e+01	1.056404970000000e-02
3.971489730000030e+01	1.056404970000000e-02
3.977601389994379e+01	1.053357500000000e-02
3.985373049997725e+01	1.051071660000000e-02
3.991677270003129e+01	1.048786010000000e-02
3.997928620001767e+01	1.045357340000000e-02
4.005845140002202e+01	1.042500140000000e-02
4.012261900003068e+01	1.036405000000000e-02
4.019831410003826e+01	1.033547890000000e-02
4.025920750002842e+01	1.030690690000000e-02
4.032176099997014e+01	1.021357350000000e-02
4.039895990001969e+01	1.019262060000000e-02
4.046118899993598e+01	1.012214370000000e-02
4.052288529998623e+01	1.008404880000000e-02
4.058682800002862e+01	1.005357220000000e-02
4.064784109999891e+01	1.003643030000000e-02
4.070998040004633e+01	1.007643060000000e-02
4.077234459994361e+01	1.025547830000000e-02
4.086470319994260e+01	1.034690720000000e-02
4.092564299993683e+01	1.044595520000000e-02
4.100326899997890e+01	1.049167010000000e-02
4.106670520000625e+01	1.052405030000000e-02
4.113025349995587e+01	1.055262140000000e-02
4.119226119993255e+01	1.057928800000000e-02
4.125292849994730e+01	1.058881360000000e-02
4.131472080003005e+01	1.059071810000000e-02
4.137617089995183e+01	1.057547980000000e-02
4.145158450002782e+01	1.056214700000000e-02
4.151570330001414e+01	1.055452690000000e-02
4.158162299997639e+01	1.052976490000000e-02
4.165625180001371e+01	1.050500390000000e-02
4.171873079997022e+01	1.047262180000000e-02
4.178083209996112e+01	1.042500140000000e-02
4.185693320003338e+01	1.037166830000000e-02
4.191849619999994e+01	1.033738350000000e-02
4.199692329997197e+01	1.030119230000000e-02
4.205896309996024e+01	1.026500200000000e-02
4.212181469995994e+01	1.020976340000000e-02
4.219930790003855e+01	1.018690690000000e-02
4.226106900000013e+01	1.015452570000000e-02
4.232291600003373e+01	1.009928710000000e-02
4.238650929997675e+01	1.003262030000000e-02
4.244895630003884e+01	9.931667710000000e-03
4.251113250001799e+01	9.842144330000000e-03
4.257463509996887e+01	9.705001490000000e-03
4.265143800002988e+01	9.611666200000001e-03
4.271477510000113e+01	9.533571080000001e-03
4.277712510002311e+01	9.442143140000000e-03
4.285427230002824e+01	9.364046160000000e-03
4.291573220002465e+01	9.303094820000000e-03
4.297879109997302e+01	9.215475060000001e-03
4.305605000001378e+01	9.160236460000000e-03
4.311815039999783e+01	9.114521560000000e-03
4.319576519995462e+01	9.026903660000000e-03
4.325796459999401e+01	8.960234930000000e-03
4.331877160002477e+01	8.897379040000000e-03
4.339603369997349e+01	8.813568390000000e-03
4.345881470001768e+01	8.746902460000001e-03
4.352033049997408e+01	8.685949260000001e-03
4.358179740002379e+01	8.579282089999999e-03
4.365892319998238e+01	8.495472370000000e-03
4.371973529993556e+01	8.424995470000000e-03
4.379783029993996e+01	8.329757490000001e-03
4.386054290004540e+01	8.268804290000001e-03
4.392200070002582e+01	8.202137430000001e-03
4.400095310003962e+01	8.188804609999999e-03
4.406327819998842e+01	8.118327710000000e-03
4.412586200004444e+01	8.040233520000000e-03
4.418753280001692e+01	8.002137770000001e-03
4.425004059995990e+01	7.960232910000000e-03
4.431272419996094e+01	7.939280010000001e-03
4.437476339994464e+01	7.891661490000000e-03
4.445242530002724e+01	7.817374540000000e-03
4.451408150000498e+01	7.746898570000000e-03
4.457707210001536e+01	7.685946770000000e-03
4.465572469995823e+01	7.636421830000000e-03
4.471777590003330e+01	7.554517130000000e-03
4.478108989994507e+01	7.331021130000000e-03
4.492074189998675e+01	7.236520290000000e-03
4.498338769993279e+01	7.083244160000000e-03
4.506074859993532e+01	6.916715300000000e-03
4.512260520004202e+01	6.700822620000000e-03
4.519847930001561e+01	6.620727480000000e-03
4.526108339999337e+01	6.519695740000000e-03
4.532303400000092e+01	6.415399260000000e-03
4.539999760000501e+01	6.345099770000000e-03
4.546221529995091e+01	6.235040720000000e-03
4.552557900000829e+01	6.133049260000000e-03
4.558724839997012e+01	6.066783330000000e-03
4.565109239995945e+01	5.979773120000000e-03
4.571432449994609e+01	5.829570350000000e-03
4.577573819993995e+01	5.630964880000000e-03
4.585330900002737e+01	5.512838720000000e-03
4.591486839996651e+01	5.413151810000000e-03
4.597577290004119e+01	5.308663010000000e-03
4.605243479995988e+01	5.241628740000000e-03
4.611575839994475e+01	5.153081850000000e-03
4.617876989999786e+01	5.002303510000000e-03
4.625577599997632e+01	4.823865370000000e-03
4.631656920001842e+01	4.654455460000000e-03
4.637863930000458e+01	4.528262190000000e-03
4.645577330002561e+01	4.458154550000000e-03
4.651776880002581e+01	4.352897410000000e-03
4.658001699997112e+01	4.182718690000000e-03
4.665765329997521e+01	4.078998230000000e-03
4.672006570000667e+01	4.005625840000000e-03
4.678321369993500e+01	3.920920660000000e-03
4.686179380002432e+01	3.823346690000000e-03
4.692490640003234e+01	3.716937030000000e-03
4.700271569995675e+01	3.640683370000000e-03
4.706471239996608e+01	3.533889540000000e-03
4.712612299993634e+01	3.387912410000000e-03
4.720428289996926e+01	3.305319930000000e-03
4.726500849996228e+01	3.213892230000000e-03
4.732765720004681e+01	3.112476780000000e-03
4.738932900002692e+01	2.991661660000000e-03
4.744946060003713e+01	2.867196920000000e-03
4.751094910001848e+01	2.759442900000000e-03
4.757281689997762e+01	2.646310490000000e-03
4.765181950002443e+01	2.570632850000000e-03
4.771358360000886e+01	2.499373160000000e-03
4.777582109998912e+01	2.386625160000000e-03
4.785376840003300e+01	2.282136120000000e-03
4.791574780002702e+01	2.172077070000000e-03
4.797904220002238e+01	2.064323050000000e-03
4.805576469993684e+01	1.987492900000000e-03
4.821830950002186e+01	1.753737680000000e-03
4.828876449994277e+01	1.643102380000000e-03
4.835114129993599e+01	1.563967550000000e-03
4.841207179997582e+01	1.497701740000000e-03
4.847398410004098e+01	1.378230980000000e-03
4.855015499994624e+01	1.306971190000000e-03
4.861373620002996e+01	1.221881830000000e-03
4.867512000002898e+01	1.129685780000000e-03
4.875215009995736e+01	1.072063340000000e-03
4.881472210003994e+01	1.002532080000000e-03
4.887576600001194e+01	9.064946790000000e-04
4.895213250000961e+01	8.260151950000000e-04
4.901536059996579e+01	7.430388360000000e-04
4.907640509994235e+01	6.546842630000000e-04
4.915527019998990e+01	5.872658220000000e-04
4.921700279996730e+01	5.234970010000000e-04
4.927918840001803e+01	3.858731360000000e-04
4.945129600004293e+01	3.448070780000000e-04
4.951476389996242e+01	3.173465370000000e-04
4.957826590002514e+01	2.793508470000000e-04
4.965670329995919e+01	2.508540640000000e-04
4.972017859993502e+01	2.151994850000000e-04
4.979959930002224e+01	1.695470710000000e-04
4.986234889994375e+01	1.426622330000000e-04
4.992519430001266e+01	1.240865390000000e-04
4.998714009998366e+01	1.077944540000000e-04
5.004983319994062e+01	9.313348710000000e-05
5.011320290004369e+01	7.833816930000000e-05
5.017488960002083e+01	6.333179040000000e-05
5.025125079997815e+01	5.385205800000000e-05
5.031454179994762e+01	4.243414880000000e-05
5.037828940001782e+01	3.268575530000000e-05
5.045574390003458e+01	2.773905000000000e-05
5.058108939998783e+01	2.759688690000000e-05
5.064306769997347e+01	2.818092250000000e-05
5.070491189998575e+01	3.373888470000000e-05
5.076652339997236e+01	4.437259120000000e-05
5.082900819997303e+01	5.653363040000000e-05
5.090520969999488e+01	6.356320960000000e-05
5.096657229994889e+01	7.961847590000000e-05
5.103030959994067e+01	1.269842030000000e-04
5.114051219995599e+01	1.458093610000000e-04
5.120209689997137e+01	1.592229670000000e-04
5.126421479997225e+01	1.687602780000000e-04
5.132512689998839e+01	1.762059110000000e-04
5.138796600000933e+01	1.799671150000000e-04
5.145116359996609e+01	1.835172150000000e-04
5.151057809998747e+01	1.877965260000000e-04
5.157201719994191e+01	1.927858680000000e-04
5.164924129995052e+01	1.939756330000000e-04
5.171178000001237e+01	1.974297920000000e-04
5.177364010002930e+01	2.026493890000000e-04
5.185137059993576e+01	2.030140020000000e-04
5.191472040000372e+01	1.954340410000000e-04
5.197707669995725e+01	1.516814080000000e-04
5.205571480002254e+01	1.091377420000000e-04
5.211763630004134e+01	8.353860180000000e-05
5.218012179993093e+01	7.315694530000000e-05
5.225897049997002e+01	6.331260370000000e-05
5.232044809998479e+01	5.598211650000000e-05
5.239712550002150e+01	4.822945630000000e-05
5.245883469993714e+01	3.857640330000000e-05
5.261539569997694e+01	3.532577470000000e-05
5.267884609999601e+01	3.234410910000000e-05
5.274173889996018e+01	3.063234180000000e-05
5.280233029997908e+01	2.887254600000000e-05
5.286572999996133e+01	2.690141810000000e-05
5.292804729996715e+01	2.569684150000000e-05
5.300477809994482e+01	2.629240590000000e-05
5.306671589997131e+01	2.731254970000000e-05
5.312963680003304e+01	2.954303450000000e-05
5.320734770002309e+01	3.229415960000000e-05
5.326814479997847e+01	3.624601600000000e-05
5.332945469999686e+01	4.137940050000000e-05
5.340658259997144e+01	4.749641810000000e-05
5.346875240001827e+01	5.212261020000000e-05
5.354768630000763e+01	6.039135410000000e-05
5.361536799999885e+01	7.200101390000000e-05
5.367222910001874e+01	1.034191810000000e-04
5.382705630001146e+01	1.052806040000000e-04
5.389023699995596e+01	1.091377420000000e-04
5.395163419994060e+01	1.151249310000000e-04
5.401462020003237e+01	1.183488060000000e-04
5.407631070003845e+01	1.185982910000000e-04
5.414128059998620e+01	1.027475520000000e-04
5.420187270001043e+01	9.092665280000000e-05
5.426343139994424e+01	7.948956770000000e-05
5.432444999995641e+01	6.540428150000000e-05
5.440309050003998e+01	5.147253250000000e-05
5.446476560004521e+01	4.005461960000000e-05
5.452778999996372e+01	3.251304590000000e-05
5.460704919998534e+01	2.705319090000000e-05
5.472957199998200e+01	2.605418010000000e-05
5.479170649999287e+01	2.627319370000000e-05
5.485369799996261e+01	2.733368460000000e-05
5.491537359997164e+01	2.872077310000000e-05
5.497732880001422e+01	3.100889080000000e-05
5.503923680004664e+01	3.513750200000000e-05
5.510744339996018e+01	4.009797340000000e-05
5.518065009999555e+01	4.665878810000000e-05
5.525963760004379e+01	5.144251190000000e-05
5.532251269998960e+01	5.752111610000000e-05
5.539906139997765e+01	6.065839630000000e-05
5.546141400001943e+01	6.361507989999999e-05
5.552318859996740e+01	7.075609760000001e-05
5.560678609996103e+01	7.676552920000000e-05
5.566447780001909e+01	8.211407840000000e-05
5.572768999997061e+01	9.854500240000000e-05
5.585153780004475e+01	1.059714270000000e-04
5.591342979995534e+01	1.144533020000000e-04
5.597579289996065e+01	1.250652130000000e-04
5.603667970001698e+01	1.370972020000000e-04
5.611474350001663e+01	1.468839620000000e-04
5.617628789995797e+01	1.601632830000000e-04
5.625346619996708e+01	1.716003750000000e-04
5.631571400002576e+01	1.886408720000000e-04
5.637813870003447e+01	2.078882100000000e-04
5.645473560004029e+01	2.207261280000000e-04
5.651670629996806e+01	2.321632200000000e-04
5.657840889994986e+01	2.462101400000000e-04
5.664064649993088e+01	2.624638440000000e-04
5.670371429994702e+01	2.776045590000000e-04
5.676584869995713e+01	3.009968790000000e-04
5.682795589999296e+01	3.242548560000000e-04
5.690575919998810e+01	3.351930060000000e-04
5.696700549998786e+01	3.542868360000000e-04
5.702929259999655e+01	3.752612390000000e-04
5.710746720002498e+01	3.944701460000000e-04
5.716886910004541e+01	4.179008540000000e-04
5.723145850002766e+01	4.440948250000000e-04
5.730864920001477e+01	4.554743940000000e-04
5.737036770000122e+01	4.689839550000000e-04
5.744896449998487e+01	4.873677100000000e-04
5.751160410000011e+01	5.002824470000000e-04
5.757439780002460e+01	5.243272170000000e-04
5.765150010003708e+01	5.381630620000000e-04
5.771371859998908e+01	5.560286810000000e-04
5.777722629997879e+01	5.735681040000000e-04
5.783922470000107e+01	5.860030650000000e-04
5.790140350000001e+01	6.026406190000000e-04
5.796450849995017e+01	6.243442190000000e-04
5.802574109996203e+01	6.602482170000000e-04
5.810753409995232e+01	6.883420280000000e-04
5.816646900004707e+01	7.226149320000000e-04
5.822771300002933e+01	7.716639080000000e-04
5.830458210001234e+01	8.093718210000000e-04
5.836629449995235e+01	8.493632190000000e-04
5.842849750001915e+01	9.124489730000000e-04
5.853643460001331e+01	9.354981010000000e-04
5.860059169994202e+01	9.606597010000000e-04
5.866178910003509e+01	9.906234919999999e-04
5.872369120002259e+01	1.025965440000000e-03
5.880109439999796e+01	1.055736910000000e-03
5.886357829999179e+01	1.084932360000000e-03
5.892688739998266e+01	1.120850330000000e-03
5.900353730004281e+01	1.149469640000000e-03
5.906671479996294e+01	1.187692510000000e-03
5.913000460003968e+01	1.228796550000000e-03
5.919246960000601e+01	1.264330580000000e-03
5.925472990004346e+01	1.288147760000000e-03
5.931551330001093e+01	1.317343090000000e-03
5.937815320002846e+01	1.345578120000000e-03
5.945639659999870e+01	1.367666880000000e-03
5.951631189999171e+01	1.403200670000000e-03
5.957845689996611e+01	1.451027460000000e-03
5.965472700004466e+01	1.486561260000000e-03
5.971671469998546e+01	1.515372660000000e-03
5.977935500000603e+01	1.540534430000000e-03
5.985655449994374e+01	1.565504120000000e-03
5.991778120002709e+01	1.592202580000000e-03
5.997972479998134e+01	1.634074960000000e-03
6.005645379994530e+01	1.674410650000000e-03
6.011954770004377e+01	1.716667200000000e-03
