# [General]
# timestamp=2025-04-17T16:18:29.887373
# comments='# '
# delimiter='\t'
# column_dtypes=float;;float
# column_headers='Time (s);;Power (W)'
# 
# [Metadata]
# scanner_x=-4.62856598041918
# scanner_y=3.7529566073227376
# start recoding time='17.04.2025, 16:17:29.781061'
# sample rate (hz)=50.0
# sample timing='TIMESTAMP'
# 
# ---- END HEADER ----
1.347500015981495e-03	8.583010640000000e-06
4.298619995824993e-02	8.621434060000000e-06
8.951990003697574e-02	8.556114150000000e-06
1.362268000375479e-01	8.609908040000000e-06
1.829230999574065e-01	8.573405470000001e-06
2.313007999910042e-01	8.586853259999999e-06
2.646717999596149e-01	8.567641090000000e-06
2.920486000366509e-01	8.563799380000000e-06
3.391914999810979e-01	8.625277590000000e-06
3.852816999424249e-01	8.567641090000000e-06
4.324391999980435e-01	8.592616719999999e-06
4.782599000027403e-01	8.619514120000001e-06
5.108442000346258e-01	8.571483700000001e-06
5.408791999798268e-01	8.604144570000000e-06
5.723357000388205e-01	8.586853259999999e-06
6.030528999399394e-01	8.556114150000000e-06
6.340628999751061e-01	8.596458430000001e-06
6.800059999804944e-01	8.600301949999999e-06
7.438496999675408e-01	8.590694959999999e-06
7.896008000243455e-01	8.558035920000000e-06
8.360962999286130e-01	8.609908040000000e-06
8.671675999648869e-01	8.544588129999999e-06
8.990572999464348e-01	8.534982040000001e-06
9.442447000183165e-01	8.583010640000000e-06
9.895701999776065e-01	8.544588129999999e-06
1.037026399979368e+00	8.571483700000001e-06
1.083379399962723e+00	8.519612490000000e-06
1.144616900011897e+00	8.342864020000001e-06
1.175850500003435e+00	7.641635420000000e-06
1.206260000006296e+00	5.668586710000000e-06
1.237619600025937e+00	4.813664870000000e-06
1.284316799952649e+00	4.848245680000000e-06
1.332044699927792e+00	6.535038210000000e-06
1.379035399993882e+00	7.916363760000000e-06
1.439447899931110e+00	8.583010640000000e-06
1.471041499986313e+00	8.521532440000000e-06
1.503869400010444e+00	8.510007320000000e-06
1.533833900000900e+00	8.544588129999999e-06
1.579800199950114e+00	8.577247170000000e-06
1.642071999958716e+00	8.540744599999999e-06
1.689896299969405e+00	8.508084650000001e-06
1.737101600039750e+00	8.579168930000001e-06
1.768359199981205e+00	8.498479469999999e-06
1.800030999933369e+00	8.538823750000000e-06
1.831073499983177e+00	8.504242939999999e-06
1.876657099928707e+00	8.563799380000000e-06
1.907275100005791e+00	8.498479469999999e-06
1.938517499947920e+00	8.548429829999999e-06
1.985296200029552e+00	8.525376870000001e-06
2.034905500011519e+00	8.542666359999999e-06
2.062880899989977e+00	8.529218580000000e-06
2.093762899981812e+00	8.492715100000000e-06
2.140431500039995e+00	8.525376870000001e-06
2.187441400019452e+00	8.510007320000000e-06
2.234079999965616e+00	8.511927260000000e-06
2.281077799969353e+00	8.534982040000001e-06
2.342512900009751e+00	8.529218580000000e-06
2.374029299942777e+00	8.502321179999999e-06
2.404373500030488e+00	8.494637770000000e-06
2.435231799958274e+00	8.504242939999999e-06
2.482136999955401e+00	8.458134289999999e-06
2.544115699944086e+00	8.490793330000000e-06
2.589873499935493e+00	8.473503840000000e-06
2.635945399990305e+00	8.515768970000000e-06
2.667365500004962e+00	8.456212530000001e-06
2.698394399951212e+00	8.456212530000001e-06
2.746082999976352e+00	8.483109920000001e-06
2.777745799976401e+00	8.519612490000000e-06
2.808342100004666e+00	8.444686500000000e-06
2.838915199972689e+00	8.481188160000000e-06
2.885235199937597e+00	8.442764740000000e-06
2.932116999989375e+00	8.433159560000001e-06
2.962670000037178e+00	8.450450880000000e-06
2.994207900017500e+00	8.458134289999999e-06
3.041696800035425e+00	8.465818610000000e-06
3.087850200012326e+00	8.702123520000000e-06
3.135021899943240e+00	9.624287490000000e-06
3.180766799952835e+00	1.071551560000000e-05
3.227974499925040e+00	1.319959570000000e-05
3.257591999950819e+00	1.460589560000000e-05
3.288666400010698e+00	1.626194900000000e-05
3.335396899958141e+00	1.719179820000000e-05
3.381858699955046e+00	1.733204410000000e-05
3.429473500000313e+00	1.722446000000000e-05
3.476076300023124e+00	1.734357280000000e-05
3.508023599977605e+00	1.724943290000000e-05
3.540482199983671e+00	1.755298040000000e-05
3.571736600017175e+00	1.754145160000000e-05
3.603285499964841e+00	1.765864360000000e-05
3.634532299940474e+00	1.822154990000000e-05
3.681085099931806e+00	1.902652000000000e-05
3.745906200027093e+00	2.043666250000000e-05
3.790649599977769e+00	2.195247180000000e-05
3.837413199944422e+00	2.350093750000000e-05
3.868215800030157e+00	2.423674600000000e-05
3.899856899981387e+00	2.535295240000000e-05
3.931681899935938e+00	2.607339050000000e-05
3.991006299969740e+00	2.826929630000000e-05
4.038890599971637e+00	3.043446120000000e-05
4.085981499985792e+00	3.193105660000000e-05
4.131622400018387e+00	3.323745480000000e-05
4.162367700017057e+00	3.532193300000000e-05
4.193051100010052e+00	3.703369660000000e-05
4.238827000022866e+00	4.078383060000000e-05
4.284320499980822e+00	4.519485450000000e-05
4.332078499952331e+00	5.281231280000000e-05
4.392895999946631e+00	5.506585510000000e-05
4.439141899929382e+00	5.281231280000000e-05
4.470045099966228e+00	4.972498210000000e-05
4.501006299979053e+00	4.692583020000000e-05
4.531435200013220e+00	4.392495250000000e-05
4.579286599997431e+00	3.688768990000000e-05
4.641988000017591e+00	2.758919800000000e-05
4.689273099997081e+00	2.297645730000000e-05
4.736612100037746e+00	2.194286390000000e-05
4.766854299930856e+00	2.126661090000000e-05
4.798000599956140e+00	2.058459540000000e-05
4.829992500017397e+00	1.993907790000000e-05
4.876736599951982e+00	1.897849140000000e-05
4.908244699938223e+00	1.830223480000000e-05
4.939995400025509e+00	1.666539720000000e-05
4.986957599991001e+00	1.521298600000000e-05
5.033634199993685e+00	1.440609320000000e-05
5.066372200031765e+00	1.347816580000000e-05
5.095918299979530e+00	1.225245610000000e-05
5.143077899934724e+00	1.120925750000000e-05
5.191076699993573e+00	1.058871840000000e-05
5.237158800009638e+00	9.731874340000000e-06
5.284768500016071e+00	9.124782080000001e-06
5.331592399976216e+00	8.928823260000000e-06
5.362925200024620e+00	8.830842490000000e-06
5.394464900018647e+00	8.606064510000000e-06
5.441046799998730e+00	8.402420459999999e-06
5.486896599992178e+00	8.329416230000000e-06
5.538922899984755e+00	8.312124919999999e-06
5.580973100033589e+00	8.354390960000000e-06
5.642115099937655e+00	8.356311809999999e-06
5.675428199931048e+00	8.350549250000000e-06
5.704680199967697e+00	8.392814380000000e-06
5.735749399987981e+00	8.521532440000000e-06
5.784291099989787e+00	8.748232180000000e-06
5.828776699956506e+00	8.813552090000000e-06
5.860589799936861e+00	9.024880460000000e-06
5.892027999972925e+00	9.224682800000000e-06
5.938078199978918e+00	9.434091230000000e-06
5.970048899995163e+00	9.633893570000000e-06
6.001080999965779e+00	1.004694600000000e-05
6.032080600038171e+00	1.029093530000000e-05
6.078511100029573e+00	1.040620550000000e-05
6.109762699925341e+00	1.037546830000000e-05
6.140531899989583e+00	1.037354650000000e-05
6.188233299995773e+00	1.009881820000000e-05
6.234733899938874e+00	9.589706680000000e-06
6.268517300020903e+00	8.757838260000001e-06
6.297249899944291e+00	8.325574530000000e-06
6.343942899955437e+00	8.419711780000000e-06
6.391171799972653e+00	8.761679960000000e-06
6.437530199997127e+00	8.969168450000000e-06
6.484541699988768e+00	9.061383930000000e-06
6.531497500021942e+00	9.101728209999999e-06
6.562575599993579e+00	9.303452320000000e-06
6.594885300030001e+00	9.624287490000000e-06
6.639964899979532e+00	1.011610950000000e-05
6.687182800029404e+00	1.114393760000000e-05
6.733206099946983e+00	1.198541300000000e-05
6.779849499929696e+00	1.240614980000000e-05
6.826150399981998e+00	1.293639430000000e-05
6.856966899940744e+00	1.331102430000000e-05
6.888708599959500e+00	1.390850960000000e-05
6.936362699954771e+00	1.474230070000000e-05
6.983410299988464e+00	1.599874670000000e-05
7.034398199990392e+00	1.767977660000000e-05
7.077847099979408e+00	1.888435330000000e-05
7.108246300020255e+00	1.980843810000000e-05
7.139684099936858e+00	2.036173830000000e-05
7.171089799958281e+00	2.034060340000000e-05
7.201317299972288e+00	2.079208210000000e-05
7.232107599964365e+00	2.136651160000000e-05
7.279597799992189e+00	2.222527660000000e-05
7.341529699973762e+00	2.511472480000000e-05
7.389813099987805e+00	2.718959330000000e-05
7.433992099948227e+00	2.795230280000000e-05
7.465182499960065e+00	2.877456430000000e-05
7.496371899964288e+00	2.997145570000000e-05
7.542379499995150e+00	3.194258530000000e-05
7.590336899971589e+00	3.436710900000000e-05
7.638423600001261e+00	3.702985850000000e-05
7.685451900004409e+00	4.046875980000000e-05
7.732630599988624e+00	4.223240100000000e-05
7.763032399932854e+00	4.457815520000000e-05
7.794284199946560e+00	4.741765590000000e-05
7.840484799933620e+00	5.059527390000000e-05
7.887791099958122e+00	5.422629690000000e-05
7.933248099987395e+00	5.673727720000000e-05
7.981136800022796e+00	5.849707300000000e-05
8.043253100011498e+00	6.256996130000000e-05
8.073928299942054e+00	6.453148670000000e-05
8.104691199958324e+00	6.658137860000000e-05
8.135328899952583e+00	6.895019030000000e-05
8.182222699979320e+00	7.362440370000000e-05
8.230141600011848e+00	7.539380750000000e-05
8.276913400040939e+00	8.029473250000000e-05
8.308167899958789e+00	8.302280180000000e-05
8.338659100001678e+00	9.718251389999999e-05
8.463213399983943e+00	1.015001980000000e-04
8.493846399942413e+00	1.047432740000000e-04
8.525016300030984e+00	1.092144740000000e-04
8.557129799970426e+00	1.138968000000000e-04
8.589328299975023e+00	1.202677890000000e-04
8.635078100021929e+00	1.252954970000000e-04
8.684712699963711e+00	1.333551920000000e-04
8.745146899949759e+00	1.411078700000000e-04
8.791351899970323e+00	1.453679870000000e-04
8.822554499958642e+00	1.508946300000000e-04
8.853237699950114e+00	1.536387570000000e-04
8.884243999957107e+00	1.612187190000000e-04
8.931085299933329e+00	1.638860990000000e-04
8.976869700010866e+00	1.697197880000000e-04
9.008979700040072e+00	1.724063330000000e-04
9.040701800026000e+00	1.785662610000000e-04
9.086955899954773e+00	1.830566620000000e-04
9.117839799961075e+00	1.861270280000000e-04
9.148107999935746e+00	1.886792450000000e-04
9.180459499941207e+00	1.929393910000000e-04
9.227057599928230e+00	1.972954630000000e-04
9.257691900013015e+00	2.004617420000000e-04
9.289460400003009e+00	2.038775420000000e-04
9.335698599927127e+00	2.064105940000000e-04
9.383012900012545e+00	2.100566490000000e-04
9.414192899945192e+00	2.120331630000000e-04
9.445459699956700e+00	2.169457440000000e-04
9.477245399961248e+00	2.211099350000000e-04
9.508362599997781e+00	2.251397960000000e-04
9.540684800012968e+00	2.309542910000000e-04
9.585629899986088e+00	2.400310190000000e-04
9.633012200007215e+00	2.464020220000000e-04
9.680185199948028e+00	2.523316650000000e-04
9.712052099988796e+00	2.559009590000000e-04
9.743550000013784e+00	2.638071310000000e-04
9.790999699966051e+00	2.770096760000000e-04
9.837414799956605e+00	2.845512350000000e-04
9.884113000007346e+00	2.930523190000000e-04
9.932073700008914e+00	2.989819620000000e-04
9.979470600024797e+00	3.042399480000000e-04
1.001129259995651e+01	3.066770440000000e-04
1.004286089993548e+01	3.150821430000000e-04
1.008887430001050e+01	3.287068390000000e-04
1.013546709995717e+01	3.364786970000000e-04
1.018245159997605e+01	3.488752990000000e-04
1.022948540002108e+01	3.518496810000000e-04
1.028213930001948e+01	3.666449920000000e-04
1.032213909993879e+01	3.749925240000000e-04
1.035359790001530e+01	3.769307220000000e-04
1.038487059995532e+01	3.863912720000000e-04
1.043130830000155e+01	3.876769620000000e-04
1.047742040001322e+01	3.957750740000000e-04
1.050934789993335e+01	3.995170700000000e-04
1.054043880000245e+01	4.059648490000000e-04
1.058912699995562e+01	4.100906370000000e-04
1.062004399998114e+01	4.164808200000000e-04
1.065103680000175e+01	4.194168140000000e-04
1.068275359994732e+01	4.290501240000000e-04
1.074550810002256e+01	4.351908280000000e-04
1.079209699993953e+01	4.478368500000000e-04
1.083832129999064e+01	4.539583750000000e-04
1.088410299993120e+01	4.635532970000000e-04
1.091624239995144e+01	4.695980460000000e-04
1.094637230003718e+01	4.780607410000000e-04
1.099202769994736e+01	4.964636170000000e-04
1.103923480003141e+01	5.095702950000000e-04
1.108708580001257e+01	5.318687759999999e-04
1.113409579999279e+01	5.478154050000000e-04
1.118115169997327e+01	5.622844910000000e-04
1.121201959997416e+01	5.692312260000000e-04
1.124255690001883e+01	5.850051530000000e-04
1.128934549994301e+01	6.089156959999999e-04
1.133684030000586e+01	6.270307350000000e-04
1.138322750001680e+01	6.548367670000000e-04
1.143152949993964e+01	6.627428230000000e-04
1.149204969999846e+01	6.914507250000000e-04
1.152399749995675e+01	7.117727070000000e-04
1.155648909998126e+01	7.205232399999999e-04
1.158754929993302e+01	7.408260130000000e-04
1.163457550003659e+01	7.576170030000000e-04
1.168108370003756e+01	7.768067880000000e-04
1.174270189995877e+01	8.068770990000000e-04
1.178920460003428e+01	8.254335840000000e-04
1.182046339998487e+01	8.487300370000000e-04
1.185229479998816e+01	9.243576210000000e-04
1.195938030001707e+01	9.368425240000000e-04
1.199104390002321e+01	9.460620350000000e-04
1.202239279996138e+01	9.712238680000000e-04
1.205403470003512e+01	9.808276080000000e-04
1.208514199999627e+01	1.014440900000000e-03
1.213249230000656e+01	1.036145260000000e-03
1.218044839997310e+01	1.059002360000000e-03
1.223997889994644e+01	1.093767700000000e-03
1.228620480000973e+01	1.114511980000000e-03
1.231726419995539e+01	1.126996710000000e-03
1.234874549997039e+01	1.146972650000000e-03
1.237967870000284e+01	1.169445340000000e-03
1.242637100000866e+01	1.197872450000000e-03
1.245697249996010e+01	1.214006800000000e-03
1.248737979994621e+01	1.248772490000000e-03
1.253601989999879e+01	1.272397580000000e-03
1.258151960000396e+01	1.302169290000000e-03
1.261395199992694e+01	1.318495490000000e-03
1.264419060002547e+01	1.352108780000000e-03
1.269123949995264e+01	1.403776930000000e-03
1.273826489993371e+01	1.435277170000000e-03
1.278443889995106e+01	1.493283900000000e-03
1.283091459993739e+01	1.505384800000000e-03
1.287781169998925e+01	1.548217490000000e-03
1.290822570002638e+01	1.571266330000000e-03
1.294093789998442e+01	1.597580620000000e-03
1.298728899995331e+01	1.644639180000000e-03
1.303420619992539e+01	1.663846430000000e-03
1.308114020002540e+01	1.690545000000000e-03
1.314386049995665e+01	1.726271000000000e-03
1.319104459998198e+01	1.755466450000000e-03
1.322229669999797e+01	1.788311060000000e-03
1.325350150000304e+01	1.791576510000000e-03
1.328551630000584e+01	1.841516000000000e-03
1.333114090003073e+01	1.849391030000000e-03
1.337775889993645e+01	1.881851810000000e-03
1.340907159994822e+01	1.902211920000000e-03
1.343961599993054e+01	1.929102000000000e-03
1.348625309998170e+01	1.961754870000000e-03
1.351822480000556e+01	1.974432030000000e-03
1.354913339996710e+01	1.982691230000000e-03
1.358109590003733e+01	2.013231160000000e-03
1.362872529996093e+01	2.034551700000000e-03
1.365853120002430e+01	2.052798630000000e-03
1.368967649992555e+01	2.086795630000000e-03
1.373669669998344e+01	2.097744030000000e-03
1.378294940001797e+01	2.126171250000000e-03
1.381441380002070e+01	2.123866460000000e-03
1.384567720000632e+01	2.143265680000000e-03
1.389202739996836e+01	2.185906280000000e-03
1.393850940000266e+01	2.194934060000000e-03
1.398539829999208e+01	2.232004420000000e-03
1.403209350001998e+01	2.233349250000000e-03
1.407899990002625e+01	2.254477470000000e-03
1.411159650003538e+01	2.258895200000000e-03
1.414211250003427e+01	2.278486730000000e-03
1.418808170000557e+01	2.320167380000000e-03
1.423414349998347e+01	2.337261570000000e-03
1.428064270003233e+01	2.376445340000000e-03
1.434210909996182e+01	2.404488160000000e-03
1.438846940000076e+01	2.432146810000000e-03
1.441986509994604e+01	2.463646930000000e-03
1.445093869999982e+01	2.477860780000000e-03
1.448217179998755e+01	2.529913330000000e-03
1.454357480001636e+01	2.534907080000000e-03
1.459083200001623e+01	2.566983690000000e-03
1.463638969999738e+01	2.571785360000000e-03
1.468723069992848e+01	2.599444240000000e-03
1.471516130003147e+01	2.596179260000000e-03
1.474604250001721e+01	2.606166990000000e-03
1.479309249995276e+01	2.643429440000000e-03
1.484030829998665e+01	2.644197550000000e-03
1.488676869997289e+01	2.688567150000000e-03
1.493430570000783e+01	2.697786780000000e-03
1.498188520001713e+01	2.732552360000000e-03
1.501209640002344e+01	2.724869410000000e-03
1.504183370003011e+01	2.737930280000000e-03
1.508902279997710e+01	2.777113810000000e-03
1.513558280002326e+01	2.772311680000000e-03
1.518146039999556e+01	2.800739140000000e-03
1.522902199998498e+01	2.804388520000000e-03
1.527577209996525e+01	2.813223750000000e-03
1.530718450003769e+01	2.836848840000000e-03
1.533780989993829e+01	2.834544050000000e-03
1.538388290000148e+01	2.872767160000000e-03
1.543093149992637e+01	2.860474170000000e-03
1.547799769998528e+01	2.874495930000000e-03
1.550933919998351e+01	2.879681530000000e-03
1.554000069992617e+01	2.879681530000000e-03
1.558743299997877e+01	2.901002070000000e-03
1.561884419992566e+01	2.900425810000000e-03
1.564992310001981e+01	2.888901390000000e-03
1.568103440001141e+01	2.910797720000000e-03
1.574359710002318e+01	2.889669970000000e-03
1.579101029993035e+01	2.908492930000000e-03
1.583670350001194e+01	2.883139070000000e-03
1.588305900001433e+01	2.899081210000000e-03
1.591520489996765e+01	2.868349660000000e-03
1.594683599995915e+01	2.850102260000000e-03
1.599310510000214e+01	2.849526000000000e-03
1.603958209999837e+01	2.799010370000000e-03
1.608662660000846e+01	2.785180930000000e-03
1.613309010001831e+01	2.742348240000000e-03
1.617940060002729e+01	2.744653030000000e-03
1.620983499998692e+01	2.726213540000000e-03
1.624094209994655e+01	2.692984650000000e-03
1.628736900002696e+01	2.668015190000000e-03
1.633423309994396e+01	2.621533120000000e-03
1.638194170000497e+01	2.601941350000000e-03
1.642773070000112e+01	2.569672650000000e-03
1.645925389998592e+01	2.533562250000000e-03
1.649098709993996e+01	2.494379180000000e-03
1.652222349995282e+01	2.469217170000000e-03
1.655348669993691e+01	2.411786930000000e-03
1.658605529996566e+01	2.372603860000000e-03
1.663218600000255e+01	2.302111820000000e-03
1.667909430002328e+01	2.286169680000000e-03
1.674099840002600e+01	2.164393900000000e-03
1.678736790001858e+01	2.128476280000000e-03
1.681928159995005e+01	2.080073110000000e-03
1.685002360004000e+01	2.026676670000000e-03
1.688108029996511e+01	2.002859020000000e-03
1.694392220000736e+01	1.885501090000000e-03
1.698910340003204e+01	1.813665270000000e-03
1.703588929993566e+01	1.737603340000000e-03
1.708285360003356e+01	1.748935790000000e-03
1.711470149992965e+01	1.735682600000000e-03
1.714591890003067e+01	1.735682600000000e-03
1.719253979995847e+01	1.729152170000000e-03
1.723912369995378e+01	1.616404160000000e-03
1.728633739997167e+01	1.573379150000000e-03
1.733434619999025e+01	1.545720380000000e-03
1.738096099998802e+01	1.553595420000000e-03
1.741220719995908e+01	1.546104440000000e-03
1.744256049999967e+01	1.558205350000000e-03
1.748919370002113e+01	1.583367240000000e-03
1.753550969995558e+01	1.578565340000000e-03
1.758287529996596e+01	1.593931350000000e-03
1.762989919993561e+01	1.587592760000000e-03
1.769102539995220e+01	1.587976820000000e-03
1.772202570002992e+01	1.596812510000000e-03
1.775333029998001e+01	1.584519630000000e-03
1.778454869997222e+01	1.615827790000000e-03
1.783096119994298e+01	1.611602260000000e-03
1.787820319994353e+01	1.606032020000000e-03
1.790932570002042e+01	1.604687540000000e-03
1.794129310001153e+01	1.595275830000000e-03
1.798683569999412e+01	1.616788210000000e-03
1.801767149998341e+01	1.618900920000000e-03
1.804882249992806e+01	1.637340170000000e-03
1.808080530003645e+01	1.668840650000000e-03
1.814319820003584e+01	1.713786160000000e-03
1.818932739994489e+01	1.757002900000000e-03
1.823572150000837e+01	1.774866020000000e-03
1.828218019998167e+01	1.805982200000000e-03
1.831401530001312e+01	1.807326680000000e-03
1.834571959997993e+01	1.826342200000000e-03
1.839255779993255e+01	1.862260160000000e-03
1.843972529994790e+01	1.871479680000000e-03
1.848722210002597e+01	1.916809360000000e-03
1.853314239997417e+01	1.934864330000000e-03
1.857900889997836e+01	1.957913400000000e-03
1.860928850003984e+01	1.980002270000000e-03
1.863981179997791e+01	2.005163810000000e-03
1.868641089997254e+01	2.056832190000000e-03
1.873314140003640e+01	2.072198080000000e-03
1.878146510000806e+01	2.103506350000000e-03
1.884161809994839e+01	2.135583200000000e-03
1.888916220003739e+01	2.171116880000000e-03
1.892001649993472e+01	2.197046760000000e-03
1.895109500002582e+01	2.216638530000000e-03
1.898281439999118e+01	2.278486730000000e-03
1.902882889995817e+01	2.293276600000000e-03
1.905941839993466e+01	2.318822550000000e-03
1.909050539997406e+01	2.380286810000000e-03
1.913672700000461e+01	2.409290290000000e-03
1.918379329994787e+01	2.456924650000000e-03
1.921448249998502e+01	2.467296550000000e-03
1.924527239997406e+01	2.502062130000000e-03
1.929182079993188e+01	2.563910330000000e-03
1.933890909992624e+01	2.577163740000000e-03
1.938620049995370e+01	2.611929320000000e-03
1.943309419997968e+01	2.601172780000000e-03
1.947911990003195e+01	2.613465530000000e-03
1.951030209998135e+01	2.619227860000000e-03
1.954152089997660e+01	2.617499560000000e-03
1.958864500001073e+01	2.650151960000000e-03
1.963644169992767e+01	2.653609500000000e-03
1.968209320004098e+01	2.701436170000000e-03
1.974866279994603e+01	2.702204280000000e-03
1.979198410001118e+01	2.719875190000000e-03
1.982222229999024e+01	2.737546110000000e-03
1.985386899998412e+01	2.724485240000000e-03
1.988491479994263e+01	2.753488250000000e-03
1.993152009998448e+01	2.742540320000000e-03
1.999367380002514e+01	2.768854380000000e-03
2.004105769994203e+01	2.759442900000000e-03
2.008905059995595e+01	2.784796990000000e-03
2.012059679999948e+01	2.789022400000000e-03
2.015094319998752e+01	2.786717610000000e-03
2.018222800001968e+01	2.823596120000000e-03
2.023008779995143e+01	2.823211490000000e-03
2.027706480002962e+01	2.822059440000000e-03
2.030713390000165e+01	2.846068700000000e-03
2.033861840004101e+01	2.829165900000000e-03
2.038598010002170e+01	2.854327670000000e-03
2.041815649997443e+01	2.837809500000000e-03
2.044958369992673e+01	2.834351970000000e-03
2.048003109998535e+01	2.843955760000000e-03
2.054287769994698e+01	2.835696800000000e-03
2.058947599993553e+01	2.859129800000000e-03
2.063654969993513e+01	2.837617420000000e-03
2.068332539999392e+01	2.860090000000000e-03
2.071502240002155e+01	2.837233480000000e-03
2.074663499998860e+01	2.839154100000000e-03
2.077861619996838e+01	2.842995570000000e-03
2.080899119994137e+01	2.857017100000000e-03
2.083919490000699e+01	2.837425330000000e-03
2.088535220001359e+01	2.861242740000000e-03
2.094842799997423e+01	2.835504710000000e-03
2.097890360001475e+01	2.840114290000000e-03
2.101104569993913e+01	2.843955760000000e-03
2.104204590001609e+01	2.833775940000000e-03
2.108855560002849e+01	2.854519760000000e-03
2.113549240003340e+01	2.831086520000000e-03
2.118225289997645e+01	2.851062690000000e-03
2.122851279994939e+01	2.847029130000000e-03
2.125896709994413e+01	2.831278600000000e-03
2.129096849996131e+01	2.837040930000000e-03
2.132109819992911e+01	2.838001590000000e-03
2.135435679997317e+01	2.824556320000000e-03
2.138626389997080e+01	2.845492450000000e-03
2.143094009999186e+01	2.837617420000000e-03
2.147768649994396e+01	2.825900910000000e-03
2.150778500002343e+01	2.846836810000000e-03
2.153900190000422e+01	2.824748170000000e-03
2.158692939998582e+01	2.847797240000000e-03
2.161823130003177e+01	2.827245040000000e-03
2.164886449999176e+01	2.823980060000000e-03
2.169479470001534e+01	2.847605380000000e-03
2.174129699997138e+01	2.825132340000000e-03
2.178831560001709e+01	2.844532020000000e-03
2.183553509996273e+01	2.822443380000000e-03
2.188189900002908e+01	2.843571830000000e-03
2.191309109993745e+01	2.825900910000000e-03
2.194397879997268e+01	2.822251520000000e-03
2.199093640001956e+01	2.840882400000000e-03
2.203729320003185e+01	2.816297110000000e-03
2.208530539995991e+01	2.838193670000000e-03
2.213308009994216e+01	2.817641250000000e-03
2.218088969995733e+01	4.188481250000000e-03
2.221126210002694e+01	6.063325800000000e-03
2.224204309994821e+01	6.384667010000000e-03
2.228958290000446e+01	6.428075950000000e-03
2.233602829999290e+01	6.409444850000000e-03
2.238278400001582e+01	6.428460120000000e-03
2.242835679999553e+01	6.429613100000000e-03
2.245877939998172e+01	6.409829020000000e-03
2.249061290000100e+01	6.420008840000000e-03
2.252203029999509e+01	6.420393010000000e-03
2.255340279999655e+01	6.407524460000000e-03
2.258580539992545e+01	6.427691780000000e-03
2.263104320003185e+01	6.415783430000000e-03
2.267773799994029e+01	6.401954220000000e-03
2.270859709999058e+01	6.423466370000000e-03
2.274079509999137e+01	6.399841510000000e-03
2.278687409998383e+01	6.420393010000000e-03
2.281809119996615e+01	6.395423780000000e-03
2.284861280000769e+01	6.397536490000000e-03
2.287958249996882e+01	6.396768150000000e-03
2.294151959998999e+01	6.390430030000000e-03
2.298888339998666e+01	6.409253460000000e-03
2.303509969997685e+01	6.387740370000000e-03
2.308516879996751e+01	6.408484190000000e-03
2.311491809994914e+01	6.385243500000000e-03
2.314501189999282e+01	6.386972500000000e-03
2.319204470003024e+01	6.403299050000000e-03
2.323860129993409e+01	6.386588330000000e-03
2.328515060001519e+01	7.538845760000000e-03
2.333210869994946e+01	1.010119260000000e-02
2.344201380002778e+01	1.004595400000000e-02
2.347320210002363e+01	1.001166740000000e-02
2.350481089996174e+01	1.002119200000000e-02
2.353692270000465e+01	9.988810870000000e-03
2.356797159998678e+01	1.000595370000000e-02
2.359933979995549e+01	9.996429090000000e-03
2.362994360004086e+01	9.992620910000000e-03
2.367670449998695e+01	9.962144310000001e-03
2.370711389998905e+01	9.979287159999999e-03
2.373881789995357e+01	9.943095969999999e-03
2.378558799996972e+01	9.943095969999999e-03
2.383285789994989e+01	9.929762220000001e-03
2.386248799995519e+01	9.922144000000001e-03
2.389310099999420e+01	9.916429410000000e-03
2.394063700002152e+01	9.885952809999999e-03
2.398786090000067e+01	9.891667400000000e-03
2.403434130002279e+01	9.884049180000000e-03
2.408414099994116e+01	9.865000840000001e-03
2.414162060001399e+01	9.802144020000000e-03
2.417295429995283e+01	9.771667420000000e-03
2.420408930000849e+01	9.752619080000000e-03
2.423614129994530e+01	9.685953149999999e-03
2.428254409995861e+01	9.636429140000000e-03
2.432990959996823e+01	9.598332459999999e-03
2.437778849992901e+01	9.539286609999999e-03
2.440847399993800e+01	9.556427600000000e-03
2.443976320000365e+01	9.518332779999999e-03
2.447100070002489e+01	9.514522740000000e-03
2.450201409996953e+01	9.501189920000000e-03
2.453461219999008e+01	9.428809400000000e-03
2.458216679992620e+01	9.350713340000000e-03
2.462893949996214e+01	9.312618520000000e-03
2.465898019995075e+01	9.236426089999999e-03
2.469104439998046e+01	9.181188420000000e-03
2.473826160002500e+01	9.106903340000000e-03
2.476938549999613e+01	9.101188740000000e-03
2.480002870003227e+01	9.085950440000001e-03
2.483103859995026e+01	9.063093919999999e-03
2.487738580000587e+01	9.007855320000001e-03
2.490843189996667e+01	9.005949830000000e-03
2.493942279997282e+01	8.849758649999999e-03
2.498584229999688e+01	8.708807640000000e-03
2.503210960002616e+01	8.685949260000001e-03
2.506276829994749e+01	8.664997290000000e-03
2.509239559993148e+01	8.567853830000000e-03
2.513917019998189e+01	8.464995770000001e-03
2.518627479998395e+01	8.379280570000000e-03
2.523393310001120e+01	8.287852630000000e-03
2.528132589999586e+01	8.205947470000001e-03
2.534586859995034e+01	7.996423169999999e-03
2.537502609996591e+01	7.851662109999999e-03
2.540617219998967e+01	7.651660130000000e-03
2.543784769997001e+01	7.362135690000000e-03
2.548419210000429e+01	7.280230520000000e-03
2.553219709999394e+01	7.133562580000000e-03
2.559352320001926e+01	7.101182360000000e-03
2.564071910001803e+01	7.146895860000000e-03
2.567204540001694e+01	7.236420640000000e-03
2.570379790000152e+01	7.652939300000000e-03
2.581057909992523e+01	7.813129570000001e-03
2.584105739998631e+01	7.929910910000001e-03
2.587211340002250e+01	8.042658680000000e-03
2.590466899995226e+01	8.151181970000001e-03
2.593555219995324e+01	8.265851070000000e-03
2.598238289996516e+01	8.371299130000001e-03
2.602994829998352e+01	8.416822180000000e-03
2.609175839996897e+01	8.805950170000000e-03
2.621349280001596e+01	8.765948940000001e-03
2.624439440004062e+01	8.802140130000000e-03
2.627499990002252e+01	8.821186610000000e-03
2.630625769996550e+01	8.880235250000000e-03
2.633704669994768e+01	8.948806670000000e-03
2.638416180002969e+01	9.068808520000001e-03
2.643210580002051e+01	9.179284800000000e-03
2.647837040002923e+01	9.228807869999999e-03
2.650938719999976e+01	9.310713040000000e-03
2.654167389997747e+01	9.379284460000000e-03
2.658840160002001e+01	9.480237960000000e-03
2.663556009996682e+01	9.548809380000000e-03
2.668177130003460e+01	9.649762879999999e-03
2.674268999998458e+01	9.714524259999999e-03
2.678832319995854e+01	9.781191130000000e-03
2.681916610000189e+01	9.811667729999999e-03
2.685060330003034e+01	9.865000840000001e-03
2.688097249995917e+01	9.893572890000001e-03
2.694326900003944e+01	1.000785920000000e-02
2.699032169999555e+01	1.006690600000000e-02
2.703630619996693e+01	1.011071540000000e-02
2.708407069998793e+01	1.014500200000000e-02
2.711516669997945e+01	1.016595400000000e-02
2.714726859994698e+01	1.019071510000000e-02
2.717902279994451e+01	1.020024060000000e-02
2.722614239994437e+01	1.024405010000000e-02
2.725707619998138e+01	1.023643000000000e-02
2.728825109999161e+01	1.027833580000000e-02
2.733605259994511e+01	1.028214580000000e-02
2.738356959994417e+01	1.028595590000000e-02
2.741470259998459e+01	1.028024030000000e-02
2.744630820001476e+01	1.028214580000000e-02
2.749279319995549e+01	1.029547860000000e-02
2.753900739992969e+01	1.027071660000000e-02
2.758570249995682e+01	1.025928740000000e-02
2.763300819997676e+01	1.022690720000000e-02
2.767933529999573e+01	1.019643060000000e-02
2.770995950000361e+01	1.019071510000000e-02
2.774116580002010e+01	1.013547740000000e-02
2.778763589996379e+01	1.010119260000000e-02
2.783422900002915e+01	1.005166770000000e-02
2.788058370002545e+01	1.000595370000000e-02
2.794154419994447e+01	9.962144310000001e-03
2.798813499999233e+01	9.937382300000000e-03
2.801916080003139e+01	9.880239140000000e-03
2.805046719999518e+01	9.870716369999999e-03
2.808255539997481e+01	9.842144330000000e-03
2.814459699997678e+01	9.815477770000001e-03
2.818998010002542e+01	9.775475600000000e-03
2.823678819998167e+01	9.733570739999999e-03
2.828357900003903e+01	9.718334299999999e-03
2.831515089992899e+01	9.691667740000000e-03
2.834660499996971e+01	9.674524889999999e-03
2.839237499993760e+01	9.659285659999999e-03
2.843935819994658e+01	9.632619100000000e-03
2.848513369995635e+01	9.609760720000001e-03
2.853224319999572e+01	9.590714239999999e-03
2.859266990004107e+01	9.567855860000000e-03
2.862355050002225e+01	9.550714869999999e-03
2.865412279998418e+01	9.537381120000001e-03
2.868512869998813e+01	9.520238270000000e-03
2.873212199995760e+01	9.491666220000000e-03
2.877849449997302e+01	9.459285070000000e-03
2.880905879999045e+01	9.464999660000001e-03
2.883964649995323e+01	9.438333100000000e-03
2.888659689994529e+01	9.436427620000000e-03
2.891798569995444e+01	9.407856500000001e-03
2.895005889993627e+01	9.415474720000001e-03
2.897902610001620e+01	9.398332800000001e-03
2.902530239999760e+01	9.407856500000001e-03
2.905667600000743e+01	9.383094500000000e-03
2.908765539992601e+01	9.383094500000000e-03
2.913430369994603e+01	9.365951640000000e-03
2.917981589992996e+01	9.356427940000000e-03
2.921105349995196e+01	9.367856200000000e-03
2.924205240001902e+01	9.358333420000000e-03
2.928766889998224e+01	9.362141600000000e-03
2.933340040000621e+01	9.337379599999999e-03
2.938040060002822e+01	9.312618520000000e-03
2.944200859998818e+01	9.310713040000000e-03
2.948912449995987e+01	9.325951339999999e-03
2.951953940000385e+01	9.293570180000000e-03
2.955129099998157e+01	9.303094820000000e-03
2.958274600002915e+01	9.291664700000000e-03
2.964387120003812e+01	9.284046480000000e-03
2.969104159995914e+01	9.285951960000000e-03
2.973816810001153e+01	9.282141920000000e-03
2.978460320003796e+01	9.257379919999999e-03
2.981515010003932e+01	9.261189959999999e-03
2.984672169992700e+01	9.249759840000000e-03
2.989277050003875e+01	9.226903320000000e-03
2.993977449997328e+01	9.183092970000001e-03
2.998691019997932e+01	9.133569899999999e-03
3.003370140003972e+01	9.085950440000001e-03
3.008399159996770e+01	9.047855620000000e-03
3.011214219999965e+01	9.005949830000000e-03
3.014287690003403e+01	8.943093940000001e-03
3.018918250000570e+01	8.840234949999999e-03
3.023655679996591e+01	8.708807640000000e-03
3.028452500002459e+01	8.539282719999999e-03
3.033135049999692e+01	8.442139249999999e-03
3.037821280001663e+01	8.238329550000000e-03
3.040944830002263e+01	8.158328010000000e-03
3.044099979999010e+01	8.034517990000000e-03
3.048821400001179e+01	7.924041709999999e-03
3.053506669995841e+01	7.857374850000000e-03
3.058204629993998e+01	7.781185210000000e-03
3.064300199993886e+01	7.693564980000000e-03
3.069097969995346e+01	7.647850090000000e-03
3.072225019999314e+01	7.602137050000000e-03
3.075314009992871e+01	7.544993890000000e-03
3.078392590000294e+01	7.432612120000000e-03
3.082985009998083e+01	7.384992200000000e-03
3.087647379992995e+01	6.893474610000000e-03
3.100318170001265e+01	6.812994370000000e-03
3.103482409997378e+01	6.711578930000000e-03
3.106768199999351e+01	6.600751540000000e-03
3.109716899995692e+01	6.467067640000000e-03
3.114251869998407e+01	6.314176130000000e-03
3.118872600002214e+01	6.089639850000000e-03
3.123547339998186e+01	5.892378740000000e-03
3.128148629993666e+01	5.782128310000000e-03
3.134412150003482e+01	5.576223600000000e-03
3.137511030002497e+01	5.484027320000000e-03
3.140712210000493e+01	5.411615130000000e-03
3.143827159993816e+01	5.315769930000000e-03
3.148607600003015e+01	5.222229290000000e-03
3.153209759993479e+01	5.129264670000000e-03
3.157861039997078e+01	5.073755050000000e-03
3.164138929999899e+01	4.940455310000000e-03
3.167202699999325e+01	4.870155830000000e-03
3.170328499993775e+01	4.768163430000000e-03
3.173552320001181e+01	4.607397130000000e-03
3.178160849993583e+01	4.400339910000000e-03
3.184249129996169e+01	4.194819830000000e-03
3.188899769994896e+01	4.010619600000000e-03
3.193694129993673e+01	3.904978740000000e-03
3.196711950004101e+01	3.813742890000000e-03
3.199826429993846e+01	3.694271900000000e-03
3.202932710002642e+01	3.617826380000000e-03
3.207610800000839e+01	3.462245460000000e-03
3.210865269997157e+01	3.356796460000000e-03
3.213945230003446e+01	3.193148410000000e-03
3.218612590001430e+01	3.024506380000000e-03
3.223246540001128e+01	2.937880340000000e-03
3.226346139993984e+01	2.825516740000000e-03
3.229491049994249e+01	2.683957340000000e-03
3.234209499997087e+01	2.558916340000000e-03
3.238951719994657e+01	2.391811460000000e-03
3.243707580002956e+01	2.196854910000000e-03
3.248436869995203e+01	2.025523920000000e-03
3.253112089994829e+01	1.958874050000000e-03
3.256279530003667e+01	1.877242000000000e-03
3.259430939995218e+01	1.786774610000000e-03
3.263995710003655e+01	1.686511440000000e-03
3.268701949995011e+01	1.572995100000000e-03
3.273315670003649e+01	1.490979110000000e-03
3.278032489994075e+01	1.451987890000000e-03
3.284104949992616e+01	1.361136210000000e-03
3.287305319996085e+01	1.303897820000000e-03
3.290407169994432e+01	1.234366790000000e-03
3.293575109995436e+01	1.143515110000000e-03
3.298240249999799e+01	1.056313280000000e-03
3.302929790003691e+01	1.025965440000000e-03
3.307596429996192e+01	9.879344140000001e-04
3.310857459995896e+01	9.716081550000000e-04
3.313760369992815e+01	9.466383490000000e-04
3.316901760001201e+01	9.168665859999999e-04
3.319960709998850e+01	8.790278230000000e-04
3.323041620000731e+01	8.550185590000000e-04
3.327746769995429e+01	8.037344670000000e-04
3.330834270000923e+01	7.691608630000000e-04
3.333945169998333e+01	7.215264490000001e-04
3.338524470000993e+01	6.771570190000000e-04
3.343209639994893e+01	6.546842630000000e-04
3.346387610002421e+01	6.310588800000000e-04
3.349550459999591e+01	5.922599230000000e-04
3.354228910000529e+01	5.240730820000000e-04
3.358931029995438e+01	4.241758720000000e-04
3.372880479996093e+01	4.176513760000000e-04
3.375962709996384e+01	4.091887090000000e-04
3.379103169997688e+01	3.946428480000000e-04
3.383725019998383e+01	3.764701540000000e-04
3.388308569998480e+01	3.560138870000000e-04
3.392964610003401e+01	3.482228490000000e-04
3.396038910001516e+01	3.390885250000000e-04
3.399098789994605e+01	3.288603620000000e-04
3.403806319995783e+01	3.182484650000000e-04
3.408608999999706e+01	3.078284500000000e-04
3.413301039999351e+01	2.962570290000000e-04
3.418050529994071e+01	2.899052050000000e-04
3.422761149995495e+01	2.808476270000000e-04
3.425843449996319e+01	2.739201300000000e-04
3.428988099994604e+01	2.607367640000000e-04
3.433773339993786e+01	2.452506450000000e-04
3.438468559994362e+01	2.274809230000000e-04
3.443069649999961e+01	2.168498180000000e-04
3.447879570000805e+01	1.958370270000000e-04
3.450931240001228e+01	1.844191280000000e-04
3.454085889994167e+01	1.712165690000000e-04
3.457485600002110e+01	1.578221270000000e-04
3.460287519998383e+01	1.469607230000000e-04
3.463349259993993e+01	1.293445240000000e-04
3.468007210001815e+01	1.205940060000000e-04
3.474245729995891e+01	1.034191810000000e-04
3.478893079992849e+01	9.426568430000000e-05
3.483522160002030e+01	8.875820640000000e-05
3.486519269994460e+01	8.254074060000001e-05
3.489711369993165e+01	7.384778290000000e-05
3.494492149993312e+01	6.513563130000001e-05
3.499099780002143e+01	5.759405760000000e-05
3.503736960003152e+01	5.300770860000000e-05
3.508463039994240e+01	4.916975380000000e-05
3.513106029992923e+01	4.709725910000000e-05
3.516109539999161e+01	4.383499980000000e-05
3.519104900001548e+01	3.527390440000000e-05
3.531589179998264e+01	3.415001630000000e-05
3.534690180001780e+01	3.340459810000000e-05
3.537740989995655e+01	3.323169220000000e-05
3.540847130003385e+01	3.376193490000000e-05
3.543966279993765e+01	3.557168380000000e-05
3.548631149996072e+01	3.869359350000000e-05
3.553231179993600e+01	4.393840210000000e-05
3.558099019993097e+01	4.732927850000000e-05
3.561315979994833e+01	5.166537080000000e-05
3.564240409992635e+01	5.688520470000000e-05
3.568870629998855e+01	6.089853920000000e-05
3.573505240003578e+01	6.449498319999999e-05
3.578235959995072e+01	6.644305540000000e-05
3.582759400003124e+01	6.791659690000000e-05
3.585802179994062e+01	7.002028000000000e-05
3.588863930001389e+01	7.185884900000000e-05
3.591987959994003e+01	7.408548840000000e-05
3.595108939998318e+01	7.800853200000000e-05
3.598202979995403e+01	8.458663800000000e-05
3.604213219997473e+01	1.054340970000000e-04
3.613812190003227e+01	1.109223740000000e-04
3.616977789998055e+01	1.166985020000000e-04
3.620117899996694e+01	1.219564950000000e-04
3.623193050001282e+01	1.300737490000000e-04
3.629306049994193e+01	1.368477240000000e-04
3.632403909997083e+01	1.424127550000000e-04
3.635936609993223e+01	1.495129690000000e-04
3.638812609994784e+01	1.596451480000000e-04
3.643582100002095e+01	1.773764960000000e-04
3.648224219994154e+01	1.979287340000000e-04
3.652934689994436e+01	2.071781780000000e-04
3.658022869995330e+01	2.262528000000000e-04
3.660883369995281e+01	2.377666530000000e-04
3.663959719997365e+01	2.523316650000000e-04
3.668668769998476e+01	2.655917780000000e-04
3.673339700000361e+01	2.786408290000000e-04
3.678001270000823e+01	2.850310120000000e-04
3.682575239997823e+01	2.967751350000000e-04
3.685708220000379e+01	3.053721450000000e-04
3.688824669993483e+01	3.168668190000000e-04
3.691862130002119e+01	3.265959680000000e-04
3.695003139995970e+01	3.373806540000000e-04
3.698246199998539e+01	3.480693270000000e-04
3.702720469993073e+01	3.536343570000000e-04
3.705943040002603e+01	3.588539840000000e-04
3.709043059998658e+01	3.646492840000000e-04
3.713697440002579e+01	3.728433220000000e-04
3.718379369995091e+01	3.775255750000000e-04
3.721518910001032e+01	3.845874160000000e-04
3.724624969996512e+01	3.951418040000000e-04
3.729248019994702e+01	4.067132250000000e-04
3.733810129994527e+01	4.208752650000000e-04
3.738565099996049e+01	4.364573400000000e-04
3.743215979996603e+01	4.544765110000000e-04
3.747943469998427e+01	4.625937440000000e-04
3.750942659995053e+01	4.723997550000000e-04
3.754062590003014e+01	4.847004020000000e-04
3.758931670000311e+01	4.999946100000000e-04
3.763552409992553e+01	5.160755830000000e-04
3.768206010002177e+01	5.335957980000001e-04
3.774412009993102e+01	5.469903120000000e-04
3.779054539999925e+01	5.605574700000000e-04
3.782194099994376e+01	5.714189030000000e-04
3.785323220002465e+01	5.854658080000000e-04
3.788515789993107e+01	6.066319770000001e-04
3.793204380001407e+01	6.274529150000001e-04
3.797858699993230e+01	6.370861670000000e-04
3.803913970000576e+01	6.794187940000000e-04
3.808711099997163e+01	6.983206840000000e-04
3.811860069993418e+01	7.163014960000000e-04
3.814948130003177e+01	7.387534720000000e-04
3.818036370002665e+01	7.526852420000000e-04
3.824127989995759e+01	8.007364230000000e-04
3.828774159995373e+01	8.273525750000000e-04
3.833426919998601e+01	9.051500240000000e-04
3.847604750003666e+01	9.082232140000000e-04
3.850619879993610e+01	9.151381090000000e-04
3.853719049994834e+01	9.281990929999999e-04
3.858558189996984e+01	9.435651590000000e-04
3.863103829999454e+01	9.591232520000000e-04
3.869280279998202e+01	9.973461270000000e-04
3.872402790002525e+01	1.010215030000000e-03
3.875545199995395e+01	1.023276360000000e-03
3.878975050000008e+01	1.034224520000000e-03
3.883530709997285e+01	1.055544940000000e-03
3.887945449992549e+01	1.062843600000000e-03
3.894135720003396e+01	1.091270940000000e-03
3.898789049999323e+01	1.106636950000000e-03
3.901869569998235e+01	1.118161250000000e-03
3.904895049997140e+01	1.136600510000000e-03
3.907996410003398e+01	1.147164610000000e-03
3.914210349996574e+01	1.165795840000000e-03
3.918852850003168e+01	1.168869320000000e-03
3.923537220002618e+01	1.175399640000000e-03
3.928187679999974e+01	1.173478900000000e-03
3.931307859998196e+01	1.175783920000000e-03
3.934362209995743e+01	1.175399640000000e-03
3.939122200000565e+01	1.172134420000000e-03
3.943904059997294e+01	1.153311230000000e-03
3.948500380001497e+01	1.113167380000000e-03
3.953087319992483e+01	1.089734260000000e-03
3.957891179993749e+01	1.038258080000000e-03
3.961019040003885e+01	9.925442280000001e-04
3.964122570003383e+01	9.360741820000000e-04
3.968709759996273e+01	8.653904660000000e-04
3.973419340001419e+01	7.906734830000000e-04
3.978195209999103e+01	7.332430100000000e-04
3.982802599994466e+01	7.155719210000000e-04
3.985942140000407e+01	6.930991660000000e-04
3.988983310002368e+01	6.642880620000000e-04
3.992109139997046e+01	6.281780080000000e-04
3.995637619995978e+01	5.989825590000000e-04
3.998355569993146e+01	5.703632490000000e-04
4.003068570001051e+01	5.567259500000000e-04
4.007797440001741e+01	4.756428240000000e-04
4.018565829994623e+01	4.583720000000000e-04
4.021759929996915e+01	4.395660940000000e-04
4.024858060001861e+01	4.222569110000000e-04
4.027896889997646e+01	4.067132250000000e-04
4.034183659998234e+01	3.624808450000000e-04
4.037307520001195e+01	3.383592990000000e-04
4.040371410001535e+01	3.130480470000000e-04
4.043532960000448e+01	2.764915410000000e-04
4.048267920000944e+01	2.337367910000000e-04
4.054460779996589e+01	2.054894870000000e-04
4.059090129996184e+01	1.804852220000000e-04
4.063729049998801e+01	1.619479440000000e-04
4.066915510001127e+01	1.446195970000000e-04
4.070003039995208e+01	1.283850430000000e-04
4.073109180002939e+01	1.160460380000000e-04
4.077794169995468e+01	9.735523780000001e-05
4.080842599994503e+01	8.570704090000001e-05
4.083941230003256e+01	7.396291040000000e-05
4.088523569994140e+01	6.490536180000000e-05
4.093167419999372e+01	6.148957620000001e-05
4.096308339992538e+01	5.863031040000000e-05
4.099445320002269e+01	5.421665630000000e-05
4.104105699993670e+01	4.726996490000000e-05
4.108827369997744e+01	4.134034320000000e-05
4.113495450001210e+01	3.363321590000000e-05
4.125845760002267e+01	3.330469550000000e-05
4.128966130001936e+01	3.349489270000000e-05
4.132109460001811e+01	3.389834090000000e-05
4.135313770000357e+01	3.464375550000000e-05
4.138458359998185e+01	3.535651560000000e-05
4.143000099994242e+01	3.586562160000000e-05
4.147663049993571e+01	3.760044640000000e-05
4.150792669993825e+01	3.897408530000000e-05
4.153930689999834e+01	4.002496640000000e-05
4.157321019994561e+01	4.111235470000000e-05
4.160300979996100e+01	4.166180950000000e-05
4.163311149994843e+01	4.332746900000000e-05
4.167943709995598e+01	4.476258980000000e-05
4.174038959993050e+01	5.147325650000000e-05
4.178641559998505e+01	5.738279290000000e-05
4.183334070001729e+01	6.203587690000000e-05
4.186488030001055e+01	6.561887130000000e-05
4.189618099993095e+01	7.034304140000001e-05
4.194323540001642e+01	7.232953790000001e-05
4.198950040002819e+01	6.913077960000000e-05
4.203600770002231e+01	5.943076390000000e-05
4.208352590003051e+01	4.929272110000000e-05
4.213168120000046e+01	4.456278840000000e-05
4.216248980001546e+01	3.909127920000000e-05
4.219304629997350e+01	3.440552970000000e-05
4.223956459993497e+01	3.369469410000000e-05
4.228636559995357e+01	3.653803650000000e-05
4.234859489998780e+01	4.021516360000000e-05
4.237961039994843e+01	4.164451820000000e-05
4.242582450003829e+01	4.381160760000000e-05
4.245694900001399e+01	4.547342180000000e-05
4.248838310001884e+01	4.778075530000000e-05
4.253511309996247e+01	4.841666670000000e-05
4.258278990001418e+01	4.964045370000000e-05
4.262948490004055e+01	5.110247000000000e-05
4.268978559994139e+01	6.377261890000000e-05
4.273718789999839e+01	6.868506170000001e-05
4.276887509995140e+01	7.158028170000000e-05
4.280001859995537e+01	7.335351980000000e-05
4.283285789994989e+01	7.529006690000000e-05
4.287955830001738e+01	7.535923209999999e-05
4.294140569993760e+01	7.456194000000000e-05
4.298796049994417e+01	7.287322660000000e-05
4.303515180002432e+01	7.286362230000001e-05
4.306671769998502e+01	7.209323670000000e-05
4.309770399995614e+01	6.747664880000000e-05
4.314440749993082e+01	5.484491700000000e-05
4.319099070003722e+01	5.206497370000000e-05
4.323706069996115e+01	5.209571830000000e-05
4.328337449999526e+01	5.199197400000000e-05
4.332974930002820e+01	5.206881910000000e-05
4.336106679996010e+01	5.197660360000000e-05
4.339200610003900e+01	5.200157830000000e-05
4.343784869997762e+01	5.208611400000000e-05
4.348489459999837e+01	5.200157830000000e-05
4.353183809993789e+01	5.209187290000000e-05
4.368167259998154e+01	5.199773660000000e-05
4.373724950000178e+01	5.208418590000000e-05
4.378310779994354e+01	5.194778710000000e-05
4.382954159996007e+01	5.204191980000000e-05
4.389099260000512e+01	5.198428700000000e-05
4.393680909997784e+01	5.205345220000000e-05
4.396744719997514e+01	5.200734090000000e-05
4.399936959997285e+01	5.196315760000000e-05
4.403084549994674e+01	5.208994840000000e-05
4.407766870001797e+01	5.204960690000000e-05
4.410888499999419e+01	5.203807810000000e-05
4.413952600001357e+01	5.209571830000000e-05
4.418692260002717e+01	5.197852440000000e-05
4.423531090002507e+01	5.208803120000000e-05
4.426625370001420e+01	5.199965380000000e-05
4.429745229997206e+01	5.204768970000000e-05
4.434444080002140e+01	5.210724340000000e-05
4.439077269996051e+01	5.198044160000000e-05
4.443818139994983e+01	5.210724340000000e-05
4.448375399992801e+01	5.201694510000000e-05
4.453037980000954e+01	5.209187290000000e-05
4.456049790000543e+01	5.202655300000000e-05
4.459306129999459e+01	5.201886600000000e-05
4.463955209997948e+01	5.213605980000000e-05
4.468671949999407e+01	5.203615730000000e-05
4.473384889995214e+01	5.214758490000000e-05
4.478104659996461e+01	5.204191980000000e-05
4.484254740003962e+01	5.203615730000000e-05
4.487399330001790e+01	5.215911370000000e-05
4.490433279995341e+01	5.206881910000000e-05
4.493517009995412e+01	5.215142660000000e-05
4.498209069995210e+01	5.204191980000000e-05
4.502833789994475e+01	5.209571830000000e-05
4.505904480000027e+01	5.210724340000000e-05
4.509105199994519e+01	5.206497370000000e-05
4.513571189995855e+01	5.217832590000000e-05
4.516627389995847e+01	5.207073630000000e-05
4.519773759995587e+01	5.206497370000000e-05
4.522975669999141e+01	5.215335110000000e-05
4.529071630001999e+01	5.208418590000000e-05
4.533797500003129e+01	5.219369270000000e-05
4.538447609997820e+01	5.205921480000000e-05
4.543106179998722e+01	5.219753800000000e-05
4.546098049997818e+01	5.210916060000000e-05
4.549200029997155e+01	5.210916060000000e-05
4.553938099998049e+01	5.221866740000000e-05
4.558913610002492e+01	5.210339800000000e-05
4.563308639999013e+01	5.222635450000000e-05
4.567988670000341e+01	5.215335110000000e-05
4.574188610003330e+01	5.212837280000000e-05
4.577310520003084e+01	5.225132920000000e-05
4.580394679994788e+01	5.211493040000000e-05
4.583530379994772e+01	5.224172130000000e-05
4.588208879996091e+01	5.211684770000000e-05
4.594374539994169e+01	5.224748380000000e-05
4.598939529992640e+01	5.213029730000000e-05
4.603702079993673e+01	5.223404150000000e-05
4.606898290000390e+01	5.218793010000000e-05
4.610088089993224e+01	5.216680070000000e-05
4.613096760003828e+01	5.222251270000000e-05
4.617798889998812e+01	5.221866740000000e-05
4.620917399995960e+01	5.220330060000000e-05
4.624208619992714e+01	5.226862050000000e-05
4.628649710002355e+01	5.302172210000000e-05
4.633272269996814e+01	5.290069020000000e-05
4.636321600002702e+01	5.250300460000000e-05
4.639436339994427e+01	5.263748240000000e-05
4.644095389998984e+01	5.267975210000000e-05
4.648729429999366e+01	5.301403870000000e-05
4.653374260000419e+01	5.310433700000000e-05
4.658004110003822e+01	5.252605840000000e-05
4.664441139996052e+01	5.236083600000000e-05
4.667412350000814e+01	5.251645420000000e-05
4.670455709996168e+01	5.294487350000000e-05
4.673561989993323e+01	5.304285880000000e-05
4.678208679996897e+01	5.294679430000000e-05
4.682865349994972e+01	5.297945240000000e-05
4.686057050002273e+01	5.297945240000000e-05
4.689109539997298e+01	5.294679430000000e-05
4.693819989997428e+01	5.303517170000000e-05
4.696825259993784e+01	5.298714310000000e-05
4.699944279994816e+01	5.318309920000000e-05
4.703082079999149e+01	5.353851880000000e-05
4.708149649994448e+01	5.345782850000000e-05
4.714102199999616e+01	5.346935360000000e-05
4.718713199999183e+01	5.352506920000000e-05
4.723304239998106e+01	5.360960490000000e-05
4.726402769994456e+01	5.345398680000000e-05
4.729490949993487e+01	5.341940780000000e-05
4.734205310000107e+01	5.293911090000000e-05
4.738976759999059e+01	5.000931560000000e-05
4.743688960000873e+01	4.186545630000000e-05
4.748594689997844e+01	3.118564200000000e-05
4.753000409994274e+01	2.583516650000000e-05
4.756116869999096e+01	2.195631350000000e-05
4.759199640003499e+01	1.927819540000000e-05
4.763882220000960e+01	1.471924500000000e-05
4.768504020001274e+01	8.121927750000000e-06
4.773215289996006e+01	3.864603510000000e-06
4.777922759996727e+01	2.969336490000000e-06
4.782527769997250e+01	2.020275130000000e-06
4.785613880003802e+01	1.292149700000000e-06
4.788719939999282e+01	8.060914640000000e-07
4.793430129997432e+01	7.369293370000000e-07
4.798024299996905e+01	7.138759200000000e-07
4.802665719995275e+01	7.368806220000000e-07
4.814994829997886e+01	7.411184700000000e-07
4.818102579994593e+01	7.465125120000000e-07
4.822801730001811e+01	7.519064980000000e-07
4.825851539999712e+01	7.553738329999999e-07
4.828900570003316e+01	7.284044160000000e-07
4.833623899996746e+01	7.307160670000000e-07
4.838472730002832e+01	7.251294960000000e-07
4.842927530000452e+01	7.233286960000000e-07
4.853842979995534e+01	7.244611310000000e-07
4.856948689999990e+01	7.232903270000000e-07
4.860377819999121e+01	7.239812590000000e-07
4.863469810003880e+01	7.273592930000001e-07
4.866514840000309e+01	7.293170370000000e-07
4.869613940001000e+01	7.349598830000000e-07
4.872784229996614e+01	7.404491380000000e-07
4.875884359993506e+01	7.439998630000000e-07
4.878947299998254e+01	7.428866980000000e-07
4.883687500003725e+01	7.432897180000000e-07
4.888452139997389e+01	7.403914990000000e-07
4.893109169998206e+01	7.411209140000000e-07
4.896236709994264e+01	7.399501100000000e-07
4.899309539992828e+01	7.401036440000000e-07
4.904169310000725e+01	7.413511870000000e-07
4.908928660000674e+01	7.409289540000000e-07
4.913486420002300e+01	7.435968430000001e-07
4.918102379993070e+01	7.429826500000000e-07
4.922841470001731e+01	7.435392600000000e-07
4.925954170001205e+01	7.416775250000000e-07
4.929108049999923e+01	7.330597210000000e-07
4.933796379994601e+01	7.255743530000000e-07
4.938433080003597e+01	7.140199609999999e-07
4.943101810000371e+01	7.097207230000000e-07
4.949206249997951e+01	6.968036250000000e-07
4.953795929998159e+01	6.956328210000000e-07
4.956917809997685e+01	6.942701130000000e-07
4.960112450004090e+01	6.934255910000000e-07
4.963206979993265e+01	6.907193890000000e-07
4.967984879994765e+01	6.864584630000000e-07
4.974198249995243e+01	6.831380120000000e-07
4.978899159992579e+01	6.997402120000000e-07
4.983581189997494e+01	8.015604750000000e-07
4.986673649994191e+01	1.726469920000000e-06
4.997417900001165e+01	2.221168420000000e-06
5.000496379996184e+01	2.955895300000000e-06
5.003585250000469e+01	4.390096820000000e-06
5.008282190002501e+01	6.313602170000000e-06
5.014630060002673e+01	1.486333530000000e-05
5.028607110003941e+01	1.732820060000000e-05
5.031804689997807e+01	1.980651900000000e-05
5.034961599996313e+01	2.259798570000000e-05
5.038101959996857e+01	2.378527280000000e-05
5.042874719994143e+01	2.468053940000000e-05
5.045909200003371e+01	2.502635110000000e-05
5.049097619997337e+01	2.619634690000000e-05
5.053813510003965e+01	2.894939280000000e-05
5.058348140004091e+01	3.151031710000000e-05
5.063699299993459e+01	3.385991660000000e-05
5.067842080001719e+01	3.537380330000000e-05
5.070961250003893e+01	3.709133670000000e-05
5.074038929992821e+01	3.847073820000000e-05
5.077109319996089e+01	4.021516360000000e-05
5.080191549996380e+01	4.235727830000000e-05
5.083256439992692e+01	4.539849400000000e-05
5.087907309993170e+01	4.669144980000000e-05
5.094105589995161e+01	4.835326400000000e-05
5.098881180002354e+01	4.928503400000000e-05
5.103519890003372e+01	4.994783740000000e-05
5.106692599994130e+01	5.035897630000000e-05
5.109809490002226e+01	5.103714650000000e-05
5.114540819998365e+01	5.187093480000000e-05
5.119145759998355e+01	5.222059190000000e-05
5.123844159999862e+01	5.272201820000000e-05
5.128449450002518e+01	5.308127950000000e-05
5.133150329999626e+01	5.341940780000000e-05
5.136236769997049e+01	5.347704060000000e-05
5.139204329997301e+01	5.356157640000000e-05
5.143998539994936e+01	5.368645000000000e-05
5.148673380003311e+01	5.359422720000000e-05
5.153311329998542e+01	5.369221250000000e-05
5.157910580001771e+01	5.366723780000000e-05
5.162701900000684e+01	5.377674460000000e-05
5.165772959997412e+01	5.387088460000000e-05
5.168789459997788e+01	5.374216560000000e-05
5.173354069993366e+01	5.386511480000000e-05
5.178109179995954e+01	5.372102900000000e-05
5.184339239995461e+01	5.372871600000000e-05
5.188977579993661e+01	5.356157640000000e-05
5.193613549997099e+01	5.373832390000000e-05
5.196628619998228e+01	5.362688900000000e-05
5.199803439993411e+01	5.358654740000000e-05
5.202929289999884e+01	5.358270570000000e-05
5.207695969997440e+01	5.330413840000000e-05
5.211053269996773e+01	5.304862130000000e-05
5.213932870002463e+01	5.275083460000000e-05
5.218607499997597e+01	5.197660360000000e-05
5.223309719993267e+01	5.181330200000000e-05
5.226427219994366e+01	5.142906960000000e-05
5.229613159992732e+01	5.087384850000000e-05
5.234402760001831e+01	5.071438860000000e-05
5.239073109999299e+01	5.026099100000000e-05
5.243802280002274e+01	4.993438780000000e-05
5.248493819998112e+01	4.936572440000000e-05
5.253214150003623e+01	4.929848360000000e-05
5.256399789999705e+01	4.921203440000000e-05
5.259401260002051e+01	4.947523120000000e-05
5.264412569999695e+01	5.004389820000000e-05
5.268792019993998e+01	5.083734500000000e-05
5.273421989998315e+01	5.210532250000000e-05
5.278109219996259e+01	5.243384290000000e-05
5.282827049994376e+01	5.257984960000000e-05
5.285950959997717e+01	5.241655160000000e-05
5.288979659997858e+01	5.195931230000000e-05
5.293678109999746e+01	5.109286210000000e-05
5.298249570000917e+01	4.936188270000000e-05
5.302999730000738e+01	4.741381050000000e-05
5.307805220002774e+01	4.365598940000000e-05
5.310843070002738e+01	4.187121890000000e-05
5.314054679998662e+01	4.000575430000000e-05
5.317286950000562e+01	3.900674710000000e-05
5.320294430002104e+01	3.818640470000000e-05
5.323432009993121e+01	3.720468160000000e-05
5.328097369999159e+01	3.643428860000000e-05
5.334284299996216e+01	3.477055360000000e-05
5.338914759992622e+01	3.366011520000000e-05
5.343714930000715e+01	3.362553250000000e-05
5.346810950001236e+01	3.234602990000000e-05
5.349899260001257e+01	3.044598820000000e-05
5.353044959995896e+01	3.025963450000000e-05
5.357716789992992e+01	3.023850150000000e-05
5.360899879992940e+01	3.019047290000000e-05
5.364184479997493e+01	3.023465800000000e-05
5.368774309998844e+01	2.915880030000000e-05
5.373450270004105e+01	2.772560400000000e-05
5.376583759998903e+01	2.604841760000000e-05
5.379699910001364e+01	2.454413700000000e-05
5.382833159994334e+01	2.390630830000000e-05
5.385953419993166e+01	2.375645640000000e-05
5.389102059998550e+01	2.320507700000000e-05
5.393794370000251e+01	2.174114340000000e-05
5.398514090001117e+01	2.069217950000000e-05
5.403108350001276e+01	2.034828870000000e-05
5.406211850000545e+01	2.018691160000000e-05
5.409343140001874e+01	1.999095000000000e-05
5.414482099993620e+01	1.955292280000000e-05
5.418715559993871e+01	1.899962630000000e-05
5.423312390001956e+01	1.877869000000000e-05
5.427962689998094e+01	1.838869140000000e-05
5.434186980000231e+01	1.716490260000000e-05
5.437305119994562e+01	1.677490400000000e-05
5.440384149993770e+01	1.660968160000000e-05
5.443491619999986e+01	1.623889330000000e-05
5.448139959992841e+01	1.541471100000000e-05
5.454412790003698e+01	1.506505580000000e-05
5.459063689992763e+01	1.458668430000000e-05
5.463783869997133e+01	1.425432130000000e-05
5.466820439998992e+01	1.379708100000000e-05
5.469942279998213e+01	1.341092500000000e-05
5.472999749996234e+01	1.320728100000000e-05
5.477644839999266e+01	1.302092640000000e-05
5.480744889995549e+01	1.262132170000000e-05
5.483919750002678e+01	1.215831890000000e-05
5.488665959995706e+01	1.180098020000000e-05
5.493312810000498e+01	1.181058630000000e-05
5.496460019994993e+01	1.146669640000000e-05
5.499611259996891e+01	1.117083410000000e-05
5.502736619999632e+01	1.089994840000000e-05
5.505795069993474e+01	1.055605750000000e-05
5.509041209996212e+01	1.018142850000000e-05
5.513857249997091e+01	9.970100109999999e-06
5.518295819999184e+01	9.585864970000001e-06
5.522952649998479e+01	9.464830329999999e-06
5.526107479992788e+01	9.265027980000001e-06
5.529198790004011e+01	9.017197040000000e-06
5.533860469993670e+01	8.823158169999999e-06
5.538425410003401e+01	8.600301949999999e-06
5.543094160000328e+01	8.511927260000000e-06
5.547904769994784e+01	8.381286530000000e-06
5.554096539993770e+01	8.212223290000000e-06
5.557168339996133e+01	8.154588610000000e-06
5.560296709998511e+01	8.022027030000000e-06
5.563422959996387e+01	7.899072439999999e-06
5.568088829994667e+01	7.810698659999999e-06
5.574133039999288e+01	7.580157220000000e-06
5.578845200000796e+01	7.401488350000000e-06
5.583416810003109e+01	7.330404060000000e-06
5.586556099995505e+01	7.215133340000000e-06
5.589678670000285e+01	7.103706590000000e-06
5.594320049998350e+01	6.969224160000000e-06
5.599031329993159e+01	6.280853090000000e-06
5.611438039992936e+01	6.082819710000000e-06
5.614481379999779e+01	5.930057340000000e-06
5.617509339994285e+01	5.900390530000000e-06
5.620682399999350e+01	5.737802440000000e-06
5.623824340000283e+01	5.528981090000000e-06
5.628541889996268e+01	5.377374240000000e-06
5.633208590000868e+01	5.379492900000000e-06
5.637930349993985e+01	5.352716470000000e-06
5.641001879994292e+01	5.343469640000000e-06
5.644040500000119e+01	5.342313670000000e-06
5.647210399992764e+01	5.348093510000000e-06
5.650316570000723e+01	5.338268240000000e-06
5.653363670001272e+01	5.350982520000000e-06
5.658093920000829e+01	5.338653860000000e-06
5.664453970000613e+01	5.330177370000000e-06
5.668859020003583e+01	5.574830080000000e-06
5.673444399994332e+01	5.492379840000000e-06
5.676536880002823e+01	5.252929440000000e-06
5.679660460003652e+01	5.017138850000000e-06
5.682800710003357e+01	4.986508430000000e-06
5.685957939992659e+01	4.875933430000000e-06
5.689387749996968e+01	4.510496180000000e-06
5.693678460002411e+01	4.263725260000000e-06
5.698302249994595e+01	4.160662680000000e-06
5.703005960001610e+01	4.053941210000000e-06
5.706226289994083e+01	3.912928150000000e-06
5.709332640003413e+01	3.791758450000000e-06
5.719960039993748e+01	3.430751800000000e-06
5.723630749993026e+01	3.217114680000000e-06
5.728202809998766e+01	3.161634370000000e-06
5.734445979993325e+01	3.026593960000000e-06
5.737515899993014e+01	2.990763050000000e-06
5.740664950001519e+01	2.937787260000000e-06
5.743802430003416e+01	2.809681970000000e-06
5.748435499996413e+01	2.663276060000000e-06
5.753206210001372e+01	2.644397000000000e-06
5.757744549994823e+01	2.630334390000000e-06
5.761257160000969e+01	2.581789200000000e-06
5.763946780003607e+01	2.530739720000000e-06
5.767103009996936e+01	2.467554170000000e-06
5.770169150002766e+01	2.399552390000000e-06
5.773222759994678e+01	2.327119550000000e-06
5.777865140000358e+01	2.291096280000000e-06
5.782509669999126e+01	2.242551090000000e-06
5.785717199998908e+01	2.200555630000000e-06
5.788916319992859e+01	2.105584370000000e-06
5.793587509996723e+01	2.061855180000000e-06
5.796564730000682e+01	2.011769080000000e-06
5.799632179993205e+01	1.942033580000000e-06
5.802828670002054e+01	1.905046700000000e-06
5.806002590002026e+01	1.872297840000000e-06
5.809100529993884e+01	1.839741910000000e-06
5.813893080002163e+01	1.817588330000000e-06
5.818619919999037e+01	1.787343990000000e-06
5.823309789993800e+01	1.780601450000000e-06
5.826420979993418e+01	1.754017260000000e-06
5.829616130003706e+01	1.719149400000000e-06
5.834380499995314e+01	1.651340430000000e-06
5.838904889998958e+01	1.521694000000000e-06
5.843593229993712e+01	1.476038390000000e-06
5.848315029998776e+01	1.476038390000000e-06
5.854401049995795e+01	1.524968750000000e-06
5.857567229995038e+01	1.542306450000000e-06
5.860877669998445e+01	1.541921050000000e-06
5.863897530001123e+01	1.545581200000000e-06
5.868536939995829e+01	1.542691620000000e-06
5.873249119997490e+01	1.546737170000000e-06
5.877948070003185e+01	1.545773780000000e-06
5.881124640000053e+01	1.547507740000000e-06
5.884201829996891e+01	1.532866920000000e-06
5.887415489996783e+01	1.549434160000000e-06
5.890555419994052e+01	1.492220240000000e-06
5.893619629996829e+01	1.471415090000000e-06
5.898290299996734e+01	1.386461010000000e-06
5.902955370000564e+01	1.350629990000000e-06
5.907618870004080e+01	1.339842240000000e-06
5.910798239998985e+01	1.292067510000000e-06
5.913901629997417e+01	1.266446700000000e-06
5.917082260001916e+01	1.245834140000000e-06
5.920204340002965e+01	1.218286570000000e-06
5.923315670003649e+01	1.180336650000000e-06
5.928154949995223e+01	1.157412500000000e-06
5.934267049992923e+01	1.153174590000000e-06
5.939037399995141e+01	1.121003830000000e-06
5.943722710001748e+01	1.079200840000000e-06
5.946730349992868e+01	1.044911070000000e-06
5.949765229993500e+01	1.025647290000000e-06
5.952947289997246e+01	1.018519580000000e-06
5.957522020000033e+01	1.000218730000000e-06
5.961174349999055e+01	9.803768530000000e-07
5.965383079997264e+01	9.638098390000000e-07
5.968507729994599e+01	9.428121640000000e-07
5.973190350004006e+01	9.370330080000000e-07
5.976312609994784e+01	9.270157760000000e-07
5.979424860002473e+01	9.233556280000000e-07
5.984025759994984e+01	9.264377920000000e-07
5.988776259997394e+01	9.842297000000000e-07
5.993434649996925e+01	1.033930630000000e-06
5.998138060001656e+01	1.059359190000000e-06
6.003044959995896e+01	1.093071090000000e-06
6.006399059994146e+01	1.106170540000000e-06
