# [General]
# timestamp=2025-04-17T12:35:38.431366
# comments='# '
# delimiter='\t'
# column_dtypes=float;;float
# column_headers='Time (s);;Power (W)'
# 
# [Metadata]
# scanner_x=-4.648888772663919
# scanner_y=3.7150022250721597
# start recoding time='17.04.2025, 12:34:38.382608'
# sample rate (hz)=50.0
# sample timing='TIMESTAMP'
# 
# ---- END HEADER ----
1.036299974657595e-03	8.570704090000001e-05
2.795770007651299e-02	8.509297190000001e-05
5.893780000042170e-02	8.399915530000000e-05
1.200899999821559e-01	8.280939069999999e-05
1.685390999773517e-01	8.181151500000000e-05
1.994191000703722e-01	8.077528040000000e-05
2.312222999753430e-01	7.977740459999999e-05
2.610468000639230e-01	7.824222850000000e-05
3.079866999760270e-01	7.707165790000000e-05
3.537572000641376e-01	7.668786570000000e-05
3.852769000222906e-01	7.586269930000000e-05
4.168124999850988e-01	7.469212140000001e-05
4.634113999782130e-01	7.365587949999999e-05
4.942431000526994e-01	7.260044370000000e-05
5.251094000414014e-01	7.142985850000000e-05
5.560086000477895e-01	7.058552730000000e-05
6.020533000119030e-01	6.660058720000000e-05
7.117002999875695e-01	6.576295710000000e-05
7.418243000283837e-01	6.452188250000000e-05
7.730611000442877e-01	6.260262310000000e-05
8.046374999685213e-01	6.121938350000000e-05
8.358044000342488e-01	5.952682110000000e-05
8.672100000549108e-01	5.803983370000000e-05
8.988877000520006e-01	5.675264400000000e-05
9.298982999753207e-01	5.566141770000000e-05
9.610436999937519e-01	5.445491480000000e-05
1.007881000055932e+00	5.378250720000000e-05
1.069318299996667e+00	5.334639720000000e-05
1.115760500077158e+00	5.315043750000000e-05
1.162517399992794e+00	5.301787680000000e-05
1.194768700050190e+00	5.296600280000000e-05
1.224232500069775e+00	5.285457880000000e-05
1.255675200023688e+00	5.281039560000000e-05
1.318959500058554e+00	5.261251140000000e-05
1.365482900058851e+00	5.241463440000000e-05
1.411333300056867e+00	5.188246720000000e-05
1.457304100040346e+00	5.145019900000000e-05
1.489177600014955e+00	5.084887380000000e-05
1.520474700024351e+00	5.015148420000000e-05
1.567807600018568e+00	4.935227480000000e-05
1.614145600004122e+00	4.861262640000000e-05
1.659899699967355e+00	4.789602460000000e-05
1.706449100049213e+00	4.763858670000000e-05
1.756261400063522e+00	4.725435060000000e-05
1.784560000058264e+00	4.698730850000000e-05
1.815904600080103e+00	4.662228090000000e-05
1.864036599989049e+00	4.614583300000000e-05
1.910211800015531e+00	4.516795520000000e-05
1.957300200010650e+00	4.443598660000000e-05
2.017900399980135e+00	4.230540430000000e-05
2.064908100059256e+00	4.136402640000000e-05
2.096159300068393e+00	4.062437440000000e-05
2.127884300076403e+00	3.981940240000000e-05
2.159851900069043e+00	3.878581260000000e-05
2.207052599987946e+00	3.837083570000000e-05
2.253121300018393e+00	3.747941450000000e-05
2.284906100016087e+00	3.671862580000000e-05
2.315501900040545e+00	3.556784210000000e-05
2.361590599990450e+00	3.478976580000000e-05
2.392746099969372e+00	3.411543370000000e-05
2.422411700012162e+00	3.341996850000000e-05
2.468271200079471e+00	3.278021540000000e-05
2.515459600021131e+00	3.238829590000000e-05
2.563173700007610e+00	3.220001960000000e-05
2.610225200071000e+00	3.216736150000000e-05
2.657678500050679e+00	3.215391550000000e-05
2.688841399969533e+00	3.215775360000000e-05
2.720592500059865e+00	3.214814930000000e-05
2.766799799981527e+00	3.215583270000000e-05
2.814032900030725e+00	3.200213910000000e-05
2.860987200052477e+00	3.163711520000000e-05
2.908343399991281e+00	3.086672590000000e-05
2.954883200000040e+00	3.021929110000000e-05
2.987136300071143e+00	2.918185600000000e-05
3.017022000043653e+00	2.773328920000000e-05
3.064619200071320e+00	2.582172060000000e-05
3.110295400023460e+00	2.394088730000000e-05
3.156089300056919e+00	2.297453650000000e-05
3.203983700019307e+00	2.132616650000000e-05
3.235465800040402e+00	2.038863200000000e-05
3.266309099970385e+00	1.947223250000000e-05
3.297862100065686e+00	1.847514250000000e-05
3.328958600061014e+00	1.749726470000000e-05
3.359814099967480e+00	1.611594050000000e-05
3.406633200007491e+00	1.544545010000000e-05
3.468366499990225e+00	1.352235270000000e-05
3.515882199979387e+00	1.238886030000000e-05
3.563773600035347e+00	1.178945330000000e-05
3.594251099973917e+00	1.131300180000000e-05
3.625022600055672e+00	1.090571190000000e-05
3.656192200025544e+00	1.067325050000000e-05
3.718886699993163e+00	1.016990250000000e-05
3.764812099980190e+00	9.785667319999999e-06
3.811811399995349e+00	9.282319299999999e-06
3.860015199985355e+00	8.928823260000000e-06
3.890901100006886e+00	8.536901990000000e-06
3.921336599974893e+00	8.027790500000000e-06
3.967579300049692e+00	7.341931910000000e-06
4.013840300031006e+00	6.769421820000000e-06
4.061688099987805e+00	6.225729070000000e-06
4.107409100048244e+00	5.920261630000000e-06
4.152951100026257e+00	5.491839600000000e-06
4.183573500020429e+00	5.320854600000000e-06
4.214526199968532e+00	5.092234910000000e-06
4.262008500052616e+00	4.369291670000000e-06
4.371121900039725e+00	4.245424410000000e-06
4.403000700054690e+00	4.054903910000000e-06
4.435143799986690e+00	3.854944230000000e-06
4.465772500028834e+00	3.689659710000000e-06
4.497926100040786e+00	3.541519620000000e-06
4.528946300037205e+00	3.429017850000000e-06
4.562923300080001e+00	3.295133410000000e-06
4.606947000022046e+00	3.210757540000000e-06
4.653008599998429e+00	3.035841020000000e-06
4.684575199964456e+00	2.857456370000000e-06
4.715479300008155e+00	2.524960560000000e-06
4.763012500014156e+00	2.311130860000000e-06
4.795040199998766e+00	2.177246420000000e-06
4.826537200016901e+00	2.084394050000000e-06
4.857598599977791e+00	1.996550510000000e-06
4.919854799984023e+00	1.946078780000000e-06
4.967258900054730e+00	1.921035620000000e-06
5.013874300057068e+00	1.902157120000000e-06
5.060843400075100e+00	1.884434140000000e-06
5.091203100048006e+00	1.864014510000000e-06
5.122467200038955e+00	1.831650930000000e-06
5.167768600047566e+00	1.777711870000000e-06
5.214827400050126e+00	1.698344360000000e-06
5.261037799995393e+00	1.506668130000000e-06
5.307444300036877e+00	1.396285710000000e-06
5.354650299996138e+00	1.199215490000000e-06
5.385102899977937e+00	1.079971410000000e-06
5.417057999991812e+00	9.318317780000000e-07
5.464409900014289e+00	7.844624860000000e-07
5.510615200037137e+00	6.592467229999999e-07
5.556510500027798e+00	5.733294870000000e-07
5.603926500072703e+00	3.812678810000000e-07
5.635133199975826e+00	2.810953960000000e-07
5.666428299969994e+00	2.285047740000000e-07
5.696878000046127e+00	2.242666850000000e-07
5.728830800042488e+00	2.647209950000000e-07
5.759971500025131e+00	4.122830150000000e-07
5.806860700016841e+00	8.168383370000000e-07
5.914851600071415e+00	1.306322930000000e-06
6.022171400021762e+00	1.456196400000000e-06
6.053431199979968e+00	1.625719280000000e-06
6.085357300005853e+00	1.841475520000000e-06
6.115803900058381e+00	2.078229730000000e-06
6.146571999997832e+00	2.293407760000000e-06
6.178568799979985e+00	2.491633950000000e-06
6.209985499968752e+00	2.717407600000000e-06
6.255674100015312e+00	2.827211800000000e-06
6.317838000017218e+00	3.157396350000000e-06
6.364502700045705e+00	3.375271490000000e-06
6.411177500034682e+00	3.519365920000000e-06
6.442090700031258e+00	3.672899770000000e-06
6.472870500059798e+00	3.898865540000000e-06
6.520158100058325e+00	4.173762590000000e-06
6.566907100030221e+00	4.496433580000000e-06
6.613948700018227e+00	4.826425540000000e-06
6.659912600065582e+00	5.136189880000000e-06
6.720796399982646e+00	5.337112270000000e-06
6.750949300010689e+00	5.509910350000000e-06
6.782589100068435e+00	5.715071440000000e-06
6.813902299967594e+00	5.949513710000000e-06
6.861459900042973e+00	6.094956010000000e-06
6.908449899987318e+00	6.114990810000000e-06
6.955070900032297e+00	6.114990810000000e-06
7.001981300069019e+00	6.090718220000000e-06
7.033030300051905e+00	5.919654090000000e-06
7.065021499991417e+00	5.316500390000000e-06
7.112125099985860e+00	4.669038390000000e-06
7.157910000067204e+00	4.007322330000000e-06
7.205191300017759e+00	3.725682970000000e-06
7.252988500054926e+00	3.242928410000000e-06
7.283796500065364e+00	2.992689360000000e-06
7.314488800009713e+00	2.772309930000000e-06
7.345392300048843e+00	2.556746270000000e-06
7.376764900051057e+00	2.281849450000000e-06
7.407878600060940e+00	1.816817760000000e-06
7.454975000000559e+00	1.525932130000000e-06
7.517114300047979e+00	7.653910640000000e-07
7.564339400036260e+00	4.906871710000000e-07
7.611430600052699e+00	3.876250220000000e-07
7.642316600074992e+00	3.190453980000000e-07
7.673414499964565e+00	2.595197940000000e-07
7.720989100052975e+00	2.252299110000000e-07
7.767912100069225e+00	2.211845210000000e-07
7.814976699999534e+00	4.158524970000000e-07
7.956585300038569e+00	4.729908770000000e-07
7.987127500004135e+00	5.328930680000000e-07
8.017909900052473e+00	6.107217700000000e-07
8.064895400078967e+00	7.202961570000000e-07
8.111651199986227e+00	7.984127710000000e-07
8.142523300019093e+00	1.335604110000000e-06
8.266048300080001e+00	1.545003220000000e-06
8.296931400080211e+00	1.738413400000000e-06
8.327308300067671e+00	1.968039900000000e-06
8.357872699969448e+00	2.291096280000000e-06
8.406671800068580e+00	2.490477980000000e-06
8.436914799967781e+00	2.700455300000000e-06
8.467620600014925e+00	3.016769600000000e-06
8.514779999968596e+00	3.401085000000000e-06
8.560895700007677e+00	3.876904880000000e-06
8.607781999977306e+00	4.371988330000000e-06
8.654861600021832e+00	4.680596700000000e-06
8.717189399991184e+00	5.552097720000000e-06
8.748568900045939e+00	6.052575370000000e-06
8.778965400066227e+00	6.552860210000000e-06
8.810009100008756e+00	7.253298010000000e-06
8.856152200023644e+00	7.584059860000000e-06
8.918972300016321e+00	8.421849090000000e-06
8.965918399975635e+00	9.701135239999999e-06
9.060001600068063e+00	9.872119339999999e-06
9.092352800071239e+00	1.018911370000000e-05
9.123480800073594e+00	1.060408790000000e-05
9.154682100052014e+00	1.089994840000000e-05
9.185500600025989e+00	1.129186880000000e-05
9.216890900046565e+00	1.184132540000000e-05
9.262118900078349e+00	1.239846550000000e-05
9.309470099979080e+00	1.286339100000000e-05
9.357316200039349e+00	1.316117230000000e-05
9.418908399995416e+00	1.391043130000000e-05
9.466041299980134e+00	1.423511000000000e-05
9.497974700061604e+00	1.451175830000000e-05
9.529998300014995e+00	1.482106840000000e-05
9.561239400063641e+00	1.534362670000000e-05
9.608861900051124e+00	1.602372320000000e-05
9.656351900077425e+00	1.648864600000000e-05
9.718831500038505e+00	1.794105810000000e-05
9.765831400058232e+00	1.867302310000000e-05
9.797151300008409e+00	1.934351350000000e-05
9.827724899980240e+00	2.000439960000000e-05
9.858694300055504e+00	2.111675890000000e-05
9.906169599969871e+00	2.175074770000000e-05
9.951689400011674e+00	2.299566950000000e-05
9.982627499965020e+00	2.393320390000000e-05
1.001392090006266e+01	2.535295240000000e-05
1.006055479997303e+01	2.644417870000000e-05
1.009164160001092e+01	2.754501290000000e-05
1.012213330005761e+01	2.892633710000000e-05
1.015323349996470e+01	2.986579240000000e-05
1.018498770007864e+01	3.112031850000000e-05
1.021587760001421e+01	3.291469690000000e-05
1.026218339998741e+01	3.515094800000000e-05
1.030866670003161e+01	3.695493070000000e-05
1.035568040004000e+01	3.790015030000000e-05
1.038694480003323e+01	3.890684820000000e-05
1.041690620000008e+01	4.021132550000000e-05
1.046321299998090e+01	4.186161100000000e-05
1.050976190005895e+01	4.340623490000000e-05
1.055670139996801e+01	4.430919220000000e-05
1.060450260003563e+01	4.583844930000000e-05
1.065092599997297e+01	4.712947700000000e-05
1.068246310006361e+01	4.791907850000000e-05
1.071369450003840e+01	4.910444480000000e-05
1.075996749999467e+01	5.042045450000000e-05
1.081232120003551e+01	5.202847020000000e-05
1.085472750000190e+01	5.283152500000000e-05
1.091717450006399e+01	5.526181490000000e-05
1.096311720006634e+01	5.646254430000000e-05
1.099386310006958e+01	5.755185340000000e-05
1.102512250002474e+01	5.881214750000000e-05
1.105620019999333e+01	5.983421220000000e-05
1.111778510001022e+01	6.244508400000001e-05
1.116462449997198e+01	6.424138700000000e-05
1.121202960005030e+01	6.589167610000000e-05
1.125898699997924e+01	6.697906060000000e-05
1.129103459999897e+01	6.802994900000000e-05
1.132194040005561e+01	6.927486539999999e-05
1.136787610000465e+01	7.077722690000000e-05
1.141417440003715e+01	7.202983400000000e-05
1.146012559998780e+01	7.319598079999999e-05
1.152107879996765e+01	7.417962480000000e-05
1.156826590001583e+01	7.482514770000001e-05
1.159925339999609e+01	7.534962790000001e-05
1.163035150000360e+01	7.586641730000000e-05
1.166184810001869e+01	7.681163700000000e-05
1.170940729998983e+01	7.761853340000001e-05
1.175736669998150e+01	7.856375300000000e-05
1.181905040005222e+01	7.958773489999999e-05
1.186597470007837e+01	8.029280430000000e-05
1.189715950004756e+01	8.091334890000000e-05
1.192786639998667e+01	8.156654800000000e-05
1.195995010004845e+01	8.236575380000000e-05
1.200700350000989e+01	8.287486710000000e-05
1.205482910003047e+01	8.359915230000000e-05
1.211727499996778e+01	8.477491060000000e-05
1.216334800003096e+01	8.839361539999999e-05
1.227082410000730e+01	8.852793690000001e-05
1.230204590002540e+01	8.941067060000000e-05
1.233254650002345e+01	9.044691249999999e-05
1.236387010000180e+01	9.148314710000001e-05
1.239572749997023e+01	9.228913400000000e-05
1.242670569999609e+01	9.321024849999999e-05
1.245677150005940e+01	9.380511619999999e-05
1.251950459997170e+01	9.516759750000000e-05
1.256671470007859e+01	9.570490510000000e-05
1.261470320005901e+01	9.628060070000000e-05
1.266163930005860e+01	9.662601220000000e-05
1.269261290004943e+01	9.691386370000000e-05
1.272371719998773e+01	9.737440269999999e-05
1.275516760000028e+01	9.752792540000000e-05
1.280251379997935e+01	9.804606090000000e-05
1.283454509999137e+01	9.852580110000000e-05
1.286672950000502e+01	9.908230280000000e-05
1.291349249996711e+01	9.984989450000000e-05
1.296078480000142e+01	1.004447840000000e-04
1.299197640002239e+01	1.009628900000000e-04
1.302312670007814e+01	1.015385930000000e-04
1.305405709997285e+01	1.021526550000000e-04
1.308599060005508e+01	1.025556340000000e-04
1.311800510005560e+01	1.029586420000000e-04
1.316392449999694e+01	1.037070320000000e-04
1.321093010006007e+01	1.042443330000000e-04
1.325803919997998e+01	1.047241020000000e-04
1.328896120004356e+01	1.050311180000000e-04
1.331921440002043e+01	1.055876200000000e-04
1.336641989997588e+01	1.060673600000000e-04
1.341290350002237e+01	1.067198170000000e-04
1.345996979996562e+01	1.072763190000000e-04
1.350657710002270e+01	1.075258040000000e-04
1.355385030002799e+01	1.076792980000000e-04
1.358545180002693e+01	1.079287830000000e-04
1.361648740002420e+01	1.081206720000000e-04
1.366309869999532e+01	1.081398660000000e-04
1.371001010003965e+01	1.083509560000000e-04
1.375704810000025e+01	1.084085230000000e-04
1.381892920006067e+01	1.086579720000000e-04
1.386598750005942e+01	1.088690620000000e-04
1.389649569999892e+01	1.087923300000000e-04
1.392677530006040e+01	1.089074580000000e-04
1.395887129998300e+01	1.093104370000000e-04
1.400488530006260e+01	1.093871980000000e-04
1.405214689997956e+01	1.100012600000000e-04
1.408348819997627e+01	1.103275060000000e-04
1.411549860006198e+01	1.109223740000000e-04
1.416196329996455e+01	1.114213080000000e-04
1.419370160007384e+01	1.119202500000000e-04
1.422504709998611e+01	1.126110730000000e-04
1.425618540006690e+01	1.129181180000000e-04
1.432374220003840e+01	1.140311210000000e-04
1.437008600006811e+01	1.148562730000000e-04
1.441382210003212e+01	1.157773880000000e-04
1.445893109997269e+01	1.163146880000000e-04
1.449053100007586e+01	1.167944280000000e-04
1.452104600006714e+01	1.174276910000000e-04
1.456675390002783e+01	1.180417890000000e-04
1.461515910003800e+01	1.186942170000000e-04
1.466097780002747e+01	1.192507190000000e-04
1.470715140004177e+01	1.193658750000000e-04
1.475321880006231e+01	1.198456160000000e-04
1.478448959998786e+01	1.200950720000000e-04
1.481447810004465e+01	1.205172450000000e-04
1.486080819997005e+01	1.211313360000000e-04
1.490770340000745e+01	1.216494420000000e-04
1.495493930007797e+01	1.219180990000000e-04
1.500191770005040e+01	1.223019060000000e-04
1.503280489996541e+01	1.227048780000000e-04
1.506412970006932e+01	1.229543700000000e-04
1.509560510003939e+01	1.232997750000000e-04
1.512678859999869e+01	1.235492380000000e-04
1.515790920006111e+01	1.239522100000000e-04
1.520469480007887e+01	1.240098060000000e-04
1.523555880005006e+01	1.242016880000000e-04
1.526635160006117e+01	1.246046740000000e-04
1.531323650002014e+01	1.248925250000000e-04
1.536017540004104e+01	1.251228100000000e-04
1.539182829996571e+01	1.253530650000000e-04
1.542315310006961e+01	1.255641550000000e-04
1.545850160007831e+01	1.259095590000000e-04
1.551745559996925e+01	1.260822900000000e-04
1.556424920004793e+01	1.264276940000000e-04
1.561158240004443e+01	1.267539190000000e-04
1.565892830002122e+01	1.269649950000000e-04
1.569053720007651e+01	1.270993230000000e-04
1.572236899996642e+01	1.273104140000000e-04
1.575437700003386e+01	1.275982650000000e-04
1.578470059996471e+01	1.278669370000000e-04
1.581589379999787e+01	1.282699230000000e-04
1.586682470003143e+01	1.287496560000000e-04
1.591071209998336e+01	1.289991200000000e-04
1.595672500005458e+01	1.291718360000000e-04
1.598746189998928e+01	1.294788820000000e-04
1.601897980005015e+01	1.296899720000000e-04
1.606574009999167e+01	1.303424070000000e-04
1.611370950005949e+01	1.307453790000000e-04
1.616191570006777e+01	1.313594690000000e-04
1.620890870003495e+01	1.317624560000000e-04
1.625555780006107e+01	1.320886660000000e-04
1.628643249999732e+01	1.323573380000000e-04
1.631789030006621e+01	1.326643690000000e-04
1.636421670007985e+01	1.330289820000000e-04
1.641115729999729e+01	1.332208630000000e-04
1.645731379999779e+01	1.336046700000000e-04
1.651993329997640e+01	1.337773720000000e-04
1.656744490005076e+01	1.338733270000000e-04
1.659743710001931e+01	1.340460150000000e-04
1.662938419997226e+01	1.341036110000000e-04
1.665988170006312e+01	1.343338660000000e-04
1.670678750006482e+01	1.345065830000000e-04
1.675408460001927e+01	1.346409120000000e-04
1.678491380007472e+01	1.348711960000000e-04
1.681620000000112e+01	1.353317350000000e-04
1.686384110001381e+01	1.356003920000000e-04
1.689432700001635e+01	1.356195860000000e-04
1.692519290000200e+01	1.359650050000000e-04
1.695683490007650e+01	1.361568870000000e-04
1.700395470007788e+01	1.364447380000000e-04
1.703497010003775e+01	1.366558280000000e-04
1.706649450003169e+01	1.370012470000000e-04
1.711370280000847e+01	1.372507250000000e-04
1.715990189998411e+01	1.374042480000000e-04
1.719205640000291e+01	1.377688310000000e-04
1.722300960007124e+01	1.379799210000000e-04
1.725496769999154e+01	1.381142500000000e-04
1.731790979998186e+01	1.386515800000000e-04
1.736389340006281e+01	1.391505070000000e-04
1.741191969998181e+01	1.396302540000000e-04
1.745895280002151e+01	1.398605380000000e-04
1.748994810006116e+01	1.401675540000000e-04
1.752093060000334e+01	1.405129730000000e-04
1.756791139999405e+01	1.408775860000000e-04
1.761465270002373e+01	1.411654230000000e-04
1.766196629998740e+01	1.415876030000000e-04
1.770884980005212e+01	1.418754550000000e-04
1.775620210007764e+01	1.419905890000000e-04
1.778786609997042e+01	1.421441120000000e-04
1.781901430001017e+01	1.423551880000000e-04
1.786472990002949e+01	1.425278900000000e-04
1.791302660002839e+01	1.426238450000000e-04
1.795802430005278e+01	1.428349350000000e-04
1.800600659998599e+01	1.427773680000000e-04
1.805223889998160e+01	1.429116960000000e-04
1.808396030007862e+01	1.429500550000000e-04
1.811705860006623e+01	1.429692640000000e-04
1.816335829999298e+01	1.431227870000000e-04
1.820990969997365e+01	1.432571010000000e-04
1.825705550005659e+01	1.431611450000000e-04
1.831896319997031e+01	1.435065930000000e-04
1.836674860003404e+01	1.435065930000000e-04
1.839836019999348e+01	1.436025200000000e-04
1.842982760001905e+01	1.436409220000000e-04
1.846207820007112e+01	1.435257580000000e-04
1.850884630007204e+01	1.435641610000000e-04
1.855537740001455e+01	1.436025200000000e-04
1.860300700005610e+01	1.434873990000000e-04
1.863489350001328e+01	1.434489970000000e-04
1.866625490004662e+01	1.433722350000000e-04
1.869665639998857e+01	1.433146680000000e-04
1.872830640000757e+01	1.432955030000000e-04
1.875943169998936e+01	1.431611450000000e-04
1.880572750000283e+01	1.430652190000000e-04
1.886702540004626e+01	1.430460250000000e-04
1.891299850004725e+01	1.428733230000000e-04
1.895923270005733e+01	1.428157410000000e-04
1.899081690004095e+01	1.426046510000000e-04
1.902093110000715e+01	1.423551880000000e-04
1.906807400006801e+01	1.422400670000000e-04
1.911554939998314e+01	1.421441120000000e-04
1.916256510000676e+01	1.417027380000000e-04
1.920832870004233e+01	1.415876030000000e-04
1.925493320007809e+01	1.414724830000000e-04
1.928615220007487e+01	1.411654230000000e-04
1.931665829999838e+01	1.409927060000000e-04
1.936394920002203e+01	1.406856900000000e-04
1.941202000004705e+01	1.404746000000000e-04
1.945809379999992e+01	1.401867480000000e-04
1.951970319997054e+01	1.399948670000000e-04
1.956691240007058e+01	1.398029420000000e-04
1.959947800007649e+01	1.396110600000000e-04
1.962963350000791e+01	1.394383580000000e-04
1.966092639998533e+01	1.393232090000000e-04
1.970871490007266e+01	1.392464470000000e-04
1.975583649997134e+01	1.390545510000000e-04
1.981735749996733e+01	1.391313130000000e-04
1.986414169997443e+01	1.391121190000000e-04
1.989489520003553e+01	1.393615970000000e-04
1.992542500002310e+01	1.394767310000000e-04
1.995597260002978e+01	1.397070150000000e-04
2.001689760002773e+01	1.402443160000000e-04
2.006303560000379e+01	1.405513610000000e-04
2.010920439998154e+01	1.408200190000000e-04
2.015615880000405e+01	1.411270350000000e-04
2.018763579998631e+01	1.414724830000000e-04
2.021899910003413e+01	1.417411260000000e-04
2.026590920006856e+01	1.422208730000000e-04
2.031318150006700e+01	1.426046510000000e-04
2.035789580002893e+01	1.427773680000000e-04
2.040789719996974e+01	1.430652190000000e-04
2.046718190005049e+01	1.431035780000000e-04
2.049777740007266e+01	1.433530710000000e-04
2.052925370004959e+01	1.434106380000000e-04
2.055995320004877e+01	1.434681910000000e-04
2.060786980006378e+01	1.435257580000000e-04
2.065389740001410e+01	1.435449520000000e-04
2.068470350001007e+01	1.434106380000000e-04
2.071574300003704e+01	1.435449520000000e-04
2.076096870005131e+01	1.435449520000000e-04
2.079322840005625e+01	1.434681910000000e-04
2.082304000004660e+01	1.435833260000000e-04
2.085386620007921e+01	1.433914290000000e-04
2.088444190006703e+01	1.435065930000000e-04
2.091584190004505e+01	1.433914290000000e-04
2.096256620006170e+01	1.430460250000000e-04
2.100898300006520e+01	1.427581740000000e-04
2.105579310003668e+01	1.427198000000000e-04
2.108783890004270e+01	1.426238450000000e-04
2.111981960001867e+01	1.424511570000000e-04
2.116545560001396e+01	1.421441120000000e-04
2.121202550001908e+01	1.419905890000000e-04
2.125779629999306e+01	1.418946490000000e-04
2.132094520004466e+01	1.416451710000000e-04
2.137009710003622e+01	1.414532740000000e-04
2.139838610007428e+01	1.412805580000000e-04
2.142979389999527e+01	1.411462290000000e-04
2.146108200005256e+01	1.408775860000000e-04
2.150865890004206e+01	1.406664960000000e-04
2.155491439998150e+01	1.405705410000000e-04
2.160218280006666e+01	1.404554060000000e-04
2.163290189998224e+01	1.403402710000000e-04
2.166369359998498e+01	1.401099870000000e-04
2.169569189997856e+01	1.399181060000000e-04
2.172700259997509e+01	1.397837770000000e-04
2.175711580005009e+01	1.396686130000000e-04
2.180400440003723e+01	1.391696860000000e-04
2.183610469999257e+01	1.391505070000000e-04
2.186831739998888e+01	1.389202230000000e-04
2.191366149997339e+01	1.385940120000000e-04
2.196097650006413e+01	1.383637280000000e-04
2.199100310006179e+01	1.381910120000000e-04
2.202175129996613e+01	1.378839950000000e-04
2.206876499997452e+01	1.375385760000000e-04
2.211605209996924e+01	1.369628740000000e-04
2.216302229999565e+01	1.363296180000000e-04
2.220949879998807e+01	1.356771540000000e-04
2.225604010000825e+01	1.352357790000000e-04
2.228711180004757e+01	1.347176730000000e-04
2.231871020002291e+01	1.339308950000000e-04
2.236491830006707e+01	1.331825040000000e-04
2.241182330006268e+01	1.325108460000000e-04
2.245790989999659e+01	1.318200080000000e-04
2.251949460001197e+01	1.314170370000000e-04
2.256718020001426e+01	1.309756630000000e-04
2.259714830003213e+01	1.306110500000000e-04
2.262927150004543e+01	1.303807950000000e-04
2.265892570000142e+01	1.298434650000000e-04
2.270711690001190e+01	1.294021200000000e-04
2.275391339999624e+01	1.291334340000000e-04
2.278502750000916e+01	1.289799400000000e-04
2.281594280002173e+01	1.286728950000000e-04
2.286314280005172e+01	1.283850430000000e-04
2.289460830006283e+01	1.279245040000000e-04
2.292530200001784e+01	1.275791000000000e-04
2.295709170005284e+01	1.273871750000000e-04
2.300393500004429e+01	1.268690680000000e-04
2.303601530008018e+01	1.265044560000000e-04
2.306823800003622e+01	1.259287530000000e-04
2.311575470003299e+01	1.252571240000000e-04
2.316194540006109e+01	1.248157640000000e-04
2.319368610007223e+01	1.245471070000000e-04
2.322316880000290e+01	1.240481650000000e-04
2.325396390003152e+01	1.236067910000000e-04
2.328547830006573e+01	1.229735350000000e-04
2.331628380005714e+01	1.222443390000000e-04
2.336301740002818e+01	1.213615980000000e-04
2.340980630007107e+01	1.203445500000000e-04
2.345547990000341e+01	1.197112870000000e-04
2.348623380006757e+01	1.191739580000000e-04
2.351710339996498e+01	1.183296340000000e-04
2.356492949998938e+01	1.172166080000000e-04
2.361188119999133e+01	1.160844330000000e-04
2.365897029999178e+01	1.149522360000000e-04
2.372083300002851e+01	1.139543600000000e-04
2.376707539998461e+01	1.132251420000000e-04
2.379790990008041e+01	1.126686400000000e-04
2.382884360000025e+01	1.123232290000000e-04
2.385904700006358e+01	1.115556370000000e-04
2.392092379997484e+01	1.109991350000000e-04
2.395356320007704e+01	1.106153580000000e-04
2.398362820001785e+01	1.101164160000000e-04
2.401415080006700e+01	1.093104370000000e-04
2.406126590003259e+01	1.086579720000000e-04
2.409201390005182e+01	1.078903880000000e-04
2.412374710000586e+01	1.072955200000000e-04
2.415499140007887e+01	1.067773850000000e-04
2.420191950001754e+01	1.057987100000000e-04
2.423371669999324e+01	1.052614020000000e-04
2.426464820001274e+01	1.043210940000000e-04
2.431161850003991e+01	1.036110700000000e-04
2.435895140003413e+01	1.032080910000000e-04
2.439028190006502e+01	1.028051190000000e-04
2.442173100006767e+01	1.023061780000000e-04
2.446815520001110e+01	1.016729150000000e-04
2.451478129997849e+01	1.010972190000000e-04
2.456091530004051e+01	1.004447840000000e-04
2.460843989998102e+01	9.979232710000000e-05
2.465519850002602e+01	9.923582550000000e-05
2.468638059997465e+01	9.869849600000001e-05
2.471705300000031e+01	9.791173940000000e-05
2.476439739996567e+01	9.714414769999999e-05
2.481116470007692e+01	9.629979470000000e-05
2.485880980000366e+01	9.530192620000000e-05
2.492102000000887e+01	9.455353570000000e-05
2.496652780007571e+01	9.384351140000000e-05
2.499785759998485e+01	9.309509190000000e-05
2.502947180008050e+01	9.234670140000000e-05
2.506002049997915e+01	9.108017550000001e-05
2.510706740000751e+01	9.031258380000000e-05
2.515424619999249e+01	8.871982569999999e-05
2.518489290005527e+01	8.743412040000000e-05
2.521599439997226e+01	8.586056360000000e-05
2.526302930002566e+01	8.482432170000000e-05
2.529430349997710e+01	8.403753599999999e-05
2.532618069997989e+01	8.338509360000000e-05
2.535614420007914e+01	8.284777140000000e-05
2.541802730003837e+01	8.156206600000000e-05
2.546428299997933e+01	8.087122109999999e-05
2.551090660004411e+01	7.983497930000000e-05
2.556113479996566e+01	7.899063350000000e-05
2.559052430000156e+01	7.805033969999999e-05
2.562178370007314e+01	7.682219439999999e-05
2.566810640005860e+01	7.490320420000001e-05
2.571592660003807e+01	7.340640880000000e-05
2.576203009998426e+01	7.242773430000000e-05
2.580900160002057e+01	7.158338850000000e-05
2.585612140002195e+01	7.121879030000000e-05
2.588791970000602e+01	6.981471960000000e-05
2.601326310005970e+01	6.970328830000000e-05
2.604515979997814e+01	6.937092990000000e-05
2.607583800004795e+01	6.889063660000000e-05
2.612220109999180e+01	6.813945220000000e-05
2.615280290006194e+01	6.754772770000000e-05
2.618324739998206e+01	6.695985210000000e-05
2.621520550001878e+01	6.623172520000000e-05
2.626153849996626e+01	6.545941140000000e-05
2.630780199996661e+01	6.477355779999999e-05
2.635501729999669e+01	6.439123540000000e-05
2.640151640004478e+01	6.367656169999999e-05
2.643303830001969e+01	6.314823990000000e-05
2.646309880004264e+01	6.216075419999999e-05
2.650983310001902e+01	6.114829740000000e-05
2.655657040001824e+01	6.057770590000000e-05
2.660369250003714e+01	5.963248620000000e-05
2.663502390007488e+01	5.901771150000000e-05
2.666595070005860e+01	5.821850210000000e-05
2.671249150007498e+01	5.774973760000000e-05
2.674310010008048e+01	5.739240080000000e-05
2.677469290001318e+01	5.695052820000000e-05
2.680629880004562e+01	5.663737470000000e-05
2.685227580007631e+01	5.619742300000000e-05
2.688370230002329e+01	5.587850680000000e-05
2.691525540000293e+01	5.537132170000000e-05
2.696144530002493e+01	5.477960080000000e-05
2.700685030000750e+01	5.437615250000000e-05
2.704201490001287e+01	5.399191650000000e-05
2.707318609999493e+01	5.360575960000000e-05
2.712016589997802e+01	5.311009950000000e-05
2.716699619998690e+01	5.254718780000000e-05
2.721405479998793e+01	5.161349690000000e-05
2.726115739997476e+01	5.032823170000000e-05
2.730870140006300e+01	4.959242510000000e-05
2.733997910004109e+01	4.878744950000000e-05
2.737096059997566e+01	4.784607880000000e-05
2.741693579999264e+01	4.692775470000000e-05
2.746301980002318e+01	4.602095580000000e-05
2.750980980007444e+01	4.509495560000000e-05
2.755596959998365e+01	4.448017350000000e-05
2.760408129997086e+01	4.316032570000000e-05
2.763184859999456e+01	4.241299030000000e-05
2.766299770004116e+01	4.103550600000000e-05
2.771017830003984e+01	3.974447830000000e-05
2.775702370004728e+01	3.903556350000000e-05
2.780317520000972e+01	3.803078650000000e-05
2.783449659997132e+01	3.738143280000000e-05
2.786598020000383e+01	3.655148610000000e-05
2.791326409997419e+01	3.610193020000000e-05
2.794509100005962e+01	3.568311150000000e-05
2.797676570003387e+01	3.525853030000000e-05
2.801019960001577e+01	3.466873390000000e-05
2.805440310004633e+01	3.436902990000000e-05
2.811615220003296e+01	3.342765190000000e-05
2.816363700001966e+01	3.271297460000000e-05
2.820985550002661e+01	3.234218820000000e-05
2.824102850002237e+01	3.193490190000000e-05
2.827280460007023e+01	3.137007300000000e-05
2.832011369999964e+01	3.080524770000000e-05
2.836600430007093e+01	3.025387010000000e-05
2.841299340000842e+01	2.971017970000000e-05
2.845892020000611e+01	2.891096850000000e-05
2.850579259998631e+01	2.836727440000000e-05
2.853622750006616e+01	2.762954320000000e-05
2.856795429997146e+01	2.657289770000000e-05
2.861585200007539e+01	2.561231120000000e-05
2.866194720007479e+01	2.477659840000000e-05
2.870884189999197e+01	2.387364660000000e-05
2.875569290004205e+01	2.330305690000000e-05
2.880245389998890e+01	2.220990970000000e-05
2.883360220002942e+01	2.148946810000000e-05
2.886438709998038e+01	2.044627040000000e-05
2.891028150008060e+01	1.955484370000000e-05
2.895763139997143e+01	1.871528910000000e-05
2.900427679996938e+01	1.836371300000000e-05
2.903572110005189e+01	1.794489800000000e-05
2.906608120002784e+01	1.736086230000000e-05
2.911297070002183e+01	1.698239070000000e-05
2.914559450000525e+01	1.661736500000000e-05
2.917631560005248e+01	1.631189840000000e-05
2.920786510000471e+01	1.595840150000000e-05
2.925451410003006e+01	1.582199910000000e-05
2.928550910006743e+01	1.563564550000000e-05
2.931596560007893e+01	1.532249370000000e-05
2.936186339997221e+01	1.490752040000000e-05
2.940884699998423e+01	1.465200420000000e-05
2.943994900002144e+01	1.435614290000000e-05
2.947028040001169e+01	1.394117040000000e-05
2.951642460003495e+01	1.341668940000000e-05
2.956305830006022e+01	1.271930250000000e-05
2.961112949997187e+01	1.194506880000000e-05
2.965892620000523e+01	1.121694280000000e-05
2.970645290007815e+01	1.089994840000000e-05
2.973703680001199e+01	1.053684630000000e-05
2.976882660004776e+01	1.007768510000000e-05
2.981598209997173e+01	9.522466830000000e-06
2.986318690003827e+01	9.028723980000000e-06
2.990927870001178e+01	8.513849020000000e-06
2.995546249998733e+01	8.223751139999999e-06
3.000150230003055e+01	7.693505720000000e-06
3.003323060006369e+01	7.263163750000000e-06
3.006470510002691e+01	6.529274740000000e-06
3.011154389998410e+01	5.791543120000000e-06
3.015681499999482e+01	5.391938430000000e-06
3.021895760006737e+01	4.414060190000000e-06
3.026493710000068e+01	3.816574920000000e-06
3.031241800007410e+01	2.686199880000000e-06
3.042227239999920e+01	2.406294700000000e-06
3.045248400000855e+01	2.147579830000000e-06
3.048434570000973e+01	1.905817160000000e-06
3.051507149997633e+01	1.700463370000000e-06
3.054615549999289e+01	1.522464570000000e-06
3.057748590002302e+01	1.360069290000000e-06
3.060845369996969e+01	1.161458040000000e-06
3.065428750007413e+01	1.078622970000000e-06
3.068541350006126e+01	1.004456860000000e-06
3.071651020005811e+01	9.231630430000000e-07
3.076580419996753e+01	8.528494390000000e-07
3.081208110006992e+01	8.156699780000000e-07
3.084415790007915e+01	7.782979310000000e-07
3.087519020005129e+01	7.260925940000001e-07
3.090657850005664e+01	6.898764580000000e-07
3.095360220002476e+01	6.205261800000000e-07
3.098482840007637e+01	5.656240770000000e-07
3.101603409997188e+01	4.770097920000000e-07
3.106236570002511e+01	3.853133990000000e-07
3.110867220000364e+01	3.471706980000000e-07
3.114204940001946e+01	2.416543620000000e-07
3.126601210003719e+01	2.357428170000000e-07
3.129720120003913e+01	2.304646640000000e-07
3.132910620002076e+01	2.275280910000000e-07
3.136016110004857e+01	2.260501900000000e-07
3.139137540000957e+01	2.248410170000000e-07
3.142189390002750e+01	2.225954180000000e-07
3.145384500001092e+01	2.199659260000000e-07
3.148425780003890e+01	2.167798390000000e-07
3.151515150000341e+01	2.150332820000000e-07
3.156096390006132e+01	2.221347730000000e-07
3.160873290000018e+01	2.404067630000000e-07
3.165450220007915e+01	2.562412360000000e-07
3.168525790004060e+01	2.811156890000000e-07
3.171571810008027e+01	3.290988670000000e-07
3.176244770002086e+01	3.956035930000000e-07
3.180904580000788e+01	4.762920870000000e-07
3.185623989999294e+01	5.322597190000000e-07
3.191963140002917e+01	7.007190560000000e-07
3.196664910006803e+01	7.837683140000000e-07
3.199941150005907e+01	1.104629400000000e-06
3.213889910001308e+01	1.198059520000000e-06
3.216991509997752e+01	1.270877310000000e-06
3.220134360005613e+01	1.332907120000000e-06
3.223245490004774e+01	1.406495470000000e-06
3.226305379997939e+01	1.536527290000000e-06
3.230954899999779e+01	1.686978750000000e-06
3.235613510000985e+01	1.786766010000000e-06
3.240211720007937e+01	1.941070200000000e-06
3.243373779999092e+01	2.020245120000000e-06
3.246465330000501e+01	2.073413730000000e-06
3.249502240004949e+01	2.099612400000000e-06
3.252713200007565e+01	2.102116920000000e-06
3.255845939996652e+01	2.071679770000000e-06
3.260656360001303e+01	1.985569950000000e-06
3.265385670005344e+01	1.704316330000000e-06
3.268483080004808e+01	1.479698540000000e-06
3.271578940004110e+01	1.157027330000000e-06
3.276279690000229e+01	9.576455110000000e-07
3.279382949997671e+01	8.081571540000000e-07
3.282513740006834e+01	6.640627820000000e-07
3.285682700003963e+01	5.619637020000000e-07
3.291896699997596e+01	3.546836350000000e-07
3.296555560000706e+01	2.502730750000000e-07
3.301210100005846e+01	2.240741000000000e-07
3.305890309996903e+01	2.668400330000000e-07
3.309474400000181e+01	3.760666800000000e-07
3.312125540000852e+01	2.483735670000000e-06
3.333958829997573e+01	2.956665870000000e-06
3.337095520005096e+01	3.371804040000000e-06
3.340239890001249e+01	3.766522240000000e-06
3.343409580003936e+01	4.138894380000000e-06
3.346401049999986e+01	4.653241830000000e-06
3.351047510001808e+01	5.137922930000000e-06
3.355728750000708e+01	5.769588820000000e-06
3.360518549999688e+01	6.112678880000000e-06
3.365172620001249e+01	6.641088930000000e-06
3.368257730000187e+01	6.938910250000000e-06
3.371374350006226e+01	7.287973400000000e-06
3.376101670006756e+01	7.689626730000000e-06
3.380813230003696e+01	8.181049450000000e-06
3.385614010004792e+01	8.493510899999999e-06
3.391844450007193e+01	1.001812870000000e-05
3.398116640001535e+01	1.033512400000000e-05
3.401225719996728e+01	1.083270760000000e-05
3.404260559997056e+01	1.138024250000000e-05
3.407343880005646e+01	1.208915640000000e-05
3.412098050001077e+01	1.293639430000000e-05
3.416773520002607e+01	1.379516020000000e-05
3.421378730004653e+01	1.467890160000000e-05
3.425992520002183e+01	1.522067030000000e-05
3.429598880000412e+01	1.580663050000000e-05
3.432291840005200e+01	1.638874530000000e-05
3.435448820004240e+01	1.678642730000000e-05
3.441578749998007e+01	1.784499550000000e-05
3.446368470008019e+01	1.857312240000000e-05
3.450946980004665e+01	1.928587880000000e-05
3.455660470004659e+01	1.975464690000000e-05
3.458756190002896e+01	2.024262540000000e-05
3.462196770007722e+01	2.097075050000000e-05
3.466527640004642e+01	2.209271590000000e-05
3.471344570000656e+01	2.307635990000000e-05
3.475871990004089e+01	2.399852200000000e-05
3.480607170006260e+01	2.445191970000000e-05
3.485185360000469e+01	2.526457680000000e-05
3.488342700002249e+01	2.587358900000000e-05
3.491449029999785e+01	2.669585410000000e-05
3.496285180002451e+01	2.757959370000000e-05
3.500891520001460e+01	2.827313980000000e-05
3.505525159998797e+01	2.863047670000000e-05
3.511685940006282e+01	2.946811040000000e-05
3.516358160006348e+01	2.982160730000000e-05
3.519463380007073e+01	3.017317980000000e-05
3.522553369996604e+01	3.053051840000000e-05
3.525693080003839e+01	3.079179810000000e-05
3.531990560004488e+01	3.153145010000000e-05
3.536605810001493e+01	3.198293050000000e-05
3.541368820006028e+01	3.232297600000000e-05
3.545990899996832e+01	3.259386360000000e-05
3.549154650000855e+01	3.286666830000000e-05
3.552168620005250e+01	3.322016710000000e-05
3.556771880004089e+01	3.366587770000000e-05
3.561461330007296e+01	3.409237980000000e-05
3.566094440000597e+01	3.450927400000000e-05
3.570847189996857e+01	3.494730480000000e-05
3.575562130007893e+01	3.523163470000000e-05
3.578620880004019e+01	3.551981350000000e-05
3.581716860004235e+01	3.597321120000000e-05
3.586394690000452e+01	3.658222340000000e-05
3.590952200000174e+01	3.703177940000000e-05
3.595581870002206e+01	3.724694760000000e-05
3.600241640000604e+01	3.765039950000000e-05
3.603369559999555e+01	3.793088760000000e-05
3.606359699997120e+01	3.820369600000000e-05
3.609422049997374e+01	3.846113030000000e-05
3.612674470001366e+01	3.883192040000000e-05
3.615844999998808e+01	3.946590730000000e-05
3.621996650006622e+01	4.008452380000000e-05
3.626723900006618e+01	4.092023660000000e-05
3.631435160001274e+01	4.178092060000000e-05
3.636157170007937e+01	4.232077480000000e-05
3.639247960003559e+01	4.281835570000000e-05
3.642304060002789e+01	4.340047600000000e-05
3.645488840003964e+01	4.373667980000000e-05
3.651677410001867e+01	4.454165170000000e-05
3.656396290007979e+01	4.502579030000000e-05
3.661285610008053e+01	4.556756180000000e-05
3.665893100004178e+01	4.590184470000000e-05
3.668997070007026e+01	4.620539040000000e-05
3.672292950004339e+01	4.663957590000000e-05
3.676711909996811e+01	4.718326820000000e-05
3.681406990007963e+01	4.776538840000000e-05
3.686090720002539e+01	4.829178580000000e-05
3.692368130001705e+01	4.875479500000000e-05
3.695488209999166e+01	4.905257080000000e-05
3.698455619998276e+01	4.947138950000000e-05
3.701555270003155e+01	5.024562420000000e-05
3.706271610001568e+01	5.130611320000000e-05
3.710969660000410e+01	5.257984960000000e-05
3.715634730004240e+01	5.330413840000000e-05
3.720393750001676e+01	5.458747910000000e-05
3.723479040001985e+01	5.546929610000000e-05
3.726592370006256e+01	5.635496560000000e-05
3.729697040002793e+01	5.725791200000000e-05
3.732785650005098e+01	5.826845520000000e-05
3.735815630003344e+01	5.982460790000000e-05
3.740477480005939e+01	6.063342150000000e-05
3.745162519998848e+01	6.217804180000000e-05
3.748268620006274e+01	6.314823990000000e-05
3.751395140006207e+01	6.462754390000001e-05
3.755884569999762e+01	6.559774190000000e-05
3.759014059999026e+01	6.658329950000001e-05
3.762209249997977e+01	6.774177020000000e-05
3.766869560000487e+01	6.924989429999999e-05
3.771565110003576e+01	7.059471679999999e-05
3.776269830006640e+01	7.188766180000000e-05
3.780995660007466e+01	7.311337690000000e-05
3.785701599996537e+01	7.389721579999999e-05
3.788710340007674e+01	7.460613409999999e-05
3.791879999998491e+01	7.557631760000001e-05
3.796521419996861e+01	7.667139289999999e-05
3.801254660007544e+01	7.761276360000001e-05
3.805999730003532e+01	7.865596850000000e-05
3.810651890002191e+01	7.916700270000000e-05
3.815453210007399e+01	8.022556720000001e-05
3.818538969999645e+01	8.096714010000000e-05
3.821589850005694e+01	8.201033780000000e-05
3.826307230000384e+01	8.319570039999999e-05
3.831022850004956e+01	8.411018640000000e-05
3.835682630003430e+01	8.477106890000000e-05
3.840901309996843e+01	8.891173640000000e-05
3.849498690001201e+01	8.889254970000000e-05
3.852665020001587e+01	8.950661870000000e-05
3.855787929997314e+01	9.083071930000000e-05
3.860579780000262e+01	9.175180460000000e-05
3.865343299997039e+01	9.351726479999999e-05
3.868489070003852e+01	9.463026799999999e-05
3.871549670002423e+01	9.568570390000000e-05
3.874592500005383e+01	9.677953490000000e-05
3.877688640006818e+01	9.789253820000001e-05
3.880789779999759e+01	9.969636450000000e-05
3.885374390007928e+01	1.005407180000000e-04
3.888475660001859e+01	1.016345490000000e-04
3.891467430000193e+01	1.030737690000000e-04
3.896201290003955e+01	1.047432740000000e-04
3.900843050004914e+01	1.057795090000000e-04
3.903984320000745e+01	1.069117130000000e-04
3.907161280000582e+01	1.079671490000000e-04
3.911923449998721e+01	1.093679970000000e-04
3.916581949999090e+01	1.107496790000000e-04
3.921162630000617e+01	1.119202500000000e-04
3.925791090005077e+01	1.129948800000000e-04
3.931983469997067e+01	1.137624710000000e-04
3.935063060000539e+01	1.143957340000000e-04
3.938202040002216e+01	1.148754750000000e-04
3.941273229999933e+01	1.155279020000000e-04
3.945996070001274e+01	1.161611650000000e-04
3.950707180006430e+01	1.167752630000000e-04
3.955348060000688e+01	1.170439140000000e-04
3.958375760004856e+01	1.175620200000000e-04
3.961553940002341e+01	1.182144770000000e-04
3.964646660001017e+01	1.187134180000000e-04
3.967749460006598e+01	1.193466810000000e-04
3.970966260007117e+01	1.201718330000000e-04
3.975663770001847e+01	1.206132070000000e-04
3.980311199999414e+01	1.214383590000000e-04
3.983473990007769e+01	1.219756890000000e-04
3.986544890003279e+01	1.228200130000000e-04
3.991170669998974e+01	1.234341030000000e-04
3.994337450002786e+01	1.239330450000000e-04
3.997418979997747e+01	1.245663010000000e-04
4.000680289999582e+01	1.251228100000000e-04
4.006688190007117e+01	1.265428290000000e-04
4.011675599997398e+01	1.274063690000000e-04
4.016181049996521e+01	1.284618050000000e-04
4.020845210005064e+01	1.288072240000000e-04
4.023993480007630e+01	1.293445240000000e-04
4.027142270002514e+01	1.298626590000000e-04
4.031824160006363e+01	1.304191680000000e-04
4.036489049997181e+01	1.310524240000000e-04
4.041079950006679e+01	1.316089330000000e-04
4.045688499999233e+01	1.320310980000000e-04
4.052289979998022e+01	1.326068010000000e-04
4.054955800005700e+01	1.327411300000000e-04
4.058113349997438e+01	1.330289820000000e-04
4.061239000002388e+01	1.332784300000000e-04
4.065993409999646e+01	1.336238490000000e-04
4.070865220006090e+01	1.339308950000000e-04
4.075569220003672e+01	1.339116860000000e-04
4.080175059998874e+01	1.341995380000000e-04
4.083276060002390e+01	1.343914340000000e-04
4.086437530000694e+01	1.344873890000000e-04
4.091168500005733e+01	1.347560460000000e-04
4.095747969998047e+01	1.351590470000000e-04
4.100532310002018e+01	1.351398530000000e-04
4.105277629999910e+01	1.354852570000000e-04
4.108390430000145e+01	1.356387800000000e-04
4.111263950006105e+01	1.358690500000000e-04
4.114421120006591e+01	1.361377220000000e-04
4.117454330006149e+01	1.365790670000000e-04
4.120520470000338e+01	1.366366340000000e-04
4.125196550006513e+01	1.370972020000000e-04
4.128308630001266e+01	1.372890980000000e-04
4.131481510004960e+01	1.375961440000000e-04
4.136103210004512e+01	1.378647870000000e-04
4.140740729996469e+01	1.381526380000000e-04
4.143882170005236e+01	1.384788630000000e-04
4.146971490001306e+01	1.388051020000000e-04
4.151584000000730e+01	1.392272680000000e-04
4.156409450003412e+01	1.395150900000000e-04
4.172068320005201e+01	1.402443160000000e-04
4.175225720007438e+01	1.402059570000000e-04
4.178257140005007e+01	1.404170330000000e-04
4.181380910007283e+01	1.404937790000000e-04
4.186072760005482e+01	1.405705410000000e-04
4.190742000006139e+01	1.406856900000000e-04
4.195484480005689e+01	1.408008250000000e-04
4.200120070006233e+01	1.411270350000000e-04
4.203246939997189e+01	1.412229900000000e-04
4.206293270003516e+01	1.414532740000000e-04
4.211029229999986e+01	1.418178870000000e-04
4.215581400005613e+01	1.419522160000000e-04
4.221670580003411e+01	1.421633060000000e-04
4.226301650004461e+01	1.424703220000000e-04
4.231031740002800e+01	1.424703220000000e-04
4.234203770000022e+01	1.425470840000000e-04
4.237269250000827e+01	1.427198000000000e-04
4.240429680002853e+01	1.427198000000000e-04
4.243517609999981e+01	1.427389800000000e-04
4.246668110007886e+01	1.429500550000000e-04
4.251275430002715e+01	1.431419810000000e-04
4.255996830004733e+01	1.431995480000000e-04
4.260768430004828e+01	1.432955030000000e-04
4.263719140004832e+01	1.432187420000000e-04
4.266869349998888e+01	1.433338770000000e-04
4.271478070004378e+01	1.434298320000000e-04
4.276227479998488e+01	1.435257580000000e-04
4.280896389996633e+01	1.436217140000000e-04
4.285603190003894e+01	1.436600870000000e-04
4.291922420007177e+01	1.435641610000000e-04
4.294967560004443e+01	1.436600870000000e-04
4.298147180001251e+01	1.436025200000000e-04
4.301208080002107e+01	1.437176830000000e-04
4.305888829997275e+01	1.437560420000000e-04
4.310534150002059e+01	1.437560420000000e-04
4.315229930006899e+01	1.438328040000000e-04
4.318309669999871e+01	1.436792810000000e-04
4.321529089997057e+01	1.436217140000000e-04
4.324684949999209e+01	1.436025200000000e-04
4.327705030003563e+01	1.436217140000000e-04
4.330738919996656e+01	1.435833260000000e-04
4.337094010005239e+01	1.434873990000000e-04
4.341697280004155e+01	1.433146680000000e-04
4.346301639999729e+01	1.434106380000000e-04
4.351069210004061e+01	1.433338770000000e-04
4.354176960000768e+01	1.433722350000000e-04
4.357198220002465e+01	1.433914290000000e-04
4.362155520007946e+01	1.432763090000000e-04
4.366406930005178e+01	1.432379070000000e-04
4.371112890006043e+01	1.434489970000000e-04
4.375783230003435e+01	1.435257580000000e-04
4.380357129999902e+01	1.435257580000000e-04
4.383666390005965e+01	1.435449520000000e-04
4.386582429998089e+01	1.435833260000000e-04
4.391178429999854e+01	1.435833260000000e-04
4.395730740006547e+01	1.436217140000000e-04
4.400305880000815e+01	1.435449520000000e-04
4.403341789997648e+01	1.436600870000000e-04
4.406487300002482e+01	1.436792810000000e-04
4.411188870004844e+01	1.435641610000000e-04
4.414518610003870e+01	1.436025200000000e-04
4.417584170005284e+01	1.434681910000000e-04
4.420713009999599e+01	1.433722350000000e-04
4.425362610002048e+01	1.433914290000000e-04
4.428406370000448e+01	1.432187420000000e-04
4.431485780002549e+01	1.430076520000000e-04
4.436154349998105e+01	1.427389800000000e-04
4.440777370007709e+01	1.425854720000000e-04
4.443872430000920e+01	1.423743960000000e-04
4.446976530004758e+01	1.420865450000000e-04
4.452047820005100e+01	1.418178870000000e-04
4.456361569999717e+01	1.414724830000000e-04
4.460957490000874e+01	1.408392130000000e-04
4.465693409997039e+01	1.402443160000000e-04
4.471892150002532e+01	1.397261800000000e-04
4.474987459997647e+01	1.393424030000000e-04
4.478161419997923e+01	1.387859080000000e-04
4.481302310002502e+01	1.376729050000000e-04
4.485996370005887e+01	1.363871710000000e-04
4.490652590000536e+01	1.357923030000000e-04
4.495275429997128e+01	1.347752400000000e-04
4.498383070004638e+01	1.341611790000000e-04
4.501454410003498e+01	1.336814310000000e-04
4.504598699999042e+01	1.331632960000000e-04
4.507789189997129e+01	1.326068010000000e-04
4.510885570000391e+01	1.318775760000000e-04
4.515696920000482e+01	1.311675590000000e-04
4.521789069997612e+01	1.303616010000000e-04
4.526417980005499e+01	1.291334340000000e-04
4.531181610003114e+01	1.283658490000000e-04
4.534296470007394e+01	1.277134140000000e-04
4.537456310004927e+01	1.269074420000000e-04
4.540525609999895e+01	1.263317390000000e-04
4.545179459999781e+01	1.255641550000000e-04
4.548273080005310e+01	1.251036010000000e-04
4.551460920006502e+01	1.243168230000000e-04
4.556023870001081e+01	1.234149090000000e-04
4.560593089996837e+01	1.230311030000000e-04
4.564107959996909e+01	1.224554290000000e-04
4.566883109998889e+01	1.216302480000000e-04
4.571461859997362e+01	1.204980730000000e-04
4.576085359998979e+01	1.191355910000000e-04
4.580604000005405e+01	1.185407240000000e-04
4.586842710000928e+01	1.169287570000000e-04
4.591664549999405e+01	1.161803670000000e-04
4.594738979998510e+01	1.156814320000000e-04
4.597875140001997e+01	1.151633260000000e-04
4.600898200005759e+01	1.143957340000000e-04
4.605504430003930e+01	1.140311210000000e-04
4.611734770005569e+01	1.130716190000000e-04
4.616493810003158e+01	1.120162050000000e-04
4.621164660004433e+01	1.113637480000000e-04
4.624192579998635e+01	1.105961560000000e-04
4.627403770003002e+01	1.098093710000000e-04
4.630502169998363e+01	1.092336750000000e-04
4.636833860003389e+01	1.074298420000000e-04
4.641499159997329e+01	1.061249500000000e-04
4.646206439996604e+01	1.046089460000000e-04
4.650883669999894e+01	1.039564890000000e-04
4.654084689996671e+01	1.031121360000000e-04
4.657197529997211e+01	1.022294160000000e-04
4.660342790000141e+01	1.016345490000000e-04
4.663579760002904e+01	1.007902030000000e-04
4.666638950002380e+01	9.961960310000000e-05
4.671285690006334e+01	9.846823380000000e-05
4.675885610003024e+01	9.714414769999999e-05
4.680527870007791e+01	9.654925089999999e-05
4.683686969999690e+01	9.591598790000000e-05
4.686722000001464e+01	9.470702929999999e-05
4.691502040007617e+01	9.372835480000000e-05
4.696103260002565e+01	9.259615040000000e-05
4.700687669997569e+01	9.154071450000000e-05
4.705399090005085e+01	9.081151800000000e-05
4.712185660004616e+01	8.914200590000001e-05
4.714830150001217e+01	8.854712360000000e-05
4.718028490000870e+01	8.785629320000000e-05
4.721191910002381e+01	8.668571540000000e-05
4.725784510001540e+01	8.532324860000000e-05
4.730541450006422e+01	8.470917960000000e-05
4.735083230002783e+01	8.361536310000000e-05
4.738168600003701e+01	8.263668860000000e-05
4.741593830008060e+01	8.177314880000000e-05
4.744566840003245e+01	8.119745330000000e-05
4.747722280002199e+01	8.044904830000000e-05
4.750783830008004e+01	7.952794840000000e-05
4.755454260006081e+01	7.908657430000001e-05
4.761742310004774e+01	7.732111410000000e-05
4.766467009996995e+01	7.582431860000000e-05
4.770984819997102e+01	7.492240550000000e-05
4.774164939997718e+01	7.403967170000000e-05
4.777278660004959e+01	7.308018390000000e-05
4.780334890005179e+01	7.256206300000001e-05
4.783455370005686e+01	7.183285200000000e-05
4.786602850002237e+01	7.073903540000000e-05
4.791377210000064e+01	6.769566240000000e-05
4.802102099999320e+01	6.708857110000001e-05
4.805191659997217e+01	6.633547310000001e-05
4.808340860006865e+01	6.559005120000000e-05
4.811506229999941e+01	6.471591770000000e-05
4.816221660003066e+01	6.369385660000000e-05
4.820865400007460e+01	6.266025590000000e-05
4.825510910002049e+01	6.209735150000000e-05
4.831818719999865e+01	6.036637210000000e-05
4.836422690004110e+01	5.961135680000000e-05
4.839593720005360e+01	5.895238790000000e-05
4.842794029996730e+01	5.820505250000000e-05
4.845904270000756e+01	5.733860230000000e-05
4.852064940007403e+01	5.655668430000000e-05
4.856692520005163e+01	5.571329170000000e-05
4.861642350000329e+01	5.483339190000000e-05
4.866208370006643e+01	5.428777510000000e-05
4.869410820002668e+01	5.375369070000000e-05
4.872534550004639e+01	5.321576100000000e-05
4.875686650001444e+01	5.258945380000000e-05
4.880389260000084e+01	5.229744060000000e-05
4.883546570001636e+01	5.185749250000000e-05
4.886700640001800e+01	5.127537220000000e-05
4.891365560004488e+01	5.059720210000000e-05
4.896009170007892e+01	5.014187990000000e-05
4.899168800003827e+01	4.962316230000000e-05
4.902308660000563e+01	4.896612150000000e-05
4.905422990000807e+01	4.842050480000000e-05
4.911718709999695e+01	4.680095660000000e-05
4.916581530007534e+01	4.583652120000000e-05
4.921170830004849e+01	4.488746340000000e-05
4.925708380003925e+01	4.413820720000000e-05
4.928897750005126e+01	4.349461230000000e-05
4.931963090004865e+01	4.275303950000000e-05
4.936593570001423e+01	4.203259600000000e-05
4.941289090004284e+01	4.153885670000000e-05
4.945993010001257e+01	4.098363570000000e-05
4.950704230007250e+01	4.005379010000000e-05
4.955389440001454e+01	3.954467680000000e-05
4.958479870005976e+01	3.895679770000000e-05
4.961626959999558e+01	3.814798040000000e-05
4.966424419998657e+01	3.698374710000000e-05
4.971200940001290e+01	3.594631200000000e-05
4.975837679998949e+01	3.503951670000000e-05
4.980528359999880e+01	3.458804350000000e-05
4.985219380003400e+01	3.391563220000000e-05
4.988274330005515e+01	3.356213350000000e-05
4.991387310007121e+01	3.305494470000000e-05
4.996091160003562e+01	3.250933150000000e-05
5.000786540005356e+01	3.183499940000000e-05
5.005407070007641e+01	3.145268420000000e-05
5.008553909999318e+01	3.102810660000000e-05
5.011565370007884e+01	3.046135680000000e-05
5.016334009997081e+01	3.008480600000000e-05
5.019484989997000e+01	2.967559520000000e-05
5.022607890004292e+01	2.914727340000000e-05
5.025715499999933e+01	2.828466680000000e-05
5.031984700006433e+01	2.752195910000000e-05
5.036709519999567e+01	2.681496700000000e-05
5.041306509997230e+01	2.618289730000000e-05
5.046036899997853e+01	2.574103020000000e-05
5.049095780006610e+01	2.525881430000000e-05
5.052187589998357e+01	2.467477860000000e-05
5.055315260007046e+01	2.434241290000000e-05
5.058366650005337e+01	2.393896470000000e-05
5.061584230000153e+01	2.343561940000000e-05
5.066370440006722e+01	2.272862730000000e-05
5.070983840001281e+01	2.198897350000000e-05
5.075785940000787e+01	2.147217860000000e-05
5.078896629996598e+01	2.094769480000000e-05
5.082039590005297e+01	2.029449750000000e-05
5.086609700007830e+01	1.947223250000000e-05
5.091382490005344e+01	1.878445250000000e-05
5.096406290004961e+01	1.807169790000000e-05
5.100721619999968e+01	1.729169890000000e-05
5.105402240005787e+01	1.692667320000000e-05
5.108520079997834e+01	1.645214430000000e-05
5.111662490002345e+01	1.581623660000000e-05
5.116243759996723e+01	1.503623930000000e-05
5.120892270002514e+01	1.430811430000000e-05
5.125629010004923e+01	1.390850960000000e-05
5.131968509999570e+01	1.303053250000000e-05
5.136710090003908e+01	1.260403220000000e-05
5.139849829999730e+01	1.226398400000000e-05
5.142924209998455e+01	1.193161920000000e-05
5.145996450004168e+01	1.123999660000000e-05
5.150678549997974e+01	1.082694420000000e-05
5.155340650002472e+01	1.015453290000000e-05
5.158484720007982e+01	9.802956810000000e-06
5.161686930002179e+01	9.378376490000001e-06
5.166600610001478e+01	8.999905729999999e-06
5.169596130005084e+01	8.654094930000000e-06
5.172692729998380e+01	8.225672899999999e-06
5.175888950005174e+01	7.424541760000000e-06
5.180506990000140e+01	6.982671950000000e-06
5.185291869996581e+01	6.183462570000000e-06
5.188475670001935e+01	5.651297220000000e-06
5.191661349998321e+01	4.923171670000000e-06
5.197108260006644e+01	4.312236800000000e-06
5.200939420005307e+01	3.666722930000000e-06
5.205618900002446e+01	2.729351080000000e-06
5.217989020003006e+01	2.604905830000000e-06
5.221083950006869e+01	2.447519590000000e-06
5.224148920003790e+01	2.299186920000000e-06
5.227257829997689e+01	2.136214110000000e-06
5.231888470007107e+01	1.977479090000000e-06
5.236584610003047e+01	1.803333020000000e-06
5.241196379996836e+01	1.638048160000000e-06
5.245897350006271e+01	1.540958010000000e-06
5.248994960007258e+01	1.457930350000000e-06
5.252080439997371e+01	1.362573810000000e-06
5.256735230004415e+01	1.257585150000000e-06
5.261330109997652e+01	1.158183300000000e-06
5.265969500003848e+01	1.078045220000000e-06
5.270772160007618e+01	1.016400570000000e-06
5.275548140006140e+01	9.790283000000000e-07
5.278603069996461e+01	9.374181790000000e-07
5.281696259998716e+01	8.759663500000000e-07
5.286419890006073e+01	7.863889660000000e-07
5.291218820004724e+01	6.862163670000000e-07
5.295851969998330e+01	5.692841680000000e-07
5.300577140005771e+01	5.066762010000000e-07
5.305192650004756e+01	4.223000470000000e-07
5.308276160003152e+01	3.787636730000000e-07
5.311417159996927e+01	3.198159390000000e-07
5.316241860005539e+01	2.691516560000000e-07
5.320875610003714e+01	2.166071060000000e-07
5.331791690003593e+01	2.141887590000000e-07
5.334891529998276e+01	2.167606540000000e-07
5.338086340005975e+01	2.253784430000000e-07
5.341110060003120e+01	2.500417790000000e-07
5.345701370004099e+01	2.757607830000000e-07
5.348888780002017e+01	3.101167470000000e-07
5.352115849999245e+01	3.770436760000000e-07
5.356775440007914e+01	4.934892670000000e-07
5.361405189998914e+01	6.341567770000000e-07
5.366366229997948e+01	7.764365360000000e-07
5.370893740002066e+01	1.185538050000000e-06
5.383453240001108e+01	1.258933590000000e-06
5.386612020002212e+01	1.351207970000000e-06
5.389635000005364e+01	1.446949910000000e-06
5.392720080004074e+01	1.577752070000000e-06
5.395791440003086e+01	1.797746450000000e-06
5.400540680007543e+01	1.943574720000000e-06
5.405193379998673e+01	2.258732820000000e-06
5.408196480001789e+01	2.504541040000000e-06
5.411306220002007e+01	2.751311970000000e-06
5.414524270000402e+01	2.975159300000000e-06
5.417778849997558e+01	3.163560680000000e-06
5.420807569997851e+01	3.325763150000000e-06
5.425489380001090e+01	3.405323240000000e-06
5.431772499997169e+01	3.699098440000000e-06
5.436394179996569e+01	3.882299100000000e-06
5.441120710002724e+01	3.983819620000000e-06
5.444250330002978e+01	4.077250200000000e-06
5.447325510007795e+01	4.201309820000000e-06
5.451887869997881e+01	4.361971610000000e-06
5.456956129998434e+01	4.516275570000000e-06
5.461097250005696e+01	4.668268050000000e-06
5.466107769997325e+01	4.828736560000000e-06
5.470533620007336e+01	4.895390250000000e-06
5.473666120006237e+01	4.962813820000000e-06
5.476788669999223e+01	5.038521520000000e-06
5.481396060006227e+01	5.115962270000000e-06
5.486153700004797e+01	5.242141010000000e-06
5.490796540002339e+01	5.426112240000000e-06
5.495584810001310e+01	5.541117390000000e-06
5.500262579997070e+01	5.757644890000000e-06
5.503376640006900e+01	5.900004910000000e-06
5.506475730007514e+01	6.008267970000000e-06
5.511127780005336e+01	6.016166480000000e-06
5.516094590001740e+01	5.836626770000000e-06
5.520611869997811e+01	5.615091140000000e-06
5.525288310006727e+01	5.012514980000000e-06
5.528392010007519e+01	4.518394230000000e-06
5.531737549998797e+01	3.984975590000000e-06
5.534701230004430e+01	3.548646870000000e-06
5.537896650005132e+01	3.059150000000000e-06
5.540994040004443e+01	2.412073850000000e-06
5.545679920003749e+01	1.657697570000000e-06
5.551837050006725e+01	9.840368880000000e-07
5.556490300002042e+01	4.881827640000000e-07
5.561103210004512e+01	3.053679900000000e-07
5.564444780000485e+01	2.304311270000000e-07
5.575361180002801e+01	5.841172880000000e-07
5.578438520000782e+01	8.279990880000000e-07
5.581508169998415e+01	1.351400560000000e-06
5.586087340000086e+01	2.211728770000000e-06
5.590788119996432e+01	2.736479020000000e-06
5.593890579999425e+01	3.390104670000000e-06
5.597000039997511e+01	4.286263900000000e-06
5.601758280000649e+01	5.294538820000000e-06
5.606505410000682e+01	6.413582470000000e-06
5.611148500000127e+01	7.474833180000000e-06
5.616000380006153e+01	1.160309780000000e-05
5.629987750004511e+01	1.243112550000000e-05
5.633024130004924e+01	1.333215730000000e-05
5.636094869999215e+01	1.477880230000000e-05
5.640707060007844e+01	1.611017430000000e-05
5.645428830001038e+01	1.679603700000000e-05
5.651779429998714e+01	1.843864080000000e-05
5.654906069999561e+01	1.921863990000000e-05
5.658004669996444e+01	1.996981700000000e-05
5.661204609996639e+01	2.130311440000000e-05
5.666054159996565e+01	2.285926710000000e-05
5.671991520002484e+01	2.421561660000000e-05
5.675245240004733e+01	2.485728690000000e-05
5.678279179998208e+01	2.562575720000000e-05
5.681377660005819e+01	2.630585370000000e-05
5.684574829996563e+01	2.686683910000000e-05
5.687673859996721e+01	2.752195910000000e-05
5.690673400007654e+01	2.805412440000000e-05
5.696870440000203e+01	2.978126210000000e-05
5.701594840001781e+01	3.129706970000000e-05
5.706263699999545e+01	3.316253060000000e-05
5.710910290002357e+01	3.411158830000000e-05
5.714408790005837e+01	3.523163470000000e-05
5.717543569998816e+01	3.626522810000000e-05
5.721999880007934e+01	3.753512650000000e-05
5.726708909997251e+01	3.875123000000000e-05
5.731418740004301e+01	3.985782680000000e-05
5.736072120000608e+01	4.099708530000000e-05
5.740759720001370e+01	4.157343570000000e-05
5.743843430001289e+01	4.217284370000000e-05
5.746895880007651e+01	4.300279030000000e-05
5.751494809996802e+01	4.405175420000000e-05
5.756155039998703e+01	4.524480390000000e-05
5.761274640006013e+01	4.647819510000000e-05
5.765481770003680e+01	4.712755620000000e-05
5.771836120006628e+01	4.882779470000000e-05
5.774885099998210e+01	4.976917260000000e-05
5.778090480004903e+01	5.074897490000000e-05
5.781202409998514e+01	5.216680070000000e-05
5.785790469998028e+01	5.375369070000000e-05
5.791919400007464e+01	5.518112450000000e-05
5.796609190001618e+01	5.669116580000000e-05
5.801297999999952e+01	5.780544600000000e-05
5.804457410005853e+01	5.883327690000000e-05
5.807543570001144e+01	6.017041230000000e-05
5.810689000005368e+01	6.191292049999999e-05
5.817055649997201e+01	6.365926670000000e-05
5.821448790002614e+01	6.521158500000000e-05
5.826102820003871e+01	6.676965130000000e-05
5.830730700003915e+01	6.755926010000000e-05
5.833912949997466e+01	6.847373880000000e-05
5.837096440000460e+01	6.980702890000001e-05
5.841775190003682e+01	7.173205090000000e-05
5.846492489997763e+01	7.384341730000001e-05
5.851190130005125e+01	7.576843930000001e-05
5.856352399999741e+01	7.776261919999999e-05
5.860528490005527e+01	7.891532730000000e-05
5.864541110000573e+01	8.083842110000000e-05
5.868526870000642e+01	8.278649330000000e-05
5.871621680003591e+01	8.460776730000000e-05
5.876311900001019e+01	8.975608219999999e-05
5.887182930007111e+01	8.994797099999999e-05
5.890332130005118e+01	9.086908540000001e-05
5.893432630004827e+01	9.165587110000000e-05
5.896509379998315e+01	9.265374680000000e-05
5.899648920004256e+01	9.367078750000000e-05
5.902849090006202e+01	9.476461860000000e-05
5.905989220004994e+01	9.612707800000000e-05
5.910764399997424e+01	9.739360390000000e-05
5.915543759998400e+01	9.818038960000001e-05
5.921689669997431e+01	1.001377390000000e-04
5.926430110004731e+01	1.011356140000000e-04
5.929543689999264e+01	1.019799670000000e-04
5.932620880007744e+01	1.027859180000000e-04
5.935783980006818e+01	1.037837940000000e-04
5.940357520000543e+01	1.043019290000000e-04
5.943486949999351e+01	1.047241020000000e-04
5.946583930007182e+01	1.054532990000000e-04
5.951286390004680e+01	1.066046900000000e-04
5.956085140001960e+01	1.071803640000000e-04
5.959187980007846e+01	1.078328210000000e-04
5.963020670006517e+01	1.084660830000000e-04
5.965499169996474e+01	1.088498900000000e-04
5.971626040001865e+01	1.094831530000000e-04
5.976300400006585e+01	1.100396550000000e-04
5.980995180003811e+01	1.108072470000000e-04
5.985629150003660e+01	1.112294190000000e-04
5.988709279999603e+01	1.120929370000000e-04
5.991749650007114e+01	1.132059700000000e-04
5.996475200005807e+01	1.144916680000000e-04
6.001199110003654e+01	1.155471040000000e-04
