# [General]
# timestamp=2025-04-17T12:23:17.529532
# comments='# '
# delimiter='\t'
# column_dtypes=float;;float
# column_headers='Time (s);;Power (W)'
# 
# [Metadata]
# scanner_x=-4.648888772663919
# scanner_y=3.7150022250721597
# start recoding time='17.04.2025, 12:22:17.464289'
# sample rate (hz)=50.0
# sample timing='TIMESTAMP'
# 
# ---- END HEADER ----
1.334300031885505e-03	1.494724420000000e-06
3.785670001525432e-02	1.557524910000000e-06
8.451830002013594e-02	1.590466350000000e-06
1.467574000125751e-01	1.662513340000000e-06
1.783598000183702e-01	1.696803220000000e-06
2.091922999825329e-01	1.733982690000000e-06
2.403026000829414e-01	1.781179440000000e-06
2.870851000770926e-01	1.825101210000000e-06
3.329605000326410e-01	1.843980040000000e-06
3.641648000339046e-01	1.870178830000000e-06
3.962837000144646e-01	1.910440460000000e-06
4.434645000146702e-01	1.939914450000000e-06
4.747481000376865e-01	1.970158790000000e-06
5.059267000760883e-01	2.010805930000000e-06
5.518826000625268e-01	2.082852920000000e-06
5.829212000826374e-01	2.120032380000000e-06
6.138103000121191e-01	2.164917530000000e-06
6.457128999754786e-01	2.232726730000000e-06
6.911647000815719e-01	2.308241160000000e-06
7.381965999957174e-01	2.352162940000000e-06
7.702524000778794e-01	2.400900710000000e-06
8.011657000752166e-01	2.470829030000000e-06
8.481262000277638e-01	2.547499430000000e-06
8.948584999889135e-01	2.627637510000000e-06
9.414394000777975e-01	2.721260670000000e-06
9.885776999872178e-01	2.824515380000000e-06
1.035484699998051e+00	2.872867750000000e-06
1.066703199991025e+00	2.935282740000000e-06
1.098141000024043e+00	3.035263030000000e-06
1.144934499985538e+00	3.145260050000000e-06
1.191640699980780e+00	3.265274240000000e-06
1.237475100089796e+00	3.356392880000000e-06
1.285099599976093e+00	3.401085000000000e-06
1.331995100015774e+00	3.480260150000000e-06
1.362918899976648e+00	3.533621340000000e-06
1.394300400046632e+00	3.612025470000000e-06
1.441595699987374e+00	3.691585790000000e-06
1.488244500011206e+00	3.781934080000000e-06
1.536961900070310e+00	3.865154210000000e-06
1.597058900049888e+00	3.940090660000000e-06
1.643842100049369e+00	3.987479890000000e-06
1.675098499981686e+00	4.031979640000000e-06
1.706741900066845e+00	4.081873610000000e-06
1.737077000085264e+00	4.156039720000000e-06
1.782962700002827e+00	4.192449070000000e-06
1.812967200065032e+00	4.245038780000000e-06
1.845080900005996e+00	4.348293710000000e-06
1.891326899989508e+00	4.466574410000000e-06
1.939044700004160e+00	4.532842470000000e-06
1.971117099979892e+00	4.592945970000000e-06
2.001572099979967e+00	4.667497710000000e-06
2.048049499979243e+00	4.746865670000000e-06
2.095740200020373e+00	4.829122190000000e-06
2.142413900000975e+00	4.904444270000000e-06
2.189778400002979e+00	4.981307940000000e-06
2.237018199986778e+00	5.016367600000000e-06
2.266924600000493e+00	5.055280780000000e-06
2.299077100004070e+00	5.107871400000000e-06
2.347231500083581e+00	5.164507460000000e-06
2.393392300000414e+00	5.220950700000000e-06
2.440815899986774e+00	5.278164740000000e-06
2.487482400028966e+00	5.344817960000000e-06
2.533667600015178e+00	5.380070890000000e-06
2.565682600019500e+00	5.432468700000000e-06
2.596759399981238e+00	5.530715040000000e-06
2.642878300044686e+00	5.667682220000000e-06
2.690112399985082e+00	5.839516690000000e-06
2.736840200028382e+00	6.007497630000000e-06
2.784147100057453e+00	6.096497600000000e-06
2.846405000076629e+00	6.349818700000000e-06
2.876971799996682e+00	6.495454270000000e-06
2.907926000072621e+00	6.652262530000000e-06
2.941308500012383e+00	6.882852180000000e-06
2.986115599982440e+00	7.000554430000000e-06
3.049021200044081e+00	7.306080530000000e-06
3.095118800061755e+00	7.503729190000000e-06
3.141828900086693e+00	7.607562110000000e-06
3.173932500067167e+00	7.698295120000000e-06
3.204548800014891e+00	7.797119000000001e-06
3.236442200024612e+00	7.857993300000001e-06
3.283010800019838e+00	7.975503650000000e-06
3.313362000044435e+00	8.051981240000001e-06
3.345920399995521e+00	8.163327040000000e-06
3.391869700048119e+00	8.258875820000001e-06
3.440153700066730e+00	8.301064550000000e-06
3.469405399984680e+00	8.344215530000001e-06
3.500820500077680e+00	8.400466870000001e-06
3.547802400076762e+00	8.468083250000000e-06
3.594473200035281e+00	8.863503350000000e-06
3.704119300004095e+00	8.836605960000000e-06
3.735077499994077e+00	8.884636370000000e-06
3.766035299981013e+00	8.955718839999999e-06
3.796823800075799e+00	9.074831720000001e-06
3.844649099977687e+00	9.174732440000000e-06
3.892135899979621e+00	9.303452320000000e-06
3.939193599973805e+00	9.407195650000000e-06
3.986062200041488e+00	9.457146010000000e-06
4.049405200057663e+00	9.549361490000000e-06
4.079757999978028e+00	9.595470150000000e-06
4.111240800004452e+00	9.630051860000001e-06
4.142835100064985e+00	9.714583030000000e-06
4.189721700036898e+00	9.810642040000000e-06
4.235232300008647e+00	9.852907170000000e-06
4.282280700048432e+00	9.972020049999999e-06
4.313337400089949e+00	1.005655210000000e-05
4.344045700039715e+00	1.015261110000000e-05
4.376000400050543e+00	1.024867020000000e-05
4.406906199990772e+00	1.034857180000000e-05
4.437229100032710e+00	1.049073760000000e-05
4.483480900060385e+00	1.058679660000000e-05
4.514087700052187e+00	1.070206780000000e-05
4.545778400031850e+00	1.088457880000000e-05
4.593344000051729e+00	1.112280550000000e-05
4.640067100059241e+00	1.124383830000000e-05
4.671835000044666e+00	1.136487300000000e-05
4.702419699984603e+00	1.149359100000000e-05
4.733452800079249e+00	1.158580840000000e-05
4.764640200068243e+00	1.169531520000000e-05
4.795938700088300e+00	1.183171930000000e-05
4.842151600052603e+00	1.194891050000000e-05
4.888179000001401e+00	1.209299810000000e-05
4.934915299993008e+00	1.216600230000000e-05
4.966675400035456e+00	1.229472310000000e-05
4.998144700075500e+00	1.251181490000000e-05
5.045094100059941e+00	1.282496580000000e-05
5.091455799993128e+00	1.320343740000000e-05
5.139209000044502e+00	1.356077700000000e-05
5.186027200077660e+00	1.375481590000000e-05
5.248163399985060e+00	1.412175970000000e-05
5.283479399979115e+00	1.435230120000000e-05
5.310692400089465e+00	1.452520610000000e-05
5.341894400073215e+00	1.480954140000000e-05
5.388242200016975e+00	1.513614010000000e-05
5.434753700043075e+00	1.527254240000000e-05
5.480853500077501e+00	1.549539960000000e-05
5.511733400053345e+00	1.564909510000000e-05
5.542828300036490e+00	1.579126000000000e-05
5.574232600047253e+00	1.591229370000000e-05
5.605529700056650e+00	1.606214570000000e-05
5.636285800021142e+00	1.613707350000000e-05
5.684197199996561e+00	1.630997760000000e-05
5.731707500061020e+00	1.645598970000000e-05
5.763440800015815e+00	1.655396770000000e-05
5.794570200028829e+00	1.670381970000000e-05
5.840962400077842e+00	1.679987690000000e-05
5.872981900000013e+00	1.689977940000000e-05
5.904330900055356e+00	1.700928620000000e-05
5.935914100031368e+00	1.708421410000000e-05
5.982905899989419e+00	1.722637720000000e-05
6.014879700029269e+00	1.731091110000000e-05
6.046905299997889e+00	1.743386750000000e-05
6.092657500063069e+00	1.760100890000000e-05
6.138813100056723e+00	1.769322630000000e-05
6.169505800004117e+00	1.780081040000000e-05
6.200975300045684e+00	1.794874150000000e-05
6.246598900062963e+00	1.812548910000000e-05
6.293712800019421e+00	1.831952800000000e-05
6.339636399992742e+00	1.850972510000000e-05
6.385334999999031e+00	1.860962580000000e-05
6.446312100044452e+00	1.883824550000000e-05
6.476706000044942e+00	1.895159400000000e-05
6.507523000007495e+00	1.905533830000000e-05
6.537696300074458e+00	1.924169190000000e-05
6.583570200018585e+00	1.932814670000000e-05
6.613782100030221e+00	1.944149340000000e-05
6.645109900040552e+00	1.959518890000000e-05
6.690087300026789e+00	1.976233030000000e-05
6.737059100065380e+00	1.987760330000000e-05
6.768196400022134e+00	2.000439960000000e-05
6.799207200063393e+00	2.019075150000000e-05
6.848392200074159e+00	2.040784420000000e-05
6.894153799978085e+00	2.063646390000000e-05
6.940633399994113e+00	2.086700620000000e-05
6.987191200023517e+00	2.111291910000000e-05
7.049533699988388e+00	2.131079780000000e-05
7.083626999985427e+00	2.154902360000000e-05
7.113509200047702e+00	2.180838240000000e-05
7.144937800010666e+00	2.225601570000000e-05
7.191626199986786e+00	2.283044710000000e-05
7.237130800029263e+00	2.342601330000000e-05
7.284332000068389e+00	2.373724420000000e-05
7.346632500062697e+00	2.448073790000000e-05
7.378186800051481e+00	2.483807660000000e-05
7.408630900084972e+00	2.518965270000000e-05
7.440289800055325e+00	2.570260400000000e-05
7.486247200053185e+00	2.600230800000000e-05
7.532715199980885e+00	2.644802230000000e-05
7.564688000013120e+00	2.675540960000000e-05
7.596457900013775e+00	2.717230380000000e-05
7.643624500022270e+00	2.743742880000000e-05
7.675354800070636e+00	2.770831090000000e-05
7.706299200071953e+00	2.797727570000000e-05
7.736965400050394e+00	2.836151360000000e-05
7.784183199983090e+00	2.855939420000000e-05
7.845287200063467e+00	2.908579520000000e-05
7.892285000067204e+00	2.944121480000000e-05
7.938864400028251e+00	2.967751790000000e-05
7.969480799976736e+00	2.993111410000000e-05
8.000684000086039e+00	3.025003020000000e-05
8.047809100011364e+00	3.064002520000000e-05
8.094529900001362e+00	3.113184720000000e-05
8.141274800058454e+00	3.163903600000000e-05
8.186685200082138e+00	3.223460230000000e-05
8.249122100067325e+00	3.263805050000000e-05
8.280009599984623e+00	3.295696300000000e-05
8.311099300044589e+00	3.324898350000000e-05
8.342195600038394e+00	3.370046030000000e-05
8.389048499986529e+00	3.415577880000000e-05
8.435912600019947e+00	3.434020980000000e-05
8.481903400039300e+00	3.470139200000000e-05
8.512958900071681e+00	3.493961780000000e-05
8.543963500065729e+00	3.517783990000000e-05
8.576267800061032e+00	3.543336060000000e-05
8.606704200035892e+00	3.575419760000000e-05
8.638532400014810e+00	3.619414570000000e-05
8.685374499997124e+00	3.642660520000000e-05
8.746052699978463e+00	3.718354860000000e-05
8.792227500001900e+00	3.775414010000000e-05
8.839704600046389e+00	3.804808150000000e-05
8.870568500016816e+00	3.839196870000000e-05
8.900889200042002e+00	3.880694570000000e-05
8.947334100026637e+00	3.936216310000000e-05
8.995202100020833e+00	3.998846660000000e-05
9.041794800083153e+00	4.058595000000000e-05
9.088822500081733e+00	4.131599780000000e-05
9.135367100010626e+00	4.163491390000000e-05
9.166577600059099e+00	4.205949150000000e-05
9.197090400033630e+00	4.270693170000000e-05
9.243023300077766e+00	4.349269150000000e-05
9.289231000002474e+00	4.434953730000000e-05
9.337278900085948e+00	4.528707000000000e-05
9.385270899976604e+00	4.579617960000000e-05
9.448206900036894e+00	4.698730850000000e-05
9.479201900074258e+00	4.752331730000000e-05
9.510288099991158e+00	4.806316430000000e-05
9.541195500059985e+00	4.886430180000000e-05
9.588402800029144e+00	4.979414730000000e-05
9.634348100051284e+00	5.019375020000000e-05
9.680067199980840e+00	5.100064300000000e-05
9.712164800032042e+00	5.156546830000000e-05
9.742376900045201e+00	5.217448420000000e-05
9.773848499986343e+00	5.278542080000000e-05
9.805830300087109e+00	5.353275630000000e-05
9.836432700045407e+00	5.401497040000000e-05
9.882878400036134e+00	5.488526220000000e-05
9.913544500013813e+00	5.540013810000000e-05
9.945285800029524e+00	5.614939440000000e-05
9.991585700074211e+00	5.698702440000000e-05
1.003936759999488e+01	5.738279290000000e-05
1.007060750003438e+01	5.780737050000000e-05
1.010248530004174e+01	5.848746880000000e-05
1.015065620001405e+01	5.930589030000000e-05
1.019753540004604e+01	6.011086230000000e-05
1.024368459999096e+01	6.084283090000000e-05
1.029226620006375e+01	6.158248290000000e-05
1.033714790001977e+01	6.193981970000001e-05
1.036817220004741e+01	6.234134340000000e-05
1.039944559999276e+01	6.284853590000000e-05
1.044700010004453e+01	6.341144040000000e-05
1.049390990007669e+01	6.402813600000000e-05
1.054054700001143e+01	6.463138559999999e-05
1.058866140001919e+01	6.524423950000001e-05
1.065013229998294e+01	6.569571270000000e-05
1.068194999999832e+01	6.606266110000000e-05
1.071374899998773e+01	6.640463110000000e-05
1.074453360005282e+01	6.675813350000000e-05
1.079205040005036e+01	6.710586600000000e-05
1.083949649997521e+01	6.738442610000000e-05
1.088607110001612e+01	6.751314500000001e-05
1.093299720005598e+01	6.777443200000000e-05
1.096425080008339e+01	6.793965440000000e-05
1.099587830004748e+01	6.825087620000000e-05
1.104287050000858e+01	6.857363770000001e-05
1.108954349998385e+01	6.888678760000001e-05
1.113607760006562e+01	6.903472240000000e-05
1.118299710005522e+01	6.930752720000000e-05
1.121359100006521e+01	6.948811640000000e-05
1.124451260000933e+01	6.963989290000001e-05
1.127562249999028e+01	6.973979180000000e-05
1.130656489997637e+01	6.985314390000000e-05
1.133814020000864e+01	6.999146720000000e-05
1.138431930006482e+01	7.003373319999999e-05
1.144598060008138e+01	7.022584760000001e-05
1.149253010004759e+01	7.040643690000000e-05
1.153914360003546e+01	7.055245080000000e-05
1.157174180005677e+01	7.072343580000000e-05
1.160127760004252e+01	7.097703200000000e-05
1.164810940006282e+01	7.130939050000000e-05
1.169414690008853e+01	7.164559790000000e-05
1.174022739997599e+01	7.199140960000000e-05
1.178745050006546e+01	7.234298390000000e-05
1.184916079998948e+01	7.257929249999999e-05
1.188065010006540e+01	7.280022690000000e-05
1.191422400006559e+01	7.307495250000000e-05
1.194309559999965e+01	7.364169870000001e-05
1.198995399998967e+01	7.449854460000000e-05
1.203705639997497e+01	7.536690830000000e-05
1.208428000006825e+01	7.585681310000000e-05
1.214645530004054e+01	7.690193160000000e-05
1.217749410006218e+01	7.740528240000000e-05
1.221012950001750e+01	7.786059720000000e-05
1.223955310008023e+01	7.855222789999999e-05
1.228776930004824e+01	7.928226840000000e-05
1.233381850004662e+01	7.968187130000000e-05
1.236533250007778e+01	8.022556720000001e-05
1.239606459997594e+01	8.109778720000000e-05
1.244205660000443e+01	8.165108010000001e-05
1.247458430007100e+01	8.230427920000000e-05
1.250739320006687e+01	8.291137059999999e-05
1.253691330004949e+01	8.383161180000000e-05
1.258404730004258e+01	8.430614250000000e-05
1.264631169999484e+01	8.883497500000000e-05
1.275598430004902e+01	8.866226560000000e-05
1.278726530005224e+01	8.971770150000000e-05
1.283510630007368e+01	9.012069489999999e-05
1.286609230004251e+01	9.073475670000000e-05
1.289745240006596e+01	9.155991570000001e-05
1.294292990001850e+01	9.251941810000000e-05
1.298950050002895e+01	9.340213729999999e-05
1.303666410001460e+01	9.416972170000000e-05
1.308559779997449e+01	9.463026799999999e-05
1.314685890008695e+01	9.560894250000000e-05
1.317814940004610e+01	9.618463810000000e-05
1.320866800006479e+01	9.670277360000000e-05
1.323924770008307e+01	9.760468670000000e-05
1.328550590004306e+01	9.800766570000001e-05
1.333208680001553e+01	9.887121270000000e-05
1.336304379999638e+01	9.935095300000000e-05
1.339404300006572e+01	1.002145000000000e-04
1.344035719998647e+01	1.008669640000000e-04
1.347223950002808e+01	1.016153550000000e-04
1.350347270001657e+01	1.023253790000000e-04
1.353471540007740e+01	1.028434850000000e-04
1.358182760002092e+01	1.038989210000000e-04
1.361278379999567e+01	1.046281400000000e-04
1.364466049999464e+01	1.059905990000000e-04
1.369018879998475e+01	1.074298420000000e-04
1.373653890006244e+01	1.082166350000000e-04
1.376772210001945e+01	1.089842190000000e-04
1.379858479998074e+01	1.099053330000000e-04
1.384438510006294e+01	1.109415750000000e-04
1.389176859997679e+01	1.120353770000000e-04
1.393813190003857e+01	1.128797230000000e-04
1.398573610000312e+01	1.134362250000000e-04
1.404787450004369e+01	1.147219520000000e-04
1.407886440004222e+01	1.151824910000000e-04
1.411059569998179e+01	1.159309100000000e-04
1.414109930000268e+01	1.167752630000000e-04
1.418787250004243e+01	1.178498710000000e-04
1.423523210000712e+01	1.182912380000000e-04
1.428361110005062e+01	1.191931590000000e-04
1.431598670000676e+01	1.198648100000000e-04
1.434540170000400e+01	1.202293930000000e-04
1.437623669998720e+01	1.208818580000000e-04
1.440759150008671e+01	1.215535160000000e-04
1.443814089999069e+01	1.225129960000000e-04
1.448461060004774e+01	1.231270580000000e-04
1.453154600004200e+01	1.243935840000000e-04
1.456349770002998e+01	1.252954970000000e-04
1.459451800002716e+01	1.268115010000000e-04
1.464141699997708e+01	1.278093550000000e-04
1.467208130005747e+01	1.287496560000000e-04
1.470344539999496e+01	1.298243010000000e-04
1.473479160002898e+01	1.304959300000000e-04
1.478102270001546e+01	1.316089330000000e-04
1.481220050004777e+01	1.323765170000000e-04
1.484372930007521e+01	1.333360270000000e-04
1.489021740003955e+01	1.343722540000000e-04
1.493614630005322e+01	1.350246890000000e-04
1.496742400003131e+01	1.359458110000000e-04
1.499816369998734e+01	1.373466510000000e-04
1.504328650003299e+01	1.387667000000000e-04
1.509154839999974e+01	1.405129730000000e-04
1.513851479999721e+01	1.421633060000000e-04
1.518555300007574e+01	1.430652190000000e-04
1.524710390006658e+01	1.448498510000000e-04
1.527803490008228e+01	1.457901530000000e-04
1.531020940002054e+01	1.468263940000000e-04
1.534025360003579e+01	1.485151010000000e-04
1.538646080007311e+01	1.504340910000000e-04
1.544909600005485e+01	1.521419470000000e-04
1.549566460005008e+01	1.538114880000000e-04
1.554340850003064e+01	1.550204180000000e-04
1.557441100000869e+01	1.560758540000000e-04
1.560560820007231e+01	1.572272590000000e-04
1.563650080002844e+01	1.587816220000000e-04
1.568354100000579e+01	1.594724600000000e-04
1.571542880008928e+01	1.603360000000000e-04
1.574531500006560e+01	1.615833320000000e-04
1.579269789997488e+01	1.629457840000000e-04
1.583912690007128e+01	1.636366070000000e-04
1.587025060004089e+01	1.645001610000000e-04
1.590132330008782e+01	1.653445070000000e-04
1.594748009997420e+01	1.666877940000000e-04
1.599426449998282e+01	1.678775590000000e-04
1.604129249998368e+01	1.691632790000000e-04
1.608933820005041e+01	1.702187150000000e-04
1.613558660005219e+01	1.706792680000000e-04
1.616663470002823e+01	1.712357630000000e-04
1.619962430000305e+01	1.720801080000000e-04
1.624477560003288e+01	1.729052600000000e-04
1.629167700000107e+01	1.738839490000000e-04
1.633845899999142e+01	1.748242500000000e-04
1.638431390002370e+01	1.753999530000000e-04
1.644671140005812e+01	1.765513150000000e-04
1.647680110007059e+01	1.770502570000000e-04
1.650769440003205e+01	1.776451540000000e-04
1.653822620003484e+01	1.785470670000000e-04
1.658538559998851e+01	1.790652020000000e-04
1.663311160006560e+01	1.800438770000000e-04
1.666508649999741e+01	1.806195510000000e-04
1.669532649999019e+01	1.814830900000000e-04
1.674110370001290e+01	1.821547190000000e-04
1.677224130008835e+01	1.828455860000000e-04
1.680317369999830e+01	1.836515290000000e-04
1.683478090004064e+01	1.843615610000000e-04
1.688096330000553e+01	1.853978030000000e-04
1.691381479997654e+01	1.860502530000000e-04
1.694252769998275e+01	1.869329720000000e-04
1.698894820001442e+01	1.880459750000000e-04
1.703569230006542e+01	1.884489900000000e-04
1.706821649998892e+01	1.890822460000000e-04
1.709981290006544e+01	1.896003520000000e-04
1.714694090001285e+01	1.902911750000000e-04
1.719354050001130e+01	1.909052660000000e-04
1.723968480003532e+01	1.915577010000000e-04
1.728658620000351e+01	1.918839550000000e-04
1.733386140002403e+01	1.924788230000000e-04
1.736551999999210e+01	1.927283010000000e-04
1.739666670002043e+01	1.933039750000000e-04
1.744322790007573e+01	1.939948270000000e-04
1.749030940001830e+01	1.949543080000000e-04
1.753701149998233e+01	1.962208330000000e-04
1.758497389999684e+01	1.967965220000000e-04
1.764808090007864e+01	1.985043930000000e-04
1.767914949997794e+01	1.994255140000000e-04
1.771013890008908e+01	2.001547250000000e-04
1.774132899998222e+01	2.010566390000000e-04
1.778878900001291e+01	2.018050290000000e-04
1.783577170001809e+01	2.022656120000000e-04
1.788227090006694e+01	2.027837180000000e-04
1.791281270002946e+01	2.031867190000000e-04
1.794454460009001e+01	2.035704970000000e-04
1.797638060001191e+01	2.041653930000000e-04
1.800808240007609e+01	2.046067380000000e-04
1.804029430006631e+01	2.053359640000000e-04
1.808825969998725e+01	2.063722060000000e-04
1.814909800002351e+01	2.073508800000000e-04
1.819534480001312e+01	2.084255100000000e-04
1.824208220001310e+01	2.091163330000000e-04
1.827365360001568e+01	2.096728420000000e-04
1.830524570005946e+01	2.103253060000000e-04
1.833677330007777e+01	2.113039810000000e-04
1.838371590001043e+01	2.115918180000000e-04
1.841596120002214e+01	2.121675210000000e-04
1.844562620006036e+01	2.127815820000000e-04
1.849332910007797e+01	2.138370330000000e-04
1.854048640001565e+01	2.144702880000000e-04
1.857261760008987e+01	2.151227240000000e-04
1.860358590004034e+01	2.159862630000000e-04
1.863547890004702e+01	2.164276370000000e-04
1.868163570004981e+01	2.173103570000000e-04
1.871246710000560e+01	2.180203880000000e-04
1.874420900002588e+01	2.190182570000000e-04
1.879183370003011e+01	2.201312600000000e-04
1.883753050002269e+01	2.207261280000000e-04
1.886907160002738e+01	2.213210250000000e-04
1.890007980004884e+01	2.220886090000000e-04
1.894578349997755e+01	2.228178350000000e-04
1.899250030005351e+01	2.235278520000000e-04
1.903907719999552e+01	2.240651520000000e-04
1.908788610005286e+01	2.247943480000000e-04
1.913512860005721e+01	2.251973640000000e-04
1.916380830004346e+01	2.256195290000000e-04
1.919536330003757e+01	2.263103670000000e-04
1.924272950005252e+01	2.270971450000000e-04
1.928913839999586e+01	2.278263420000000e-04
1.933552900003269e+01	2.280949850000000e-04
1.938281570002437e+01	2.286323290000000e-04
1.941356820007786e+01	2.289777330000000e-04
1.944406500004698e+01	2.293231520000000e-04
1.947442480002064e+01	2.295726010000000e-04
1.950466109998524e+01	2.298988550000000e-04
1.953673170006368e+01	2.304745140000000e-04
1.958368370006792e+01	2.307240070000000e-04
1.961391509999521e+01	2.310310520000000e-04
1.964476589998230e+01	2.315491580000000e-04
1.969152770005167e+01	2.319713240000000e-04
1.973771590006072e+01	2.323167430000000e-04
1.976949239999522e+01	2.326429820000000e-04
1.980200810008682e+01	2.330459680000000e-04
1.984817580005620e+01	2.334873420000000e-04
1.989483180001844e+01	2.338903140000000e-04
1.994206110003870e+01	2.343700470000000e-04
1.998828300007153e+01	2.347346600000000e-04
2.003608150000218e+01	2.349073620000000e-04
2.007046399998944e+01	2.351376460000000e-04
2.009903990000021e+01	2.354638560000000e-04
2.014457890007179e+01	2.359436040000000e-04
2.019164600002114e+01	2.364617390000000e-04
2.023834739997983e+01	2.369030990000000e-04
2.028381709998939e+01	2.370758010000000e-04
2.033072660001926e+01	2.374788020000000e-04
2.036211510002613e+01	2.375939370000000e-04
2.039206650003325e+01	2.378625800000000e-04
2.043919489998370e+01	2.380736700000000e-04
2.048557360004634e+01	2.382463860000000e-04
2.053185720008332e+01	2.383615210000000e-04
2.056294840003829e+01	2.386301790000000e-04
2.059489760000724e+01	2.389180150000000e-04
2.064165430003777e+01	2.388796570000000e-04
2.067206420004368e+01	2.390907470000000e-04
2.070337660005316e+01	2.393210020000000e-04
2.073508200002834e+01	2.394937180000000e-04
2.079584390006494e+01	2.398199290000000e-04
2.084226750000380e+01	2.400502270000000e-04
2.088997090002522e+01	2.401269890000000e-04
2.093513630004600e+01	2.400885860000000e-04
2.096621880005114e+01	2.401461820000000e-04
2.099674450000748e+01	2.401845410000000e-04
2.104517120006494e+01	2.402613030000000e-04
2.109169010003097e+01	2.403956310000000e-04
2.113818810007069e+01	2.404148250000000e-04
2.118600730004255e+01	2.403956310000000e-04
2.124915699998382e+01	2.404148250000000e-04
2.128007740003522e+01	2.403572730000000e-04
2.131103480001912e+01	2.403956310000000e-04
2.134226010006387e+01	2.402613030000000e-04
2.138999699999113e+01	2.401461820000000e-04
2.143677250004839e+01	2.400502270000000e-04
2.149849090003408e+01	2.398774960000000e-04
2.154565260000527e+01	2.398199290000000e-04
2.157685860001948e+01	2.397431670000000e-04
2.160709030006547e+01	2.398391370000000e-04
2.163808170007542e+01	2.395320920000000e-04
2.168508620001376e+01	2.394937180000000e-04
2.173112590005621e+01	2.392250610000000e-04
2.176276230008807e+01	2.391291050000000e-04
2.179320680000819e+01	2.389564180000000e-04
2.184025540004950e+01	2.387453280000000e-04
2.187220620003063e+01	2.387069400000000e-04
2.190176050004084e+01	2.384766560000000e-04
2.193297159997746e+01	2.383807150000000e-04
2.196437960001640e+01	2.381312370000000e-04
2.199567680002656e+01	2.377474590000000e-04
2.204293280001730e+01	2.374788020000000e-04
2.209032269997988e+01	2.369798600000000e-04
2.213648280000780e+01	2.367303820000000e-04
2.216711979999673e+01	2.364809330000000e-04
2.219882599997800e+01	2.361738880000000e-04
2.224590910004918e+01	2.358476630000000e-04
2.229235080000944e+01	2.355981850000000e-04
2.233919069997501e+01	2.352144070000000e-04
2.238588650000747e+01	2.350800790000000e-04
2.244813759997487e+01	2.344851820000000e-04
2.247919810004532e+01	2.342165240000000e-04
2.251044840004761e+01	2.339478810000000e-04
2.254176769999322e+01	2.336792240000000e-04
2.259089039999526e+01	2.332378500000000e-04
2.263617339998018e+01	2.331418950000000e-04
2.268403690005653e+01	2.327005500000000e-04
2.273009920003824e+01	2.324702650000000e-04
2.276191780006047e+01	2.321824140000000e-04
2.279078849998768e+01	2.317794420000000e-04
2.284035620000213e+01	2.313572620000000e-04
2.288533489999827e+01	2.312421420000000e-04
2.293206560006365e+01	2.308199620000000e-04
2.296343930007424e+01	2.306280370000000e-04
2.299500310001895e+01	2.303018260000000e-04
2.304250960005447e+01	2.301674980000000e-04
2.307506290008314e+01	2.301483040000000e-04
2.310578880005050e+01	2.298412870000000e-04
2.313655669998843e+01	2.297261240000000e-04
2.318318140006159e+01	2.295918090000000e-04
2.321344780002255e+01	2.297645260000000e-04
2.324378000001889e+01	2.295918090000000e-04
2.329127809999045e+01	2.295534360000000e-04
2.333820280001964e+01	2.294382720000000e-04
2.336920259997714e+01	2.295150330000000e-04
2.340022489998955e+01	2.292655840000000e-04
2.344828850007616e+01	2.290928680000000e-04
2.349513980001211e+01	2.289009720000000e-04
2.354236620001029e+01	2.288817780000000e-04
2.358908260008320e+01	2.291312560000000e-04
2.363558890006971e+01	2.293231520000000e-04
2.366767380002420e+01	2.298412870000000e-04
2.369823109998833e+01	2.306664390000000e-04
2.374551060004160e+01	2.318178010000000e-04
2.379308970004786e+01	2.332378500000000e-04
2.383919890003745e+01	2.342549270000000e-04
2.388564420002513e+01	2.347730330000000e-04
2.393208200007211e+01	2.357709020000000e-04
2.396506070008036e+01	2.365192920000000e-04
2.399573520000558e+01	2.374404140000000e-04
2.404464740003459e+01	2.383807150000000e-04
2.409110630000941e+01	2.390139850000000e-04
2.413709710002877e+01	2.394745240000000e-04
2.418394700007048e+01	2.395704800000000e-04
2.424560300004669e+01	2.397431670000000e-04
2.427681890001986e+01	2.398583310000000e-04
2.430789340008050e+01	2.399350920000000e-04
2.433915390004404e+01	2.400885860000000e-04
2.438592370005790e+01	2.401845410000000e-04
2.444815180008300e+01	2.402613030000000e-04
2.449384260002989e+01	2.403188700000000e-04
2.454053720005322e+01	2.403764370000000e-04
2.457254630001262e+01	2.403572730000000e-04
2.460284940002020e+01	2.404340050000000e-04
2.464944459998515e+01	2.402229150000000e-04
2.469526860001497e+01	2.404915870000000e-04
2.474232349998783e+01	2.404148250000000e-04
2.478977849998046e+01	2.404915870000000e-04
2.483972400007769e+01	2.405299600000000e-04
2.486955619999208e+01	2.404723930000000e-04
2.489969460002612e+01	2.404340050000000e-04
2.494580630003475e+01	2.402229150000000e-04
2.499288779997732e+01	2.403380640000000e-04
2.503926230000798e+01	2.401077800000000e-04
2.508617610007059e+01	2.400310190000000e-04
2.513389300007839e+01	2.400885860000000e-04
2.516537150007207e+01	2.399350920000000e-04
2.519536540005356e+01	2.398774960000000e-04
2.524264720000792e+01	2.397815700000000e-04
2.528821929998230e+01	2.395320920000000e-04
2.533556000003591e+01	2.395512860000000e-04
2.539706590003334e+01	2.391866730000000e-04
2.544418019999284e+01	2.390331500000000e-04
2.547507879999466e+01	2.390331500000000e-04
2.550681110005826e+01	2.387261340000000e-04
2.553795520006679e+01	2.385342380000000e-04
2.558368450007401e+01	2.382847600000000e-04
2.561443000007421e+01	2.378817880000000e-04
2.564565700001549e+01	2.374979670000000e-04
2.569237140007317e+01	2.369798600000000e-04
2.573976600007154e+01	2.366536210000000e-04
2.577102880005259e+01	2.364233660000000e-04
2.580239990004338e+01	2.361355150000000e-04
2.584912380005699e+01	2.356941400000000e-04
2.589567140000872e+01	2.352144070000000e-04
2.594151030003559e+01	2.345043760000000e-04
2.598813469999004e+01	2.337559850000000e-04
2.605194320005830e+01	2.326237880000000e-04
2.608017650002148e+01	2.320097260000000e-04
2.611090630001854e+01	2.310118580000000e-04
2.614169229997788e+01	2.296301970000000e-04
2.618910990003496e+01	2.280566260000000e-04
2.623611440008972e+01	2.272122800000000e-04
2.628306380007416e+01	2.257346640000000e-04
2.631504140002653e+01	2.246792280000000e-04
2.634578720002901e+01	2.239691970000000e-04
2.637710050004534e+01	2.232975680000000e-04
2.640818810008932e+01	2.227986410000000e-04
2.643913870002143e+01	2.218391600000000e-04
2.648633910005447e+01	2.212442630000000e-04
2.653392279997934e+01	2.208028890000000e-04
2.659686270006932e+01	2.195171980000000e-04
2.664297470008023e+01	2.189030930000000e-04
2.667470079998020e+01	2.183082250000000e-04
2.670583260001149e+01	2.175982080000000e-04
2.673678749997634e+01	2.167730560000000e-04
2.678290089999791e+01	2.164276370000000e-04
2.681379560008645e+01	2.161397860000000e-04
2.684546810004395e+01	2.156792180000000e-04
2.689170610008296e+01	2.152570520000000e-04
2.693857440003194e+01	2.150459620000000e-04
2.696997670002747e+01	2.147773050000000e-04
2.700203990004957e+01	2.145662150000000e-04
2.704768509999849e+01	2.139329590000000e-04
2.709571630007122e+01	2.129542850000000e-04
2.714284410001710e+01	2.118412810000000e-04
2.719043860002421e+01	2.106515170000000e-04
2.725019569997676e+01	2.097304100000000e-04
2.728203260002192e+01	2.090012130000000e-04
2.731354430003557e+01	2.081184650000000e-04
2.734489349997602e+01	2.068135650000000e-04
2.739162700006273e+01	2.053935310000000e-04
2.743900320003740e+01	2.039543030000000e-04
2.748400340008084e+01	2.034553760000000e-04
2.754622640006710e+01	2.020928800000000e-04
2.757826039998326e+01	2.014788190000000e-04
2.760918859997764e+01	2.008839220000000e-04
2.764217260002624e+01	1.999436500000000e-04
2.769006950000767e+01	1.986963180000000e-04
2.773346900008619e+01	1.981014210000000e-04
2.776526350004133e+01	1.973913900000000e-04
2.779575879999902e+01	1.965086850000000e-04
2.784235619998071e+01	1.957986530000000e-04
2.787418600008823e+01	1.952229500000000e-04
2.790591610001866e+01	1.944937690000000e-04
2.793713259999640e+01	1.929969440000000e-04
2.798434109997470e+01	1.921525980000000e-04
2.804730039997958e+01	1.891398130000000e-04
2.809354100003839e+01	1.871824640000000e-04
2.813997240003664e+01	1.862805510000000e-04
2.817124190006871e+01	1.853402350000000e-04
2.820264520007186e+01	1.843039940000000e-04
2.824922019999940e+01	1.830566620000000e-04
2.829574980004691e+01	1.819628380000000e-04
2.834166050003842e+01	1.809457900000000e-04
2.838803380005993e+01	1.799671150000000e-04
2.843525029998273e+01	1.794681740000000e-04
2.846653019997757e+01	1.788732770000000e-04
2.849815560004208e+01	1.779330050000000e-04
2.854461530002300e+01	1.768775690000000e-04
2.859158700006083e+01	1.758029250000000e-04
2.863817759999074e+01	1.744788460000000e-04
2.868559830007143e+01	1.737688140000000e-04
2.871634350006934e+01	1.728477070000000e-04
2.874803770007566e+01	1.719649880000000e-04
2.878000640007667e+01	1.707752240000000e-04
2.881017160008196e+01	1.697773550000000e-04
2.884107590001076e+01	1.680502760000000e-04
2.888833840005100e+01	1.663807490000000e-04
2.893510150001384e+01	1.654788360000000e-04
2.899674520001281e+01	1.630033800000000e-04
2.904394400003366e+01	1.619095420000000e-04
2.907594480004627e+01	1.609308670000000e-04
2.910759869997855e+01	1.599329990000000e-04
2.913913300004788e+01	1.583786220000000e-04
2.918590260006022e+01	1.575150960000000e-04
2.924710949999280e+01	1.546558340000000e-04
2.929301600006875e+01	1.522571110000000e-04
2.933918500004802e+01	1.510481520000000e-04
2.937025829998311e+01	1.499351490000000e-04
2.940144480008166e+01	1.485342950000000e-04
2.944809770002030e+01	1.471910070000000e-04
2.949482220003847e+01	1.457709590000000e-04
2.954197270004079e+01	1.445811940000000e-04
2.958778350008652e+01	1.434298320000000e-04
2.965108510002028e+01	1.427006060000000e-04
2.968206550006289e+01	1.420673510000000e-04
2.971711570001207e+01	1.415108420000000e-04
2.974527519999538e+01	1.408392130000000e-04
2.979207099997438e+01	1.399372700000000e-04
2.983820820006076e+01	1.390929250000000e-04
2.988711080001667e+01	1.380566830000000e-04
2.993213870003819e+01	1.375385760000000e-04
2.996331630006898e+01	1.369053060000000e-04
2.999449640000239e+01	1.357923030000000e-04
3.004192670003977e+01	1.344490300000000e-04
3.009133540000767e+01	1.332592660000000e-04
3.013753700000234e+01	1.318584110000000e-04
3.018340099998750e+01	1.310524240000000e-04
3.021416450000834e+01	1.302080780000000e-04
3.024491830007173e+01	1.292294040000000e-04
3.027608079998754e+01	1.283082820000000e-04
3.030804879998323e+01	1.275791000000000e-04
3.033918640005868e+01	1.262166040000000e-04
3.038626840000506e+01	1.250652130000000e-04
3.044764460006263e+01	1.239522100000000e-04
3.049411239998881e+01	1.229543700000000e-04
3.053908350004349e+01	1.222443390000000e-04
3.056920280004852e+01	1.216686430000000e-04
3.060122030007187e+01	1.207858950000000e-04
3.064629140007310e+01	1.199415780000000e-04
3.069299530005082e+01	1.187709790000000e-04
3.073919059999753e+01	1.176004150000000e-04
3.078578849998303e+01	1.169479510000000e-04
3.084816749999300e+01	1.152976470000000e-04
3.087963199999649e+01	1.145684290000000e-04
3.091062510001939e+01	1.139351660000000e-04
3.094135810004082e+01	1.130908130000000e-04
3.098717290000059e+01	1.122848550000000e-04
3.104921710002236e+01	1.115364430000000e-04
3.109652850008570e+01	1.110183370000000e-04
3.114431470003910e+01	1.106345230000000e-04
3.117560890002642e+01	1.104234400000000e-04
3.120659570000134e+01	1.098861320000000e-04
3.123711019998882e+01	1.094639590000000e-04
3.128313160000835e+01	1.093871980000000e-04
3.131501260004006e+01	1.090225850000000e-04
3.134621970006265e+01	1.083125610000000e-04
3.139309590007178e+01	1.072379530000000e-04
3.143919429997914e+01	1.065279280000000e-04
3.147212420008145e+01	1.055684260000000e-04
3.150259970000479e+01	1.045705790000000e-04
3.153270810004324e+01	1.038221600000000e-04
3.156462600000668e+01	1.029778070000000e-04
3.159816380008124e+01	1.016729150000000e-04
3.164379460003693e+01	1.004063890000000e-04
3.169051850005053e+01	9.917825810000000e-05
3.173645650001708e+01	9.839147240000000e-05
3.176715580001473e+01	9.750873140000000e-05
3.179815970000345e+01	9.595438310000000e-05
3.184428090008441e+01	9.401619899999999e-05
3.189072720007971e+01	9.175180460000000e-05
3.193593929999042e+01	9.050447260000000e-05
3.199672589998227e+01	8.731897830000000e-05
3.204379490006249e+01	8.614841500000000e-05
3.207498100004159e+01	8.526568130000000e-05
3.210596140008420e+01	8.438294750000000e-05
3.213814220007043e+01	8.336589240000001e-05
3.218501110002398e+01	8.273262939999999e-05
3.224679680005647e+01	8.060257099999999e-05
3.229378890001681e+01	7.864522190000001e-05
3.234023410000373e+01	7.707165790000000e-05
3.237056890001986e+01	7.551728779999999e-05
3.240151100000367e+01	7.308018390000000e-05
3.244892370002344e+01	7.022091449999999e-05
3.249609310005326e+01	6.753435450000000e-05
3.254397710005287e+01	6.517401200000000e-05
3.259403899998870e+01	6.331260370000000e-05
3.263910050003324e+01	6.036445480000000e-05
3.274795089999679e+01	5.982268340000000e-05
3.277939620008692e+01	5.914643040000000e-05
3.281026830000337e+01	5.832608800000000e-05
3.284133760002442e+01	5.729441550000000e-05
3.287222160003148e+01	5.599185900000000e-05
3.290278200001922e+01	5.446836440000000e-05
3.293351200001780e+01	5.340404100000000e-05
3.296426480007358e+01	5.218793010000000e-05
3.299575350002851e+01	5.048769160000000e-05
3.304215130000375e+01	4.888158580000000e-05
3.308950830006506e+01	4.752331730000000e-05
3.313656590005849e+01	4.685090970000000e-05
3.316811309999321e+01	4.607859230000000e-05
3.320009010005742e+01	4.506613910000000e-05
3.324645400000736e+01	4.396722220000000e-05
3.329322039999533e+01	4.257820910000000e-05
3.334039760008454e+01	4.105279730000000e-05
3.338807870005257e+01	3.952930640000000e-05
3.343512600008398e+01	3.885689510000000e-05
3.346910039999057e+01	3.797891990000000e-05
3.349823590007145e+01	3.707404180000000e-05
3.354489830008242e+01	3.582528010000000e-05
3.359331420005765e+01	3.443434980000000e-05
3.363915609999094e+01	3.313563140000000e-05
3.368591030000243e+01	3.244977420000000e-05
3.373212850000709e+01	3.119717080000000e-05
3.376243390003219e+01	3.031726920000000e-05
3.379374170000665e+01	2.897820920000000e-05
3.384123060002457e+01	2.781974040000000e-05
3.388787149998825e+01	2.667472110000000e-05
3.393541839998215e+01	2.610028970000000e-05
3.398310870002024e+01	2.500329900000000e-05
3.401446209999267e+01	2.425019560000000e-05
3.404462090006564e+01	2.351630790000000e-05
3.407676810002886e+01	2.281892190000000e-05
3.410594480007421e+01	2.215035240000000e-05
3.413665900006890e+01	2.125316500000000e-05
3.418374560005032e+01	2.081129240000000e-05
3.424542060005479e+01	1.947607600000000e-05
3.429156769998372e+01	1.859041550000000e-05
3.433846009999979e+01	1.799677010000000e-05
3.436919170001056e+01	1.735509610000000e-05
3.440053680003621e+01	1.636953310000000e-05
3.444684190000407e+01	1.511500700000000e-05
3.449364100000821e+01	1.388929830000000e-05
3.454065820004325e+01	1.276733110000000e-05
3.458695210004225e+01	1.177408380000000e-05
3.463596560002770e+01	1.135334510000000e-05
3.466586329997517e+01	1.092108140000000e-05
3.469674140005372e+01	1.041965520000000e-05
3.474220740003511e+01	9.883646269999999e-06
3.478880390000995e+01	9.378376490000001e-06
3.483570380008314e+01	9.153601240000000e-06
3.488276010006666e+01	8.750152120000000e-06
3.491434910008684e+01	8.494637770000000e-06
3.494511199998669e+01	8.254490240000001e-06
3.497630550002214e+01	8.066215740000001e-06
3.500748020003084e+01	7.902914149999999e-06
3.503913960000500e+01	7.695427480000000e-06
3.508616399997845e+01	7.580157220000000e-06
3.513395879999734e+01	7.391882260000000e-06
3.518006749998312e+01	7.224739420000000e-06
3.521081219997723e+01	7.130601720000000e-06
3.524216720007826e+01	7.040306170000000e-06
3.527333240001462e+01	6.973066320000000e-06
3.530392980005126e+01	6.905824190000000e-06
3.533521330007352e+01	6.705623950000000e-06
3.546017810003832e+01	6.666517490000000e-06
3.549120809999295e+01	6.621632560000000e-06
3.552246670005843e+01	6.574628510000000e-06
3.555402829998638e+01	6.526083330000000e-06
3.558796480007004e+01	6.470410430000000e-06
3.565012680005748e+01	6.418398240000000e-06
3.569677350006532e+01	6.336718800000000e-06
3.574296880001202e+01	6.223253880000000e-06
3.578933629998937e+01	6.142923210000000e-06
3.582024560007267e+01	6.049108380000000e-06
3.585119920002762e+01	5.934679850000000e-06
3.589705849997699e+01	5.844139650000000e-06
3.594418200000655e+01	5.773055360000000e-06
3.599084210000001e+01	5.722584320000000e-06
3.603979619999882e+01	5.694459110000000e-06
3.608406240004115e+01	5.694073480000000e-06
3.611548070004210e+01	5.693688760000000e-06
3.614620409999043e+01	5.778449580000000e-06
3.619276790006552e+01	6.050264350000000e-06
3.624232219997793e+01	6.137529450000000e-06
3.628694360004738e+01	6.188964560000000e-06
3.633354770008009e+01	6.221905550000000e-06
3.638097629998811e+01	6.262360330000000e-06
3.641223989997525e+01	6.256388130000000e-06
3.644396710000001e+01	6.175672300000000e-06
3.648962310003117e+01	6.003452200000000e-06
3.653595829999540e+01	5.871494070000000e-06
3.658303530002013e+01	5.565389980000000e-06
3.661618910008110e+01	5.327095550000000e-06
3.664599840005394e+01	5.055858760000000e-06
3.669410449999850e+01	4.854550750000000e-06
3.672475180006586e+01	4.663837440000000e-06
3.675771520007402e+01	4.458676360000000e-06
3.678712170000654e+01	4.143325900000000e-06
3.684915380005259e+01	3.855714570000000e-06
3.689501660002861e+01	3.590835150000000e-06
3.694233980006538e+01	3.319598820000000e-06
3.698819280008320e+01	3.147378950000000e-06
3.702019930002280e+01	2.952813020000000e-06
3.705216790002305e+01	2.689860140000000e-06
3.708507710008416e+01	2.495293980000000e-06
3.714574910001829e+01	2.002329670000000e-06
3.719218260003254e+01	1.764227020000000e-06
3.723919580003712e+01	1.590658940000000e-06
3.728539940004703e+01	1.503778550000000e-06
3.731638630002271e+01	1.421328880000000e-06
3.734839150006883e+01	1.338493690000000e-06
3.739572580007371e+01	1.255080860000000e-06
3.744390339998063e+01	1.178602930000000e-06
3.749063400004525e+01	1.104436820000000e-06
3.753718720003963e+01	1.029500030000000e-06
3.758430380001664e+01	9.873118639999999e-07
3.761765250004828e+01	9.295199560000000e-07
3.764724479999859e+01	8.547758630000000e-07
3.769408230006229e+01	7.682807000000000e-07
3.774018550000619e+01	7.014348280000000e-07
3.778640320000704e+01	6.239937420000000e-07
3.784814570005983e+01	5.236285570000000e-07
3.789451310003642e+01	4.587089680000000e-07
3.792506600008346e+01	4.099711650000000e-07
3.795698790007737e+01	3.677831730000000e-07
3.798837909998838e+01	2.803287770000000e-07
3.813037110003643e+01	2.703866640000000e-07
3.816124739998486e+01	2.611547250000000e-07
3.819206879998092e+01	2.474123160000000e-07
3.823914199997671e+01	2.383338970000000e-07
3.828675289999228e+01	2.308293290000000e-07
3.833270260004792e+01	2.276240560000000e-07
3.836336030007806e+01	2.221155740000000e-07
3.839470910001546e+01	2.115017000000000e-07
3.844118590001017e+01	1.993907550000000e-07
3.848714169999585e+01	1.874333290000000e-07
3.853451030002907e+01	1.791034520000000e-07
3.858115800004452e+01	1.646125440000000e-07
3.861376360000577e+01	1.551502460000000e-07
3.864286170003470e+01	1.472234320000000e-07
3.867404960002750e+01	1.405249610000000e-07
3.870531560003292e+01	1.348053900000000e-07
3.873641530005261e+01	1.284332140000000e-07
3.879711010004394e+01	1.232510270000000e-07
3.884322759998031e+01	1.209094480000000e-07
3.889106930000708e+01	1.184143340000000e-07
3.893742670002393e+01	1.174930450000000e-07
3.896805859997403e+01	1.161879060000000e-07
3.899901430006139e+01	1.136160180000000e-07
3.904612990003079e+01	1.114087810000000e-07
3.909769209998194e+01	1.093167160000000e-07
3.914139070000965e+01	1.060154770000000e-07
3.918726949999109e+01	1.025798820000000e-07
3.924918210005853e+01	1.001807280000000e-07
3.927946530003101e+01	9.933621209999999e-08
3.931141050008591e+01	9.910588970000000e-08
3.934177320008166e+01	9.904832870000001e-08
3.938797829998657e+01	1.005261940000000e-07
3.943938770005479e+01	1.012171610000000e-07
3.948287170007825e+01	1.019848740000000e-07
3.951308150007389e+01	1.025223000000000e-07
3.954437310004141e+01	1.035011440000000e-07
3.957612780004274e+01	1.047870910000000e-07
3.960808660008479e+01	1.062265870000000e-07
3.963912760000676e+01	1.093359000000000e-07
3.968495570006780e+01	1.113128150000000e-07
3.973211970005650e+01	1.171283870000000e-07
3.976314900000580e+01	1.205831670000000e-07
3.979507800005376e+01	1.242106860000000e-07
3.984025680006016e+01	1.271280750000000e-07
3.987117190007120e+01	1.299494840000000e-07
3.990255750005599e+01	1.335194360000000e-07
3.993356100004166e+01	1.363024750000000e-07
3.997963870002422e+01	1.406401400000000e-07
4.001121510006487e+01	1.439605630000000e-07
4.004297050007153e+01	1.492195310000000e-07
4.009177810000256e+01	1.577221700000000e-07
4.013623900001403e+01	1.621174310000000e-07
4.016820670000743e+01	1.676066860000000e-07
4.019912400003523e+01	1.763204270000000e-07
4.024874860001728e+01	1.858019090000000e-07
4.029280930000823e+01	1.980855870000000e-07
4.034009299997706e+01	2.122886260000000e-07
4.038651089998893e+01	2.287564480000000e-07
4.044849520002026e+01	2.393895220000000e-07
4.047919500002172e+01	2.462031430000000e-07
4.051163070008624e+01	2.529399980000000e-07
4.054119250003714e+01	2.612122780000000e-07
4.058839980000630e+01	2.680258720000000e-07
4.063558250002097e+01	2.719413030000000e-07
4.068216020008549e+01	2.766053060000000e-07
4.071345969999675e+01	2.796378450000000e-07
4.074406130006537e+01	2.819985810000000e-07
4.077541730005760e+01	2.839371400000000e-07
4.080752530007157e+01	2.851463140000000e-07
4.083838249999098e+01	2.858372450000000e-07
4.088596290000714e+01	2.865857880000000e-07
4.093205519998446e+01	2.863938560000000e-07
4.096287869999651e+01	2.861251570000000e-07
4.099359560001176e+01	2.867009530000000e-07
4.104031990002841e+01	2.863746720000000e-07
4.107149650005158e+01	2.863170890000000e-07
4.110617859999184e+01	2.862211090000000e-07
4.115156240004580e+01	2.866241860000000e-07
4.119909700006247e+01	2.861827400000000e-07
4.124545420007780e+01	2.865665750000000e-07
4.129276019998360e+01	2.855877310000000e-07
4.133901410002727e+01	2.841866550000000e-07
4.136919400002807e+01	2.766820730000000e-07
4.140019389998633e+01	2.471244330000000e-07
4.144610679999460e+01	1.977017520000000e-07
4.149290850001853e+01	1.461869910000000e-07
4.153919200005475e+01	1.101996080000000e-07
4.158624249999411e+01	9.991200050000000e-08
4.164935299998615e+01	1.064377240000000e-07
4.168063419999089e+01	1.187406160000000e-07
4.171159600000829e+01	1.377035660000000e-07
4.174283080000896e+01	1.844200030000000e-07
4.179002220008988e+01	2.706745760000000e-07
4.183547420008108e+01	3.216710810000000e-07
4.188213250006083e+01	4.285776360000000e-07
4.191352230007760e+01	5.148322090000000e-07
4.194433309999295e+01	6.204143689999999e-07
4.197571020002943e+01	7.570513390000000e-07
4.200626699998975e+01	1.541150600000000e-06
4.211817620007787e+01	1.734753250000000e-06
4.214878609997686e+01	2.008301410000000e-06
4.217821560008451e+01	2.283775980000000e-06
4.220922830002382e+01	2.545958300000000e-06
4.224023590004072e+01	2.865354650000000e-06
4.228782189998310e+01	3.105383710000000e-06
4.233535950002261e+01	3.211913050000000e-06
4.236734170001000e+01	3.325377970000000e-06
4.239921539998613e+01	3.470050390000000e-06
4.244618790003005e+01	3.642077220000000e-06
4.249221930000931e+01	3.861493950000000e-06
4.253919620008674e+01	4.113659090000000e-06
4.258416460000444e+01	4.228472330000000e-06
4.264607470005285e+01	4.495277610000000e-06
4.267812489997596e+01	4.622227150000000e-06
4.270997119997628e+01	4.733187780000000e-06
4.274125199997798e+01	4.883253950000000e-06
4.278685650008265e+01	5.079168660000000e-06
4.284914850001223e+01	5.318619060000000e-06
4.289621020003688e+01	5.544392930000000e-06
4.294443730008788e+01	5.689064890000000e-06
4.297455520008225e+01	5.813510140000000e-06
4.300583610008471e+01	5.962227990000000e-06
4.303670450008940e+01	6.179910090000000e-06
4.308373980002943e+01	6.305703660000000e-06
4.314679829997476e+01	6.698110610000000e-06
4.319981230003759e+01	6.987455440000000e-06
4.324020160001237e+01	7.152354560000000e-06
4.327155369997490e+01	7.337866920000000e-06
4.330168749997392e+01	7.592151180000000e-06
4.334779280005023e+01	7.994382029999999e-06
4.339375599997584e+01	8.434948540000000e-06
4.344045990006998e+01	9.589706680000000e-06
4.354835880000610e+01	9.772219530000001e-06
4.358022120001260e+01	1.006807910000000e-05
4.361218689999077e+01	1.043310290000000e-05
4.364317010005470e+01	1.085576150000000e-05
4.367438129999209e+01	1.127649920000000e-05
4.370547500008252e+01	1.169147340000000e-05
4.373631539999042e+01	1.211413200000000e-05
4.378335530008189e+01	1.227935350000000e-05
4.381432320002932e+01	1.246378630000000e-05
4.384534700005315e+01	1.270969550000000e-05
4.389144550007768e+01	1.291526130000000e-05
4.393819900008384e+01	1.302092640000000e-05
4.396920280007180e+01	1.312851150000000e-05
4.399987040006090e+01	1.324762620000000e-05
4.404583680001087e+01	1.339939810000000e-05
4.409302859997842e+01	1.353964400000000e-05
4.414208170003258e+01	1.362801780000000e-05
4.418762780004181e+01	1.376634370000000e-05
4.423420060006902e+01	1.383934700000000e-05
4.426539870002307e+01	1.395845990000000e-05
4.429587869998068e+01	1.417363180000000e-05
4.434083170001395e+01	1.446949320000000e-05
4.438669920002576e+01	1.477880230000000e-05
4.443417260004207e+01	1.492097000000000e-05
4.448303660005331e+01	1.515535130000000e-05
4.451258330000564e+01	1.529559810000000e-05
4.454365990008228e+01	1.546273960000000e-05
4.457527420006227e+01	1.562219590000000e-05
4.460797230002936e+01	1.578742010000000e-05
4.463775230001193e+01	1.602756670000000e-05
4.468499550002161e+01	1.617933780000000e-05
4.474662180000450e+01	1.668460940000000e-05
4.479358400008641e+01	1.711687040000000e-05
4.483970080001745e+01	1.736470220000000e-05
4.487120589998085e+01	1.763174810000000e-05
4.490229940006975e+01	1.800445350000000e-05
4.493325190001633e+01	1.829647410000000e-05
4.496369260002393e+01	1.873834480000000e-05
4.499457370000891e+01	1.963361140000000e-05
4.504233379999641e+01	2.062109520000000e-05
4.508908940001857e+01	2.174498330000000e-05
4.515100230008829e+01	2.253266390000000e-05
4.518206760007888e+01	2.300143210000000e-05
4.521423030004371e+01	2.342601330000000e-05
4.524564610002562e+01	2.397930980000000e-05
4.529154610005207e+01	2.471127850000000e-05
4.533782820007764e+01	2.552777910000000e-05
4.538437540002633e+01	2.597541240000000e-05
4.544600390002597e+01	2.725683770000000e-05
4.547752130008303e+01	2.796382980000000e-05
4.550852020003367e+01	2.869195490000000e-05
4.553930280008353e+01	2.999067150000000e-05
4.558591080002952e+01	3.072455730000000e-05
4.570614180003759e+01	3.387144170000000e-05
4.574355750007089e+01	3.479168660000000e-05
4.577433140005451e+01	3.555823420000000e-05
4.580556350003462e+01	3.651497900000000e-05
4.583692000003066e+01	3.794049190000000e-05
4.588271440006793e+01	3.861866570000000e-05
4.591461350000463e+01	3.942172040000000e-05
4.594568310002796e+01	4.058211200000000e-05
4.599185220000800e+01	4.193461790000000e-05
4.603817559999879e+01	4.268579870000000e-05
4.606919240008574e+01	4.365214770000000e-05
4.610043880005833e+01	4.495662510000000e-05
4.614822530001402e+01	4.658002220000000e-05
4.619515909999609e+01	4.810543400000000e-05
4.624201929999981e+01	4.943296520000000e-05
4.628756000008434e+01	5.078739560000000e-05
4.633450960007031e+01	5.147901900000000e-05
4.636658170004375e+01	5.230512760000000e-05
4.639815150003415e+01	5.349625280000000e-05
4.644417020003311e+01	5.496787340000000e-05
4.649170940008480e+01	5.669309030000000e-05
4.653680530004203e+01	5.867382060000000e-05
4.658323360001668e+01	5.964017330000000e-05
4.664818920008838e+01	6.186105750000000e-05
4.667920030001551e+01	6.276976640000000e-05
4.671031340002082e+01	6.373228099999999e-05
4.674140729999635e+01	6.529418900000001e-05
4.678736419999041e+01	6.717502400000001e-05
4.684866969997529e+01	6.880610449999999e-05
4.689478460000828e+01	7.017397729999999e-05
4.694132450001780e+01	7.107884450000000e-05
4.697211159998551e+01	7.193569040000000e-05
4.700318940007128e+01	7.296929110000001e-05
4.704979239997920e+01	7.423150239999999e-05
4.709694690001197e+01	7.542646930000000e-05
4.714493549999315e+01	7.646006270000000e-05
4.719111560005695e+01	7.778374860000001e-05
4.723812510003336e+01	7.854453720000000e-05
4.726923950004857e+01	7.950512370000000e-05
4.730111810006201e+01	8.085955780000000e-05
4.733264090004377e+01	8.172216620000000e-05
4.736459150002338e+01	8.282492490000000e-05
4.739608930004761e+01	8.425811390000001e-05
4.744297169998754e+01	9.004393359999999e-05
4.756709740008228e+01	9.027421770000000e-05
4.759916670003440e+01	9.113773560000000e-05
4.763680710003246e+01	9.296076310000000e-05
4.769317340000998e+01	9.474542460000000e-05
4.774125710001681e+01	9.658764610000000e-05
4.778666680003516e+01	9.850660720000001e-05
4.784877729997970e+01	1.000609770000000e-04
4.788016459997743e+01	1.014042650000000e-04
4.791169300000183e+01	1.026515970000000e-04
4.794275290006772e+01	1.045321840000000e-04
4.798919680004474e+01	1.064703680000000e-04
4.803559320000932e+01	1.074298420000000e-04
4.808225550001953e+01	1.089266590000000e-04
4.811290389997885e+01	1.098861320000000e-04
4.814668980007991e+01	1.108840080000000e-04
4.817584520007949e+01	1.117475260000000e-04
4.820778870000504e+01	1.129181180000000e-04
4.823817200004123e+01	1.141846440000000e-04
4.828503150003962e+01	1.148370790000000e-04
4.833225600002334e+01	1.162187620000000e-04
4.836342930002138e+01	1.172166080000000e-04
4.839509190001991e+01	1.185215300000000e-04
4.844182379997801e+01	1.195769660000000e-04
4.847267859999556e+01	1.205172450000000e-04
4.850337960000616e+01	1.215151210000000e-04
4.853357420000248e+01	1.221867710000000e-04
4.858014039997943e+01	1.233765360000000e-04
4.861335690005217e+01	1.241249270000000e-04
4.864294619997963e+01	1.250844070000000e-04
4.869016430003103e+01	1.260822900000000e-04
4.873602369998116e+01	1.265428290000000e-04
4.876644949999172e+01	1.271185170000000e-04
4.879703930008691e+01	1.278861160000000e-04
4.884407160000410e+01	1.285385660000000e-04
4.888966390001588e+01	1.292485980000000e-04
4.893610980000813e+01	1.300737490000000e-04
4.898411750001833e+01	1.304575560000000e-04
4.904717720008921e+01	1.313402750000000e-04
4.907822000002488e+01	1.317816500000000e-04
4.911020850006025e+01	1.322805770000000e-04
4.914268950000405e+01	1.328370850000000e-04
4.918932920007501e+01	1.333743860000000e-04
4.923542570008431e+01	1.335854760000000e-04
4.929599850007799e+01	1.342379400000000e-04
4.934292460000142e+01	1.344681950000000e-04
4.937357200006954e+01	1.347944340000000e-04
4.940468650008552e+01	1.352933760000000e-04
4.943585660005920e+01	1.356003920000000e-04
4.948360729997512e+01	1.362528560000000e-04
4.953147769998759e+01	1.372315310000000e-04
4.956087689998094e+01	1.377880250000000e-04
4.959175150003284e+01	1.385940120000000e-04
4.963949329999741e+01	1.389777900000000e-04
4.967130300006829e+01	1.394575370000000e-04
4.969521550007630e+01	1.400524340000000e-04
4.974908630002756e+01	1.407624510000000e-04
4.979530960007105e+01	1.412421840000000e-04
4.984152010001708e+01	1.419522160000000e-04
4.988840920000803e+01	1.423551880000000e-04
4.993545410002116e+01	1.426814120000000e-04
4.996712619997561e+01	1.431035780000000e-04
4.999830159998965e+01	1.437176830000000e-04
5.004470620001666e+01	1.442741780000000e-04
5.009179069998208e+01	1.451377030000000e-04
5.013818240002729e+01	1.456366300000000e-04
5.018373420007993e+01	1.460204370000000e-04
5.024543480004650e+01	1.466920660000000e-04
5.027592060004827e+01	1.470566790000000e-04
5.030679399997462e+01	1.474788590000000e-04
5.033810960000847e+01	1.480353530000000e-04
5.038538049999624e+01	1.483999660000000e-04
5.044777219998650e+01	1.493978490000000e-04
5.049470889999066e+01	1.500310750000000e-04
5.054179849999491e+01	1.505108520000000e-04
5.057431020005606e+01	1.510673460000000e-04
5.060370500001591e+01	1.516238410000000e-04
5.063497590005863e+01	1.520843940000000e-04
5.069604240008630e+01	1.539074150000000e-04
5.074305040005129e+01	1.551739410000000e-04
5.078991639998276e+01	1.564596610000000e-04
5.083753939997405e+01	1.570545280000000e-04
5.086919720005244e+01	1.577069920000000e-04
5.090007380000316e+01	1.586281000000000e-04
5.094616340007633e+01	1.597986700000000e-04
5.099233400006779e+01	1.616408990000000e-04
5.104014529997949e+01	1.632336350000000e-04
5.108771240001079e+01	1.645385490000000e-04
5.113864100002684e+01	1.651142230000000e-04
5.116832090006210e+01	1.657858810000000e-04
5.119893670000602e+01	1.665918390000000e-04
5.124653260002378e+01	1.675129460000000e-04
5.129371210001409e+01	1.683956940000000e-04
5.134020089998376e+01	1.693551750000000e-04
5.138709910004400e+01	1.703146550000000e-04
5.143428140005562e+01	1.708135820000000e-04
5.146591080003418e+01	1.713509260000000e-04
5.149634750001132e+01	1.719841530000000e-04
5.154354510002304e+01	1.726174230000000e-04
5.159005930006970e+01	1.732890810000000e-04
5.164085409999825e+01	1.740374720000000e-04
5.168538000003900e+01	1.744020850000000e-04
5.173233240004629e+01	1.750929080000000e-04
5.176335939997807e+01	1.755342820000000e-04
5.179515110002831e+01	1.761291500000000e-04
5.184227680007461e+01	1.765513150000000e-04
5.188885540002957e+01	1.770886450000000e-04
5.193450149998534e+01	1.774724370000000e-04
5.198163400008343e+01	1.780673340000000e-04
5.201277560007293e+01	1.784127380000000e-04
5.204374440002721e+01	1.787389630000000e-04
5.207448150007986e+01	1.791611280000000e-04
5.210529650002718e+01	1.794681740000000e-04
5.213840020005591e+01	1.799095190000000e-04
5.218351790006272e+01	1.801206090000000e-04
5.224476300005335e+01	1.807347000000000e-04
5.229145400004927e+01	1.810417160000000e-04
5.233789179997984e+01	1.812528060000000e-04
5.236979350005277e+01	1.814638960000000e-04
5.240014540008269e+01	1.816558220000000e-04
5.244676890003029e+01	1.819052700000000e-04
5.249311380006839e+01	1.822890770000000e-04
5.253910210006870e+01	1.825193320000000e-04
5.258509790000971e+01	1.826344960000000e-04
5.264808890002314e+01	1.831334230000000e-04
5.267908929998521e+01	1.833061250000000e-04
5.271007330005523e+01	1.834404540000000e-04
5.274177030008286e+01	1.837090970000000e-04
5.278821760008577e+01	1.840161420000000e-04
5.283505810005590e+01	1.841121120000000e-04
5.288115750008728e+01	1.843807550000000e-04
5.291262900002766e+01	1.844958900000000e-04
5.294427660002839e+01	1.846110100000000e-04
5.297522470005788e+01	1.848796960000000e-04
5.302152409998234e+01	1.851099510000000e-04
5.305542690004222e+01	1.853594290000000e-04
5.308531920006499e+01	1.853210410000000e-04
5.314970820001327e+01	1.858583710000000e-04
5.319453510001767e+01	1.863573120000000e-04
5.324035269999877e+01	1.865875670000000e-04
5.327118620008696e+01	1.869138070000000e-04
5.330250370001886e+01	1.873359870000000e-04
5.333329750003759e+01	1.875086750000000e-04
5.337916370003950e+01	1.880459750000000e-04
5.341032120003365e+01	1.884297820000000e-04
5.344165819999762e+01	1.887368270000000e-04
5.348961370007601e+01	1.891781720000000e-04
5.353675640001893e+01	1.893892620000000e-04
5.356909300002735e+01	1.896771140000000e-04
5.359915090003051e+01	1.900417260000000e-04
5.364658920001239e+01	1.904639070000000e-04
5.369366029999219e+01	1.909052660000000e-04
5.374084850004874e+01	1.914233730000000e-04
5.378668520005886e+01	1.919031200000000e-04
5.384853239997756e+01	1.923636880000000e-04
5.388022990000900e+01	1.927091070000000e-04
5.391119190002792e+01	1.930161520000000e-04
5.394277890003286e+01	1.935918120000000e-04
5.398949050006922e+01	1.942250820000000e-04
5.403602220001630e+01	1.949543080000000e-04
5.408307980000973e+01	1.952613530000000e-04
5.414582259999588e+01	1.962975950000000e-04
5.417608790006489e+01	1.968732830000000e-04
5.420788150001317e+01	1.974489570000000e-04
5.423890029999893e+01	1.982741380000000e-04
5.428487790003419e+01	1.988306470000000e-04
5.433192280004732e+01	1.995214700000000e-04
5.436333209997974e+01	2.001163380000000e-04
5.439434280002024e+01	2.007879960000000e-04
5.444021310005337e+01	2.012677290000000e-04
5.447194269997999e+01	2.017091030000000e-04
5.450396990007721e+01	2.022656120000000e-04
5.453389570000581e+01	2.026110160000000e-04
5.458106870006304e+01	2.032058840000000e-04
5.461262330005411e+01	2.035321380000000e-04
5.464440730004571e+01	2.041270050000000e-04
5.469133270008024e+01	2.047218880000000e-04
5.473666659998707e+01	2.051632330000000e-04
5.476806779997423e+01	2.055278460000000e-04
5.479901020007674e+01	2.060075930000000e-04
5.484583230002318e+01	2.065832810000000e-04
5.489246380003169e+01	2.072741190000000e-04
5.493919679999817e+01	2.075427620000000e-04
5.498579180007800e+01	2.078690160000000e-04
5.504765279998537e+01	2.084063160000000e-04
5.507925800001249e+01	2.087517200000000e-04
5.511006520001683e+01	2.091930950000000e-04
5.514115010004025e+01	2.097112300000000e-04
5.518905270006508e+01	2.104020680000000e-04
5.523624640004709e+01	2.110928910000000e-04
5.528321480005980e+01	2.113999070000000e-04
5.534663140005432e+01	2.123402230000000e-04
5.537690310005564e+01	2.127815820000000e-04
5.540757440007292e+01	2.132037630000000e-04
5.543915660004131e+01	2.140097200000000e-04
5.548508230003063e+01	2.143743330000000e-04
5.553116610005964e+01	2.150459620000000e-04
5.556325990008190e+01	2.153913960000000e-04
5.559442139999010e+01	2.160630250000000e-04
5.564323829999194e+01	2.164276370000000e-04
5.567252590006683e+01	2.168881770000000e-04
5.570434100006241e+01	2.172335950000000e-04
5.573464959999546e+01	2.175022530000000e-04
5.578548700001556e+01	2.180203880000000e-04
5.584394230006728e+01	2.189223010000000e-04
5.589007560000755e+01	2.195747510000000e-04
5.593615610001143e+01	2.199393640000000e-04
5.596741420007311e+01	2.203423500000000e-04
5.599813790002372e+01	2.208604860000000e-04
5.604455370001961e+01	2.213402190000000e-04
5.609184060001280e+01	2.218199520000000e-04
5.613914900005329e+01	2.223572660000000e-04
5.618607270007487e+01	2.226259090000000e-04
5.624912470008712e+01	2.230289250000000e-04
5.628014470008202e+01	2.231056860000000e-04
5.631158650002908e+01	2.235854190000000e-04
5.634297300002072e+01	2.237389420000000e-04
5.639013190008700e+01	2.241035250000000e-04
5.643663340003695e+01	2.244297650000000e-04
5.648322260007262e+01	2.245449000000000e-04
5.651445370004512e+01	2.247367960000000e-04
5.654567949997727e+01	2.248327510000000e-04
5.657632800005376e+01	2.249862740000000e-04
5.660684320004657e+01	2.252932900000000e-04
5.663735640002415e+01	2.255235740000000e-04
5.668584639998153e+01	2.256579030000000e-04
5.673181170003954e+01	2.258306190000000e-04
5.676221010007430e+01	2.260992770000000e-04
5.679357710003387e+01	2.262719640000000e-04
5.683990670007188e+01	2.265214430000000e-04
5.687141810008325e+01	2.267517270000000e-04
5.690350620006211e+01	2.269436230000000e-04
5.693418560002465e+01	2.271547130000000e-04
5.698112100001890e+01	2.273274000000000e-04
5.701232450001407e+01	2.276728190000000e-04
5.704277489997912e+01	2.278647300000000e-04
5.708858460001647e+01	2.281717610000000e-04
5.715002120006830e+01	2.282677160000000e-04
5.718131110002287e+01	2.285939260000000e-04
5.721192140004132e+01	2.286898820000000e-04
5.724327890004497e+01	2.289585390000000e-04
5.728962479997426e+01	2.293807190000000e-04
5.733605230005924e+01	2.295726010000000e-04
5.738397620001342e+01	2.297645260000000e-04
5.744658109999727e+01	2.300331690000000e-04
5.747814170003403e+01	2.303018260000000e-04
5.750917530001607e+01	2.304745140000000e-04
5.754003969999030e+01	2.307240070000000e-04
5.758732260006946e+01	2.310886190000000e-04
5.763437900005374e+01	2.312421420000000e-04
5.776026990008540e+01	2.320480850000000e-04
5.779025830002502e+01	2.323743100000000e-04
5.783585370006040e+01	2.324510710000000e-04
5.788295380002819e+01	2.327197140000000e-04
5.793019220000133e+01	2.329692070000000e-04
5.796173830004409e+01	2.331227300000000e-04
5.799261920002755e+01	2.333146110000000e-04
5.803881270007696e+01	2.334681340000000e-04
5.806955230003223e+01	2.336984180000000e-04
5.810074860008899e+01	2.337367910000000e-04
5.814908270002343e+01	2.339095080000000e-04
5.819609209999908e+01	2.340630020000000e-04
5.824159019999206e+01	2.341781660000000e-04
5.828710070007946e+01	2.344084210000000e-04
5.833410610002466e+01	2.345043760000000e-04
5.836546660005115e+01	2.346578990000000e-04
5.839683450001758e+01	2.348689890000000e-04
5.844338780001272e+01	2.350608850000000e-04
5.849046600004658e+01	2.352527660000000e-04
5.853635210008360e+01	2.353487360000000e-04
5.858372480003163e+01	2.354062890000000e-04
5.864655760000460e+01	2.356749460000000e-04
5.867755840008613e+01	2.356365730000000e-04
5.870902790001128e+01	2.358284690000000e-04
5.874000700004399e+01	2.358284690000000e-04
5.878610949998256e+01	2.362122760000000e-04
5.884915590006858e+01	2.363466050000000e-04
5.889607870008331e+01	2.365001270000000e-04
5.894166810007300e+01	2.367495760000000e-04
5.897264639998320e+01	2.368647110000000e-04
5.900303000002168e+01	2.368839050000000e-04
5.905050590005703e+01	2.370566220000000e-04
5.909684540005401e+01	2.372868910000000e-04
5.914468989998568e+01	2.374020410000000e-04
5.919259770005010e+01	2.376322950000000e-04
5.923975950002205e+01	2.377282510000000e-04
5.927034719998483e+01	2.379009820000000e-04
5.930121230008081e+01	2.379969080000000e-04
5.934788850008044e+01	2.381888040000000e-04
5.939460200001486e+01	2.384574760000000e-04
5.944160570006352e+01	2.385918050000000e-04
5.948712900001556e+01	2.388220600000000e-04
5.953431020001881e+01	2.388412540000000e-04
5.956557810003869e+01	2.390715380000000e-04
5.959664880007040e+01	2.391291050000000e-04
5.964381909999065e+01	2.391866730000000e-04
5.969202459999360e+01	2.393210020000000e-04
5.973868880001828e+01	2.393401960000000e-04
5.978686430002563e+01	2.394361510000000e-04
5.984962140000425e+01	2.394937180000000e-04
5.988083650008775e+01	2.395320920000000e-04
5.991216810001060e+01	2.395129120000000e-04
5.994273910007905e+01	2.395704800000000e-04
5.998887230001856e+01	2.396280470000000e-04
