# [General]
# timestamp=2025-04-17T14:57:24.941472
# comments='# '
# delimiter='\t'
# column_dtypes=float;;float
# column_headers='Time (s);;Power (W)'
# 
# [Metadata]
# scanner_x=-4.659387383855679
# scanner_y=3.7010040768
# start recoding time='17.04.2025, 14:56:24.917035'
# sample rate (hz)=50.0
# sample timing='TIMESTAMP'
# 
# ---- END HEADER ----
4.557300009764731e-03	1.596643410000000e-04
3.505740000400692e-02	1.643274740000000e-04
6.555299996398389e-02	1.678775590000000e-04
9.658010001294315e-02	1.715619870000000e-04
1.276850999565795e-01	1.764553890000000e-04
1.587597000179812e-01	1.804276540000000e-04
2.056334000080824e-01	1.887560070000000e-04
2.358649000525475e-01	1.950502630000000e-04
2.675199999939650e-01	2.055854130000000e-04
3.142217999557033e-01	2.172335950000000e-04
3.610710999928415e-01	2.231440450000000e-04
3.921741000376642e-01	2.288625840000000e-04
4.233607000205666e-01	2.358860370000000e-04
4.680705999489874e-01	2.435619540000000e-04
5.154396999860182e-01	2.504702420000000e-04
5.635471999412403e-01	2.557474360000000e-04
6.100218000356108e-01	2.586834600000000e-04
6.724133000243455e-01	2.653231200000000e-04
7.030315999872983e-01	2.685086220000000e-04
7.348436999600381e-01	2.716941240000000e-04
7.664446999551728e-01	2.771631990000000e-04
8.145059000235051e-01	2.836877250000000e-04
8.614805999677628e-01	2.892335760000000e-04
9.216656000353396e-01	2.958156400000000e-04
9.680038000224158e-01	3.018412100000000e-04
9.994051000103354e-01	3.078859880000000e-04
1.030495799961500e+00	3.144680810000000e-04
1.061764699988998e+00	3.225661350000000e-04
1.109863899997436e+00	3.261162490000000e-04
1.156489099957980e+00	3.318155940000000e-04
1.188458799966611e+00	3.357302920000000e-04
1.217514700023457e+00	3.410650530000000e-04
1.263666899991222e+00	3.438284330000000e-04
1.295686500030570e+00	3.481268940000000e-04
1.326585000031628e+00	3.555533770000000e-04
1.372704299981706e+00	3.671055600000000e-04
1.421702999970876e+00	3.781012780000000e-04
1.467527900007553e+00	3.870437500000000e-04
1.514535999973305e+00	3.947580410000000e-04
1.562095599947497e+00	3.984807990000000e-04
1.593554900027812e+00	4.027409600000000e-04
1.624916199943982e+00	4.085746190000000e-04
1.672289200010709e+00	4.170756730000000e-04
1.718645800021477e+00	4.264594460000000e-04
1.765614900039509e+00	4.343847980000000e-04
1.812457300024107e+00	4.407942180000000e-04
1.874995299964212e+00	4.451310960000000e-04
1.906201199977659e+00	4.482974180000000e-04
1.937606699997559e+00	4.513486060000000e-04
1.968325600028038e+00	4.555895280000000e-04
2.014706699992530e+00	4.597153170000000e-04
2.062231100047939e+00	4.632654020000000e-04
2.108417400042526e+00	4.648773760000000e-04
2.139724900014699e+00	4.667963370000000e-04
2.170155399944633e+00	4.686385510000000e-04
2.201024399953894e+00	4.700586140000000e-04
2.232762699946761e+00	4.714402600000000e-04
2.263135200017132e+00	4.733975800000000e-04
2.310574900009669e+00	4.744530890000000e-04
2.356775299995206e+00	4.764488260000000e-04
2.388371099950746e+00	4.774466510000000e-04
2.419302299967967e+00	4.787899670000000e-04
2.465554099995643e+00	4.795575220000000e-04
2.496639500022866e+00	4.806128850000000e-04
2.527647300041281e+00	4.821864710000000e-04
2.574784199940041e+00	4.853719440000000e-04
2.621457900037058e+00	4.887302640000000e-04
2.668114700005390e+00	4.910330170000000e-04
2.714397100033239e+00	4.925681280000000e-04
2.760873100021854e+00	4.933549210000000e-04
2.792313199955970e+00	4.943527750000000e-04
2.822906099958345e+00	4.954274630000000e-04
2.870081000030041e+00	4.964445250000000e-04
2.916595799964853e+00	4.972313180000000e-04
2.965600900002755e+00	4.980947710000000e-04
3.008920999942347e+00	4.985169509999999e-04
3.040541799971834e+00	4.990734740000000e-04
3.071509800036438e+00	4.997834910000001e-04
3.101760899997316e+00	5.003784320000000e-04
3.132084400043823e+00	5.013570190000001e-04
3.163164900033735e+00	5.025852010000000e-04
3.210109199979343e+00	5.033912600000000e-04
3.271986900013871e+00	5.050990730000000e-04
3.318315900047310e+00	5.063655550000000e-04
3.366103100008331e+00	5.077088720000000e-04
3.397380399983376e+00	5.091673230000001e-04
3.428595999954268e+00	5.110287460000000e-04
3.460040400037542e+00	5.123527950000000e-04
3.524616400012746e+00	5.158070130000000e-04
3.567847699974664e+00	5.177067360000000e-04
3.614477799972519e+00	5.192035460000000e-04
3.660638200002722e+00	5.198944130000000e-04
3.692650099983439e+00	5.206044300000000e-04
3.723486799979582e+00	5.214679990000000e-04
3.770047500031069e+00	5.218517040000000e-04
3.816533999983221e+00	5.219284790000000e-04
3.863468599971384e+00	5.225617210000000e-04
3.910148099996150e+00	5.230414100000000e-04
3.956569000030868e+00	5.238666780000000e-04
3.988306600018404e+00	5.246917720000000e-04
4.020049800048582e+00	5.252866540000000e-04
4.067050399957225e+00	5.260926550000000e-04
4.114293899969198e+00	5.263997010000000e-04
4.161568099982105e+00	5.269753750000000e-04
4.208216900005937e+00	5.273591960000000e-04
4.240032600006089e+00	5.276853920000000e-04
4.271834600018337e+00	5.281843480000000e-04
4.302314799977466e+00	5.285872610000000e-04
4.331921100034378e+00	5.287408710000000e-04
4.363275900017470e+00	5.290862170000000e-04
4.410555099952035e+00	5.291437850000000e-04
4.472619900014251e+00	5.290479170000000e-04
4.520725199952722e+00	5.291437850000000e-04
4.565538099966943e+00	5.290670090000000e-04
4.596591899986379e+00	5.289518740000000e-04
4.627755900030024e+00	5.286640950000000e-04
4.659755700035021e+00	5.285681690000000e-04
4.706214800011367e+00	5.285296940000000e-04
4.737663400010206e+00	5.284145590000000e-04
4.769112900015898e+00	5.283762580000001e-04
4.815151900053024e+00	5.280692130000000e-04
4.876884300028905e+00	5.277621680000000e-04
4.908316200016998e+00	5.276278240000000e-04
4.939241799991578e+00	5.269178070000000e-04
4.970037900027819e+00	5.259583120000000e-04
5.016543200006709e+00	5.251139520000000e-04
5.063717199955136e+00	5.243655180000000e-04
5.110558900050819e+00	5.240010210000000e-04
5.157631000038236e+00	5.233293630000000e-04
5.188660899992101e+00	5.226577050000000e-04
5.219349000020884e+00	5.215446580000000e-04
5.265524700051174e+00	5.198944130000000e-04
5.312414900050499e+00	5.177643030000000e-04
5.357973700040020e+00	5.165170300000000e-04
5.388593300012872e+00	5.152888480000000e-04
5.420540899969637e+00	5.133698580000000e-04
5.467530600028113e+00	5.121992440000000e-04
5.498005799949169e+00	5.111438800000000e-04
5.528171399957500e+00	5.096470700000001e-04
5.560299400007352e+00	5.085915910000000e-04
5.607817800017074e+00	5.060394180000000e-04
5.638682599994354e+00	5.042163540000000e-04
5.669854499981739e+00	5.018943340000000e-04
5.719412600039504e+00	4.995532220000000e-04
5.764528800034896e+00	4.982866810000000e-04
5.795241500018165e+00	4.970010490000000e-04
5.826522900024429e+00	4.957536580000000e-04
5.873441700008698e+00	4.941225050000000e-04
5.921187500003725e+00	4.920500800000000e-04
5.968238599947654e+00	4.896512840000000e-04
6.014478400000371e+00	4.867152600000000e-04
6.061647500027902e+00	4.854103900000000e-04
6.092734499950893e+00	4.841631160000000e-04
6.124385399976745e+00	4.834338910000000e-04
6.170677999965847e+00	4.830692780000000e-04
6.216351000010036e+00	4.829732640000000e-04
6.262818000046536e+00	4.842206540000000e-04
6.309446600032970e+00	4.860820480000000e-04
6.356710399966687e+00	4.896897010000000e-04
6.387776999967173e+00	4.929710990000000e-04
6.417559999972582e+00	5.004551490000000e-04
6.465545700048096e+00	5.087259340000000e-04
6.512142300023697e+00	5.175916010000000e-04
6.560109299956821e+00	5.216022250000000e-04
6.606798300053924e+00	5.267067460000000e-04
6.637623099959455e+00	5.280116460000000e-04
6.668051099986769e+00	5.292781860000000e-04
6.698702199966647e+00	5.292398270000000e-04
6.729645399958827e+00	5.287791720000000e-04
6.761151600047015e+00	5.278197350000000e-04
6.822432299959473e+00	5.233869310000000e-04
6.868774699978530e+00	5.198559370000000e-04
6.916565999970771e+00	5.153080560000000e-04
6.962730700033717e+00	5.126214240000000e-04
6.994347100029700e+00	5.100883430000001e-04
7.025558999972418e+00	5.068262110000000e-04
7.073057999950834e+00	5.022781550000000e-04
7.118687000009231e+00	4.976534980000000e-04
7.165625100024045e+00	4.930095750000000e-04
7.213381499983370e+00	4.882120410000000e-04
7.259915799950249e+00	4.860820480000000e-04
7.291431799996644e+00	4.834914580000000e-04
7.322304900037125e+00	4.799221350000000e-04
7.367861800012179e+00	4.750670630000000e-04
7.415368600049987e+00	4.703272430000000e-04
7.461762699997053e+00	4.653378860000000e-04
7.508477499941364e+00	4.624402210000000e-04
7.541365999961272e+00	4.585639110000000e-04
7.571937900036573e+00	4.549178700000000e-04
7.602355999988504e+00	4.520202060000000e-04
7.632394199958071e+00	4.486812100000000e-04
7.663712700014003e+00	4.439221520000000e-04
7.710546400048770e+00	4.408133970000000e-04
7.756910800002515e+00	4.349221710000000e-04
7.787826500018127e+00	4.307195780000000e-04
7.818676299997605e+00	4.258069970000000e-04
7.866828599944711e+00	4.234274970000000e-04
7.898512899992056e+00	4.213165960000000e-04
7.929625699995086e+00	4.182846460000000e-04
7.960003099986352e+00	4.155212960000000e-04
8.006964599946514e+00	4.103017270000000e-04
8.038018099963665e+00	4.069818820000000e-04
8.070112799992785e+00	4.016279710000000e-04
8.116924999980256e+00	3.943934280000000e-04
8.162411500001326e+00	3.901908350000000e-04
8.193662500008941e+00	3.851631190000000e-04
8.224206499988213e+00	3.782164130000000e-04
8.271516100037843e+00	3.695426570000000e-04
8.316456599975936e+00	3.609264680000000e-04
8.363736200029962e+00	3.535576110000000e-04
8.409625499974936e+00	3.496045250000000e-04
8.471533300005831e+00	3.399712730000000e-04
8.503273900016211e+00	3.344637810000000e-04
8.533089500037022e+00	3.285341660000000e-04
8.565721599967219e+00	3.195341850000000e-04
8.611591399996541e+00	3.099968890000000e-04
8.674023599945940e+00	3.011887600000000e-04
8.721081499941647e+00	2.920736440000000e-04
8.766751999966800e+00	2.864126580000000e-04
8.797727199969813e+00	2.809627910000000e-04
8.828528700047173e+00	2.735363090000000e-04
8.874371999991126e+00	2.628092480000000e-04
8.920425100019202e+00	2.522932770000000e-04
8.966547999996692e+00	2.415662020000000e-04
9.013755099964328e+00	2.306856040000000e-04
9.060768399969675e+00	2.261376360000000e-04
9.092021799995564e+00	2.205342320000000e-04
9.122712000040337e+00	2.141440490000000e-04
9.169928899966180e+00	2.067943710000000e-04
9.216534300008789e+00	1.999244410000000e-04
9.264307399978861e+00	1.935342590000000e-04
9.310792500036769e+00	1.897538750000000e-04
9.357931099948473e+00	1.835172150000000e-04
9.388987899990752e+00	1.793914130000000e-04
9.420163700007834e+00	1.733082750000000e-04
9.465610099956393e+00	1.662272550000000e-04
9.511116900015622e+00	1.589543240000000e-04
9.574018700048327e+00	1.525833210000000e-04
9.621079899952747e+00	1.458285260000000e-04
9.668488599942066e+00	1.416067970000000e-04
9.699789899983443e+00	1.381526380000000e-04
9.730880300048739e+00	1.349479570000000e-04
9.762458799988963e+00	1.305534820000000e-04
9.810145399998873e+00	1.285769390000000e-04
9.871744800009765e+00	1.234724770000000e-04
9.918019199976698e+00	1.203061550000000e-04
9.964476799941622e+00	1.185982910000000e-04
9.995943499961868e+00	1.171782420000000e-04
1.002612049994059e+01	1.155471040000000e-04
1.007351989997551e+01	1.125727070000000e-04
1.011883900000248e+01	1.083317620000000e-04
1.016578200005461e+01	1.050503200000000e-04
1.021248250000644e+01	1.022102220000000e-04
1.027489560004324e+01	1.002145000000000e-04
1.030648939998355e+01	9.860256250000000e-05
1.033774899994023e+01	9.666437840000000e-05
1.036902139999438e+01	9.330617469999999e-05
1.041559019999113e+01	8.871982569999999e-05
1.046190260001458e+01	8.344265370000001e-05
1.050928869994823e+01	7.996930800000000e-05
1.057108749996405e+01	7.198637470000000e-05
1.060114349995274e+01	6.882006710000000e-05
1.063250359997619e+01	6.574969300000001e-05
1.066439619997982e+01	6.168146500000001e-05
1.071126849995926e+01	5.680727190000000e-05
1.075707960000727e+01	5.448532100000000e-05
1.078831660002470e+01	5.116548710000000e-05
1.081874659995083e+01	4.084723330000000e-05
1.095927610003855e+01	3.877620470000000e-05
1.098990319995210e+01	3.692227260000000e-05
1.102117630001158e+01	3.419996570000000e-05
1.106909130001441e+01	3.164864390000000e-05
1.111650340002961e+01	2.949692680000000e-05
1.116337720002048e+01	2.827313980000000e-05
1.119444059999660e+01	2.713580400000000e-05
1.122649369994178e+01	2.584477080000000e-05
1.127304979995824e+01	2.447113180000000e-05
1.131928249995690e+01	2.307443720000000e-05
1.136602940002922e+01	2.181606580000000e-05
1.141317650000565e+01	2.060572840000000e-05
1.146049169998150e+01	2.004090130000000e-05
1.149148690002039e+01	1.940307080000000e-05
1.152396180003416e+01	1.833489660000000e-05
1.156900579994544e+01	1.638682620000000e-05
1.161558630003128e+01	1.422166040000000e-05
1.166153130005114e+01	1.268087820000000e-05
1.170953190000728e+01	1.198349130000000e-05
1.175635080004577e+01	1.093645100000000e-05
1.178716279997025e+01	1.039275780000000e-05
1.181819450005423e+01	9.822168070000000e-06
1.186560659995303e+01	9.403352120000000e-06
1.191265760001261e+01	8.988379700000001e-06
1.195951359998435e+01	8.571483700000001e-06
1.200706360000186e+01	7.651241500000001e-06
1.203909560001921e+01	7.044150150000000e-06
1.207051250000950e+01	6.469718300000000e-06
1.210161250003148e+01	5.937551580000000e-06
1.213258700002916e+01	5.451494870000000e-06
1.216391430003569e+01	4.752186670000000e-06
1.221124580001924e+01	4.127804000000000e-06
1.227358479995746e+01	3.634062070000000e-06
1.232246359996498e+01	2.815461130000000e-06
1.242986290005501e+01	2.647479500000000e-06
1.246111869998276e+01	2.466205840000000e-06
1.251021520001814e+01	2.185722450000000e-06
1.254067539994139e+01	1.989615380000000e-06
1.257266229996458e+01	1.711443930000000e-06
1.261835400003474e+01	1.393588720000000e-06
1.266553210001439e+01	1.204416660000000e-06
1.271250629995484e+01	1.055891630000000e-06
1.275962469994556e+01	9.925131510000000e-07
1.280700909998268e+01	9.075591830000000e-07
1.283787269995082e+01	8.642151670000000e-07
1.286849050002638e+01	8.133583260000000e-07
1.291550859995186e+01	7.688586270000000e-07
1.296119679999538e+01	7.270559190000000e-07
1.300731889996678e+01	7.093330510000000e-07
1.303898519999348e+01	6.929586220000000e-07
1.306981889996678e+01	6.883353760000000e-07
1.311618300003465e+01	7.066360580000000e-07
1.314755690004677e+01	7.467050980000001e-07
1.317873090005014e+01	8.131657410000000e-07
1.321029189997353e+01	8.838645730000000e-07
1.327258680004161e+01	1.121003830000000e-06
1.331929699995089e+01	1.304203920000000e-06
1.336563070002012e+01	1.496650840000000e-06
1.341230770002585e+01	1.616665140000000e-06
1.344353709998541e+01	1.722231790000000e-06
1.347479580005165e+01	1.855152960000000e-06
1.352079119998962e+01	1.997321080000000e-06
1.356796210003085e+01	2.120032380000000e-06
1.361440650001168e+01	2.238120260000000e-06
1.366173479997087e+01	2.358712890000000e-06
1.370876029995270e+01	2.422476650000000e-06
1.373981059994549e+01	2.499917630000000e-06
1.377450289996341e+01	2.612804110000000e-06
1.381722139997873e+01	2.728965910000000e-06
1.386440550000407e+01	2.828945750000000e-06
1.391240609996021e+01	2.915826140000000e-06
1.395863839995582e+01	2.954739330000000e-06
1.399069190002047e+01	3.004440490000000e-06
1.402185629995074e+01	3.034492240000000e-06
1.405275160004385e+01	3.037959910000000e-06
1.408479750005063e+01	3.032758290000000e-06
1.411551949998830e+01	2.690823290000000e-06
1.416176950000226e+01	2.112519270000000e-06
1.420845120004378e+01	1.792737750000000e-06
1.423893889994361e+01	1.394551760000000e-06
1.426951979997102e+01	8.538127640000000e-07
1.431655390001833e+01	7.205061930000000e-07
1.434839009994175e+01	9.624612860000001e-07
1.437930320005398e+01	1.687749320000000e-06
1.441077960003167e+01	2.403597590000000e-06
1.447252149996348e+01	4.798877400000000e-06
1.451821899996139e+01	6.854341790000000e-06
1.456730500003323e+01	2.121089710000000e-05
1.469274950004183e+01	2.533565930000000e-05
1.472402670001611e+01	3.071879470000000e-05
1.475499990000390e+01	3.612498040000000e-05
1.478709550003987e+01	4.185392750000000e-05
1.481769299996085e+01	5.073936700000000e-05
1.486477820004802e+01	6.072755420000000e-05
1.491008159995545e+01	6.667551500000000e-05
1.495630139997229e+01	7.563779950000000e-05
1.498785769997630e+01	8.076157250000000e-05
1.501858909998555e+01	1.045705790000000e-04
1.514453090005554e+01	1.100012600000000e-04
1.517452919995412e+01	1.164682180000000e-04
1.520620739995502e+01	1.228008480000000e-04
1.523839870002121e+01	1.280012660000000e-04
1.526852050004527e+01	1.338733270000000e-04
1.531548520002980e+01	1.400332260000000e-04
1.536211959994398e+01	1.471718130000000e-04
1.540795320004690e+01	1.520651860000000e-04
1.543873519997578e+01	1.592421760000000e-04
1.546957930002827e+01	1.703338490000000e-04
1.551641639997251e+01	1.822314810000000e-04
1.556446709996089e+01	1.915385360000000e-04
1.561143139994238e+01	1.999820090000000e-04
1.567303599999286e+01	2.062186830000000e-04
1.572001359995920e+01	2.108050390000000e-04
1.575164969998877e+01	2.145662150000000e-04
1.578369900002144e+01	2.178860600000000e-04
1.581561109994072e+01	2.224532220000000e-04
1.586109280004166e+01	2.266941450000000e-04
1.590857580001466e+01	2.295534360000000e-04
1.595628429995850e+01	2.378433860000000e-04
1.598695329995826e+01	2.457879600000000e-04
1.601976349996403e+01	2.550758070000000e-04
1.605536610004492e+01	2.636536080000000e-04
1.608213220001198e+01	2.689115940000000e-04
1.611311959999148e+01	2.754937160000000e-04
1.615867030003574e+01	2.780267390000000e-04
1.620554130000528e+01	2.822484820000000e-04
1.623675269994419e+01	2.860480450000000e-04
1.626751030003652e+01	2.941269490000000e-04
1.631429949996527e+01	3.015150140000000e-04
1.634633289999329e+01	3.093252310000000e-04
1.637752940005157e+01	3.176727620000000e-04
1.640890359994955e+01	3.224126410000000e-04
1.647074539994355e+01	3.360757550000000e-04
1.651686520001385e+01	3.471674280000000e-04
1.656478959997185e+01	3.569925900000000e-04
1.661017869994976e+01	3.620586940000000e-04
1.664059089997318e+01	3.665874250000000e-04
1.667177969997283e+01	3.723251870000000e-04
1.671826999995392e+01	3.795788800000000e-04
1.676554519997444e+01	3.891162340000000e-04
1.681184290000238e+01	3.980777980000000e-04
1.687511519994587e+01	4.046790710000000e-04
1.692171809996944e+01	4.092654560000000e-04
1.695171409996692e+01	4.127387950000000e-04
1.698297140002251e+01	4.166151050000000e-04
1.701455550000537e+01	4.215852530000000e-04
1.706067559996154e+01	4.240223500000000e-04
1.710686209995765e+01	4.300479200000000e-04
1.713793249998707e+01	4.342505130000000e-04
1.716922389995307e+01	4.404487850000000e-04
1.721454379998613e+01	4.439605400000000e-04
1.724629120004829e+01	4.468582050000000e-04
1.727667699998710e+01	4.497366320000000e-04
1.730800640000962e+01	4.512718010000000e-04
1.733880409994163e+01	4.536321790000000e-04
1.736910180002451e+01	4.569903540000000e-04
1.741650549997576e+01	4.612888730000000e-04
1.746240530000068e+01	4.655106460000000e-04
1.750865189998876e+01	4.679285050000000e-04
1.754060790000949e+01	4.711523940000000e-04
1.757126590004191e+01	4.755660190000000e-04
1.761755510000512e+01	4.814381250000000e-04
1.766425250004977e+01	4.873485890000000e-04
1.771283560001757e+01	4.936619660000000e-04
1.775731619994622e+01	4.960607040000000e-04
1.778769340005238e+01	4.987664290000000e-04
1.781829870003276e+01	5.010884490000000e-04
1.784952659998089e+01	5.031993500000000e-04
1.788110819994472e+01	5.049455790000000e-04
1.791295020002872e+01	5.069604380000000e-04
1.795894579996821e+01	5.077472310000000e-04
1.800693979999050e+01	5.090713380000000e-04
1.803807370003778e+01	5.101651770000000e-04
1.806742870004382e+01	5.120457500000000e-04
1.811413939995691e+01	5.134849930000000e-04
1.814553550002165e+01	5.151161460000000e-04
1.817647269996814e+01	5.168623760000000e-04
1.820802180003375e+01	5.179945730000000e-04
1.823921869997866e+01	5.188389330000000e-04
1.826974609994795e+01	5.198944130000000e-04
1.831645769998431e+01	5.211033859999999e-04
1.836410640005488e+01	5.225041530000000e-04
1.841021700005513e+01	5.230990940000000e-04
1.844111689995043e+01	5.236555590000000e-04
1.847170460002962e+01	5.241737240000000e-04
1.851785800000653e+01	5.250947430000000e-04
1.856482119997963e+01	5.252483530000000e-04
1.861243129998911e+01	5.255169240000000e-04
1.865915690001566e+01	5.257856100000000e-04
1.870553939999081e+01	5.264188510000000e-04
1.873689679999370e+01	5.264764190000000e-04
1.876822339999489e+01	5.271289260000000e-04
1.881565340002999e+01	5.273784050000000e-04
1.886265829997137e+01	5.276278240000000e-04
1.890840970003046e+01	5.275702570000000e-04
1.893905329995323e+01	5.277813760000000e-04
1.896928600000683e+01	5.281075140000000e-04
1.901653390005231e+01	5.281843480000000e-04
1.904765439999755e+01	5.284338260000000e-04
1.907868599996436e+01	5.285106020000000e-04
1.910991829994600e+01	5.288560060000001e-04
1.915827100002207e+01	5.289327820000000e-04
1.918788179999683e+01	5.288943070000000e-04
1.921862189995591e+01	5.291437850000000e-04
1.926562359998934e+01	5.292781860000000e-04
1.931267809995916e+01	5.293740540000000e-04
1.934346999996342e+01	5.293932630000000e-04
1.937424849998206e+01	5.294508300000000e-04
1.942132129997481e+01	5.295468730000000e-04
1.946881800005212e+01	5.296811000000000e-04
1.951616680005100e+01	5.296235320000001e-04
1.956335509999190e+01	5.296620070000001e-04
1.961009440000635e+01	5.296235320000001e-04
1.964158329996280e+01	5.293932630000000e-04
1.967391000001226e+01	5.295083970000000e-04
1.971887880004942e+01	5.295852320000000e-04
1.976672569999937e+01	5.290479170000000e-04
1.981376139994245e+01	5.290479170000000e-04
1.986073910002597e+01	5.288367390000000e-04
1.992213910003193e+01	5.290094410000000e-04
1.995286109996960e+01	5.292013520000000e-04
1.998367380001582e+01	5.293549620000000e-04
2.001569899998140e+01	5.294891890000000e-04
2.006325460004155e+01	5.294508300000000e-04
2.010849050001707e+01	5.291246930000000e-04
2.015537809999660e+01	5.269178070000000e-04
2.018716349999886e+01	5.244039930000000e-04
2.021696999995038e+01	5.218709119999999e-04
2.024894740001764e+01	5.196064590000000e-04
2.027941950003151e+01	5.158453709999999e-04
2.031091150001157e+01	5.120841090000000e-04
2.035813469998538e+01	5.031033070000000e-04
2.040405410004314e+01	4.919157360000000e-04
2.043436720001046e+01	4.824168280000000e-04
2.046610149997286e+01	4.678326080000000e-04
2.051278500002809e+01	4.587174340000000e-04
2.054551239998545e+01	4.486812100000000e-04
2.057565110002179e+01	4.372441330000000e-04
2.062196460005362e+01	4.223912260000000e-04
2.066914100002032e+01	4.101865920000000e-04
2.071621550002601e+01	3.990949190000000e-04
2.076175369997509e+01	3.893848920000000e-04
2.080759049998596e+01	3.847985060000000e-04
2.083890960004646e+01	3.791183700000000e-04
2.086973879998550e+01	3.712697360000000e-04
2.091647579998244e+01	3.621738000000000e-04
2.096316990000196e+01	3.519264860000000e-04
2.100902690005023e+01	3.464765900000000e-04
2.107115750003140e+01	3.309904710000000e-04
2.111794669996016e+01	3.234104950000000e-04
2.114882809994742e+01	3.170587010000000e-04
2.117917699995451e+01	3.098817250000000e-04
2.121134309994522e+01	3.004595640000000e-04
2.127293960005045e+01	2.921503910000000e-04
2.131770400004461e+01	2.835725610000000e-04
2.136453689995687e+01	2.747452820000000e-04
2.141095060005318e+01	2.697367740000000e-04
2.144466579996515e+01	2.640949680000000e-04
2.147381180000957e+01	2.574169480000000e-04
2.152110360004008e+01	2.488391470000000e-04
2.156746169994585e+01	2.401845410000000e-04
2.161543030000757e+01	2.312037400000000e-04
2.166253650002182e+01	2.230097160000000e-04
2.170889669994358e+01	2.184425540000000e-04
2.173995099996682e+01	2.131270010000000e-04
2.177152790001128e+01	2.062570710000000e-04
2.181928169995081e+01	1.990033340000000e-04
2.186559689999558e+01	1.931888400000000e-04
2.191339100000914e+01	1.867602840000000e-04
2.195933690003585e+01	1.833636920000000e-04
2.200537130003795e+01	1.774532280000000e-04
2.203620760003105e+01	1.732698730000000e-04
2.206737599999178e+01	1.662656290000000e-04
2.211380509997252e+01	1.592229670000000e-04
2.215947620000225e+01	1.553082690000000e-04
2.220703050005250e+01	1.487069820000000e-04
2.223769490001723e+01	1.446579550000000e-04
2.226897139998619e+01	1.387667000000000e-04
2.231599359994289e+01	1.342379400000000e-04
2.234821510000620e+01	1.299969880000000e-04
2.237962529994547e+01	1.251611680000000e-04
2.241066429996863e+01	1.215535160000000e-04
2.247354479995556e+01	1.129372900000000e-04
2.251958029996604e+01	1.053957310000000e-04
2.256696800002828e+01	9.720171510000000e-05
2.261500460002571e+01	9.125289220000000e-05
2.264654039999004e+01	8.530406190000000e-05
2.267685569997411e+01	7.808872030000000e-05
2.270788330002688e+01	7.348317010000000e-05
2.273907240002882e+01	6.811004280000000e-05
2.276964449998923e+01	6.185418900000000e-05
2.281558199995197e+01	5.452370170000000e-05
2.286319449997973e+01	4.828702000000000e-05
2.290994579996914e+01	4.535099290000000e-05
2.294106710003689e+01	4.231902130000000e-05
2.297206519998144e+01	3.323553390000000e-05
2.311129000002984e+01	3.177928370000000e-05
2.314146119996440e+01	3.024234140000000e-05
2.317159990000073e+01	2.805028090000000e-05
2.321762010001112e+01	2.462290650000000e-05
2.326452309999149e+01	2.263256650000000e-05
2.329567060002591e+01	2.059611870000000e-05
2.332714980002493e+01	1.845400950000000e-05
2.337420820002444e+01	1.661928580000000e-05
2.342041350004729e+01	1.533978680000000e-05
2.346652649994940e+01	1.438496200000000e-05
2.351475710002705e+01	1.312851150000000e-05
2.356244709994644e+01	1.236196290000000e-05
2.359292800002731e+01	1.152048840000000e-05
2.362422620004509e+01	1.026980320000000e-05
2.367051930003799e+01	8.782812979999999e-06
2.371692929998972e+01	7.395724420000000e-06
2.376319349999540e+01	6.237255090000000e-06
2.380963969998993e+01	5.768487880000000e-06
2.387093049997929e+01	5.030756710000000e-06
2.390158980002161e+01	4.721447570000000e-06
2.393227089999709e+01	4.415981950000000e-06
2.396394829999190e+01	3.903026480000000e-06
2.401108460000250e+01	2.415733890000000e-06
2.415010810003150e+01	2.133709810000000e-06
2.418100510002114e+01	1.923154740000000e-06
2.421203129994683e+01	1.686208070000000e-06
2.427387240005191e+01	1.537105050000000e-06
2.431965409999248e+01	1.424411040000000e-06
2.436810670001432e+01	1.332329360000000e-06
2.441303940000944e+01	1.282243150000000e-06
2.444441200001165e+01	1.234083020000000e-06
2.447549430001527e+01	1.145083620000000e-06
2.452070710004773e+01	1.025069310000000e-06
2.456854000000749e+01	9.443532460000000e-07
2.461313449998852e+01	8.753883660000000e-07
2.466005169996060e+01	8.422543940000000e-07
2.470553769997787e+01	7.673175450000000e-07
2.473721729998942e+01	7.266705780000000e-07
2.476940630003810e+01	6.956556720000000e-07
2.481456590001471e+01	6.858309690000000e-07
2.486246590001974e+01	6.931512080000000e-07
2.492425349995028e+01	7.135711260000000e-07
2.497208630002569e+01	7.467050980000001e-07
2.501924069994129e+01	7.933649609999999e-07
2.512861390004400e+01	7.966086170000000e-07
2.515951250004582e+01	7.966662570000000e-07
2.520556200004648e+01	7.906203900000000e-07
2.523692499997560e+01	7.574352029999999e-07
2.526806799997576e+01	7.035212660000000e-07
2.531590909999795e+01	6.897404890000000e-07
2.536065010004677e+01	7.254784010000000e-07
2.540723200002685e+01	2.667128460000000e-06
2.553151819994673e+01	3.765944260000000e-06
2.556423959997483e+01	5.518964370000000e-06
2.561133620003238e+01	6.245985790000000e-06
2.564261270000134e+01	6.826408940000000e-06
2.567449220002163e+01	7.630678740000000e-06
2.572186080005486e+01	1.605253960000000e-05
2.584761779999826e+01	2.001976650000000e-05
2.587803569994867e+01	2.346635850000000e-05
2.590899160003755e+01	2.654984560000000e-05
2.595528610004112e+01	3.137967720000000e-05
2.598704729997553e+01	3.484356060000000e-05
2.601847659994382e+01	3.957349330000000e-05
2.606498599995393e+01	4.373860070000000e-05
2.611096499999985e+01	4.601327600000000e-05
2.614232220000122e+01	4.863951840000000e-05
2.617341259995010e+01	5.311777930000000e-05
2.621934630000032e+01	5.866997890000000e-05
2.626582009997219e+01	6.105991630000000e-05
2.631302550004330e+01	6.418375410000001e-05
2.636013359995559e+01	6.794541700000000e-05
2.640757589996792e+01	7.533233290000000e-05
2.643895870004781e+01	8.070586050000000e-05
2.646994900004938e+01	1.013658690000000e-04
2.659439840004779e+01	1.055492540000000e-04
2.662473419995513e+01	1.109031800000000e-04
2.665553009998985e+01	1.166793010000000e-04
2.668630729999859e+01	1.225897580000000e-04
2.671810439997353e+01	1.307070050000000e-04
2.676551289996132e+01	1.391313130000000e-04
2.681366530002560e+01	1.484959070000000e-04
2.685991610004567e+01	1.525641270000000e-04
2.689051609998569e+01	1.577261860000000e-04
2.692233610001858e+01	1.645577290000000e-04
2.696810950001236e+01	1.703914170000000e-04
2.701372279995121e+01	1.738263820000000e-04
2.706215979997069e+01	1.778946030000000e-04
2.710715429997072e+01	1.801782050000000e-04
2.713911850005388e+01	1.834596480000000e-04
2.717013660003431e+01	1.871440620000000e-04
2.720081479998771e+01	1.909628340000000e-04
2.723255189997144e+01	1.943018430000000e-04
2.726372339995578e+01	1.975065530000000e-04
2.731055840000045e+01	1.993679470000000e-04
2.735805909999181e+01	2.020928800000000e-04
2.738890699995682e+01	2.046451260000000e-04
2.742006849998143e+01	2.092698560000000e-04
2.746607540000696e+01	2.125705070000000e-04
2.749682630004827e+01	2.165811600000000e-04
2.752866309997626e+01	2.228561930000000e-04
2.756097700004466e+01	2.330267740000000e-04
2.760728360002395e+01	2.386301790000000e-04
2.763862199999858e+01	2.462868870000000e-04
2.767060429998673e+01	2.558625710000000e-04
2.771697960002348e+01	2.656301660000000e-04
2.776496960001532e+01	2.708113750000000e-04
2.779646480001975e+01	2.744958330000000e-04
2.782746179995593e+01	2.791013690000000e-04
2.787370490003377e+01	2.853380280000000e-04
2.791828370001167e+01	2.928987960000000e-04
2.796560320002027e+01	3.006130570000000e-04
2.801193489995785e+01	3.082697800000000e-04
2.805933519999962e+01	3.115128490000000e-04
2.809136179997586e+01	3.155235320000000e-04
2.812216060003266e+01	3.199371570000000e-04
2.816799929994158e+01	3.240629450000000e-04
2.821459220000543e+01	3.283998520000000e-04
2.826260839996394e+01	3.340416010000000e-04
2.830997279996518e+01	3.374574010000000e-04
2.835663000005297e+01	3.430416400000000e-04
2.838708330004010e+01	3.459776340000000e-04
2.841723220003769e+01	3.494510020000000e-04
2.846412140002940e+01	3.528092350000000e-04
2.851155880000442e+01	3.569925900000000e-04
2.855968459998257e+01	3.584701920000000e-04
2.860659069998655e+01	3.615021410000000e-04
2.863707689999137e+01	3.643038510000000e-04
2.866757189994678e+01	3.671823360000000e-04
2.869805570004974e+01	3.705405110000000e-04
2.872979829995893e+01	3.752995690000000e-04
2.876101529994048e+01	3.824573940000000e-04
2.880696640000679e+01	3.851055520000000e-04
2.883792570000514e+01	3.879072610000000e-04
2.886851409997325e+01	3.904211040000000e-04
2.891581040003803e+01	3.931844550000000e-04
2.896180869999807e+01	3.947963710000000e-04
2.899287029996049e+01	3.972910340000000e-04
2.902461009996478e+01	4.015127780000000e-04
2.907072540000081e+01	4.062334770000000e-04
2.911769630003255e+01	4.105703560000000e-04
2.916392309998628e+01	4.154637280000000e-04
2.921068100002594e+01	4.184573480000000e-04
2.927416969998740e+01	4.243293950000000e-04
2.930495939997490e+01	4.258454140000000e-04
2.933668189996388e+01	4.274957170000000e-04
2.936731260002125e+01	4.296065890000000e-04
2.941355329996441e+01	4.325426420000000e-04
2.945971980004106e+01	4.341929450000000e-04
2.950713249994442e+01	4.371673280000000e-04
2.953796490002424e+01	4.389136160000000e-04
2.956931479997002e+01	4.407942180000000e-04
2.960090009996202e+01	4.425788940000000e-04
2.963373340002727e+01	4.439029730000000e-04
2.966290829994250e+01	4.460330240000000e-04
2.971014610002749e+01	4.475681930000000e-04
2.975686449999921e+01	4.496023470000000e-04
2.978795120003633e+01	4.506769470000000e-04
2.981917100003920e+01	4.514445030000000e-04
2.986562970001251e+01	4.516364130000000e-04
2.989767129998654e+01	4.520010260000000e-04
2.992815129994415e+01	4.525191620000000e-04
2.995987450005487e+01	4.526151170000000e-04
3.000747830001637e+01	4.533827010000000e-04
3.004263239994179e+01	4.545916450000000e-04
3.007031400001142e+01	4.559541410000000e-04
3.011689149995800e+01	4.587366130000000e-04
3.016342310002074e+01	4.608858730000000e-04
3.019448720000219e+01	4.628816390000000e-04
3.022576820000540e+01	4.650116610000000e-04
3.027404299995396e+01	4.673911900000000e-04
3.031896940001752e+01	4.688304030000000e-04
3.036652879999019e+01	4.703848100000000e-04
3.041229809995275e+01	4.715553950000000e-04
3.045910750003532e+01	4.719966960000000e-04
3.049017280002590e+01	4.724573230000000e-04
3.052373470005114e+01	4.741268060000000e-04
3.056692769995425e+01	4.757003630000000e-04
3.061353990004864e+01	4.772547110000000e-04
3.065964059997350e+01	4.780031740000000e-04
3.070707500004210e+01	4.793463740000000e-04
3.073805479996372e+01	4.804786590000000e-04
3.076886890002061e+01	4.814572460000000e-04
3.080055000004359e+01	4.825319630000000e-04
3.083311560004950e+01	4.839711760000000e-04
3.086303520004731e+01	4.864082150000000e-04
3.091065740003251e+01	4.876363960000000e-04
3.095797410001978e+01	4.899391790000000e-04
3.098833880003076e+01	4.913784210000000e-04
3.102027129998896e+01	4.928176640000001e-04
3.106753390002996e+01	4.945638940000000e-04
3.109793899999931e+01	4.965788680000000e-04
3.112938629998825e+01	4.987664290000000e-04
3.116127629997209e+01	5.012418840000000e-04
3.120787559996825e+01	5.026427680000001e-04
3.123931850004010e+01	5.036790390000000e-04
3.127082530001644e+01	5.057323720000000e-04
3.131814520002808e+01	5.075169610000000e-04
3.136620779999066e+01	5.085915910000000e-04
3.139710259996355e+01	5.096278620000000e-04
3.142827929998748e+01	5.110670460000000e-04
3.147483920003287e+01	5.122952280000000e-04
3.152023639995605e+01	5.138112460000000e-04
3.156578399997670e+01	5.153271490000000e-04
3.161271320004016e+01	5.165745970000000e-04
3.165989350003656e+01	5.170350780000000e-04
3.169075299997348e+01	5.174572580000000e-04
3.172211750003044e+01	5.185510960000000e-04
3.176830490003340e+01	5.193954570000000e-04
3.181557360000443e+01	5.201054149999999e-04
3.186232119996566e+01	5.205083870000000e-04
3.190994859999046e+01	5.209690430000000e-04
3.195890640001744e+01	5.217557770000000e-04
3.198908219998702e+01	5.226384960000000e-04
3.201909720001277e+01	5.231566610000000e-04
3.206639139994513e+01	5.236939760000000e-04
3.211319599999115e+01	5.239818130000000e-04
3.215954030002467e+01	5.240393800000000e-04
3.220593449997250e+01	5.238474700000000e-04
3.223771549994126e+01	5.240201140000000e-04
3.226817449997179e+01	5.239433380000000e-04
3.229932510002982e+01	5.241161560000000e-04
3.232964490004815e+01	5.242120820000000e-04
3.236299980001058e+01	5.244422940000000e-04
3.240740429994185e+01	5.248261730000000e-04
3.244133609998971e+01	5.256320580000000e-04
3.247017280000728e+01	5.265916700000000e-04
3.251715660002083e+01	5.274551220000000e-04
3.256416329997592e+01	5.277429010000000e-04
3.259620699996594e+01	5.281075140000000e-04
3.262938830000348e+01	5.287600800000000e-04
3.267479570000432e+01	5.291822600000000e-04
3.272092800005339e+01	5.297386670000000e-04
3.276732390001416e+01	5.297962340000000e-04
3.281435869995039e+01	5.296427990000000e-04
3.286131539999042e+01	5.299690530000000e-04
3.289239119994454e+01	5.301032800000000e-04
3.292390679998789e+01	5.297771420000000e-04
3.297115779994056e+01	5.296811000000000e-04
3.301695840002503e+01	5.297578750000000e-04
3.306504450005013e+01	5.295468730000000e-04
3.311344640003517e+01	5.292973950000000e-04
3.315797790000215e+01	5.295083970000000e-04
3.318900679994840e+01	5.296620070000001e-04
3.322007219993975e+01	5.295468730000000e-04
3.326655719999690e+01	5.297386670000000e-04
3.331350649998058e+01	5.293164870000000e-04
3.336002859997097e+01	5.288176470000000e-04
3.340644089994021e+01	5.260158800000000e-04
3.343820340000093e+01	5.232909459999999e-04
3.346952729998156e+01	5.203932520000000e-04
3.350020899996161e+01	5.175533010000000e-04
3.353076240001246e+01	5.143293530000000e-04
3.356232100003399e+01	5.089562040000000e-04
3.360742929996923e+01	5.060777770000000e-04
3.363865350000560e+01	5.029113960000000e-04
3.367010780004784e+01	4.975191550000000e-04
3.371631819999311e+01	4.915318570000000e-04
3.376382069999818e+01	4.860628400000000e-04
3.379521520005073e+01	4.797877630000000e-04
3.382676419999916e+01	4.700201970000000e-04
3.387324169999920e+01	4.583144330000000e-04
3.392101209994871e+01	4.454765000000000e-04
3.396653219999280e+01	4.351715910000000e-04
3.401407699997071e+01	4.266321780000000e-04
3.407661929994356e+01	4.216620580000000e-04
3.410646339994855e+01	4.185533030000000e-04
3.413685070001520e+01	4.160969690000000e-04
3.416820800001733e+01	4.131801540000000e-04
3.421457529999316e+01	4.091119340000000e-04
3.426064240001142e+01	4.071545850000000e-04
3.430667900003027e+01	4.021652570000000e-04
3.433777820004616e+01	3.994786820000000e-04
3.436851109995041e+01	3.972334670000000e-04
3.439930829999503e+01	3.953145060000000e-04
3.443054770003073e+01	3.937217700000000e-04
3.446126759995241e+01	3.872739910000000e-04
3.450754969997797e+01	3.831673820000000e-04
3.453904399997555e+01	3.789840270000000e-04
3.457100969995372e+01	3.752228510000000e-04
3.461769480002113e+01	3.708091680000000e-04
3.466453619999811e+01	3.680650260000000e-04
3.469559390004724e+01	3.651673610000000e-04
3.472672020003665e+01	3.622889340000000e-04
3.475824090000242e+01	3.606194220000000e-04
3.480501769995317e+01	3.580671910000000e-04
3.483605389995500e+01	3.561865600000000e-04
3.486739499995019e+01	3.538646560000000e-04
3.491384920000564e+01	3.519264860000000e-04
3.496060410002246e+01	3.512548280000000e-04
3.499172609997913e+01	3.501609900000000e-04
3.502306449995376e+01	3.486833880000000e-04
3.507028400001582e+01	3.463614850000000e-04
3.511622760002501e+01	3.429648350000000e-04
3.516254589997698e+01	3.392804650000000e-04
3.520955819997471e+01	3.368816980000000e-04
3.527221369999461e+01	3.288796000000000e-04
3.530400590004865e+01	3.253870530000000e-04
3.533603350003250e+01	3.224510000000000e-04
3.536653929995373e+01	3.168668190000000e-04
3.541246949997731e+01	3.064659540000000e-04
3.547538610000629e+01	2.952975050000000e-04
3.552147809998132e+01	2.865661810000000e-04
3.556817710003816e+01	2.813273750000000e-04
3.559946029994171e+01	2.743998780000000e-04
3.563054419995751e+01	2.649968960000000e-04
3.566169630002696e+01	2.548455090000000e-04
3.570837090001442e+01	2.499904950000000e-04
3.575462300004438e+01	2.404723930000000e-04
3.578594440000597e+01	2.351568400000000e-04
3.581660440005362e+01	2.273849970000000e-04
3.586372250004206e+01	2.222229380000000e-04
3.589707139995880e+01	2.167154890000000e-04
3.592655039997771e+01	2.107474720000000e-04
3.595834260003176e+01	2.070054620000000e-04
3.600453949999064e+01	2.002314870000000e-04
3.603594119998161e+01	1.964511180000000e-04
3.606789089995436e+01	1.920950310000000e-04
3.611504960001912e+01	1.874894810000000e-04
3.616129570000339e+01	1.844383220000000e-04
3.619264799996745e+01	1.808882230000000e-04
3.622363350004889e+01	1.737880080000000e-04
3.627051970001776e+01	1.639820550000000e-04
3.631782300001942e+01	1.555193590000000e-04
3.636451810004655e+01	1.503381210000000e-04
3.641099510004278e+01	1.455023160000000e-04
3.645889759995043e+01	1.430268170000000e-04
3.649046749994159e+01	1.398413440000000e-04
3.652163450000808e+01	1.355812270000000e-04
3.657014329999220e+01	1.300929430000000e-04
3.661534010001924e+01	1.247390030000000e-04
3.666226290003397e+01	1.208626560000000e-04
3.670967070001643e+01	1.187901800000000e-04
3.675561949994881e+01	1.151441250000000e-04
3.678707650001161e+01	1.124767510000000e-04
3.681795009993948e+01	1.074106480000000e-04
3.686553089995869e+01	1.021142890000000e-04
3.691201870003715e+01	9.704818509999999e-05
3.695912310003769e+01	9.420808779999999e-05
3.700583030004054e+01	9.027421770000000e-05
3.703628280002158e+01	8.854712360000000e-05
3.706765790004283e+01	8.712708950000000e-05
3.709922380000353e+01	8.587974299999999e-05
3.713025459996425e+01	8.490106850000000e-05
3.716123730002437e+01	8.378806520000000e-05
3.720708800002467e+01	8.336589240000001e-05
3.723819209996145e+01	8.248315860000000e-05
3.726931010000408e+01	8.073689970000000e-05
3.731634470005520e+01	7.862602070000000e-05
3.736267289996613e+01	7.657272360000000e-05
3.739388420002069e+01	7.423157510000000e-05
3.742455430002883e+01	7.102688690000000e-05
3.747099729999900e+01	6.550024410000000e-05
3.751734250003938e+01	5.861111280000000e-05
3.756342140003107e+01	5.156847690000000e-05
3.761020430002827e+01	4.786486170000000e-05
3.767269210005179e+01	3.733340050000000e-05
3.776882510003634e+01	3.612498040000000e-05
3.779724139999598e+01	3.482819010000000e-05
3.782898160000332e+01	3.295312490000000e-05
3.786033049994148e+01	3.181194550000000e-05
3.789198800001759e+01	3.049401680000000e-05
3.792303159995936e+01	2.830771880000000e-05
3.796979110001121e+01	2.488226530000000e-05
3.801645450002979e+01	2.084779410000000e-05
3.806449559994508e+01	1.772588440000000e-05
3.811263009998947e+01	1.535131010000000e-05
3.815873639995698e+01	1.420629090000000e-05
3.818974169995636e+01	1.304013770000000e-05
3.822094499995001e+01	1.177408380000000e-05
3.826725040003657e+01	1.063674700000000e-05
3.831630850001238e+01	9.416801729999999e-06
3.836202220001724e+01	8.108479960000000e-06
3.840868909994606e+01	7.437990920000000e-06
3.847079970000777e+01	6.121984370000000e-06
3.850159270002041e+01	5.599424640000000e-06
3.853268069995102e+01	4.990411980000000e-06
3.856471069995314e+01	3.962584740000000e-06
3.861093319999054e+01	2.819484730000000e-06
3.867331610003021e+01	2.091359190000000e-06
3.871936790004838e+01	1.203838680000000e-06
3.882714880001731e+01	9.911645980000000e-07
3.885708200000226e+01	8.418690530000000e-07
3.888795570004731e+01	7.495946760000001e-07
3.891854179999791e+01	7.064434730000000e-07
3.895079280005302e+01	6.885279620000000e-07
3.898203019995708e+01	6.862163670000000e-07
3.901336800004356e+01	6.989305920000000e-07
3.907487719994970e+01	7.110669460000000e-07
3.912164210004266e+01	7.230104300000000e-07
3.916925549996085e+01	7.799296780000000e-07
3.930878830002621e+01	8.169919280000000e-07
3.933923629997298e+01	9.133383400000000e-07
3.946332149999216e+01	8.956154720000000e-07
3.949358290003147e+01	8.403279710000000e-07
3.952430509997066e+01	7.634648680000000e-07
3.957069850002881e+01	7.197356810000000e-07
3.961693270003889e+01	7.129931420000000e-07
3.964859670004807e+01	7.070214000000000e-07
3.967986090003978e+01	7.016274140000000e-07
3.971098139998503e+01	6.995083480000000e-07
3.975861629995052e+01	6.997011610000000e-07
3.982203539996408e+01	1.480083820000000e-06
4.005895209999289e+01	1.614931530000000e-06
4.009009529999457e+01	1.733212120000000e-06
4.011938539997209e+01	1.890213410000000e-06
4.016604989999905e+01	2.031996020000000e-06
4.021206369996071e+01	2.176283030000000e-06
4.025902670004871e+01	2.271254290000000e-06
4.028940190002322e+01	2.429411320000000e-06
4.032087529997807e+01	2.687741020000000e-06
4.036809270002414e+01	2.800242780000000e-06
4.041387679998297e+01	2.800627950000000e-06
4.046116039995104e+01	2.547499430000000e-06
4.050874750001822e+01	2.202289580000000e-06
4.057045480003580e+01	1.195362530000000e-06
4.060152889997698e+01	8.095056500000000e-07
4.063462469994556e+01	7.623089000000000e-07
4.066451509995386e+01	2.049333490000000e-06
4.071190260001458e+01	5.781917480000000e-06
4.076182060001884e+01	2.376606240000000e-05
4.088242859998718e+01	2.692639460000000e-05
4.091443480004091e+01	2.999451140000000e-05
4.094558639999013e+01	3.222691520000000e-05
4.097700139996596e+01	3.395213210000000e-05
4.100820469995961e+01	3.494538030000000e-05
4.107610249996651e+01	3.715281130000000e-05
4.111753569997381e+01	3.822098370000000e-05
4.116468819999136e+01	3.945053690000000e-05
4.121070519997738e+01	4.028624970000000e-05
4.124146119994111e+01	4.184624410000000e-05
4.127351840003394e+01	4.512568920000000e-05
4.131967640004586e+01	5.186325510000000e-05
4.136563220003154e+01	6.220878280000000e-05
4.141247680003289e+01	7.276756510000000e-05
4.145954690000508e+01	7.749557700000000e-05
4.150641110003926e+01	1.045897520000000e-04
4.163161799998488e+01	1.096366540000000e-04
4.166298230004031e+01	1.157773880000000e-04
4.169469759997446e+01	1.217262030000000e-04
4.172659330000170e+01	1.287688500000000e-04
4.177269879996311e+01	1.354468700000000e-04
4.181918979994953e+01	1.417411260000000e-04
4.186562589998357e+01	1.497432530000000e-04
4.191168849996757e+01	1.591462350000000e-04
4.195718459994532e+01	1.641547420000000e-04
4.198777819995303e+01	1.712165690000000e-04
4.201926770003047e+01	1.827304220000000e-04
4.206641860003583e+01	1.930928850000000e-04
4.211388860002626e+01	2.042229610000000e-04
4.215997549996246e+01	2.106707110000000e-04
4.220716420002282e+01	2.209372180000000e-04
4.223927010002080e+01	2.269244290000000e-04
4.227085089997854e+01	2.325470270000000e-04
4.230158710002434e+01	2.371141890000000e-04
4.233220219996292e+01	2.412591860000000e-04
4.236330650001764e+01	2.467282470000000e-04
4.240894340001978e+01	2.493380740000000e-04
4.247040170000400e+01	2.572826050000000e-04
4.251649740000721e+01	2.652271650000000e-04
4.256695999996737e+01	2.700054320000000e-04
4.259462750004604e+01	2.739393390000000e-04
4.262654319999274e+01	2.790821600000000e-04
4.267327389994171e+01	2.851461470000000e-04
4.272125549998600e+01	2.922655260000000e-04
4.276671220001299e+01	2.989627540000000e-04
4.281397030001972e+01	3.066002680000000e-04
4.286124520003796e+01	3.103039050000000e-04
4.289179130003322e+01	3.139883340000000e-04
4.292287899996154e+01	3.181908980000000e-04
4.296917910000775e+01	3.220288490000000e-04
4.301453289994970e+01	3.264041150000000e-04
4.306273060000967e+01	3.297431100000000e-04
4.310885089996736e+01	3.318539820000000e-04
4.315571640001144e+01	3.358070970000000e-04
4.318603550002445e+01	3.385128220000000e-04
4.321729930001311e+01	3.432527300000000e-04
4.326501560001634e+01	3.480885060000000e-04
4.331185419997200e+01	3.534232670000000e-04
4.335806929995306e+01	3.564360380000000e-04
4.340565610001795e+01	3.633252050000000e-04
4.343556460004766e+01	3.677963980000000e-04
4.346643070003483e+01	3.721716640000000e-04
4.349767359998077e+01	3.765853180000000e-04
4.352867369994055e+01	3.812676000000000e-04
4.356027250003535e+01	3.844530730000000e-04
4.362222609994933e+01	3.918987060000000e-04
4.366823910002131e+01	3.962739720000000e-04
4.371503610000946e+01	4.017622560000000e-04
4.376077069994062e+01	4.044872180000000e-04
4.379204319999553e+01	4.073464950000000e-04
4.382270230003633e+01	4.109157600000000e-04
4.386828719999176e+01	4.141588580000000e-04
4.391490059997886e+01	4.172099870000000e-04
4.396214069996495e+01	4.200500840000000e-04
4.400858809996862e+01	4.216236410000000e-04
4.407151479995809e+01	4.264594460000000e-04
4.410311659995932e+01	4.288006170000000e-04
4.413363339996431e+01	4.310458030000000e-04
4.416532110003754e+01	4.347302600000000e-04
4.421191059995908e+01	4.389136160000000e-04
4.425889679999091e+01	4.407558300000000e-04
4.430580309999641e+01	4.447664830000000e-04
4.433700329996645e+01	4.474146700000000e-04
4.436791929998435e+01	4.499477220000000e-04
4.439892669999972e+01	4.520202060000000e-04
4.443062989995815e+01	4.543997350000000e-04
4.446148419997189e+01	4.571630850000000e-04
4.450761390000116e+01	4.583720000000000e-04
4.453914360003546e+01	4.599839740000000e-04
4.456986679998226e+01	4.622675480000000e-04
4.461756359995343e+01	4.648389880000000e-04
4.466493089997675e+01	4.657217360000000e-04
4.469585689995438e+01	4.664701120000000e-04
4.472649110003840e+01	4.674296070000000e-04
4.477275260002352e+01	4.680820280000000e-04
4.481939610000700e+01	4.682163710000000e-04
4.486555969994515e+01	4.680436980000000e-04
4.491171400004532e+01	4.687152980000000e-04
4.495758669998031e+01	4.690799110000000e-04
4.498874059994705e+01	4.697323310000000e-04
4.502032939996570e+01	4.714594400000000e-04
4.506655230000615e+01	4.739924630000000e-04
4.511649749998469e+01	4.769861410000000e-04
4.516029549995437e+01	4.783485490000000e-04
4.520756020001136e+01	4.809584060000000e-04
4.523848219995853e+01	4.828005620000000e-04
4.527059440000448e+01	4.842973430000000e-04
4.530167229997460e+01	4.860628400000000e-04
4.533311959996354e+01	4.881544740000000e-04
4.536445330001879e+01	4.915511239999999e-04
4.541152680001687e+01	4.940841460000000e-04
4.545882709999569e+01	4.949668660000000e-04
4.550660500000231e+01	4.968091380000000e-04
4.553769140003715e+01	4.980947710000000e-04
4.557593319995794e+01	4.993997280000000e-04
4.560140150005464e+01	5.002631810000000e-04
4.563645470002666e+01	5.012035840000000e-04
4.566557770001236e+01	5.021822870000000e-04
4.571171750000212e+01	5.031225160000001e-04
4.575732390000485e+01	5.036598300000000e-04
4.578902559995186e+01	5.041203690000000e-04
4.582031580002513e+01	5.044658320000000e-04
4.586655269993935e+01	5.049646720000000e-04
4.589803559996653e+01	5.051950570000000e-04
4.592930570000317e+01	5.055596700000000e-04
4.596064169995952e+01	5.061929110000000e-04
4.600752580002882e+01	5.073059580000000e-04
4.603880189999472e+01	5.080350669999999e-04
4.606983219995163e+01	5.089946210000000e-04
4.611716469994280e+01	5.101459100000000e-04
4.616255550005008e+01	5.106833410000000e-04
4.619326930004172e+01	5.112782240000000e-04
4.622452469996642e+01	5.114892260000000e-04
4.627134680002928e+01	5.116043610000000e-04
4.631768590002321e+01	5.123335869999999e-04
4.636339259997476e+01	5.139263810000000e-04
4.641055170004256e+01	5.142717860000000e-04
4.647327399998903e+01	5.152695810000000e-04
4.650467159994878e+01	5.158261050000000e-04
4.653605550003704e+01	5.162099840000000e-04
4.656759460002650e+01	5.170926450000001e-04
4.661462440004107e+01	5.175148250000000e-04
4.666231289994903e+01	5.177259450000000e-04
4.670780900004320e+01	5.178794380000000e-04
4.673908400000073e+01	5.180329900000000e-04
4.676999619998969e+01	5.183016180000000e-04
4.680002790002618e+01	5.183591860000000e-04
4.683154449996073e+01	5.185703050000000e-04
4.686275760002900e+01	5.188197830000000e-04
4.690970499999821e+01	5.192419630000000e-04
4.695693270000629e+01	5.203741600000000e-04
4.698814379994292e+01	5.210841190000000e-04
4.701835549995303e+01	5.221395400000000e-04
4.706400400004350e+01	5.226577050000000e-04
4.709503530000802e+01	5.231374530000000e-04
4.712618819996715e+01	5.235596330000000e-04
4.717206400004216e+01	5.239626040000000e-04
4.721885259996634e+01	5.243655180000000e-04
4.726696949999314e+01	5.247876980000000e-04
4.731440160004422e+01	5.251715190000000e-04
4.735944889998063e+01	5.255169240000000e-04
4.739006879995577e+01	5.258239689999999e-04
4.742094510002062e+01	5.263997010000000e-04
4.746796399995219e+01	5.265916700000000e-04
4.751474829996005e+01	5.268410310000000e-04
4.756058709998615e+01	5.269753750000000e-04
4.760860279994085e+01	5.272248530000000e-04
4.766947119997349e+01	5.276853920000000e-04
4.769984789995942e+01	5.278197350000000e-04
4.773143379995599e+01	5.278389440000000e-04
4.776182330003940e+01	5.278965110000000e-04
4.780902749998495e+01	5.280116460000000e-04
4.787070880003739e+01	5.282803320000000e-04
4.791786139993928e+01	5.283570500000000e-04
4.796634120005183e+01	5.287791720000000e-04
4.799803629994858e+01	5.289518740000000e-04
4.802877019997686e+01	5.290479170000000e-04
4.806014129996765e+01	5.294891890000000e-04
4.810744779999368e+01	5.293740540000000e-04
4.813915379997343e+01	5.294316220000000e-04
4.816989769996144e+01	5.296044400000000e-04
4.821553369995672e+01	5.296235320000001e-04
4.826203390001319e+01	5.297771420000000e-04
4.829310769995209e+01	5.296620070000001e-04
4.832428649999201e+01	5.295852320000000e-04
4.837120119994506e+01	5.295852320000000e-04
4.841725389997009e+01	5.294125290000000e-04
4.846363530005328e+01	5.294125290000000e-04
4.850974699994549e+01	5.294700970000000e-04
4.857287080003880e+01	5.292781860000000e-04
4.860481479996815e+01	5.291630510000000e-04
4.863597359997220e+01	5.291246930000000e-04
4.866724560002331e+01	5.281459890000000e-04
4.871349410002586e+01	5.276278240000000e-04
4.875979509996250e+01	5.275511070000000e-04
4.880702209996525e+01	5.267067460000000e-04
4.883852560003288e+01	5.264572680000000e-04
4.886814319994301e+01	5.262270570000000e-04
4.889968749997206e+01	5.260734470000000e-04
4.893414030002896e+01	5.257088340000000e-04
4.896208460000344e+01	5.258624439999999e-04
4.900892829999793e+01	5.258815360000000e-04
4.907169679994695e+01	5.273591960000000e-04
4.911872749996837e+01	5.286448290000000e-04
4.916425459994934e+01	5.294508300000000e-04
4.919539070001338e+01	5.297578750000000e-04
4.922657749999780e+01	5.297195750000000e-04
4.927347480005119e+01	5.272056440000000e-04
4.932219079998322e+01	5.202398170000000e-04
4.936653969995677e+01	5.116043610000000e-04
4.941382380004507e+01	5.054253270000000e-04
4.946031170000788e+01	5.030073810000000e-04
4.949181649996899e+01	5.000713860000000e-04
4.952279049996287e+01	4.954658220000000e-04
4.956827459996566e+01	4.906299870000000e-04
4.961771370004863e+01	4.850841360000000e-04
4.966284689994063e+01	4.799221350000000e-04
4.970879639999475e+01	4.763144830000000e-04
4.977000120002776e+01	4.686193420000000e-04
4.980067539995071e+01	4.645895100000000e-04
4.983221589995082e+01	4.589093730000000e-04
4.986429459997453e+01	4.511566950000000e-04
4.991081689996645e+01	4.436151070000000e-04
4.995726010005455e+01	4.398347520000000e-04
4.998867300001439e+01	4.345191700000000e-04
5.001951170002576e+01	4.263635490000000e-04
5.006531049998011e+01	4.213934010000000e-04
5.009789730003104e+01	4.157515940000000e-04
5.012823809997644e+01	4.105319680000000e-04
5.016169920004904e+01	4.029520500000000e-04
5.022074689995497e+01	3.942206680000000e-04
5.026729510002770e+01	3.860458670000000e-04
5.031422659999225e+01	3.779094260000000e-04
5.036237500002608e+01	3.744744460000000e-04
5.039182499994058e+01	3.712889160000000e-04
5.042382429994177e+01	3.685831620000000e-04
5.047135759994853e+01	3.659158250000000e-04
5.051793850003742e+01	3.620394560000000e-04
5.056452789995819e+01	3.565704100000000e-04
5.061433899996337e+01	3.501226600000000e-04
5.067484949994832e+01	3.466492930000000e-04
5.070554750005249e+01	3.444232860000000e-04
5.073753809998743e+01	3.423699820000000e-04
5.076836079999339e+01	3.395682720000000e-04
5.081456019997131e+01	3.357302920000000e-04
5.086151099996641e+01	3.304531270000000e-04
5.090867939998861e+01	3.270757730000000e-04
5.095609130000230e+01	3.211077130000000e-04
5.098610940005165e+01	3.168859690000000e-04
5.101669339998625e+01	3.089414390000000e-04
5.106332549999934e+01	2.997303380000000e-04
5.111167040001601e+01	2.884659630000000e-04
5.115925729996525e+01	2.814808980000000e-04
5.120590359997004e+01	2.698135500000000e-04
5.123805040004663e+01	2.627900980000000e-04
5.126842770003714e+01	2.564574530000000e-04
5.129930409998633e+01	2.503743160000000e-04
5.133012299996335e+01	2.433892220000000e-04
5.136109829996713e+01	2.349649150000000e-04
5.142264200001955e+01	2.287666430000000e-04
5.147027709998656e+01	2.245449000000000e-04
5.151721840002574e+01	2.205726340000000e-04
5.156455999996979e+01	2.184425540000000e-04
5.159620689996518e+01	2.164276370000000e-04
5.172144250001293e+01	2.054127250000000e-04
5.176658000005409e+01	2.019585660000000e-04
5.181214529997669e+01	1.974489570000000e-04
5.185972139996011e+01	1.948199790000000e-04
5.189154089998920e+01	1.912890580000000e-04
5.192248930002097e+01	1.871824640000000e-04
5.196990090003237e+01	1.821931220000000e-04
5.201648009999190e+01	1.776835120000000e-04
5.206474910001270e+01	1.733082750000000e-04
5.211226149997674e+01	1.700076390000000e-04
5.217660430003889e+01	1.682805450000000e-04
5.220651139994152e+01	1.669948400000000e-04
5.223706910002511e+01	1.651142230000000e-04
5.226836420001928e+01	1.615449290000000e-04
5.231420889997389e+01	1.567666770000000e-04
5.236022789997514e+01	1.541185050000000e-04
5.240724930004217e+01	1.492251180000000e-04
5.243816160003189e+01	1.459820490000000e-04
5.246902790002059e+01	1.421441120000000e-04
5.249983340001199e+01	1.377112640000000e-04
5.253341090003960e+01	1.327603240000000e-04
5.256301429995801e+01	1.250268400000000e-04
5.261237660003826e+01	1.163530830000000e-04
5.267145799996797e+01	1.084277170000000e-04
5.271826430002693e+01	1.004255900000000e-04
5.276851580000948e+01	9.493731340000001e-05
5.279593190003652e+01	9.063880129999999e-05
5.282740800001193e+01	8.397996860000000e-05
5.287404200003948e+01	7.509511489999999e-05
5.292146890005097e+01	6.701621900000000e-05
5.296708470000885e+01	5.987763870000000e-05
5.301460979995318e+01	5.308447000000000e-05
5.306119919999037e+01	5.016762590000000e-05
5.309437399997842e+01	4.707807600000000e-05
5.312584280001465e+01	4.444907970000000e-05
5.317110699997284e+01	3.674744220000000e-05
5.329550779995043e+01	3.462646780000000e-05
5.332557540002745e+01	3.277829460000000e-05
5.335710340004880e+01	3.109918540000000e-05
5.338776910002343e+01	2.963525180000000e-05
5.341923450003378e+01	2.794654030000000e-05
5.346652090002317e+01	2.687067900000000e-05
5.351327620004304e+01	2.586014310000000e-05
5.355931369995233e+01	2.540482270000000e-05
5.359051819995511e+01	2.471704100000000e-05
5.362249390000943e+01	2.389285870000000e-05
5.366967339999974e+01	2.325694910000000e-05
5.371699620003346e+01	2.262103770000000e-05
5.376400139997713e+01	2.196591780000000e-05
5.381086640001740e+01	2.095153830000000e-05
5.387214130000211e+01	1.992755280000000e-05
5.390273510001134e+01	1.900923050000000e-05
5.393371240003034e+01	1.795450410000000e-05
5.396539969998412e+01	1.640987830000000e-05
5.401121849997435e+01	1.500357760000000e-05
5.407357490004506e+01	1.409294240000000e-05
5.412401809997391e+01	1.336865900000000e-05
5.416650010005105e+01	1.287876060000000e-05
5.419761290005408e+01	1.241959940000000e-05
5.422802819998469e+01	1.164152310000000e-05
5.427443909994327e+01	1.035433520000000e-05
5.430658049997874e+01	9.787587259999999e-06
5.433698689995799e+01	9.184338519999999e-06
5.436846959998365e+01	8.431237800000001e-06
5.441421219997574e+01	7.587842900000000e-06
5.446109530003741e+01	7.418777840000000e-06
5.449167120002676e+01	7.343851850000000e-06
5.452348730002996e+01	7.188238210000000e-06
5.457040460000280e+01	6.782869600000000e-06
5.462166099995375e+01	5.868389510000000e-06
5.466450039995834e+01	5.203663930000000e-06
5.471377260005102e+01	4.104412710000000e-06
5.485193410003558e+01	3.946832750000000e-06
5.488276599999517e+01	3.808903100000000e-06
5.491399419994559e+01	3.562324310000000e-06
5.496083300001919e+01	3.323451660000000e-06
5.500763030000962e+01	3.187640460000000e-06
5.503893859998789e+01	3.021585600000000e-06
5.507022049999796e+01	2.779822580000000e-06
5.511586979997810e+01	2.557709420000000e-06
5.514653849997558e+01	2.361602360000000e-06
5.517755609995220e+01	2.181869600000000e-06
5.520848439994734e+01	2.102116920000000e-06
5.527176060003694e+01	1.922384170000000e-06
5.531843650003430e+01	1.794278890000000e-06
5.536525130004156e+01	1.685822890000000e-06
5.541256039997097e+01	1.641901120000000e-06
5.544358790002298e+01	1.605299640000000e-06
5.547450530005153e+01	1.527473160000000e-06
5.552252740005497e+01	1.322697360000000e-06
5.556637160002720e+01	1.109252710000000e-06
5.561746920004953e+01	9.938615899999999e-07
5.566170419997070e+01	9.293273710000000e-07
5.570810709998477e+01	9.038990920000000e-07
5.573850630002562e+01	8.815526940000000e-07
5.576928679994307e+01	8.609404180000000e-07
5.581558030005544e+01	8.486113070000000e-07
5.586220600001980e+01	8.384014900000000e-07
5.590928150003310e+01	8.328149190000000e-07
5.597043909993954e+01	8.301180970000000e-07
5.601737999997567e+01	8.295401700000000e-07
5.604852449998725e+01	8.295401700000000e-07
5.607902179996017e+01	8.293475840000000e-07
5.611532690003514e+01	8.305032680000000e-07
5.617148619994987e+01	8.291547720000000e-07
5.621837569994386e+01	8.293475840000000e-07
5.626562970003579e+01	8.306958530000000e-07
5.631292699999176e+01	8.555464320000000e-07
5.634423789998982e+01	9.235482140000000e-07
5.637560659996234e+01	1.064560370000000e-06
5.642157410003711e+01	1.489523130000000e-06
5.646755079994909e+01	2.450986810000000e-06
5.651481510000303e+01	4.691384670000000e-06
5.656346940004732e+01	8.361746040000000e-06
5.660967539995909e+01	2.202931860000000e-05
5.671933590003755e+01	2.721457170000000e-05
5.675004409998655e+01	3.191184440000000e-05
5.678159709996544e+01	3.656301120000000e-05
5.681338449998293e+01	4.342160900000000e-05
5.685971280001104e+01	4.702188740000000e-05
5.689064530003816e+01	5.187285930000000e-05
5.692195600003470e+01	5.915218940000000e-05
5.696781539998483e+01	6.931905950000000e-05
5.701455439999700e+01	8.055217040000000e-05
5.707573989999946e+01	1.046089460000000e-04
5.718370429996867e+01	1.086196060000000e-04
5.721455639996566e+01	1.142997720000000e-04
5.724657179997303e+01	1.206899690000000e-04
5.727778060000855e+01	1.295172550000000e-04
5.730839679995552e+01	1.358690500000000e-04
5.735573209996801e+01	1.476323810000000e-04
5.738699859997723e+01	1.542144600000000e-04
5.741889269999228e+01	1.618327810000000e-04
5.746651840000413e+01	1.656515520000000e-04
5.749759619997349e+01	1.692400400000000e-04
5.752950880001299e+01	1.741334270000000e-04
5.756079919997137e+01	1.807155060000000e-04
5.761093369999435e+01	1.877773320000000e-04
5.767087389994413e+01	1.952613530000000e-04
5.771694179996848e+01	2.040694380000000e-04
5.776442879997194e+01	2.099414850000000e-04
5.779476509999949e+01	2.153913960000000e-04
5.782559979998041e+01	2.222996990000000e-04
5.787253279995639e+01	2.305129160000000e-04
5.791796859994065e+01	2.403764370000000e-04
5.796611899998970e+01	2.499713150000000e-04
5.801368099998217e+01	2.605832410000000e-04
5.806079859996680e+01	2.660139580000000e-04
5.809101019997615e+01	2.719435720000000e-04
5.812566350004636e+01	2.813849420000000e-04
5.816936820000410e+01	2.923998690000000e-04
5.821650420001242e+01	3.039712900000000e-04
5.826354660000652e+01	3.137772440000000e-04
5.831024310004432e+01	3.189584820000000e-04
5.837198769999668e+01	3.298582450000000e-04
5.840374270000029e+01	3.342335110000000e-04
5.843469270004425e+01	3.380714920000000e-04
5.846448169997893e+01	3.434638200000000e-04
5.851125189999584e+01	3.491631650000000e-04
5.855821549997199e+01	3.513316040000000e-04
5.860913819994312e+01	3.571844430000000e-04
5.866925299994182e+01	3.634019520000000e-04
5.870071160001680e+01	3.662420490000000e-04
5.873126959998626e+01	3.693507750000000e-04
5.876258089998737e+01	3.739371020000000e-04
5.880865410005208e+01	3.768731550000000e-04
5.887022909999359e+01	3.846449840000000e-04
5.891596040001605e+01	3.899413570000000e-04
5.896192190004513e+01	3.928582300000000e-04
5.899256909999531e+01	3.954871790000000e-04
5.902315110003110e+01	3.992483830000000e-04
5.907048720004968e+01	4.024530940000000e-04
5.911805269995239e+01	4.060991340000000e-04
5.916441069997381e+01	4.079029600000000e-04
5.921119219996035e+01	4.107622370000000e-04
5.927343309996650e+01	4.138709920000000e-04
5.930427880003117e+01	4.177473310000000e-04
5.933599030005280e+01	4.218731480000000e-04
5.936651490000077e+01	4.285703180000000e-04
5.941396150004584e+01	4.351715910000000e-04
5.946090259996708e+01	4.402376940000000e-04
5.952283389994409e+01	4.459946360000000e-04
5.956951619999018e+01	4.498325870000000e-04
5.960114469996188e+01	4.528837740000000e-04
5.963323299994227e+01	4.563763210000000e-04
5.966245339997113e+01	4.607707670000000e-04
5.970949090004433e+01	4.633997740000000e-04
5.975591269996949e+01	4.667387690000000e-04
5.978708759997971e+01	4.683698930000000e-04
5.981843300000764e+01	4.704807650000000e-04
5.986531350004952e+01	4.715362160000000e-04
5.989657139999326e+01	4.732056700000000e-04
5.992764330003411e+01	4.751247470000000e-04
5.995847940002568e+01	4.762952450000000e-04
6.000645870005246e+01	4.791545800000000e-04
