# [General]
# timestamp=2025-04-17T14:55:42.883956
# comments='# '
# delimiter='\t'
# column_dtypes=float;;float
# column_headers='Time (s);;Power (W)'
# 
# [Metadata]
# scanner_x=-4.659387383855679
# scanner_y=3.7010040768
# start recoding time='17.04.2025, 14:54:42.815545'
# sample rate (hz)=50.0
# sample timing='TIMESTAMP'
# 
# ---- END HEADER ----
9.951000101864338e-04	2.783721720000000e-04
2.925020002294332e-02	2.682783230000000e-04
5.928010004572570e-02	2.576280090000000e-04
9.122479998040944e-02	2.461141560000000e-04
1.226528000552207e-01	2.296685710000000e-04
1.691417000256479e-01	2.144510950000000e-04
2.152890999568626e-01	1.995790370000000e-04
2.614931999705732e-01	1.916920300000000e-04
3.074611000483856e-01	1.781248870000000e-04
3.383252000203356e-01	1.696622200000000e-04
3.689395999535918e-01	1.569586020000000e-04
4.145436000544578e-01	1.441974160000000e-04
4.607923000585288e-01	1.379031600000000e-04
5.231039000209421e-01	1.190780240000000e-04
5.708295999793336e-01	1.082550010000000e-04
6.172627999912947e-01	1.016921160000000e-04
6.485569999786094e-01	9.534029230000001e-05
6.790265999734402e-01	8.789467389999999e-05
7.107391000026837e-01	8.279021130000000e-05
7.727610999718308e-01	6.740001850000001e-05
8.186398999532685e-01	5.859192970000000e-05
8.651974999811500e-01	5.080088890000000e-05
9.122220999561250e-01	4.730834550000000e-05
9.429146000184119e-01	4.389257810000000e-05
9.734017000300810e-01	3.970920810000000e-05
1.020386100048199e+00	2.867850530000000e-05
1.161887999973260e+00	2.698018580000000e-05
1.193883700063452e+00	2.502442840000000e-05
1.224468600004911e+00	2.282852800000000e-05
1.270943499985151e+00	2.007932380000000e-05
1.317816999973729e+00	1.825804970000000e-05
1.348715499974787e+00	1.669037010000000e-05
1.380419100052677e+00	1.487678130000000e-05
1.412067000055686e+00	1.340323980000000e-05
1.458722000010312e+00	1.127841920000000e-05
1.489799199975096e+00	1.010650250000000e-05
1.521123199956492e+00	8.656014870000000e-06
1.569062500027940e+00	7.505231220000000e-06
1.613424699986354e+00	6.869322990000000e-06
1.644911900046282e+00	6.254546410000000e-06
1.676255400059745e+00	5.584055090000000e-06
1.724207599996589e+00	4.782925770000000e-06
1.768494099960662e+00	4.072091540000000e-06
1.815011600032449e+00	3.372783110000000e-06
1.861300599994138e+00	3.067315900000000e-06
1.908335700049065e+00	2.129664150000000e-06
2.001854400034063e+00	1.958407670000000e-06
2.032909799949266e+00	1.803525610000000e-06
2.064902800018899e+00	1.525546740000000e-06
2.111977900029160e+00	1.387424160000000e-06
2.174214200000279e+00	1.305937760000000e-06
2.220829199999571e+00	1.467947530000000e-06
2.250763699994422e+00	1.674457050000000e-06
2.281687099952251e+00	2.015621700000000e-06
2.313178800046444e+00	2.334054670000000e-06
2.375291600008495e+00	3.408983280000000e-06
2.422177299973555e+00	4.308417830000000e-06
2.468437500065193e+00	5.261019850000000e-06
2.514024800038897e+00	5.878814590000000e-06
2.544957699952647e+00	6.497187310000000e-06
2.575419000000693e+00	7.326886590000000e-06
2.622148600057699e+00	1.046384200000000e-05
2.761508799972944e+00	1.089610580000000e-05
2.791758700041100e+00	1.161462570000000e-05
2.823152999975719e+00	1.276925380000000e-05
2.871730300015770e+00	1.427737520000000e-05
2.918203299981542e+00	1.544737100000000e-05
2.948739200015552e+00	1.668268670000000e-05
2.979521999950521e+00	1.839445210000000e-05
3.010852299979888e+00	1.951257760000000e-05
3.056896400055848e+00	2.122818660000000e-05
3.087865000008605e+00	2.232709990000000e-05
3.118847100064158e+00	2.358354870000000e-05
3.165244300034828e+00	2.399660300000000e-05
3.213209599955007e+00	2.401773240000000e-05
3.243812800035812e+00	2.387364660000000e-05
3.275515699991956e+00	2.247887460000000e-05
3.321973499958403e+00	1.901114960000000e-05
3.367426399956457e+00	1.465200420000000e-05
3.414450000040233e+00	1.137255820000000e-05
3.461043199989945e+00	1.032359610000000e-05
3.521687400061637e+00	7.839516000000001e-06
3.554377699969336e+00	6.554249920000000e-06
3.584144499967806e+00	5.478392270000000e-06
3.615280500031076e+00	3.803125310000000e-06
3.661968500004150e+00	3.009681450000000e-06
3.709616799955256e+00	1.785891870000000e-06
3.740802300046198e+00	1.384367010000000e-06
3.772792599978857e+00	1.516927340000000e-06
3.819408999988809e+00	2.187416610000000e-06
3.850737200002186e+00	6.483124710000000e-06
3.959527699975297e+00	1.610633440000000e-05
4.084618299966678e+00	1.874795090000000e-05
4.114985799998976e+00	2.197552390000000e-05
4.146310299984179e+00	2.572373710000000e-05
4.177256199996918e+00	3.130283220000000e-05
4.223418000037782e+00	3.935063800000000e-05
4.270104600000195e+00	4.884508960000000e-05
4.316765399998985e+00	5.863731710000000e-05
4.363055299967527e+00	6.326543370000000e-05
4.424198699998669e+00	7.421036570000000e-05
4.456066200044006e+00	7.947439010000000e-05
4.488349999999627e+00	1.101164160000000e-04
4.614868200034834e+00	1.181377160000000e-04
4.646343100001104e+00	1.277901760000000e-04
4.676063899998553e+00	1.406664960000000e-04
4.722714600036852e+00	1.586856670000000e-04
4.769406000035815e+00	1.672250950000000e-04
4.801392200053670e+00	1.759756560000000e-04
4.832463199971244e+00	1.848988610000000e-04
4.864453700021841e+00	1.982933030000000e-04
4.910853200010024e+00	2.045875740000000e-04
4.972284800023772e+00	2.229521630000000e-04
5.018438500002958e+00	2.360587530000000e-04
5.065604500006884e+00	2.443871050000000e-04
5.097263999981806e+00	2.530416820000000e-04
5.128653499996290e+00	2.638071310000000e-04
5.176275199977681e+00	2.764915410000000e-04
5.223359600058757e+00	2.903849240000000e-04
5.269107699976303e+00	3.022250020000000e-04
5.317158699966967e+00	3.160032500000000e-04
5.363279800047167e+00	3.236983320000000e-04
5.394087300053798e+00	3.339264660000000e-04
5.425121400039643e+00	3.475512200000000e-04
5.472167000058107e+00	3.605042880000000e-04
5.518141499953344e+00	3.715000060000000e-04
5.564581600017846e+00	3.805959420000000e-04
5.610793999978341e+00	3.851631190000000e-04
5.657834099954925e+00	3.929157970000000e-04
5.689579600002617e+00	3.979242760000000e-04
5.722019299981184e+00	4.063677920000000e-04
5.767775799962692e+00	4.144466660000000e-04
5.816188200027682e+00	4.212590280000000e-04
5.876238500000909e+00	4.277259580000000e-04
5.923976600053720e+00	4.338283320000000e-04
5.969291600049473e+00	4.379349700000000e-04
5.999539999989793e+00	4.415426230000000e-04
6.031271700048819e+00	4.457067990000000e-04
6.063091799966060e+00	4.486236430000000e-04
6.109207500005141e+00	4.525191620000000e-04
6.140562399988994e+00	4.552249160000000e-04
6.171306699980050e+00	4.599647950000000e-04
6.218499399954453e+00	4.662590220000000e-04
6.265334800002165e+00	4.708837370000000e-04
6.297318099997938e+00	4.759881990000000e-04
6.328298800042830e+00	4.836449220000000e-04
6.375091499998234e+00	4.926832630000000e-04
6.421757800038904e+00	4.997451320000000e-04
6.468450300046243e+00	5.057131640000000e-04
6.514566499972716e+00	5.121992440000000e-04
6.577698700013570e+00	5.176108100000000e-04
6.609357799985446e+00	5.222547920000000e-04
6.640992500004359e+00	5.268794480000000e-04
6.672352500027046e+00	5.350350400000000e-04
6.718189600040205e+00	5.447642760000000e-04
6.765521200024523e+00	5.555296670000000e-04
6.811841499991715e+00	5.619007859999999e-04
6.859270300017670e+00	5.737024480000000e-04
6.890112400054932e+00	5.818005880000000e-04
6.920313699985854e+00	5.935830410000000e-04
6.967237900011241e+00	6.014316459999999e-04
7.013429300044663e+00	6.086469510000000e-04
7.061258999980055e+00	6.114295100000001e-04
7.123036399949342e+00	6.226938569999999e-04
7.169328300049528e+00	6.281245730000000e-04
7.200925400014967e+00	6.340541290000000e-04
7.231255299993791e+00	6.400606360000000e-04
7.261919299955480e+00	6.446277260000000e-04
7.308654500055127e+00	6.529176610000000e-04
7.339674300048500e+00	6.593462890000000e-04
7.371099699987099e+00	6.692865860000000e-04
7.416950399987400e+00	6.788430620000000e-04
7.463847400038503e+00	6.839283740000000e-04
7.495187200023793e+00	6.900691080000000e-04
7.525745999999344e+00	6.979944880000000e-04
7.573632800020278e+00	7.043654910000000e-04
7.619019999983720e+00	7.118878420000000e-04
7.664904400007799e+00	7.188728780000000e-04
7.711389599950053e+00	7.222695280000001e-04
7.772865399951115e+00	7.295999680000000e-04
7.804057699977420e+00	7.338409200000000e-04
7.835716400062665e+00	7.381777980000000e-04
7.866334400023334e+00	7.448174870000001e-04
7.912474100012332e+00	7.486937680000000e-04
7.974888200056739e+00	7.619155220000000e-04
8.021160000003874e+00	7.707427720000000e-04
8.067427900037728e+00	7.757513090000000e-04
8.099013500032015e+00	7.806447100000000e-04
8.131010400014929e+00	7.858067980000000e-04
8.162254799972288e+00	7.887427930000000e-04
8.208906900021248e+00	7.936937620000000e-04
8.240463200025260e+00	7.967256820000000e-04
8.271657899953425e+00	8.017151270000000e-04
8.317230800050311e+00	8.088920730000000e-04
8.364289000048302e+00	8.131905340000000e-04
8.395617400063202e+00	8.191202070000000e-04
8.427648499957286e+00	8.266810330000000e-04
8.474420699989423e+00	8.377726770000000e-04
8.520437799976207e+00	8.481159460000000e-04
8.566420200048015e+00	8.865187990000000e-04
8.676784000010230e+00	8.821011869999999e-04
8.708155400003307e+00	8.849823500000000e-04
8.739226300036535e+00	8.874791670000000e-04
8.769185599987395e+00	8.901682450000000e-04
8.800704100052826e+00	8.926651210000000e-04
8.831319999997504e+00	8.965066520000000e-04
8.863355700043030e+00	9.013085510000000e-04
8.909368099994026e+00	9.038056010000000e-04
8.940609300043434e+00	9.080311870000000e-04
8.971710399957374e+00	9.118726590000000e-04
9.019120999961160e+00	9.172508730000000e-04
9.065046000061557e+00	9.218607450000000e-04
9.096722500049509e+00	9.235892790000000e-04
9.129422400030307e+00	9.264703840000000e-04
9.173982899985276e+00	9.281990929999999e-04
9.220511400024407e+00	9.289674340000001e-04
9.267271299962886e+00	9.301198880000000e-04
9.314141100039706e+00	9.349217290000000e-04
9.361575699993409e+00	9.364584690000000e-04
9.393399800057523e+00	9.381869460000000e-04
9.424578999984078e+00	9.408760820000000e-04
9.471388799953274e+00	9.443335000000000e-04
9.517782100010663e+00	9.458699500000000e-04
9.563645799993537e+00	9.481750310000000e-04
9.610975899966434e+00	9.491353990000000e-04
9.672964000026695e+00	9.508638760000000e-04
9.703890400007367e+00	9.510561360000000e-04
9.734116400009952e+00	9.520165040000000e-04
9.766549100051634e+00	9.537450390000000e-04
9.812892599962652e+00	9.548974340000000e-04
9.875589100061916e+00	9.566261430000000e-04
9.921630099997856e+00	9.572024570000000e-04
9.968187500024214e+00	9.577785969999999e-04
9.998961800010875e+00	9.595073060000000e-04
1.003012630005833e+01	9.595073060000000e-04
1.006057400000282e+01	9.593152790000001e-04
1.009263169998303e+01	9.610439880000000e-04
1.012236539996229e+01	9.621963840000000e-04
1.016845700005069e+01	9.629647250000000e-04
1.021525779995136e+01	9.639251510000000e-04
1.026245629996993e+01	9.646934920000000e-04
1.029405589995440e+01	9.646934920000000e-04
1.032457239995711e+01	9.654616010000000e-04
1.037203590001445e+01	9.658458880000000e-04
1.041860049997922e+01	9.675745970000000e-04
1.046492589998525e+01	9.671903100000000e-04
1.051133290003054e+01	9.679586510000000e-04
1.057223739998881e+01	9.693031320000000e-04
1.060389839997515e+01	9.685349650000000e-04
1.063499279995449e+01	9.677666240000000e-04
1.066629459999967e+01	9.681506780000000e-04
1.071242070000153e+01	9.679586510000000e-04
1.077436759998091e+01	9.675745970000000e-04
1.082059140002821e+01	9.662299420000000e-04
1.086730809998699e+01	9.652695730000000e-04
1.089839300001040e+01	9.635408640000001e-04
1.092891879996751e+01	9.620043570000000e-04
1.097538770001847e+01	9.596993330000000e-04
1.102189950004686e+01	9.570104300000000e-04
1.106776580004953e+01	9.552817210000000e-04
1.111549949995242e+01	9.512481630000000e-04
1.116190069995355e+01	9.504798220000000e-04
1.119314320001286e+01	9.472146630000000e-04
1.122402610001154e+01	9.426047910000000e-04
1.127033059997484e+01	9.399156550000000e-04
1.131681390001904e+01	9.364584690000000e-04
1.136362950003240e+01	9.331930200000001e-04
1.141034559998661e+01	9.316565700000000e-04
1.144148999999743e+01	9.303119150000000e-04
1.147332390001975e+01	9.303119150000000e-04
1.150490860000718e+01	9.306962020000000e-04
1.153512060001958e+01	9.291594620000000e-04
1.156730650004465e+01	9.326169380000000e-04
1.161450040002819e+01	9.362662090000000e-04
1.166188410005998e+01	9.389552870000000e-04
1.172322629997507e+01	9.462542370000000e-04
1.176938079996035e+01	9.502877950000000e-04
1.180081020004582e+01	9.548974340000000e-04
1.183153630001470e+01	9.610439880000000e-04
1.186265450005885e+01	9.654616010000000e-04
1.190941880003083e+01	9.677666240000000e-04
1.194032459997106e+01	9.662299420000000e-04
1.197118210000917e+01	9.614280430000000e-04
1.201723070000298e+01	9.560500620000000e-04
1.206424950005021e+01	9.525926430000000e-04
1.209546009998303e+01	9.472146630000000e-04
1.212746099999640e+01	9.414523960000000e-04
1.217384990002029e+01	9.351138140000000e-04
1.222030329995323e+01	9.243576210000000e-04
1.226730970002245e+01	9.122569460000000e-04
1.231353060004767e+01	8.966989120000000e-04
1.237460490001831e+01	8.853664040000000e-04
1.240596620005090e+01	8.753785510000000e-04
1.243706410005689e+01	8.678875750000000e-04
1.246885649999604e+01	8.567472690000001e-04
1.251558150001802e+01	8.456068460000000e-04
1.256189660006203e+01	8.396524940000000e-04
1.262402310001198e+01	8.215973500000000e-04
1.267035390005913e+01	8.104571020000000e-04
1.270037109998520e+01	7.979722000000001e-04
1.273203890002333e+01	7.820300530000000e-04
1.276372599997558e+01	7.632065680000000e-04
1.281126850005239e+01	7.545631380000000e-04
1.285811599995941e+01	7.391973630000000e-04
1.288913709996268e+01	7.276727700000000e-04
1.291925390006509e+01	7.098096540000000e-04
1.296657100005541e+01	6.984773790000000e-04
1.299739619996399e+01	6.844557940000000e-04
1.302936000004411e+01	6.679373330000000e-04
1.306026930001099e+01	6.113143750000000e-04
1.316854930005502e+01	5.955019730000000e-04
1.319925629999489e+01	5.788069100000000e-04
1.323043520003557e+01	5.605574700000000e-04
1.326201870001387e+01	5.468943850000000e-04
1.332326159998775e+01	5.173421230000000e-04
1.335484299995005e+01	5.014530620000000e-04
1.338519629999064e+01	4.870606640000000e-04
1.341675540001597e+01	4.626129810000000e-04
1.346371250005905e+01	4.410436960000000e-04
1.351046879997011e+01	4.322547760000000e-04
1.354076999996323e+01	4.233123620000000e-04
1.357122709997930e+01	4.133912440000000e-04
1.361821210000198e+01	4.067516130000000e-04
1.364934410003480e+01	4.001311320000000e-04
1.368094530003145e+01	3.929925440000000e-04
1.371174129995052e+01	3.886172490000000e-04
1.377410779998172e+01	3.784275030000000e-04
1.382032249995973e+01	3.719221860000000e-04
1.386665870004799e+01	3.634595200000000e-04
1.391404639999382e+01	3.587580290000000e-04
1.394515529996715e+01	3.537687010000000e-04
1.397632849996444e+01	3.452484090000000e-04
1.402418389997911e+01	3.353465290000000e-04
1.407050739997067e+01	3.255405750000000e-04
1.411825960001443e+01	3.166365200000000e-04
1.416577209997922e+01	3.099968890000000e-04
1.421175839996431e+01	3.069840900000000e-04
1.424330249999184e+01	3.038753350000000e-04
1.427435399999376e+01	2.996535910000000e-04
1.431942399998661e+01	2.935896340000000e-04
1.436627780005801e+01	2.870075400000000e-04
1.441307380003855e+01	2.832271570000000e-04
1.445885329996236e+01	2.760885690000000e-04
1.448987459996715e+01	2.700246110000000e-04
1.452053760003764e+01	2.635576820000000e-04
1.455131520004943e+01	2.570907240000000e-04
1.458454609999899e+01	2.497986130000000e-04
1.461317619995680e+01	2.434468190000000e-04
1.467442289995961e+01	2.276152520000000e-04
1.472059010004159e+01	2.190182570000000e-04
1.476740929996595e+01	2.130310460000000e-04
1.481323450000491e+01	2.095960810000000e-04
1.484456680004951e+01	2.054702930000000e-04
1.487544380000327e+01	1.986579150000000e-04
1.492283980001230e+01	1.909820280000000e-04
1.496930200001225e+01	1.827496160000000e-04
1.501727750001010e+01	1.728860950000000e-04
1.506387169996742e+01	1.627730960000000e-04
1.511162360000890e+01	1.571504980000000e-04
1.514221720001660e+01	1.507986890000000e-04
1.517318939999677e+01	1.422976350000000e-04
1.521997810003813e+01	1.337773720000000e-04
1.526639949996024e+01	1.262550070000000e-04
1.531353859999217e+01	1.199223770000000e-04
1.537530399998650e+01	1.149522360000000e-04
1.542255350004416e+01	1.113061810000000e-04
1.545269399997778e+01	1.082550010000000e-04
1.548415489995386e+01	1.053189700000000e-04
1.551610310003161e+01	1.000993430000000e-04
1.556341469998006e+01	9.349809260000001e-05
1.560982490004972e+01	9.006312760000001e-05
1.564170559996273e+01	8.526568130000000e-05
1.567350070003886e+01	7.858764000000000e-05
1.572019520006143e+01	7.344478950000000e-05
1.575174059998244e+01	6.943412880000000e-05
1.578217550006229e+01	6.578807370000000e-05
1.581348320003599e+01	6.106740329999999e-05
1.585973879997618e+01	5.874543790000000e-05
1.588990209996700e+01	5.577103000000000e-05
1.592036570003256e+01	5.122306540000000e-05
1.597039489995223e+01	4.654075750000000e-05
1.601455189997796e+01	3.972718700000000e-05
1.612557759997435e+01	3.765808290000000e-05
1.615750069997739e+01	3.581375490000000e-05
1.618805380002595e+01	3.413272130000000e-05
1.621856680000201e+01	3.160829870000000e-05
1.626522579998709e+01	2.999451140000000e-05
1.629735919996165e+01	2.810023220000000e-05
1.632769529998768e+01	2.562383630000000e-05
1.637487439997494e+01	2.269980910000000e-05
1.642221049999353e+01	2.000439960000000e-05
1.646850830002222e+01	1.778736260000000e-05
1.651552430004813e+01	1.616396910000000e-05
1.656225009995978e+01	1.563372460000000e-05
1.659340600005817e+01	1.499013160000000e-05
1.662565920001362e+01	1.402762250000000e-05
1.667352319997735e+01	1.301132030000000e-05
1.671929360006470e+01	1.192585660000000e-05
1.676527049997821e+01	1.102290480000000e-05
1.681167690001894e+01	1.045231420000000e-05
1.685926040005870e+01	9.274634069999999e-06
1.689045039995108e+01	8.519612490000000e-06
1.692145550006535e+01	7.366907080000000e-06
1.696831899997778e+01	6.317944550000000e-06
1.701483540004119e+01	5.447653170000000e-06
1.706119959999342e+01	5.086470990000000e-06
1.710719440004323e+01	4.452483150000000e-06
1.713910140004009e+01	4.020218970000000e-06
1.716957969998475e+01	3.553374200000000e-06
1.720116890000645e+01	2.982784280000000e-06
1.723214219999500e+01	1.691024070000000e-06
1.734285580005962e+01	1.584879780000000e-06
1.737429870001506e+01	1.467369660000000e-06
1.740652830002364e+01	1.377792270000000e-06
1.743924089998472e+01	1.322697360000000e-06
1.746629090001807e+01	1.280702010000000e-06
1.751408560003620e+01	1.261245190000000e-06
1.756069099996239e+01	1.262979140000000e-06
1.760923289996572e+01	1.277234450000000e-06
1.763885750004556e+01	1.291875040000000e-06
1.766961039998569e+01	1.315955050000000e-06
1.771564670000225e+01	1.331366090000000e-06
1.776255660003517e+01	1.332329360000000e-06
1.780917170003522e+01	1.333099930000000e-06
1.783984559995588e+01	1.320385650000000e-06
1.787162550003268e+01	1.266831870000000e-06
1.791899909998756e+01	1.370857150000000e-06
1.794838600000367e+01	1.686593460000000e-06
1.797957510000560e+01	2.357364340000000e-06
1.801041450002231e+01	3.015998800000000e-06
1.804161019995809e+01	4.239838290000000e-06
1.807264460006263e+01	7.195120820000000e-06
1.812030870001763e+01	2.235207280000000e-05
1.822836549999192e+01	2.755654170000000e-05
1.826029110001400e+01	3.341420230000000e-05
1.829039980005473e+01	3.897792700000000e-05
1.832151929999236e+01	4.484135570000000e-05
1.835275860002730e+01	5.131956280000000e-05
1.838337140006479e+01	5.862579200000000e-05
1.841500090004411e+01	7.045639360000000e-05
1.846193530003075e+01	7.733035450000000e-05
1.850830990006216e+01	1.111334640000000e-04
1.861818500002846e+01	1.157773880000000e-04
1.865141180006322e+01	1.229543700000000e-04
1.868217210005969e+01	1.297667040000000e-04
1.871442640002351e+01	1.361952890000000e-04
1.874466259998735e+01	1.411078700000000e-04
1.877577169996221e+01	1.495705360000000e-04
1.882177759998012e+01	1.617560190000000e-04
1.886928710003849e+01	1.750353400000000e-04
1.891652880003676e+01	1.895427850000000e-04
1.896298229997046e+01	1.967005660000000e-04
1.900898619997315e+01	2.101525750000000e-04
1.904083209997043e+01	2.192485410000000e-04
1.907250400003977e+01	2.300715420000000e-04
1.911910739995074e+01	2.432932960000000e-04
1.916588430001866e+01	2.563039310000000e-04
1.921225710003637e+01	2.648241930000000e-04
1.925821760005783e+01	2.785256660000000e-04
1.928934560006019e+01	2.878902890000000e-04
1.932094959996175e+01	2.980032880000000e-04
1.935183429997414e+01	3.080011230000000e-04
1.938280689995736e+01	3.185363020000000e-04
1.941491839999799e+01	3.326599540000000e-04
1.946197539998684e+01	3.406237230000000e-04
1.950765389995649e+01	3.548817190000000e-04
1.953834159998223e+01	3.652249870000000e-04
1.956854630005546e+01	3.812484210000000e-04
1.961648229998536e+01	3.910735830000000e-04
1.964683990005869e+01	4.004957150000000e-04
1.967789880000055e+01	4.131993630000000e-04
1.970953590003774e+01	4.220650010000000e-04
1.974043640005402e+01	4.341161690000000e-04
1.977241800003685e+01	4.513293680000000e-04
1.981869670003653e+01	4.690991190000000e-04
1.986532009998336e+01	4.859669430000000e-04
1.991186480002943e+01	4.940841460000000e-04
1.994268970005214e+01	5.027771690000000e-04
1.997390540002380e+01	5.153656240000001e-04
2.002030920004472e+01	5.297962340000000e-04
2.006634959997609e+01	5.442462280000000e-04
2.011465600004885e+01	5.596747509999999e-04
2.016173609998077e+01	5.671778930000000e-04
2.020853760000318e+01	5.814550680000000e-04
2.023947839997709e+01	5.898217790000000e-04
2.027066300006118e+01	6.012013760000000e-04
2.031868999998551e+01	6.127919190000000e-04
2.036456270003691e+01	6.246128470000000e-04
2.041162070003338e+01	6.316746590000000e-04
2.045839659997728e+01	6.441672450000000e-04
2.048936660005711e+01	6.533207490000000e-04
2.052065840002615e+01	6.629347340000000e-04
2.055170459998772e+01	6.720691450000000e-04
2.058254990004934e+01	6.819901760000000e-04
2.061463500000536e+01	6.992034610000000e-04
2.066076350002550e+01	7.068217380000000e-04
2.070795389998239e+01	7.202545530000000e-04
2.073935269995127e+01	7.278536800000000e-04
2.077080339996610e+01	7.385807690000000e-04
2.081729070004076e+01	7.448365800000000e-04
2.084939430002123e+01	7.500178180000001e-04
2.088060809997842e+01	7.554294430000000e-04
2.091167319996748e+01	7.596895450000000e-04
2.097318790003192e+01	7.704549350000000e-04
2.101959270006046e+01	7.778814180000000e-04
2.106523870001547e+01	7.841757030000000e-04
2.111328349995892e+01	7.871692650000000e-04
2.114354259998072e+01	7.899325570000000e-04
2.117481350002345e+01	7.945956900000000e-04
2.122114959999453e+01	8.009859010000000e-04
2.126853580004536e+01	8.075295480000000e-04
2.131642699998338e+01	8.142076550000000e-04
2.137624460004736e+01	8.198686410000000e-04
2.142310739995446e+01	8.241863110000000e-04
2.145397759997286e+01	8.284464130000000e-04
2.148415420006495e+01	8.337236360000000e-04
2.151675539999269e+01	8.434527550000000e-04
2.156167780002579e+01	8.476554070000000e-04
2.160888269997668e+01	8.794121090000000e-04
2.170431309996638e+01	8.751865240000000e-04
2.173448670003563e+01	8.759546330000000e-04
2.176575809996575e+01	8.794121090000000e-04
2.181339829997160e+01	8.845980630000000e-04
2.185926779999863e+01	8.851743770000000e-04
2.189081050001550e+01	8.874791670000000e-04
2.192245399998501e+01	8.884395360000000e-04
2.195266399998218e+01	8.911286710000000e-04
2.198389200004749e+01	8.920890400000000e-04
2.201485539996065e+01	8.955462840000001e-04
2.206221450003795e+01	8.966989120000000e-04
2.210891710000578e+01	9.011164660000000e-04
2.214035879995208e+01	9.024611790000000e-04
2.217115690000355e+01	9.064946790000000e-04
2.221931780001614e+01	9.084154740000000e-04
2.225026840006467e+01	9.111043180000000e-04
2.228230550000444e+01	9.134094000000000e-04
2.231278190005105e+01	9.151381090000000e-04
2.237331709999125e+01	9.191716670000000e-04
2.242195270000957e+01	9.214764580000000e-04
2.246605110005476e+01	9.239735079999999e-04
2.251366709999274e+01	9.251259620000000e-04
2.254493690002710e+01	9.264703840000000e-04
2.257697729999200e+01	9.276227790000000e-04
2.262415220006369e+01	9.305039420000000e-04
2.267022780003026e+01	9.331930200000001e-04
2.271621270000469e+01	9.374188380000000e-04
2.276248769997619e+01	9.387632599999999e-04
2.280859609995969e+01	9.410681090000000e-04
2.283920940000098e+01	9.424127640000000e-04
2.286929990001954e+01	9.443335000000000e-04
2.291652059997432e+01	9.468303760000000e-04
2.297851270006504e+01	9.483670580000000e-04
2.302620009996463e+01	9.495194540000000e-04
2.306946350005455e+01	9.504798220000000e-04
2.311745859996881e+01	9.518243020000000e-04
2.314858699997421e+01	9.516322170000000e-04
2.317938640003558e+01	9.535530119999999e-04
2.321077250002418e+01	9.541293260000000e-04
2.325883129995782e+01	9.543213530000001e-04
2.328937020001467e+01	9.550896940000000e-04
2.332014329999220e+01	9.564341160000000e-04
2.336629140004516e+01	9.577785969999999e-04
2.341239640000276e+01	9.589312250000000e-04
2.344439700001385e+01	9.596993330000000e-04
2.347572820005007e+01	9.614280430000000e-04
2.352154440002050e+01	9.610439880000000e-04
2.356884760002140e+01	9.608519610000000e-04
2.361783010000363e+01	9.612360150000000e-04
2.366374600003473e+01	9.610439880000000e-04
2.370992130006198e+01	9.618123290000000e-04
2.374078120000195e+01	9.620043570000000e-04
2.377148880006280e+01	9.623884110000000e-04
2.381841680000070e+01	9.631568100000000e-04
2.386450979998335e+01	9.633488370000000e-04
2.391072839999106e+01	9.635408640000001e-04
2.397353760001715e+01	9.646934920000000e-04
2.402016930002719e+01	9.639251510000000e-04
2.405201910005417e+01	9.646934920000000e-04
2.408363490004558e+01	9.656538600000001e-04
2.411622049997095e+01	9.654616010000000e-04
2.417727650003508e+01	9.668062560000000e-04
2.422396209998988e+01	9.669982830000000e-04
2.427093080000486e+01	9.656538600000001e-04
2.431807140004821e+01	9.666142290000000e-04
2.434867960005067e+01	9.671903100000000e-04
2.437989129999187e+01	9.660379150000000e-04
2.441111840005033e+01	9.671903100000000e-04
2.447289540001657e+01	9.687269920000000e-04
2.451993419998325e+01	9.694951590000000e-04
2.456686100002844e+01	9.687269920000000e-04
2.461412739998195e+01	9.683427050000000e-04
2.464572040003259e+01	9.685349650000000e-04
2.467675440001767e+01	9.687269920000000e-04
2.472585980000440e+01	9.681506780000000e-04
2.477116760006174e+01	9.677666240000000e-04
2.481634070002474e+01	9.658458880000000e-04
2.486341880005784e+01	9.616200700000000e-04
2.491028710000683e+01	9.581628840000000e-04
2.494073999999091e+01	9.524006160000000e-04
2.497266820003279e+01	9.408760820000000e-04
2.502031669998541e+01	9.266624110000000e-04
2.506520920002367e+01	9.128330860000000e-04
2.511105059995316e+01	9.061103920000000e-04
2.517333809996489e+01	8.886315630000000e-04
2.521868200006429e+01	8.801804510000000e-04
2.525001299998257e+01	8.707686790000000e-04
2.528226760006510e+01	8.571313810000000e-04
2.531258989998605e+01	8.469512690000000e-04
2.537450409994926e+01	8.208292420000000e-04
2.542054289998487e+01	8.062315170000000e-04
2.546686140005477e+01	7.918258780000000e-04
2.551420780003536e+01	7.829904210000000e-04
2.554569090006407e+01	7.749231300000000e-04
2.557752699998673e+01	7.622462000000000e-04
2.562464359996375e+01	7.436149170000000e-04
2.567177550005727e+01	7.263281150000000e-04
2.571777790004853e+01	7.090415460000000e-04
2.576453669997863e+01	6.934834530000000e-04
2.581253180000931e+01	6.852241350000000e-04
2.584378700004891e+01	6.569284010000000e-04
2.595278229995165e+01	6.501735770000000e-04
2.598408049996942e+01	6.430926150000000e-04
2.601572370005306e+01	6.290265010000000e-04
2.606259950005915e+01	6.206597900000000e-04
2.610820959997363e+01	6.052503600000000e-04
2.614030880003702e+01	5.947536560000000e-04
2.617088290001266e+01	5.808409770000000e-04
2.621731720003299e+01	5.713420690000000e-04
2.624867680005264e+01	5.614786060000000e-04
2.627962000004482e+01	5.487365420000000e-04
2.631136190006509e+01	5.399093500000000e-04
2.637285779998638e+01	5.137536790000000e-04
2.641931659996044e+01	4.948325800000000e-04
2.646647069999017e+01	4.753933170000000e-04
2.651329869998153e+01	4.623826530000000e-04
2.654370889998972e+01	4.504082900000000e-04
2.657453610002995e+01	4.335405250000000e-04
2.662082509999163e+01	4.148880250000000e-04
2.666725609998684e+01	3.980010810000000e-04
2.671468380000442e+01	3.826492470000000e-04
2.676115260005463e+01	3.762014970000000e-04
2.680748209997546e+01	3.649179420000000e-04
2.683894329995383e+01	3.573572030000000e-04
2.686948560003657e+01	3.457665440000000e-04
2.691668510006275e+01	3.339648830000000e-04
2.696362960000988e+01	3.235448090000000e-04
2.701068710000254e+01	3.179605990000000e-04
2.707336979999673e+01	3.007857890000000e-04
2.711957480001729e+01	2.929947510000000e-04
2.715156799997203e+01	2.859329110000000e-04
2.718266659998335e+01	2.788135030000000e-04
2.721336299995892e+01	2.699094770000000e-04
2.727470539999194e+01	2.612357200000000e-04
2.732141740003135e+01	2.509116020000000e-04
2.736745460005477e+01	2.404148250000000e-04
2.741395730001386e+01	2.332378500000000e-04
2.744522870006040e+01	2.256195290000000e-04
2.747625639999751e+01	2.171760280000000e-04
2.752385890006553e+01	2.091930950000000e-04
2.757128769997507e+01	2.018050290000000e-04
2.761859990004450e+01	1.919223140000000e-04
2.766568500001449e+01	1.829031390000000e-04
2.771247949998360e+01	1.779521700000000e-04
2.774422880006023e+01	1.725406910000000e-04
2.777632659999654e+01	1.662848230000000e-04
2.782185059995390e+01	1.590694740000000e-04
2.786779140005819e+01	1.498967470000000e-04
2.791434979997575e+01	1.390929250000000e-04
2.796237540000584e+01	1.338349250000000e-04
2.800930709997192e+01	1.217262030000000e-04
2.804050740005914e+01	1.128797230000000e-04
2.807279430003837e+01	1.012507420000000e-04
2.812370530003682e+01	9.035094989999999e-05
2.816570180002600e+01	8.361536310000000e-05
2.821352360001765e+01	7.920172360000000e-05
2.826082039996982e+01	7.684137380000000e-05
2.830812129995320e+01	7.277314580000001e-05
2.833907810004894e+01	6.958765150000000e-05
2.837106819998007e+01	6.421451689999999e-05
2.841845350002404e+01	5.914843130000000e-05
2.846599669998977e+01	5.402476750000000e-05
2.851262359996326e+01	5.133819290000000e-05
2.857417040003929e+01	3.811916390000000e-05
2.868400550005026e+01	3.319903410000000e-05
2.871607329999097e+01	2.725875670000000e-05
2.876285119995009e+01	2.432512340000000e-05
2.879251769999973e+01	2.140301510000000e-05
2.882352350000292e+01	1.786420760000000e-05
2.887093199999072e+01	1.370294380000000e-05
2.891726649994962e+01	9.733794290000000e-06
2.896362890000455e+01	6.973066320000000e-06
2.901014350005426e+01	6.031690650000000e-06
2.904191509995144e+01	5.028836770000000e-06
2.907333789998665e+01	4.122041900000000e-06
2.910479010001291e+01	3.238300910000000e-06
2.913719090004452e+01	2.498647750000000e-06
2.916917590005323e+01	1.787813630000000e-06
2.921385129995178e+01	1.382445130000000e-06
2.926075350004248e+01	1.313283060000000e-06
2.932162179995794e+01	1.352363940000000e-06
2.940023589995690e+01	1.379718700000000e-06
2.943139150005300e+01	1.382800860000000e-06
2.946133049996570e+01	1.384534580000000e-06
2.950831559998915e+01	1.385112450000000e-06
2.953979509999044e+01	1.390121160000000e-06
2.957076489995234e+01	1.396863580000000e-06
2.961793820001185e+01	1.397056170000000e-06
2.966507390001789e+01	1.405532430000000e-06
2.969615560001694e+01	1.446757100000000e-06
2.972734930005390e+01	1.685052330000000e-06
2.977484920003917e+01	2.334632650000000e-06
2.982156539999414e+01	3.584478010000000e-06
2.986729369999375e+01	5.324205630000000e-06
2.991377149999607e+01	8.027708650000000e-06
2.997634729999118e+01	1.352043270000000e-05
3.008423919999041e+01	1.476727450000000e-05
3.011543790006544e+01	1.655396770000000e-05
3.016333899996243e+01	1.754529330000000e-05
3.019527709996328e+01	1.852509380000000e-05
3.022659490001388e+01	1.989681370000000e-05
3.027395629999228e+01	2.141838380000000e-05
3.032068170001730e+01	2.276512710000000e-05
3.036875769996550e+01	2.382177440000000e-05
3.041566110006534e+01	2.460945690000000e-05
3.046262500004377e+01	2.465556280000000e-05
3.049438020004891e+01	2.443847190000000e-05
3.052512250002474e+01	2.212153590000000e-05
3.057194599998184e+01	1.695357240000000e-05
3.061887909995858e+01	1.021793100000000e-05
3.066501180001069e+01	4.448640990000000e-06
3.071128240006510e+01	2.525544910000000e-06
3.077343609998934e+01	2.020275130000000e-06
3.080429120000917e+01	4.350661580000000e-06
3.083514189999551e+01	8.675226130000000e-06
3.086658270005137e+01	1.696701840000000e-05
3.091278240003157e+01	2.295532430000000e-05
3.097528769995552e+01	4.551760870000000e-05
3.102229510003235e+01	6.271597520000000e-05
3.106895240000449e+01	7.287514750000000e-05
3.110082180006430e+01	8.234270350000000e-05
3.113331629999448e+01	1.197880480000000e-04
3.124072979995981e+01	1.298818530000000e-04
3.127189820003696e+01	1.417027380000000e-04
3.130225509998854e+01	1.554042250000000e-04
3.133378330001142e+01	1.721760780000000e-04
3.136481269996148e+01	1.915768950000000e-04
3.141141379997134e+01	2.006152790000000e-04
3.145935370004736e+01	2.144894530000000e-04
3.149036990001332e+01	2.220886090000000e-04
3.152039049996529e+01	2.327964760000000e-04
3.156628749996889e+01	2.397048080000000e-04
3.159773340006359e+01	2.484169670000000e-04
3.163087680004537e+01	2.590480730000000e-04
3.167606239998713e+01	2.715789600000000e-04
3.172194509999827e+01	2.864510170000000e-04
3.176861260004807e+01	2.979265120000000e-04
3.181508800003212e+01	3.064467460000000e-04
3.186142520001158e+01	3.118774620000000e-04
3.189182370004710e+01	3.198220220000000e-04
3.192305219999980e+01	3.334851350000000e-04
3.197026830003597e+01	3.489904340000000e-04
3.201634239999112e+01	3.660885270000000e-04
3.206311540002935e+01	3.873891260000000e-04
3.210904250002932e+01	3.977899910000000e-04
3.214095929998439e+01	4.112228050000000e-04
3.217297549999785e+01	4.241758720000000e-04
3.220381470001303e+01	4.364189520000000e-04
3.223635430005379e+01	4.486427930000000e-04
3.226633540005423e+01	4.704615570000000e-04
3.231283900002018e+01	4.847387320000000e-04
3.237680560001172e+01	5.143485610000000e-04
3.242222970002331e+01	5.312931610000000e-04
3.246927120001055e+01	5.429412120000000e-04
3.250047450000420e+01	5.543016010000000e-04
3.253113649995066e+01	5.669476230000000e-04
3.256192640005611e+01	5.755255120000000e-04
3.260851990000810e+01	5.889198510000000e-04
3.264131049998105e+01	5.979006530000001e-04
3.267001929995604e+01	6.106043580000000e-04
3.271678310004063e+01	6.252845050000000e-04
3.276340359996539e+01	6.312524780000000e-04
3.279520419996697e+01	6.383911240000000e-04
3.282629909995012e+01	6.465083570000000e-04
3.287409579998348e+01	6.545297220000000e-04
3.292080640001222e+01	6.650072760000000e-04
3.296731630002614e+01	6.770392060000000e-04
3.301390709995758e+01	6.901649760000000e-04
3.306074089999311e+01	6.963249180000000e-04
3.309240590000991e+01	7.053824960000000e-04
3.312751060002483e+01	7.167236760000000e-04
3.317338189994916e+01	7.276042020000000e-04
3.321860010002274e+01	7.399624450000000e-04
3.326454500004184e+01	7.522247030000000e-04
3.331228950002696e+01	7.578089130000000e-04
3.334344700002111e+01	7.643717690000000e-04
3.337435529998038e+01	7.715871320000000e-04
3.340527950006071e+01	7.788408550000000e-04
3.343497489998117e+01	7.851927080000000e-04
3.346540830004960e+01	7.954784090000000e-04
3.351231490005739e+01	8.007747240000000e-04
3.357481410005130e+01	8.153589440000000e-04
3.362050700001419e+01	8.235146520000000e-04
3.366768379998393e+01	8.274101420000000e-04
3.369858600001317e+01	8.315743180000000e-04
3.372929980000481e+01	8.364293610000000e-04
3.377628570003435e+01	8.422054820000000e-04
3.382250490004662e+01	8.484422000000000e-04
3.386860269994941e+01	8.784516830000000e-04
3.397633660002612e+01	8.740338960000000e-04
3.400787069997750e+01	8.769150010000000e-04
3.403888340003323e+01	8.809485590000000e-04
3.406880710006226e+01	8.840219230000000e-04
3.410032610001508e+01	8.880554810000000e-04
3.413014280004427e+01	8.909366440000000e-04
3.416355789999943e+01	8.957384850000000e-04
3.420962209999561e+01	8.976592800000001e-04
3.424089929996990e+01	9.020768920000000e-04
3.427214140002616e+01	9.055343110000000e-04
3.431746180006303e+01	9.099519230000000e-04
3.436430210003164e+01	9.128330860000000e-04
3.439627230004407e+01	9.128330860000000e-04
3.442728609999176e+01	9.141777410000000e-04
3.447356489999220e+01	9.178269540000000e-04
3.452031759999227e+01	9.220527720000000e-04
3.456649450003169e+01	9.272387250000000e-04
3.461343519994989e+01	9.328089650000000e-04
3.466102760005742e+01	9.353058410000000e-04
3.469197309995070e+01	9.374188380000000e-04
3.472303069999907e+01	9.404919690000000e-04
3.477055909996852e+01	9.433731320000000e-04
3.481727340002544e+01	9.456779230000000e-04
3.486407510004938e+01	9.483670580000000e-04
3.491072100005113e+01	9.491353990000000e-04
3.497260810004082e+01	9.516322170000000e-04
3.500341790006496e+01	9.529769300000000e-04
3.503435360000003e+01	9.533609850000000e-04
3.506524330005050e+01	9.560500620000000e-04
3.511219949997030e+01	9.558578020000000e-04
3.517522550001740e+01	9.579708570000000e-04
3.522151719999965e+01	9.585469380000001e-04
3.526851289998740e+01	9.598915930000000e-04
3.529987530002836e+01	9.618123290000000e-04
3.533169849996921e+01	9.637331240000000e-04
3.537895699997898e+01	9.658458880000000e-04
3.541016840003431e+01	9.669982830000000e-04
3.545685830002185e+01	9.675745970000000e-04
3.548764810001012e+01	9.689190770000000e-04
3.551829969999380e+01	9.700714730000000e-04
3.556504570005927e+01	9.700714730000000e-04
3.559745630004909e+01	9.710318410000000e-04
3.562839309999254e+01	9.698794460000000e-04
3.576420049997978e+01	9.698794460000000e-04
3.581485369999427e+01	9.691111039999999e-04
3.586093439999968e+01	9.693031320000000e-04
3.589165160001721e+01	9.681506780000000e-04
3.592253780004103e+01	9.664219690000000e-04
3.596842409996316e+01	9.654616010000000e-04
3.601489870005753e+01	9.635408640000001e-04
3.606204570003320e+01	9.621963840000000e-04
3.612381859996822e+01	9.602756470000000e-04
3.617021949996706e+01	9.595073060000000e-04
3.620236170000862e+01	9.573945430000000e-04
3.623320989997592e+01	9.554737480000000e-04
3.626454260002356e+01	9.533609850000000e-04
3.631222299998626e+01	9.520165040000000e-04
3.637392569996882e+01	9.481750310000000e-04
3.641986609995365e+01	9.441412400000000e-04
3.646630710002501e+01	9.429888449999999e-04
3.649725899996702e+01	9.422205040000000e-04
3.652843289996963e+01	9.404919690000000e-04
3.657441290002316e+01	9.399156550000000e-04
3.662100339995231e+01	9.381869460000000e-04
3.666775300004520e+01	9.372265780000000e-04
3.671593840001151e+01	9.356901280000000e-04
3.676207000005525e+01	9.349217290000000e-04
3.679325490002520e+01	9.339613610000000e-04
3.682467420003377e+01	9.337693340000000e-04
3.687201299995650e+01	9.337693340000000e-04
3.691885480005294e+01	9.387632599999999e-04
3.696423949999735e+01	9.479827709999999e-04
3.701167859998532e+01	9.533609850000000e-04
3.707335479999892e+01	9.687269920000000e-04
3.710394569998607e+01	9.706477870000000e-04
3.713519429997541e+01	9.685349650000000e-04
3.716674150002655e+01	9.627726980000000e-04
3.721362529997714e+01	9.552817210000000e-04
3.725986960006412e+01	9.493274260000000e-04
3.729045059997588e+01	9.426047910000000e-04
3.732176750001963e+01	9.289674340000001e-04
3.736855350004043e+01	9.178269540000000e-04
3.739904010004830e+01	9.059183650000000e-04
3.743024570005946e+01	8.922810670000000e-04
3.746161480003502e+01	8.805645050000000e-04
3.750833680003416e+01	8.640460440000000e-04
3.753876120003406e+01	8.527135360000000e-04
3.756928749999497e+01	8.344665980000000e-04
3.761632350005675e+01	8.179481370000000e-04
3.766763429995626e+01	8.073839710000000e-04
3.769629200000782e+01	7.993168549999999e-04
3.772629040002357e+01	7.851032420000000e-04
3.777292460005265e+01	7.691608630000000e-04
3.781965550000314e+01	7.539870570000000e-04
3.786634089995641e+01	7.382369370000000e-04
3.791394670004956e+01	7.217184760000000e-04
3.797628619999159e+01	7.096176270000000e-04
3.800838390004355e+01	6.996298330000000e-04
3.804027570004109e+01	6.896419800000000e-04
3.806937639997341e+01	6.503462790000000e-04
3.817907469999045e+01	6.387365280000000e-04
3.820933300000615e+01	6.253996400000001e-04
3.824030970002059e+01	6.118133310000000e-04
3.827112889999989e+01	5.980157880000000e-04
3.830201710003894e+01	5.837386120000000e-04
3.833295299997553e+01	5.682141640000000e-04
3.836346110003069e+01	5.496576779999999e-04
3.841081460006535e+01	5.400244850000000e-04
3.845675949996803e+01	5.216790010000000e-04
3.848782649997156e+01	5.081886190000000e-04
3.851863429998048e+01	4.865233500000000e-04
3.856522660003975e+01	4.738582070000000e-04
3.859694580000360e+01	4.589285240000000e-04
3.862732640001923e+01	4.426364610000000e-04
3.867538130003959e+01	4.268816260000000e-04
3.872230679995846e+01	4.091695010000000e-04
3.876863800000865e+01	3.930309320000000e-04
3.881479520001449e+01	3.767387830000000e-04
3.886162320000585e+01	3.674893520000000e-04
3.889292250003200e+01	3.566663650000000e-04
3.892398880003020e+01	3.414296660000000e-04
3.897163070004899e+01	3.244467660000000e-04
3.901782009995077e+01	3.100352480000000e-04
3.906522310001310e+01	2.975618990000000e-04
3.911231760005467e+01	2.916322560000000e-04
3.917771479999647e+01	2.760502100000000e-04
3.920673119998537e+01	2.684318460000000e-04
3.923666809999850e+01	2.607751520000000e-04
3.926828720001504e+01	2.486280570000000e-04
3.931893109995872e+01	2.351568400000000e-04
3.936291310004890e+01	2.217239960000000e-04
3.941020509996451e+01	2.139905550000000e-04
3.944176029996015e+01	2.038775420000000e-04
3.947311500005890e+01	1.938796630000000e-04
3.950367899995763e+01	1.847645330000000e-04
3.953534279996529e+01	1.764553890000000e-04
3.956634600006510e+01	1.673978260000000e-04
3.961265080003068e+01	1.628690220000000e-04
3.965986280003563e+01	1.552891040000000e-04
3.969235320005100e+01	1.493594460000000e-04
3.972369350004010e+01	1.405705410000000e-04
3.977057229995262e+01	1.342954930000000e-04
3.980121810000855e+01	1.289991200000000e-04
3.983337540004868e+01	1.238370750000000e-04
3.986438449996058e+01	1.171398470000000e-04
3.990944640000816e+01	1.138200390000000e-04
3.994156710000243e+01	1.094447580000000e-04
3.997258599998895e+01	1.029010750000000e-04
4.002011040004436e+01	9.326780860000000e-05
4.006635139998980e+01	8.657058790000000e-05
4.009738579997793e+01	8.033392080000000e-05
4.012834669998847e+01	7.238935360000000e-05
4.017850399995223e+01	6.432965890000000e-05
4.022316269995645e+01	5.646185670000000e-05
4.026949600002263e+01	4.961112430000000e-05
4.031664470001124e+01	4.339364020000000e-05
4.036253659997601e+01	4.076464390000000e-05
4.039426560001448e+01	3.788618050000000e-05
4.042508539999835e+01	2.910116560000000e-05
4.053320710000116e+01	2.777363260000000e-05
4.056423340004403e+01	2.627511460000000e-05
4.059465300000738e+01	2.480733750000000e-05
4.062641569995321e+01	2.295532430000000e-05
4.067242319998331e+01	2.106104510000000e-05
4.072028440004215e+01	1.928972050000000e-05
4.076725330005866e+01	1.816583240000000e-05
4.081627229996957e+01	1.729169890000000e-05
4.086274450004566e+01	1.687672370000000e-05
4.089340309996624e+01	1.647327920000000e-05
4.092454429995269e+01	1.589884410000000e-05
4.097042569995392e+01	1.510347920000000e-05
4.101650010002777e+01	1.409102060000000e-05
4.106287140003406e+01	1.303245430000000e-05
4.111004920001142e+01	1.251181490000000e-05
4.117137440002989e+01	1.134566170000000e-05
4.120400060003158e+01	1.071359470000000e-05
4.123317170003429e+01	1.004502610000000e-05
4.126418860000558e+01	8.942271050000001e-06
4.131056999997236e+01	8.339021410000000e-06
4.137356189999264e+01	6.575383400000000e-06
4.141945220006164e+01	5.557159970000000e-06
4.146531320002396e+01	4.969280330000000e-06
4.149643189995550e+01	4.362187610000000e-06
4.152735630003735e+01	3.587955230000000e-06
4.157500449998770e+01	2.882883110000000e-06
4.162090820004232e+01	1.521886590000000e-06
4.176287530001719e+01	1.410733600000000e-06
4.179431070003193e+01	1.338686270000000e-06
4.182493660005275e+01	1.288214890000000e-06
4.187146649998613e+01	1.264520170000000e-06
4.191888080001809e+01	1.270106850000000e-06
4.195080370001961e+01	1.284169340000000e-06
4.198198100004811e+01	1.306708330000000e-06
4.201292360003572e+01	1.366233850000000e-06
4.206110120005906e+01	1.427108030000000e-06
4.212391940003727e+01	1.681006780000000e-06
4.216951799998060e+01	1.894066260000000e-06
4.221652490005363e+01	2.026024280000000e-06
4.224723690003157e+01	2.164339550000000e-06
4.227872960001696e+01	2.338100560000000e-06
4.231012260005809e+01	2.403212420000000e-06
4.234050669998396e+01	2.420742700000000e-06
4.237222460005432e+01	2.292252250000000e-06
4.241863339999691e+01	1.629764820000000e-06
4.246527110005263e+01	1.364500010000000e-06
4.251103459997103e+01	1.816047300000000e-06
4.254162839998025e+01	2.883848080000000e-06
4.257367359998170e+01	5.318426700000000e-06
4.261941120005213e+01	3.058623410000000e-05
4.276349260006100e+01	4.758479550000000e-05
4.279142280004453e+01	6.169198600000001e-05
4.282299939997029e+01	8.239841550000000e-05
4.287016090005636e+01	1.479778000000000e-04
4.297961509996094e+01	1.763210600000000e-04
4.301157990004867e+01	2.010950120000000e-04
4.305832089995965e+01	2.371333830000000e-04
4.308952300006058e+01	2.575320830000000e-04
4.312125610001385e+01	2.810395090000000e-04
4.316729340003803e+01	3.019371940000000e-04
4.321539490006398e+01	3.240437650000000e-04
4.326075370004401e+01	3.370544000000000e-04
4.330726509995293e+01	3.674126060000000e-04
4.333833870000672e+01	3.937409200000000e-04
4.336954770004377e+01	4.184957360000000e-04
4.340051099995617e+01	4.398539020000000e-04
4.343163010000717e+01	4.612696650000000e-04
4.346216890006326e+01	4.766406200000000e-04
4.350827170000412e+01	5.037941740000000e-04
4.353856959997211e+01	5.233485140000000e-04
4.357030879997183e+01	5.569881180000000e-04
4.361725080001634e+01	5.932376370000000e-04
4.366502169996966e+01	6.140393670000000e-04
4.369639689999167e+01	6.365488520000000e-04
4.372913660004269e+01	6.610541020000000e-04
4.377409840002656e+01	6.822972210000000e-04
4.382052880001720e+01	7.027151300000000e-04
4.386727150005754e+01	7.230946210000000e-04
4.391379889997188e+01	7.445104420000000e-04
4.397630920005031e+01	7.600156820000000e-04
4.400725969998166e+01	7.710498180000000e-04
4.404158760001883e+01	7.820263270000000e-04
4.406862010003533e+01	7.957086200000000e-04
4.411699730006512e+01	8.109069310000000e-04
4.416255779995117e+01	8.165679170000001e-04
4.421162560000084e+01	8.282544440000000e-04
4.427145600004587e+01	8.411501190000000e-04
4.430230910005048e+01	8.477129740000000e-04
4.433337510004640e+01	8.897841910000000e-04
4.444158650003374e+01	8.893999040000000e-04
4.447232930001337e+01	8.936254890000000e-04
4.450398769997992e+01	8.995800160000000e-04
4.453378489997704e+01	9.072630200000000e-04
4.456647019996308e+01	9.143697680000000e-04
4.461279190005735e+01	9.228211130000000e-04
4.467560429999139e+01	9.293515470000000e-04
4.472338390001096e+01	9.335773070000000e-04
4.475483960006386e+01	9.366504960000000e-04
4.478521810006350e+01	9.404919690000000e-04
4.481715620006435e+01	9.443335000000000e-04
4.486384180001915e+01	9.485590850000000e-04
4.491050410002936e+01	9.502877950000000e-04
4.497220009996090e+01	9.552817210000000e-04
4.501916669995990e+01	9.572024570000000e-04
4.505001829995308e+01	9.581628840000000e-04
4.508115390001331e+01	9.604676740000000e-04
4.511177620000672e+01	9.621963840000000e-04
4.517373889998998e+01	9.621963840000000e-04
4.522189230006188e+01	9.625804380000000e-04
4.526785279996693e+01	9.625804380000000e-04
4.531345020001754e+01	9.631568100000000e-04
4.534402149997186e+01	9.625804380000000e-04
4.537423289997969e+01	9.625804380000000e-04
4.542135459999554e+01	9.616200700000000e-04
4.546737410000060e+01	9.625804380000000e-04
4.551474050001707e+01	9.616200700000000e-04
4.557634629996028e+01	9.627726980000000e-04
4.562236140004825e+01	9.635408640000001e-04
4.565269200003240e+01	9.639251510000000e-04
4.568807559995912e+01	9.648855189999999e-04
4.571564970002510e+01	9.654616010000000e-04
4.576362119999249e+01	9.669982830000000e-04
4.581155880005099e+01	9.679586510000000e-04
4.585865109995939e+01	9.685349650000000e-04
4.589031299995258e+01	9.681506780000000e-04
4.592251159995794e+01	9.685349650000000e-04
4.595392530004028e+01	9.677666240000000e-04
4.598403459996916e+01	9.685349650000000e-04
4.601471020001918e+01	9.689190770000000e-04
4.606052259996068e+01	9.689190770000000e-04
4.612149279995356e+01	9.691111039999999e-04
4.616707239998505e+01	9.693031320000000e-04
4.621523630002048e+01	9.693031320000000e-04
4.624618959997315e+01	9.696874190000000e-04
4.627821410004981e+01	9.693031320000000e-04
4.632316699996591e+01	9.693031320000000e-04
4.636885249998886e+01	9.704555270000000e-04
4.641515390004497e+01	9.693031320000000e-04
4.646240079996642e+01	9.696874190000000e-04
4.651002379995771e+01	9.671903100000000e-04
4.654093050002120e+01	9.675745970000000e-04
4.657186200004071e+01	9.656538600000001e-04
4.661873440002091e+01	9.598915930000000e-04
4.666551439999603e+01	9.487511120000001e-04
4.671320370002650e+01	9.289674340000001e-04
4.677500080002937e+01	9.086075010000000e-04
4.682270610006526e+01	8.874791670000000e-04
4.685335970006417e+01	8.669271480000000e-04
4.688399310002569e+01	8.442623660000000e-04
4.691512819996569e+01	8.116095560000000e-04
4.696164150000550e+01	7.977801720000000e-04
4.701098779996391e+01	7.730023940000000e-04
4.707173049997073e+01	7.365082270000000e-04
4.711814679997042e+01	7.171086620000000e-04
4.714849000005051e+01	6.979010650000000e-04
4.717974599997979e+01	6.687056740000000e-04
4.721467130002566e+01	6.320193060000000e-04
4.727356800006237e+01	6.018634890000000e-04
4.732148799998686e+01	5.442462280000000e-04
4.742943250003736e+01	5.277621680000000e-04
4.746028670005035e+01	5.132355150000000e-04
4.750733189994935e+01	4.916469920000000e-04
4.753936399996746e+01	4.759881990000000e-04
4.756974000006448e+01	4.522505040000000e-04
4.761731140001211e+01	4.270159700000000e-04
4.766346619999968e+01	4.044872180000000e-04
4.771480680000968e+01	3.781012780000000e-04
4.777336550003383e+01	3.537494920000000e-04
4.781964800006244e+01	3.373998330000000e-04
4.785025849996600e+01	3.241397210000000e-04
4.788216799998190e+01	3.097665900000000e-04
4.791399639996234e+01	2.880053940000000e-04
4.797627220000140e+01	2.705811350000000e-04
4.802247710002121e+01	2.531952050000000e-04
4.806937409995589e+01	2.375171750000000e-04
4.811742280004546e+01	2.274041620000000e-04
4.814738400001079e+01	2.181355080000000e-04
4.817820029996801e+01	2.064297590000000e-04
4.821318279998377e+01	1.912698500000000e-04
4.827062189998105e+01	1.781056930000000e-04
4.831747320003342e+01	1.653061480000000e-04
4.836436809995212e+01	1.527752170000000e-04
4.841086790000554e+01	1.451760910000000e-04
4.844172999996226e+01	1.365790670000000e-04
4.847270539996680e+01	1.253914520000000e-04
4.851872619998176e+01	1.135897470000000e-04
4.856509499996901e+01	1.048200360000000e-04
4.861225939996075e+01	1.005023510000000e-04
4.867548810003791e+01	9.050447260000000e-05
4.872524349996820e+01	8.515053919999999e-05
4.875375949998852e+01	8.194585830000000e-05
4.878528029995505e+01	7.824222850000000e-05
4.881690650002565e+01	7.227421160000001e-05
4.886298610002268e+01	6.669000140000000e-05
4.890912510000635e+01	6.400343410000000e-05
4.894059719995130e+01	6.041495730000000e-05
4.897110429999884e+01	5.636591230000000e-05
4.901763749995735e+01	5.438936200000000e-05
4.904817460000049e+01	5.273905840000000e-05
4.907901210000273e+01	5.034033170000000e-05
4.911033749999478e+01	4.024782540000000e-05
4.921909579995554e+01	3.650921640000000e-05
4.925069659994915e+01	3.343149730000000e-05
4.928184970002621e+01	3.068613660000000e-05
4.931284899997991e+01	2.703013710000000e-05
4.937619049998466e+01	2.444615530000000e-05
4.940617990004830e+01	2.234246860000000e-05
4.943666350003332e+01	2.022341320000000e-05
4.946728219999932e+01	1.703234010000000e-05
4.951310610002838e+01	1.397959390000000e-05
4.957488039997406e+01	1.156851700000000e-05
4.962188330001663e+01	9.839459379999999e-06
4.966884779999964e+01	8.978773620000000e-06
4.970108310005162e+01	8.283307580000000e-06
4.973303959995974e+01	7.566709430000000e-06
4.976541710004676e+01	6.809766550000000e-06
4.981098149996251e+01	6.419767490000000e-06
4.987231070001144e+01	5.292037260000000e-06
4.991874310001731e+01	4.508197430000000e-06
4.996499959996436e+01	4.106672350000000e-06
4.999704130005557e+01	3.649431620000000e-06
5.002624200005084e+01	2.297645780000000e-06
5.016576859995257e+01	2.053186560000000e-06
5.019744699995499e+01	1.893488270000000e-06
5.022891760000493e+01	1.762493410000000e-06
5.026051180006471e+01	1.684281760000000e-06
5.030632540001534e+01	1.592392780000000e-06
5.033730120002292e+01	1.543269600000000e-06
5.036866350006312e+01	1.501274140000000e-06
5.040020489995368e+01	1.468718100000000e-06
5.043301030003931e+01	1.440785350000000e-06
5.046325190004427e+01	1.390699030000000e-06
5.051027850003447e+01	1.359684230000000e-06
5.057191930001136e+01	1.295342490000000e-06
5.061872979998589e+01	1.277619620000000e-06
5.066529979999177e+01	1.273189010000000e-06
5.069718300004024e+01	1.273574300000000e-06
5.072819579998031e+01	1.273381600000000e-06
5.077417390001938e+01	1.305359770000000e-06
5.082128110004123e+01	1.701426750000000e-06
5.086637900001369e+01	3.658451760000000e-06
5.091387259995099e+01	8.402199460000000e-06
5.096075800003018e+01	3.004638350000000e-05
5.107032110006548e+01	3.912201650000000e-05
5.110194940003566e+01	4.922163860000000e-05
5.113334589998703e+01	6.127701640000000e-05
5.116487730003428e+01	7.795473359999999e-05
5.121433370001614e+01	1.240673740000000e-04
5.133633790002204e+01	1.356387800000000e-04
5.136729500000365e+01	1.490140420000000e-04
5.139783829997759e+01	1.624852450000000e-04
5.142943190003280e+01	1.789692470000000e-04
5.146079589996953e+01	1.896195460000000e-04
5.150771230005194e+01	2.071781780000000e-04
5.153846479998901e+01	2.180011800000000e-04
5.157401840004604e+01	2.374788020000000e-04
5.161726960004307e+01	2.646514620000000e-04
5.166406930005178e+01	2.786599800000000e-04
5.169571550004184e+01	2.954126680000000e-04
5.172568310005590e+01	3.125107320000000e-04
5.177278740005568e+01	3.258475920000000e-04
5.181876100006048e+01	3.396450190000000e-04
5.186511520005297e+01	3.513699630000000e-04
5.191171350004151e+01	3.573379650000000e-04
5.197319829999469e+01	3.702143150000000e-04
5.200481810001656e+01	3.751652840000000e-04
5.203629800002091e+01	3.797324030000000e-04
5.206634380004834e+01	3.883870090000000e-04
5.211264149995986e+01	3.935298300000000e-04
5.217494339996483e+01	4.082483940000000e-04
5.222425600001588e+01	4.231779890000000e-04
5.226869509997778e+01	4.339818550000000e-04
5.229992540006060e+01	4.439413020000000e-04
5.233433690003585e+01	4.552440950000000e-04
5.237566809996497e+01	4.660095440000000e-04
5.242057870002463e+01	4.750094960000000e-04
5.246755000005942e+01	4.852760470000000e-04
5.251365580002312e+01	4.941609800000000e-04
5.257648869999684e+01	5.031417820000000e-04
5.260746109997854e+01	5.112973160000000e-04
5.263874520000536e+01	5.192227550000000e-04
5.266995350003708e+01	5.320414780000000e-04
5.271692829998210e+01	5.473549240000000e-04
5.276513309997972e+01	5.613059040000000e-04
5.281169740005862e+01	5.687706870000000e-04
5.285897369997110e+01	5.829518780000000e-04
5.288963450002484e+01	5.918943210000001e-04
5.292255889996886e+01	6.057877330000000e-04
5.296858550002798e+01	6.192781150000000e-04
5.301495109999087e+01	6.333825880000000e-04
5.306221420003567e+01	6.409049380000000e-04
5.310884540004190e+01	6.549902030000000e-04
5.314005859999452e+01	6.635296160000000e-04
5.317054910003208e+01	6.702460810000000e-04
5.320129500003532e+01	6.748132290000000e-04
5.323383949999698e+01	6.785935840000000e-04
5.326528299995698e+01	6.855019600000000e-04
5.330998180003371e+01	6.893974499999999e-04
5.337224010005593e+01	7.018324100000000e-04
5.341833130002487e+01	7.097577330000000e-04
5.346533669997007e+01	7.138643410000000e-04
5.349596740002744e+01	7.197940140000000e-04
5.352730209997389e+01	7.278344710000000e-04
5.357497419998981e+01	7.342438910000000e-04
5.362256679998245e+01	7.395594730000000e-04
5.366833340004086e+01	7.429561230000000e-04
5.371540370001458e+01	7.483291560000000e-04
5.383842499996535e+01	7.597663210000000e-04
5.386736140004359e+01	7.647363820000000e-04
5.391391969996039e+01	7.737364500000000e-04
5.397633770003449e+01	7.837342560000000e-04
5.402303150005173e+01	7.949603020000000e-04
5.407061199995223e+01	8.030775350000001e-04
5.410200119996443e+01	8.097364330000000e-04
5.413371560000814e+01	8.167983030000000e-04
5.416586349997669e+01	8.257023290000000e-04
5.421749760000966e+01	8.333973820000000e-04
5.425973249995150e+01	8.370050350000000e-04
5.429007380001713e+01	8.399218790000000e-04
5.432054089999292e+01	8.423589170000000e-04
5.436514650005847e+01	8.433376210000000e-04
5.439652910002042e+01	8.442971160000000e-04
5.442633000004571e+01	8.456020730000000e-04
5.447221699997317e+01	8.483269479999999e-04
5.451871910004411e+01	8.717290480000000e-04
5.464257170003839e+01	8.648143850000000e-04
5.467392219998874e+01	8.640460440000000e-04
5.470412180002313e+01	8.640460440000000e-04
5.473526190000121e+01	8.638540170000000e-04
5.476779620000161e+01	8.634697300000000e-04
5.481462169997394e+01	8.696162840000000e-04
5.486028919997625e+01	8.746102100000000e-04
5.490729450003710e+01	8.876711950000000e-04
5.493824809999205e+01	8.951621710000000e-04
5.496973360003904e+01	9.047659700000000e-04
5.501489310001489e+01	9.112965780000000e-04
5.506166630005464e+01	9.145617950000000e-04
5.510847750003450e+01	9.185953530000000e-04
5.514033429999836e+01	9.220527720000000e-04
5.517233390000183e+01	9.243576210000000e-04
5.521932200004812e+01	9.264703840000000e-04
5.525493559997994e+01	9.293515470000000e-04
5.528223430004437e+01	9.310802560000000e-04
5.531365200004075e+01	9.343454150000000e-04
5.537621120002586e+01	9.378028920000000e-04
5.542334570002276e+01	9.393393410000000e-04
5.547089380002581e+01	9.404919690000000e-04
5.551757599995472e+01	9.414523960000000e-04
5.554845070000738e+01	9.420284770000000e-04
5.557904890005011e+01	9.429888449999999e-04
5.561023230000865e+01	9.431808720000000e-04
5.567300489998888e+01	9.447175540000000e-04
5.572042390005663e+01	9.445255270000000e-04
5.576629820000380e+01	9.447175540000000e-04
5.581411799998023e+01	9.451016090000000e-04
5.584538309997879e+01	9.458699500000000e-04
5.587954390002415e+01	9.458699500000000e-04
5.592659319995437e+01	9.470224030000000e-04
5.596918679994997e+01	9.477907440000000e-04
5.601629030006006e+01	9.491353990000000e-04
5.606357650004793e+01	9.491353990000000e-04
5.611105039995164e+01	9.481750310000000e-04
5.614189039997291e+01	9.497114810000000e-04
5.617355479998514e+01	9.499035080000000e-04
5.622074639995117e+01	9.499035080000000e-04
5.626951210002881e+01	9.516322170000000e-04
5.631391829997301e+01	9.550896940000000e-04
5.637529630004428e+01	9.573945430000000e-04
5.642177280003671e+01	9.598915930000000e-04
5.645308939996175e+01	9.608519610000000e-04
5.648485650005750e+01	9.629647250000000e-04
5.651630460005254e+01	9.639251510000000e-04
5.656304509995971e+01	9.650775460000000e-04
5.662515370000619e+01	9.662299420000000e-04
5.667273710004520e+01	9.669982830000000e-04
5.672052500001155e+01	9.666142290000000e-04
5.675463250000030e+01	9.683427050000000e-04
5.678320549998898e+01	9.679586510000000e-04
5.681405499996617e+01	9.685349650000000e-04
5.685980400000699e+01	9.691111039999999e-04
5.692156839999370e+01	9.694951590000000e-04
5.696847219998017e+01	9.696874190000000e-04
5.701648700004444e+01	9.700714730000000e-04
5.704725900001358e+01	9.698794460000000e-04
5.707903320004698e+01	9.696874190000000e-04
5.711002190003637e+01	9.693031320000000e-04
5.714063549996354e+01	9.689190770000000e-04
5.717248529999051e+01	9.693031320000000e-04
5.721933019999415e+01	9.708398140000000e-04
5.726779439998791e+01	9.704555270000000e-04
5.731291960005183e+01	9.712238680000000e-04
5.734418320003897e+01	9.696874190000000e-04
5.737504139996599e+01	9.708398140000000e-04
5.742110589996446e+01	9.708398140000000e-04
5.746736490004696e+01	9.693031320000000e-04
5.751446400000714e+01	9.698794460000000e-04
5.756208830000833e+01	9.702635000000000e-04
5.761002080002800e+01	9.696874190000000e-04
5.763995199999772e+01	9.706477870000000e-04
5.767095080006402e+01	9.708398140000000e-04
5.771736210002564e+01	9.708398140000000e-04
5.778124839998782e+01	9.710318410000000e-04
5.781316120002884e+01	9.681506780000000e-04
5.785877469996922e+01	9.643092050000000e-04
5.788945779995993e+01	9.543213530000001e-04
5.792041380004957e+01	9.406840550000000e-04
5.795114869996905e+01	9.178269540000000e-04
5.798206780001055e+01	8.903603300000000e-04
5.801301730005071e+01	8.609728540000001e-04
5.805913559999317e+01	8.500246330000000e-04
5.809049690002576e+01	8.350426800000000e-04
5.812142850004602e+01	8.108411570000000e-04
5.816882420005277e+01	7.833744750000000e-04
5.821518509997986e+01	7.653195640000000e-04
5.824785220006015e+01	7.439992040000000e-04
5.827817299996968e+01	7.182610570000000e-04
5.832526529999450e+01	6.871448710000000e-04
5.837127889995463e+01	6.629434060000000e-04
5.841727970005013e+01	6.389342020000000e-04
5.846433570003137e+01	6.166534729999999e-04
5.851023070001975e+01	5.670820250000000e-04
5.861918240005616e+01	5.525744640000000e-04
5.865117490000557e+01	5.379326760000000e-04
5.868313120002858e+01	5.225617210000000e-04
5.871511079999618e+01	4.963293900000000e-04
5.876209760003258e+01	4.824359490000000e-04
5.879308570001740e+01	4.678709370000000e-04
5.882506679999642e+01	4.513102180000000e-04
5.887204180005938e+01	4.341161690000000e-04
5.891899360006209e+01	4.174978530000000e-04
5.896698589995503e+01	4.044488310000000e-04
5.901294889999554e+01	3.880415750000000e-04
5.906007680005860e+01	3.799434930000000e-04
5.908993210003246e+01	3.709819280000000e-04
5.912043660006020e+01	3.581247580000000e-04
5.916758210002445e+01	3.463806350000000e-04
5.921450780006126e+01	3.302228580000000e-04
5.926302479999140e+01	3.137004970000000e-04
5.932311230001505e+01	2.961994320000000e-04
5.936932840000372e+01	2.861056130000000e-04
5.940109489997849e+01	2.770672440000000e-04
5.943223669996951e+01	2.672996490000000e-04
5.946324309997726e+01	2.525043670000000e-04
5.950971370004117e+01	2.450395550000000e-04
5.954088350001257e+01	2.360203650000000e-04
5.957186120003462e+01	2.242378540000000e-04
5.961766670003999e+01	2.128583440000000e-04
5.966423240001313e+01	2.067751780000000e-04
5.969473980006296e+01	2.002506660000000e-04
5.972632150002755e+01	1.906749820000000e-04
5.977426239999477e+01	1.778178410000000e-04
5.982132200000342e+01	1.603360000000000e-04
5.986725310003385e+01	1.463082880000000e-04
5.991436339996289e+01	1.345833440000000e-04
5.996171820000745e+01	1.295940160000000e-04
5.999348800000735e+01	1.237987160000000e-04
6.002472310001031e+01	1.161995610000000e-04
