# [General]
# timestamp=2025-04-17T14:50:23.499179
# comments='# '
# delimiter='\t'
# column_dtypes=float;;float
# column_headers='Time (s);;Power (W)'
# 
# [Metadata]
# scanner_x=-4.659387383855679
# scanner_y=3.7010040768
# start recoding time='17.04.2025, 14:49:23.353608'
# sample rate (hz)=50.0
# sample timing='TIMESTAMP'
# 
# ---- END HEADER ----
2.872899989597499e-03	5.534298570000000e-07
3.865769994445145e-02	6.157312100000000e-07
8.663989999331534e-02	6.872069780000000e-07
1.330814999528229e-01	7.554582449999999e-07
1.795973000116646e-01	7.901981010000000e-07
2.106639000121504e-01	8.299857650000000e-07
2.416015999624506e-01	1.042984760000000e-06
3.654331000288948e-01	1.133140130000000e-06
3.969612999353558e-01	1.218864550000000e-06
4.283653999445960e-01	1.317688660000000e-06
4.612606000155210e-01	1.440207370000000e-06
4.909490999998525e-01	1.600868700000000e-06
5.372684999601915e-01	1.796205310000000e-06
5.832218999275938e-01	2.037775180000000e-06
6.305562999332324e-01	2.184759300000000e-06
6.779568999772891e-01	2.484121300000000e-06
7.118728000205010e-01	2.706812440000000e-06
7.405839000130072e-01	2.994037910000000e-06
7.875758999725804e-01	3.364868920000000e-06
8.356468999991193e-01	3.695246050000000e-06
8.821817999705672e-01	4.090927180000000e-06
9.294299000175670e-01	4.330763200000000e-06
9.774584999540821e-01	4.741856170000000e-06
1.010674300021492e+00	5.007891100000000e-06
1.039659400004894e+00	5.393363150000000e-06
1.085932399961166e+00	5.876117940000000e-06
1.131546700024046e+00	6.338838380000000e-06
1.178424999932759e+00	6.579444740000000e-06
1.240768300020136e+00	7.316676150000000e-06
1.286894000018947e+00	7.666701999999999e-06
1.317594700027257e+00	8.012104440000001e-06
1.348833499941975e+00	8.387559320000000e-06
1.380561499972828e+00	1.001620880000000e-05
1.489604800008237e+00	1.030438490000000e-05
1.521399699966423e+00	1.073472870000000e-05
1.552364900009707e+00	1.110359430000000e-05
1.583415600005537e+00	1.149551280000000e-05
1.614675999968313e+00	1.189703830000000e-05
1.646037800004706e+00	1.239846550000000e-05
1.692282099975273e+00	1.299210910000000e-05
1.739626399939880e+00	1.370486550000000e-05
1.786753899999894e+00	1.451175830000000e-05
1.832535599940456e+00	1.532057100000000e-05
1.879613499972038e+00	1.587002770000000e-05
1.911280600004829e+00	1.653283470000000e-05
1.942278199945576e+00	1.736854570000000e-05
1.989722499973141e+00	1.819849420000000e-05
2.035721699940041e+00	1.881134630000000e-05
2.083740599919111e+00	1.958173930000000e-05
2.129501599934883e+00	1.998711010000000e-05
2.176647400017828e+00	2.081321510000000e-05
2.208407199941576e+00	2.142606720000000e-05
2.238932500011288e+00	2.222719920000000e-05
2.285323399933986e+00	2.317818140000000e-05
2.332495799986646e+00	2.429822420000000e-05
2.378286699997261e+00	2.497063720000000e-05
2.440704899956472e+00	2.715501430000000e-05
2.488138600019738e+00	2.818092250000000e-05
2.519000699976459e+00	2.896475960000000e-05
2.550621000002138e+00	2.975052300000000e-05
2.580559700028971e+00	3.030574230000000e-05
2.641172799980268e+00	3.154489970000000e-05
2.687678599962965e+00	3.239021680000000e-05
2.732645499985665e+00	3.298962470000000e-05
2.779499899945222e+00	3.323745480000000e-05
2.811552200000733e+00	3.352947530000000e-05
2.842261099955067e+00	3.391370770000000e-05
2.889616600004956e+00	3.433060190000000e-05
2.936883599963039e+00	3.484163610000000e-05
2.983626800007187e+00	3.576380190000000e-05
3.030730900005437e+00	3.624409870000000e-05
3.078123699990101e+00	3.709133670000000e-05
3.109090699930675e+00	3.748133170000000e-05
3.140604999964125e+00	3.800197010000000e-05
3.187577900011092e+00	3.856679900000000e-05
3.234302500030026e+00	3.918925720000000e-05
3.281870999955572e+00	4.020940100000000e-05
3.328186200000346e+00	4.072619780000000e-05
3.375087999971583e+00	4.165028080000000e-05
3.406411999952979e+00	4.212865680000000e-05
3.436680199927650e+00	4.276264370000000e-05
3.483842700021341e+00	4.348884980000000e-05
3.530588099965826e+00	4.386731960000000e-05
3.577529200003482e+00	4.450131020000000e-05
3.609358499990776e+00	4.500657810000000e-05
3.640704800025560e+00	4.567322320000000e-05
3.687338299932890e+00	4.609780440000000e-05
3.717885099933483e+00	4.650316990000000e-05
3.748123899917118e+00	4.707952760000000e-05
3.778602399979718e+00	4.752139280000000e-05
3.840843399986625e+00	4.868178440000000e-05
3.887040299945511e+00	4.927351260000000e-05
3.933781199972145e+00	4.960010850000000e-05
3.980579599970952e+00	4.970000740000000e-05
4.010976299992763e+00	4.993631590000000e-05
4.041903599980287e+00	5.059143950000000e-05
4.089848899981007e+00	5.195739500000000e-05
4.135976599995047e+00	5.349625280000000e-05
4.183159600012004e+00	5.472964770000000e-05
4.230568400002085e+00	5.504664300000000e-05
4.277573599945754e+00	5.551733190000000e-05
4.308272099937312e+00	5.573442100000000e-05
4.339051299961284e+00	5.610520750000000e-05
4.386073000030592e+00	5.618974320000000e-05
4.432248399942182e+00	5.622047680000000e-05
4.479095899965614e+00	5.620511000000000e-05
4.540601099957712e+00	5.707924720000000e-05
4.585961199947633e+00	5.752111610000000e-05
4.617573300027288e+00	5.784964010000000e-05
4.647898999974132e+00	5.814741600000000e-05
4.679090999998152e+00	5.826845520000000e-05
4.726953699951991e+00	5.844135740000000e-05
4.756951499963179e+00	5.850859820000000e-05
4.788990999921225e+00	5.862579200000000e-05
4.835823499946855e+00	5.867574150000000e-05
4.882195999962278e+00	5.870071250000000e-05
4.914887099992484e+00	5.875642820000000e-05
4.944979100022465e+00	5.883327690000000e-05
4.990693899919279e+00	5.894662540000000e-05
5.038715499918908e+00	5.913298080000000e-05
5.085728899925016e+00	5.927514580000000e-05
5.131907299975865e+00	5.945958040000000e-05
5.178401899989694e+00	5.954987860000000e-05
5.209627499920316e+00	5.968243930000000e-05
5.240264800027944e+00	5.980539570000000e-05
5.287513999966905e+00	6.009741260000000e-05
5.333596899989061e+00	6.045666670000000e-05
5.379596899962053e+00	6.067760840000000e-05
5.443694900022820e+00	6.160361230000000e-05
5.487996099982411e+00	6.227794799999999e-05
5.519072799943388e+00	6.289848529999999e-05
5.549408399965614e+00	6.351518100000000e-05
5.581137300003320e+00	6.431630750000000e-05
5.643628999940120e+00	6.510783710000001e-05
5.692827699938789e+00	6.591472629999999e-05
5.737554499995895e+00	6.659675270000000e-05
5.783932799939066e+00	6.696561470000000e-05
5.814584299921989e+00	6.735752690000000e-05
5.846218499937095e+00	6.786087760000000e-05
5.890931400004774e+00	6.868698980000000e-05
5.938144900021143e+00	6.959570600000000e-05
5.984821200021543e+00	7.043717780000000e-05
6.031590999918990e+00	7.104619730000000e-05
6.079164900002070e+00	7.144580010000000e-05
6.111097799963318e+00	7.209707110000000e-05
6.142644400009885e+00	7.299234130000000e-05
6.189608599990606e+00	7.426992670000000e-05
6.236012900015339e+00	7.559553340000000e-05
6.286208299919963e+00	7.711710349999999e-05
6.329609300009906e+00	7.791631650000000e-05
6.376422500004992e+00	7.947246919999999e-05
6.408029599930160e+00	8.075388909999999e-05
6.439418399939314e+00	8.258861640000000e-05
6.485314299934544e+00	8.475762300000001e-05
6.531495500006713e+00	9.127206430000001e-05
6.641883799922653e+00	9.177099860000000e-05
6.674207799951546e+00	9.303752450000000e-05
6.704076100024395e+00	9.441917789999999e-05
6.735568500007503e+00	9.576246520000000e-05
6.767056899960153e+00	9.704818509999999e-05
6.798599199973978e+00	9.862176380000000e-05
6.829602899961174e+00	9.967717050000000e-05
6.876981799956411e+00	1.017304820000000e-04
6.908090399927460e+00	1.031313300000000e-04
6.939879299956374e+00	1.048775960000000e-04
6.985963499988429e+00	1.070268700000000e-04
7.032604999956675e+00	1.078903880000000e-04
7.063938700011931e+00	1.090993460000000e-04
7.094813699950464e+00	1.104810000000000e-04
7.141191200003959e+00	1.121889000000000e-04
7.188005900010467e+00	1.133402980000000e-04
7.236001099925488e+00	1.144341000000000e-04
7.284025399945676e+00	1.157198200000000e-04
7.331769299926236e+00	1.163530830000000e-04
7.364668999915011e+00	1.171782420000000e-04
7.394016299978830e+00	1.178690650000000e-04
7.441492900019512e+00	1.190396290000000e-04
7.487666699918918e+00	1.199799440000000e-04
7.535188999958336e+00	1.209202530000000e-04
7.581497299950570e+00	1.217454050000000e-04
7.643849199987017e+00	1.223211000000000e-04
7.674968499923125e+00	1.227048780000000e-04
7.705336199956946e+00	1.230886850000000e-04
7.736406699987128e+00	1.239330450000000e-04
7.785275299916975e+00	1.252571240000000e-04
7.829527699970640e+00	1.259287530000000e-04
7.876645699958317e+00	1.271569200000000e-04
7.907519700005651e+00	1.279628780000000e-04
7.938209499930963e+00	1.285961330000000e-04
7.969593000016175e+00	1.290375080000000e-04
8.000856900005601e+00	1.296707780000000e-04
8.030555299948901e+00	1.300353760000000e-04
8.077996199950576e+00	1.308605280000000e-04
8.108503499999642e+00	1.312635140000000e-04
8.139574799919501e+00	1.319735310000000e-04
8.186551599996164e+00	1.326835630000000e-04
8.232711200020276e+00	1.331632960000000e-04
8.263742899987847e+00	1.334703410000000e-04
8.294923199922778e+00	1.340460150000000e-04
8.341439899988472e+00	1.346217180000000e-04
8.388202799949795e+00	1.352741820000000e-04
8.435862499987707e+00	1.357155420000000e-04
8.482938700006343e+00	1.364447380000000e-04
8.528426499920897e+00	1.367325890000000e-04
8.558841699967161e+00	1.369628740000000e-04
8.590118999942206e+00	1.377880250000000e-04
8.637059499975294e+00	1.387859080000000e-04
8.684175799950026e+00	1.397453740000000e-04
8.730586200021207e+00	1.404362120000000e-04
8.778175099985674e+00	1.419522160000000e-04
8.808566599967889e+00	1.429884580000000e-04
8.839511799975298e+00	1.440055060000000e-04
8.870624899980612e+00	1.449841800000000e-04
8.901633900008164e+00	1.459244810000000e-04
8.932542299968190e+00	1.472485750000000e-04
8.979633799986914e+00	1.479778000000000e-04
9.043370899977162e+00	1.498200140000000e-04
9.088893399923109e+00	1.510865110000000e-04
9.136712400009856e+00	1.518541390000000e-04
9.168204699992202e+00	1.526792910000000e-04
9.199258400010876e+00	1.534468760000000e-04
9.230590499937534e+00	1.539841760000000e-04
9.276929899933748e+00	1.549052830000000e-04
9.307423999998719e+00	1.552891040000000e-04
9.338316699955612e+00	1.564404670000000e-04
9.384748199954629e+00	1.577069920000000e-04
9.431987699936144e+00	1.583402480000000e-04
9.463150699972175e+00	1.592038020000000e-04
9.493625100003555e+00	1.604703280000000e-04
9.541639599949121e+00	1.619671090000000e-04
9.587526399991475e+00	1.634831130000000e-04
9.635637399973348e+00	1.648839680000000e-04
9.681502299965359e+00	1.661696590000000e-04
9.728780500008725e+00	1.667837500000000e-04
9.760212599998340e+00	1.673978260000000e-04
9.791352199972607e+00	1.684724560000000e-04
9.837587299989536e+00	1.697389530000000e-04
9.885558099951595e+00	1.715044200000000e-04
9.931993399979547e+00	1.734233960000000e-04
9.979570399969816e+00	1.746323690000000e-04
1.004154529992957e+01	1.768391670000000e-04
1.007426030002534e+01	1.779905720000000e-04
1.010556609998457e+01	1.787389630000000e-04
1.013673499994911e+01	1.798135930000000e-04
1.018261759995949e+01	1.810225510000000e-04
1.023054749995936e+01	1.815406580000000e-04
1.029297760000918e+01	1.831142290000000e-04
1.033960229996592e+01	1.836899320000000e-04
1.037065609998535e+01	1.842464260000000e-04
1.040105400001630e+01	1.848221000000000e-04
1.043299479992129e+01	1.856664460000000e-04
1.047903749998659e+01	1.863189100000000e-04
1.052554719999898e+01	1.874894810000000e-04
1.055656159995124e+01	1.883146620000000e-04
1.058798469998874e+01	1.899073980000000e-04
1.063561120000668e+01	1.908285050000000e-04
1.066618409997318e+01	1.914617750000000e-04
1.069707029999699e+01	1.921334040000000e-04
1.072822069993708e+01	1.926898990000000e-04
1.075922919996083e+01	1.933807360000000e-04
1.079025029996410e+01	1.948199790000000e-04
1.083700489997864e+01	1.960289370000000e-04
1.088477020000573e+01	1.971227470000000e-04
1.093143589992542e+01	1.977368080000000e-04
1.096240780001972e+01	1.983125110000000e-04
1.099345569999423e+01	1.990992900000000e-04
1.104046259995084e+01	1.998860830000000e-04
1.108880679996219e+01	2.008647570000000e-04
1.113505479996093e+01	2.018242380000000e-04
1.118190490000416e+01	2.031291220000000e-04
1.124355939996894e+01	2.041845580000000e-04
1.127384699997492e+01	2.048753960000000e-04
1.130515599995852e+01	2.057965030000000e-04
1.133616589999292e+01	2.071781780000000e-04
1.138225549994968e+01	2.088092880000000e-04
1.142960209993180e+01	2.096344690000000e-04
1.147609210002702e+01	2.111888170000000e-04
1.150736739998683e+01	2.123018490000000e-04
1.153827469993848e+01	2.131653750000000e-04
1.157029309996869e+01	2.142783630000000e-04
1.160088489996269e+01	2.154297690000000e-04
1.163172209996264e+01	2.172144300000000e-04
1.167792079993524e+01	2.180011800000000e-04
1.172544319997542e+01	2.195171980000000e-04
1.175668979994953e+01	2.203999030000000e-04
1.178745820000768e+01	2.218583250000000e-04
1.183349859993905e+01	2.226067450000000e-04
1.186481629998889e+01	2.236045840000000e-04
1.189544959994964e+01	2.245449000000000e-04
1.192675999994390e+01	2.252549170000000e-04
1.195809029997326e+01	2.261376360000000e-04
1.198962909996044e+01	2.273274000000000e-04
1.203603089996614e+01	2.282485220000000e-04
1.208451429998968e+01	2.292271970000000e-04
1.213053750002291e+01	2.298028850000000e-04
1.216171719995327e+01	2.302250650000000e-04
1.219290749996435e+01	2.309926490000000e-04
1.223979889997281e+01	2.315107850000000e-04
1.228594949992839e+01	2.321632200000000e-04
1.233305959997233e+01	2.325278330000000e-04
1.237959479994606e+01	2.327197140000000e-04
1.244187320000492e+01	2.331802970000000e-04
1.247242300002836e+01	2.334105810000000e-04
1.250349859998096e+01	2.337559850000000e-04
1.253570969996508e+01	2.341973300000000e-04
1.258269459998701e+01	2.347922270000000e-04
1.264406249998137e+01	2.348881830000000e-04
1.269057410000823e+01	2.350992730000000e-04
1.273742579994723e+01	2.350992730000000e-04
1.276810310001019e+01	2.350992730000000e-04
1.279932220000774e+01	2.351952130000000e-04
1.283062739996240e+01	2.350992730000000e-04
1.287738710001577e+01	2.351760050000000e-04
1.290889720001724e+01	2.351760050000000e-04
1.293857579992618e+01	2.350992730000000e-04
1.298381320002954e+01	2.351376460000000e-04
1.303058279992547e+01	2.351376460000000e-04
1.306103189999703e+01	2.351376460000000e-04
1.309296849998645e+01	2.350033170000000e-04
1.313854509999510e+01	2.350608850000000e-04
1.318511670001317e+01	2.354638560000000e-04
1.323153879994061e+01	2.363082020000000e-04
1.329265900002792e+01	2.373828470000000e-04
1.333935139991809e+01	2.380928640000000e-04
1.337065689999145e+01	2.387453280000000e-04
1.340120790002402e+01	2.393977630000000e-04
1.343333509995136e+01	2.402229150000000e-04
1.347892219992355e+01	2.407794380000000e-04
1.352629479998723e+01	2.414894410000000e-04
1.355722259997856e+01	2.420459350000000e-04
1.358922690001782e+01	2.431397730000000e-04
1.363503060000949e+01	2.436195060000000e-04
1.366602929995861e+01	2.441184480000000e-04
1.369565359991975e+01	2.447325100000000e-04
1.372712880000472e+01	2.452314370000000e-04
1.375782790000085e+01	2.457303930000000e-04
1.378880179999396e+01	2.464404100000000e-04
1.383467269991525e+01	2.472655610000000e-04
1.388133300002664e+01	2.480331460000000e-04
1.392904269997962e+01	2.483977590000000e-04
1.395894059992861e+01	2.489158940000000e-04
1.398958349996246e+01	2.497026580000000e-04
1.403616329992656e+01	2.505086300000000e-04
1.408529269997962e+01	2.512186770000000e-04
1.413153170002624e+01	2.517751710000000e-04
1.417828619992360e+01	2.520054110000000e-04
1.423984059994109e+01	2.525043670000000e-04
1.427093489991967e+01	2.527346370000000e-04
1.430165999999736e+01	2.529457270000000e-04
1.433323739992920e+01	2.535597890000000e-04
1.438058619992808e+01	2.538476550000000e-04
1.444308849994559e+01	2.543849700000000e-04
1.448914640001021e+01	2.545960600000000e-04
1.453589329996612e+01	2.548647170000000e-04
1.456868169992231e+01	2.549414640000000e-04
1.459806739992928e+01	2.550949870000000e-04
1.464358589996118e+01	2.552676890000000e-04
1.469059789995663e+01	2.555747340000000e-04
1.473723899992183e+01	2.556706600000000e-04
1.478465289995074e+01	2.556898690000000e-04
1.483291959995404e+01	2.558050040000000e-04
1.486258529999759e+01	2.558241830000000e-04
1.489383249997627e+01	2.557666160000000e-04
1.493983889999799e+01	2.559009590000000e-04
1.498775490000844e+01	2.557858240000000e-04
1.503405110002495e+01	2.557858240000000e-04
1.508184370002709e+01	2.558625710000000e-04
1.514365189999808e+01	2.559009590000000e-04
1.517486849997658e+01	2.558625710000000e-04
1.520576869999059e+01	2.558817500000000e-04
1.523732890002429e+01	2.559969140000000e-04
1.528436409996357e+01	2.559585260000000e-04
1.533058239996899e+01	2.558433920000000e-04
1.539171869994607e+01	2.559777060000000e-04
1.543843719991855e+01	2.559777060000000e-04
1.546985430002678e+01	2.558817500000000e-04
1.550106129993219e+01	2.560352730000000e-04
1.553189450001810e+01	2.558241830000000e-04
1.558003039995674e+01	2.558817500000000e-04
1.564165579993278e+01	2.559201680000000e-04
1.568749029992614e+01	2.556130930000000e-04
1.573364729993045e+01	2.556514810000000e-04
1.576541919994634e+01	2.553636440000000e-04
1.579652620002162e+01	2.553828240000000e-04
1.584358260000590e+01	2.552293300000000e-04
1.589062469999772e+01	2.549798520000000e-04
1.593636809999589e+01	2.547304030000000e-04
1.598261119995732e+01	2.544617160000000e-04
1.603111989994068e+01	2.543465820000000e-04
1.606219710002188e+01	2.541547000000000e-04
1.609280440001749e+01	2.540203570000000e-04
1.613959289994091e+01	2.536941320000000e-04
1.618595389998518e+01	2.534638620000000e-04
1.623355290002655e+01	2.531568170000000e-04
1.627950299996883e+01	2.530416820000000e-04
1.634121899993625e+01	2.524275910000000e-04
1.637324709992390e+01	2.522740980000000e-04
1.640375810000114e+01	2.519670520000000e-04
1.643453999992926e+01	2.515256930000000e-04
1.648211009998340e+01	2.510267370000000e-04
1.652831480000168e+01	2.505854060000000e-04
1.658960589999333e+01	2.494147920000000e-04
1.663548970001284e+01	2.489542530000000e-04
1.666574329999276e+01	2.483210120000000e-04
1.669715090002865e+01	2.476685330000000e-04
1.672807439998724e+01	2.472655610000000e-04
1.675925669993740e+01	2.467282470000000e-04
1.679011589998845e+01	2.457111840000000e-04
1.683723519998603e+01	2.448476730000000e-04
1.688346059992909e+01	2.442911500000000e-04
1.693034389999229e+01	2.439649250000000e-04
1.696283420000691e+01	2.437154760000000e-04
1.699207719997503e+01	2.434084310000000e-04
1.704005509999115e+01	2.428711160000000e-04
1.708715569996275e+01	2.422186660000000e-04
1.713343079993501e+01	2.412975450000000e-04
1.717958459991496e+01	2.409521400000000e-04
1.724329719995148e+01	2.397431670000000e-04
1.727396979997866e+01	2.391866730000000e-04
1.730535999999847e+01	2.385342380000000e-04
1.733615330001339e+01	2.375747280000000e-04
1.738161949999630e+01	2.366536210000000e-04
1.744369059999008e+01	2.360971270000000e-04
1.749037899996620e+01	2.351952130000000e-04
1.753752399992663e+01	2.346578990000000e-04
1.756941350002307e+01	2.341014040000000e-04
1.760136169998441e+01	2.334681340000000e-04
1.763155289995484e+01	2.323551310000000e-04
1.767826169996988e+01	2.316259200000000e-04
1.772500229999423e+01	2.303018260000000e-04
1.775623489997815e+01	2.293039580000000e-04
1.778695320000406e+01	2.276344460000000e-04
1.783386559993960e+01	2.266173830000000e-04
1.786500559991691e+01	2.253700510000000e-04
1.789561429992318e+01	2.240843610000000e-04
1.792654309992213e+01	2.230480900000000e-04
1.795784479996655e+01	2.216088760000000e-04
1.798964509996586e+01	2.196323180000000e-04
1.803722499997821e+01	2.174063120000000e-04
1.808500339998864e+01	2.147005430000000e-04
1.813245839998126e+01	2.131653750000000e-04
1.816330180002842e+01	2.113423400000000e-04
1.819370679999702e+01	2.088092880000000e-04
1.824105609999970e+01	2.053743230000000e-04
1.828738410002552e+01	2.019393580000000e-04
1.833777290000580e+01	1.985043930000000e-04
1.838080789998639e+01	1.950502630000000e-04
1.844246890000068e+01	1.930737200000000e-04
1.847359449998476e+01	1.913274460000000e-04
1.850448909995612e+01	1.894276650000000e-04
1.853572879999410e+01	1.865683880000000e-04
1.858255799999461e+01	1.837474990000000e-04
1.863062509999145e+01	1.823658090000000e-04
1.867756789992563e+01	1.801398030000000e-04
1.870964769995771e+01	1.785086790000000e-04
1.874014399992302e+01	1.770118830000000e-04
1.877161119994707e+01	1.755918350000000e-04
1.880359369993676e+01	1.742677560000000e-04
1.883544189995155e+01	1.723871680000000e-04
1.888163499999791e+01	1.709671200000000e-04
1.892964589991607e+01	1.701419530000000e-04
1.899180770001840e+01	1.682037840000000e-04
1.903979339997750e+01	1.673018560000000e-04
1.907068619993515e+01	1.669372580000000e-04
1.910083050001413e+01	1.669756460000000e-04
1.913212219998240e+01	1.667837500000000e-04
1.917955949995667e+01	1.668221230000000e-04
1.924234729993623e+01	1.696813850000000e-04
1.928957939997781e+01	1.731355590000000e-04
1.933625209995080e+01	1.753999530000000e-04
1.936693749995902e+01	1.774916310000000e-04
1.939828259998467e+01	1.799671150000000e-04
1.944576889998280e+01	1.829223470000000e-04
1.949161289993208e+01	1.861270280000000e-04
1.953792559995782e+01	1.895427850000000e-04
1.958481799997389e+01	1.933807360000000e-04
1.963140710000880e+01	1.953956820000000e-04
1.966252359992359e+01	1.981014210000000e-04
1.969347279996146e+01	2.010374450000000e-04
1.974009839992505e+01	2.047986490000000e-04
1.978674799995497e+01	2.085406450000000e-04
1.983336189994588e+01	2.120139980000000e-04
1.988035859994125e+01	2.138753920000000e-04
1.992814009997528e+01	2.170033400000000e-04
1.995828110002913e+01	2.189414950000000e-04
1.998964789998718e+01	2.215129060000000e-04
2.003708169993479e+01	2.245832580000000e-04
2.008529139996972e+01	2.274041620000000e-04
2.013183039997239e+01	2.300523480000000e-04
2.017806930001825e+01	2.312229340000000e-04
2.023993809998501e+01	2.342165240000000e-04
2.027059640001971e+01	2.357517080000000e-04
2.030065180000383e+01	2.374979670000000e-04
2.033166749996599e+01	2.407986180000000e-04
2.037834809999913e+01	2.421226960000000e-04
2.044069189997390e+01	2.453274210000000e-04
2.048756979999598e+01	2.470352920000000e-04
2.053505059995223e+01	2.478796230000000e-04
2.056588170002215e+01	2.488199390000000e-04
2.059778549999464e+01	2.497602250000000e-04
2.064308289997280e+01	2.508348550000000e-04
2.069033739995211e+01	2.515448720000000e-04
2.073814009991474e+01	2.523508740000000e-04
2.078485269995872e+01	2.530225030000000e-04
2.084673879994079e+01	2.532911310000000e-04
2.087843339995015e+01	2.536557440000000e-04
2.092632209998555e+01	2.540587450000000e-04
2.095746499998495e+01	2.542122670000000e-04
2.098834379995242e+01	2.545576720000000e-04
2.103373969998211e+01	2.549606430000000e-04
2.108172509993892e+01	2.550374190000000e-04
2.112839410000015e+01	2.551333750000000e-04
2.116279229999054e+01	2.551141660000000e-04
2.119065919995774e+01	2.550949870000000e-04
2.123769819992594e+01	2.550758070000000e-04
2.128417310002260e+01	2.548071500000000e-04
2.133140599995386e+01	2.546344190000000e-04
2.139170809998177e+01	2.543849700000000e-04
2.143775959999766e+01	2.541738800000000e-04
2.146908389998134e+01	2.537516990000000e-04
2.150107469991781e+01	2.534062950000000e-04
2.153242780000437e+01	2.525427550000000e-04
2.157863020000514e+01	2.521973510000000e-04
2.162672990001738e+01	2.514105580000000e-04
2.165760659996886e+01	2.507772880000000e-04
2.168866270000581e+01	2.500289120000000e-04
2.173536359996069e+01	2.494147920000000e-04
2.176567749993410e+01	2.491653430000000e-04
2.179698029998690e+01	2.485321020000000e-04
2.184356389997993e+01	2.476109660000000e-04
2.188960559992120e+01	2.467090670000000e-04
2.193562589993235e+01	2.459414830000000e-04
2.198127089999616e+01	2.450587640000000e-04
2.204246609995607e+01	2.444062850000000e-04
2.207412000000477e+01	2.436579090000000e-04
2.210567800002173e+01	2.429478770000000e-04
2.213746679993346e+01	2.419308150000000e-04
2.218280740000773e+01	2.408561700000000e-04
2.222958159993868e+01	2.404915870000000e-04
2.227639569994062e+01	2.397240020000000e-04
2.230757489998359e+01	2.391099110000000e-04
2.233860519994050e+01	2.385918050000000e-04
2.237025489995722e+01	2.380544760000000e-04
2.240179609996267e+01	2.373636530000000e-04
2.243269519996829e+01	2.364041720000000e-04
2.247946790000424e+01	2.356365730000000e-04
2.252657540002838e+01	2.342740920000000e-04
2.255763329996262e+01	2.334873420000000e-04
2.259039319993462e+01	2.327581170000000e-04
2.263635889999568e+01	2.322016080000000e-04
2.266698450001422e+01	2.317986360000000e-04
2.269805280002765e+01	2.312805010000000e-04
2.272958339995239e+01	2.308966940000000e-04
2.277614560001530e+01	2.300139750000000e-04
2.280872690002434e+01	2.292463910000000e-04
2.283947499992792e+01	2.276152520000000e-04
2.288629369996488e+01	2.255427680000000e-04
2.293247330002487e+01	2.239116290000000e-04
2.296375789993908e+01	2.223188930000000e-04
2.299355559994001e+01	2.200544990000000e-04
2.304220070003066e+01	2.173295510000000e-04
2.308737049996853e+01	2.142400040000000e-04
2.313414590002503e+01	2.111504580000000e-04
2.318059130001348e+01	2.096536480000000e-04
2.324369479995221e+01	2.071014170000000e-04
2.327485829999205e+01	2.062570710000000e-04
2.330619529995602e+01	2.054702930000000e-04
2.333696560002863e+01	2.043956480000000e-04
2.338306949997786e+01	2.024382990000000e-04
2.343063369998708e+01	2.005385180000000e-04
2.349327370000537e+01	1.982933030000000e-04
2.353986669995356e+01	1.962783860000000e-04
2.357143789995462e+01	1.942250820000000e-04
2.360642690001987e+01	1.917112240000000e-04
2.364870100002736e+01	1.881227360000000e-04
2.368008520000149e+01	1.858007740000000e-04
2.372560559993144e+01	1.820779870000000e-04
2.375749340001494e+01	1.796600700000000e-04
2.378855579998344e+01	1.765513150000000e-04
2.383532980002929e+01	1.747474890000000e-04
2.386542579997331e+01	1.731547530000000e-04
2.389575209992472e+01	1.711590010000000e-04
2.394156479998492e+01	1.684340680000000e-04
2.398793599999044e+01	1.655364030000000e-04
2.403555779997259e+01	1.630225450000000e-04
2.408345309994183e+01	1.604703280000000e-04
2.413054699997883e+01	1.591654150000000e-04
2.416240409994498e+01	1.576110370000000e-04
2.419367439998314e+01	1.556728820000000e-04
2.424023979995400e+01	1.537922940000000e-04
2.428647669998463e+01	1.518349310000000e-04
2.433288360002916e+01	1.501654330000000e-04
2.437869429995771e+01	1.493018790000000e-04
2.444200159993488e+01	1.468263940000000e-04
2.447398819995578e+01	1.457326000000000e-04
2.450465999997687e+01	1.449266130000000e-04
2.453561519994400e+01	1.436600870000000e-04
2.458381149999332e+01	1.422016650000000e-04
2.464354379998986e+01	1.404746000000000e-04
2.469238010002300e+01	1.389010290000000e-04
2.473768799996469e+01	1.377496660000000e-04
2.476957699994091e+01	1.367709920000000e-04
2.479948899999727e+01	1.357155420000000e-04
2.483062699995935e+01	1.350438980000000e-04
2.487755839992315e+01	1.337773720000000e-04
2.490780219994485e+01	1.328754440000000e-04
2.493963689997327e+01	1.317048880000000e-04
2.498645289998967e+01	1.304959300000000e-04
2.503257479995955e+01	1.298243010000000e-04
2.506460369995330e+01	1.291526420000000e-04
2.509620159992483e+01	1.281739680000000e-04
2.514282760000788e+01	1.272144870000000e-04
2.518963019992225e+01	1.260439170000000e-04
2.523618190002162e+01	1.250652130000000e-04
2.528245179995429e+01	1.237411200000000e-04
2.532953129999805e+01	1.229735350000000e-04
2.536170719994698e+01	1.223019060000000e-04
2.539273079996929e+01	1.214959190000000e-04
2.543931129993871e+01	1.199415780000000e-04
2.548583989997860e+01	1.183680000000000e-04
2.553233529999852e+01	1.168328240000000e-04
2.558026319998316e+01	1.160844330000000e-04
2.564191889995709e+01	1.144916680000000e-04
2.567230969993398e+01	1.137240760000000e-04
2.570399099995848e+01	1.128221630000000e-04
2.573473809997085e+01	1.110375010000000e-04
2.578142170002684e+01	1.095599150000000e-04
2.582853639998939e+01	1.089458240000000e-04
2.587664429994766e+01	1.077752600000000e-04
2.590749170002528e+01	1.069884750000000e-04
2.593858650000766e+01	1.062208830000000e-04
2.596956709993538e+01	1.056260150000000e-04
2.600068509997800e+01	1.049927520000000e-04
2.603207159996964e+01	1.038221600000000e-04
2.607859559997451e+01	1.031697250000000e-04
2.612537599995267e+01	1.017304820000000e-04
2.615648429992143e+01	1.006942400000000e-04
2.618780159996822e+01	9.902473540000000e-05
2.623379119997844e+01	9.810362830000001e-05
2.626559399999678e+01	9.727847650000001e-05
2.629718899994623e+01	9.651088480000000e-05
2.632772099995054e+01	9.582003260000000e-05
2.638963500002865e+01	9.392027280000001e-05
2.643580380000640e+01	9.286482959999999e-05
2.648354889999609e+01	9.198208860000001e-05
2.653090080001857e+01	9.144478100000000e-05
2.656203799997456e+01	9.077312280000001e-05
2.659458959999029e+01	8.989041090000000e-05
2.664136779995169e+01	8.912281920000000e-05
2.668742760003079e+01	8.839361539999999e-05
2.673428189998958e+01	8.766440440000000e-05
2.678165679995436e+01	8.705032810000000e-05
2.684318700002041e+01	8.657058790000000e-05
2.687355949997436e+01	8.601408630000000e-05
2.690371999994386e+01	8.518891990000000e-05
2.693487949995324e+01	8.313562280000000e-05
2.698058889992535e+01	8.173476820000000e-05
2.704370469995774e+01	7.814628040000001e-05
2.709154579997994e+01	7.670705240000000e-05
2.713863169995602e+01	7.592026669999999e-05
2.716958460002206e+01	7.534457840000000e-05
2.720064349996392e+01	7.455779270000000e-05
2.723162299999967e+01	7.340640880000000e-05
2.727899439993780e+01	7.271558570000000e-05
2.732470330002252e+01	7.164094859999999e-05
2.735630789992865e+01	6.838535769999999e-05
2.748096069996245e+01	6.791083429999999e-05
2.751173010002822e+01	6.724418930000000e-05
2.754352830001153e+01	6.647379630000000e-05
2.759076739999000e+01	6.552281410000001e-05
2.763839239999652e+01	6.500024760000000e-05
2.767019829992205e+01	6.463330650000000e-05
2.770218269992620e+01	6.429517820000000e-05
2.773418549995404e+01	6.381680580000000e-05
2.778056189999916e+01	6.349981410000000e-05
2.784351709997281e+01	6.222607039999999e-05
2.789137909992132e+01	6.149987170000000e-05
2.793750789994374e+01	6.106760700000000e-05
2.796844119997695e+01	6.076597860000000e-05
2.799953079991974e+01	6.034524270000000e-05
2.803007199999411e+01	5.998214330000000e-05
2.807688740000594e+01	5.894662540000000e-05
2.810754729993641e+01	5.817431520000000e-05
2.813896929996554e+01	5.708116440000000e-05
2.818571679992601e+01	5.570944630000000e-05
2.823273549997248e+01	5.503126890000000e-05
2.826447809999809e+01	5.435309870000000e-05
2.829594430001453e+01	5.351930670000000e-05
2.832791130000260e+01	5.283536670000000e-05
2.835838270001113e+01	5.198812870000000e-05
2.838940049998928e+01	5.071823030000000e-05
2.843654969998170e+01	4.948868080000000e-05
2.848366309993435e+01	4.811503820000000e-05
2.853100119996816e+01	4.735425320000000e-05
2.856304059992544e+01	4.656464810000000e-05
2.859655689995270e+01	4.554450790000000e-05
2.864201680000406e+01	4.445712330000000e-05
2.868825489992741e+01	4.287215050000000e-05
2.873389849998057e+01	4.088757850000000e-05
2.878098389995284e+01	3.842655130000000e-05
2.882842229993548e+01	3.728537190000000e-05
2.885858859994914e+01	3.595591620000000e-05
2.888964039995335e+01	3.417114570000000e-05
2.893518359994050e+01	3.248051140000000e-05
2.898206639999989e+01	3.101081170000000e-05
2.902957120002247e+01	3.044406550000000e-05
2.907726679998450e+01	2.935668090000000e-05
2.910715239995625e+01	2.870540080000000e-05
2.913779760000762e+01	2.794461760000000e-05
2.916824889997952e+01	2.710314220000000e-05
2.919939620001242e+01	2.614639740000000e-05
2.923058700002730e+01	2.547975050000000e-05
2.927752330002841e+01	2.420792950000000e-05
2.930825120001100e+01	2.347212100000000e-05
2.933858540002257e+01	2.228483390000000e-05
2.938666740001645e+01	2.115326240000000e-05
2.943268859991804e+01	2.071907510000000e-05
2.946449029992800e+01	2.025991490000000e-05
2.949538219999522e+01	1.963745490000000e-05
2.954168969998136e+01	1.855967640000000e-05
2.958876720000990e+01	1.717066520000000e-05
2.963522850000300e+01	1.595071810000000e-05
2.968218449992128e+01	1.487678130000000e-05
2.972648189996835e+01	1.443491240000000e-05
2.975771889998578e+01	1.390082530000000e-05
2.978908180003054e+01	1.321688710000000e-05
2.983668119995855e+01	1.275003980000000e-05
2.988358819996938e+01	1.225437790000000e-05
2.993160409992561e+01	1.161078400000000e-05
2.997845319996122e+01	1.129763310000000e-05
3.002636419993360e+01	1.064443310000000e-05
3.005732669995632e+01	1.024290670000000e-05
3.008850830001757e+01	9.681923980000001e-06
3.013444519997574e+01	9.094044800000000e-06
3.017958310001995e+01	8.759760020000001e-06
3.024176929995883e+01	7.883702890000001e-06
3.028941279998980e+01	7.414935680000000e-06
3.033633059996646e+01	7.038386230000000e-06
3.036743240000214e+01	6.640701490000000e-06
3.039869739999995e+01	6.047060200000000e-06
3.043064169993158e+01	5.245928610000000e-06
3.047766009997576e+01	4.869379150000000e-06
3.050805599999148e+01	4.464010540000000e-06
3.053857540001627e+01	3.947215190000000e-06
3.058688790001906e+01	3.034299430000000e-06
3.069460869999602e+01	2.816809460000000e-06
3.072583030001260e+01	2.625133220000000e-06
3.075709790003020e+01	2.461582200000000e-06
3.078928119991906e+01	2.327505170000000e-06
3.081976659991778e+01	2.199207070000000e-06
3.085060589993373e+01	2.085357440000000e-06
3.088131849991623e+01	1.908514150000000e-06
3.092907059995923e+01	1.840512480000000e-06
3.097516889998224e+01	1.720690650000000e-06
3.100688220001757e+01	1.629572010000000e-06
3.103733109997120e+01	1.482395530000000e-06
3.108397999999579e+01	1.402450040000000e-06
3.111566929996479e+01	1.346199380000000e-06
3.114603960001841e+01	1.289948500000000e-06
3.117707520001568e+01	1.255080860000000e-06
3.120786550000776e+01	1.205187230000000e-06
3.123878679994959e+01	1.143735180000000e-06
3.128561979997903e+01	1.081127380000000e-06
3.133164609991945e+01	1.001374700000000e-06
3.137794479995500e+01	9.530220380000000e-07
3.140962960000616e+01	8.925333080000000e-07
3.144166230002884e+01	8.224124600000000e-07
3.149057119991630e+01	7.576856550000000e-07
3.153431120002642e+01	7.041318210000000e-07
3.158244459994603e+01	6.293877280000000e-07
3.164356849994510e+01	5.521392840000000e-07
3.169161789992359e+01	4.808625250000000e-07
3.172229970002081e+01	4.384818620000000e-07
3.175356620003004e+01	4.070815580000000e-07
3.178521719994023e+01	3.511903510000000e-07
3.190742880001199e+01	3.494437810000000e-07
3.193855500000063e+01	3.482153940000000e-07
3.196908990002703e+01	3.492134510000000e-07
3.200042769999709e+01	3.514590790000000e-07
3.203133379993960e+01	3.553936950000000e-07
3.208079859998543e+01	3.616890750000000e-07
3.212673629994970e+01	3.650287110000000e-07
3.215781060000882e+01	3.703452480000000e-07
3.218835359998047e+01	3.778306450000000e-07
3.221854709996842e+01	3.867554880000000e-07
3.224944139993750e+01	3.980219390000000e-07
3.228224799991585e+01	4.099601650000000e-07
3.232768869993743e+01	4.155646140000000e-07
3.235908329999074e+01	4.221670910000000e-07
3.239075929997489e+01	4.324162720000000e-07
3.243695469992235e+01	4.426463250000000e-07
3.248263340000995e+01	4.465041460000000e-07
3.251388819993008e+01	4.503619950000000e-07
3.254491639998741e+01	4.573867610000000e-07
3.257851929997560e+01	4.619355420000000e-07
3.263819089997560e+01	4.826258650000000e-07
3.268500890000723e+01	5.143139670000000e-07
3.273268219991587e+01	5.474991550000000e-07
3.277957439993042e+01	5.599364390000000e-07
3.281159960001241e+01	5.687845150000000e-07
3.284264950000215e+01	5.744273040000000e-07
3.288903299998492e+01	5.811833150000000e-07
3.293544419994578e+01	5.881121300000000e-07
3.298168550000992e+01	5.925073760000000e-07
3.304607849998865e+01	5.941579960000000e-07
3.309122329996899e+01	5.940812570000000e-07
3.312316730001476e+01	5.940812570000000e-07
3.315354839991778e+01	5.936781800000000e-07
3.318455010000616e+01	5.712796000000000e-07
3.323149589996319e+01	5.214730550000000e-07
3.327844589995220e+01	4.927023840000000e-07
3.332490729994606e+01	4.408037460000000e-07
3.335699190001469e+01	4.055840750000000e-07
3.338862109999172e+01	3.756233580000000e-07
3.341962830000557e+01	3.566412370000000e-07
3.344963119993918e+01	3.492134510000000e-07
3.348116419999860e+01	3.649135180000000e-07
3.352797399996780e+01	3.874848180000000e-07
3.359032620000653e+01	5.507811810000000e-07
3.363728949998040e+01	7.453050440000000e-07
3.368336469994392e+01	1.601832080000000e-06
3.380766469996888e+01	1.931631000000000e-06
3.383878019999247e+01	2.278767170000000e-06
3.386949940002523e+01	2.644011830000000e-06
3.390054529998451e+01	3.063773650000000e-06
3.393217129993718e+01	3.715280400000000e-06
3.397807680000551e+01	4.068196180000000e-06
3.403915790002793e+01	5.187817350000000e-06
3.408659059996717e+01	6.083975680000000e-06
3.413184619997628e+01	6.587342800000000e-06
3.416191739996430e+01	7.236345940000000e-06
3.419270239991602e+01	8.237878320000000e-06
3.423968040000182e+01	1.049073760000000e-05
3.434859039995354e+01	1.095374230000000e-05
3.438058849994559e+01	1.152625190000000e-05
3.441164119995665e+01	1.197388610000000e-05
3.444334559992421e+01	1.260211050000000e-05
3.448862660001032e+01	1.325146790000000e-05
3.453515579993837e+01	1.421205520000000e-05
3.458181529992726e+01	1.546273960000000e-05
3.462951869994868e+01	1.607751800000000e-05
3.467584139993414e+01	1.735317710000000e-05
3.470715289993677e+01	1.812356640000000e-05
3.473822569998447e+01	1.913987220000000e-05
3.478421660000458e+01	2.025030880000000e-05
3.483148779999465e+01	2.127045450000000e-05
3.487850639992394e+01	2.185641100000000e-05
3.492468930000905e+01	2.288808350000000e-05
3.495540340000298e+01	2.360276080000000e-05
3.498705929995049e+01	2.429630330000000e-05
3.501759639999364e+01	2.501866580000000e-05
3.504755959997419e+01	2.586974920000000e-05
3.507853780000005e+01	2.662669070000000e-05
3.512650699994992e+01	2.829042930000000e-05
3.515739189996384e+01	2.934131230000000e-05
3.518837949994486e+01	3.098007440000000e-05
3.523598849994596e+01	3.281863970000000e-05
3.528195229999255e+01	3.391563220000000e-05
3.531262610002887e+01	3.514902350000000e-05
3.534264739998616e+01	3.673399260000000e-05
3.538963310001418e+01	3.874354660000000e-05
3.543560989992693e+01	4.084530880000000e-05
3.548320409993175e+01	4.293939130000000e-05
3.552961420000065e+01	4.413244460000000e-05
3.557767449994572e+01	4.659346450000000e-05
3.560838160000276e+01	4.843971690000000e-05
3.563948230003007e+01	5.103138390000000e-05
3.568579309992492e+01	5.369029170000000e-05
3.573217839992139e+01	5.599378350000000e-05
3.577871179999784e+01	5.722717470000000e-05
3.584085429995321e+01	6.045283230000000e-05
3.588721979991533e+01	6.169390690000000e-05
3.591851440002210e+01	6.276976640000000e-05
3.594858919992112e+01	6.385715100000000e-05
3.598022409994155e+01	6.474281689999999e-05
3.604098289995454e+01	6.699635560000000e-05
3.608900139993057e+01	6.871580260000001e-05
3.613719439995475e+01	7.058318440000000e-05
3.618307269993238e+01	7.174933850000000e-05
3.621390939992853e+01	7.288860070000001e-05
3.624537160003092e+01	7.425840160000001e-05
3.627759389998391e+01	7.516903130000000e-05
3.630765249999240e+01	7.625449510000000e-05
3.633848369994666e+01	7.786252540000000e-05
3.638488119991962e+01	7.977025230000000e-05
3.643167199997697e+01	8.172792880000000e-05
3.647756739996839e+01	8.268275270000000e-05
3.650964649999514e+01	8.400451770000001e-05
3.654061719996389e+01	9.108017550000001e-05
3.666281689994503e+01	9.182856590000000e-05
3.669480649998877e+01	9.326780860000000e-05
3.672573409997858e+01	9.451514050000001e-05
3.675770730001386e+01	9.585842780000000e-05
3.678855239995755e+01	9.789253820000001e-05
3.683550039993133e+01	1.001761050000000e-04
3.688147119991481e+01	1.025364620000000e-04
3.692847759998403e+01	1.038221600000000e-04
3.695898060000036e+01	1.052997690000000e-04
3.699063339992426e+01	1.075449760000000e-04
3.703751539997756e+01	1.100396550000000e-04
3.708687230001669e+01	1.126110730000000e-04
3.713058779994026e+01	1.151824910000000e-04
3.717772229993716e+01	1.165833460000000e-04
3.720792349998374e+01	1.184063730000000e-04
3.723992560000625e+01	1.204404830000000e-04
3.727066279994324e+01	1.225321900000000e-04
3.730158939992543e+01	1.248157640000000e-04
3.733206469996367e+01	1.285193720000000e-04
3.737854569999035e+01	1.303616010000000e-04
3.744101169996429e+01	1.348328080000000e-04
3.748797279992141e+01	1.375385760000000e-04
3.753513630002271e+01	1.391888800000000e-04
3.756705049995799e+01	1.407240630000000e-04
3.759793569997419e+01	1.426814120000000e-04
3.764471299992874e+01	1.448882390000000e-04
3.769210989994463e+01	1.472485750000000e-04
3.773858949996065e+01	1.494170140000000e-04
3.778551850002259e+01	1.519884540000000e-04
3.783163809997495e+01	1.533509200000000e-04
3.786173749994487e+01	1.548093280000000e-04
3.789365679991897e+01	1.565939890000000e-04
3.794081339996774e+01	1.586281000000000e-04
3.798724919999950e+01	1.605470900000000e-04
3.803358239994850e+01	1.627539020000000e-04
3.808057380001992e+01	1.652101780000000e-04
3.814339179999661e+01	1.670524070000000e-04
3.817468199995346e+01	1.685683820000000e-04
3.820624520001002e+01	1.700844000000000e-04
3.823739000002388e+01	1.720417490000000e-04
3.828420699993148e+01	1.741717860000000e-04
3.833058880001772e+01	1.765513150000000e-04
3.837656080001034e+01	1.776259600000000e-04
3.840843279997353e+01	1.792954570000000e-04
3.843889639992267e+01	1.805811770000000e-04
3.847059169993736e+01	1.819244640000000e-04
3.850094319996424e+01	1.831717960000000e-04
3.853164749999996e+01	1.849180550000000e-04
3.858228520001285e+01	1.866067610000000e-04
3.864298809994943e+01	1.880651690000000e-04
3.868922950001433e+01	1.896195460000000e-04
3.873640579998028e+01	1.906557880000000e-04
3.876718379999511e+01	1.916152980000000e-04
3.879800409998279e+01	1.928434210000000e-04
3.884459709993098e+01	1.944169930000000e-04
3.889063069992699e+01	1.958946090000000e-04
3.893841830000747e+01	1.972762690000000e-04
3.898510199994780e+01	1.988690060000000e-04
3.903148210002109e+01	1.997517540000000e-04
3.906267819995992e+01	2.007688020000000e-04
3.909595579991583e+01	2.022656120000000e-04
3.914212430000771e+01	2.037432130000000e-04
3.918769469996914e+01	2.054510840000000e-04
3.923374739999417e+01	2.069095060000000e-04
3.928004889993463e+01	2.077922550000000e-04
3.932547529996373e+01	2.095001400000000e-04
3.935759699996561e+01	2.107282780000000e-04
3.938846239994746e+01	2.123402230000000e-04
3.943559240002651e+01	2.135875400000000e-04
3.948282679996919e+01	2.147964990000000e-04
3.952962249994744e+01	2.154873360000000e-04
3.957569480000529e+01	2.162357560000000e-04
3.960703459999058e+01	2.166962950000000e-04
3.963799999991897e+01	2.171376690000000e-04
3.966960739996284e+01	2.173103570000000e-04
3.969995059992652e+01	2.178284920000000e-04
3.973116840003058e+01	2.184041950000000e-04
3.977846820000559e+01	2.186920170000000e-04
3.984030949999578e+01	2.196131250000000e-04
3.988694350002334e+01	2.200736930000000e-04
3.993384219997097e+01	2.204574700000000e-04
3.996555660001468e+01	2.206109930000000e-04
3.999649579997640e+01	2.210331730000000e-04
4.004216319997795e+01	2.213785920000000e-04
4.008949319995008e+01	2.218007580000000e-04
4.013861829997040e+01	2.219926540000000e-04
4.018362889997661e+01	2.223188930000000e-04
4.023163910000585e+01	2.224532220000000e-04
4.026363770000171e+01	2.227026710000000e-04
4.029428049991839e+01	2.228178350000000e-04
4.034165369998664e+01	2.229521630000000e-04
4.038968759996351e+01	2.234702700000000e-04
4.043646150000859e+01	2.237389420000000e-04
4.048188420000952e+01	2.238732700000000e-04
4.052813300001435e+01	2.239116290000000e-04
4.055846770002972e+01	2.240459580000000e-04
4.059064289997332e+01	2.243146150000000e-04
4.063728699996136e+01	2.243913770000000e-04
4.068320889992174e+01	2.246984220000000e-04
4.072957419999875e+01	2.247751840000000e-04
4.079046359995846e+01	2.251973640000000e-04
4.083729109994601e+01	2.254660070000000e-04
4.086810860002879e+01	2.256579030000000e-04
4.089968819997739e+01	2.260225160000000e-04
4.093035489995964e+01	2.262336060000000e-04
4.097662319999654e+01	2.268860550000000e-04
4.100745599996299e+01	2.271930720000000e-04
4.103851649991702e+01	2.274425640000000e-04
4.108618919993751e+01	2.279031030000000e-04
4.137280200002715e+01	2.299180200000000e-04
4.139774579997174e+01	2.304361550000000e-04
4.144399309996516e+01	2.312037400000000e-04
4.147572859993670e+01	2.314723970000000e-04
4.150661969999783e+01	2.320097260000000e-04
4.153785800002515e+01	2.326429820000000e-04
4.158498209994286e+01	2.332762520000000e-04
4.163459119992331e+01	2.336984180000000e-04
4.167903639993165e+01	2.339478810000000e-04
4.172514559992123e+01	2.342549270000000e-04
4.175627200002782e+01	2.345043760000000e-04
4.178666869993322e+01	2.349841230000000e-04
4.183284169994295e+01	2.351184520000000e-04
4.187986659992021e+01	2.351568400000000e-04
4.192683599994052e+01	2.357325430000000e-04
4.195780289999675e+01	2.359244240000000e-04
4.198879289999604e+01	2.367495760000000e-04
4.203675199998543e+01	2.369414720000000e-04
4.206873880000785e+01	2.372293240000000e-04
4.210122670000419e+01	2.377282510000000e-04
4.214368079998530e+01	2.381504310000000e-04
4.219167189998552e+01	2.386109700000000e-04
4.223863129992969e+01	2.392058670000000e-04
4.228664499998558e+01	2.398583310000000e-04
4.233479509991594e+01	2.401653470000000e-04
4.236656390002463e+01	2.404915870000000e-04
4.239856000000145e+01	2.409713340000000e-04
4.243052870000247e+01	2.414510670000000e-04
4.247795049997512e+01	2.417197250000000e-04
4.252542909991462e+01	2.425065030000000e-04
4.255613309994806e+01	2.429286830000000e-04
4.258670380001422e+01	2.436195060000000e-04
4.263390729995444e+01	2.440416870000000e-04
4.266394300002139e+01	2.445598070000000e-04
4.269521289994009e+01	2.451738980000000e-04
4.274159939994570e+01	2.459990500000000e-04
4.278860109997913e+01	2.466515000000000e-04
4.283565869997256e+01	2.473806960000000e-04
4.288326669996604e+01	2.478028760000000e-04
4.292999520001467e+01	2.480715340000000e-04
4.296039169991855e+01	2.483593710000000e-04
4.299063180002850e+01	2.486088490000000e-04
4.303729280002881e+01	2.488775060000000e-04
4.308315129997209e+01	2.491461640000000e-04
4.313036089995876e+01	2.493188660000000e-04
4.319220779999159e+01	2.497602250000000e-04
4.323862800002098e+01	2.498369720000000e-04
4.326957040000707e+01	2.500480620000000e-04
4.330064179992769e+01	2.502015850000000e-04
4.333135799993761e+01	2.505086300000000e-04
4.337813969992567e+01	2.506429740000000e-04
4.344015099992976e+01	2.509691690000000e-04
4.348750539997127e+01	2.512378270000000e-04
4.353509829996619e+01	2.514297380000000e-04
4.356608130002860e+01	2.515256930000000e-04
4.359701020002831e+01	2.515448720000000e-04
4.364615649997722e+01	2.518710970000000e-04
4.367708049993962e+01	2.519094850000000e-04
4.370800059998874e+01	2.519478440000000e-04
4.373830169998109e+01	2.521397840000000e-04
4.378493760002311e+01	2.520821870000000e-04
4.383063869993202e+01	2.521589340000000e-04
4.386172980000265e+01	2.521973510000000e-04
4.389268749998882e+01	2.522932770000000e-04
4.393969229992945e+01	2.522932770000000e-04
4.398562229995150e+01	2.522932770000000e-04
4.403198339999653e+01	2.522740980000000e-04
4.407981469994411e+01	2.523316650000000e-04
4.414330430002883e+01	2.523700240000000e-04
4.417319090000819e+01	2.524851880000000e-04
4.420419570000377e+01	2.524851880000000e-04
4.423615569993854e+01	2.524275910000000e-04
4.428231439995579e+01	2.524659790000000e-04
4.432907470001373e+01	2.524275910000000e-04
4.437636939994991e+01	2.524851880000000e-04
4.440717419993598e+01	2.525427550000000e-04
4.443842549994588e+01	2.523316650000000e-04
4.446958889998496e+01	2.521589340000000e-04
4.450162699993234e+01	2.519670520000000e-04
4.453267500002403e+01	2.515640810000000e-04
4.457961659994908e+01	2.512762150000000e-04
4.464313949993812e+01	2.507005410000000e-04
4.468964749993756e+01	2.502591520000000e-04
4.473612339992542e+01	2.498945690000000e-04
4.476682249992155e+01	2.496067320000000e-04
4.479727859993000e+01	2.492037310000000e-04
4.484384739992674e+01	2.484169670000000e-04
4.488950769999065e+01	2.473806960000000e-04
4.493554079998285e+01	2.461717520000000e-04
4.498374079994392e+01	2.451163310000000e-04
4.502985269995406e+01	2.444062850000000e-04
4.506165559997316e+01	2.437538350000000e-04
4.509292710002046e+01	2.425448770000000e-04
4.513922180002555e+01	2.411248570000000e-04
4.518647770001553e+01	2.395320920000000e-04
4.523225459991954e+01	2.380353110000000e-04
4.527931739995256e+01	2.372101300000000e-04
4.534171099995729e+01	2.352527660000000e-04
4.537240689992905e+01	2.342740920000000e-04
4.540321050002240e+01	2.334681340000000e-04
4.543432759994175e+01	2.325854000000000e-04
4.548146599996835e+01	2.312229340000000e-04
4.552797389996704e+01	2.303210200000000e-04
4.557349719991907e+01	2.282677160000000e-04
4.560451350000221e+01	2.264830550000000e-04
4.563646990002599e+01	2.243721830000000e-04
4.566810060001444e+01	2.223188930000000e-04
4.569835089996923e+01	2.201696190000000e-04
4.572956759994850e+01	2.184233600000000e-04
4.577555379993282e+01	2.159862630000000e-04
4.580632279999554e+01	2.143935270000000e-04
4.583745470002759e+01	2.122058940000000e-04
4.588521779992152e+01	2.094617520000000e-04
4.593145509995520e+01	2.075811640000000e-04
4.596337899996433e+01	2.055086520000000e-04
4.599376879993360e+01	2.027453450000000e-04
4.604049639997538e+01	1.989457670000000e-04
4.608700820000377e+01	1.944553660000000e-04
4.613593609991949e+01	1.899265920000000e-04
4.618227589991875e+01	1.856088930000000e-04
4.622955819999333e+01	1.835939770000000e-04
4.626037279993761e+01	1.811952390000000e-04
4.629170269996393e+01	1.777986760000000e-04
4.633843839995097e+01	1.745172050000000e-04
4.638465569994878e+01	1.712165690000000e-04
4.643148919998202e+01	1.686643520000000e-04
4.647831789997872e+01	1.673018560000000e-04
4.652470329997595e+01	1.649031330000000e-04
4.655488259997219e+01	1.633871580000000e-04
4.658579249994364e+01	1.603168060000000e-04
4.663416289992165e+01	1.576110370000000e-04
4.668193660001270e+01	1.542720270000000e-04
4.672785769996699e+01	1.523914400000000e-04
4.677470429998357e+01	1.486686230000000e-04
4.680527939996682e+01	1.459820490000000e-04
4.683600020001177e+01	1.433530710000000e-04
4.686648530000821e+01	1.409543470000000e-04
4.689730750001036e+01	1.384020870000000e-04
4.692855900002178e+01	1.367325890000000e-04
4.697490129992366e+01	1.337581930000000e-04
4.700615579995792e+01	1.316089330000000e-04
4.703717539994977e+01	1.277901760000000e-04
4.708581520000007e+01	1.232613870000000e-04
4.713259049993940e+01	1.209586190000000e-04
4.716337959992234e+01	1.187709790000000e-04
4.719497860001866e+01	1.160652390000000e-04
4.724339710001368e+01	1.134170600000000e-04
4.728964610002004e+01	1.109799410000000e-04
4.733643419994041e+01	1.085044790000000e-04
4.738301739993040e+01	1.053381640000000e-04
4.742952759994660e+01	1.036302710000000e-04
4.746063809993211e+01	1.012123760000000e-04
4.749263260001317e+01	9.791173940000000e-05
4.753963150002528e+01	9.420808779999999e-05
4.758612839994021e+01	9.077312280000001e-05
4.763150609994773e+01	8.783711380000000e-05
4.769446459994651e+01	8.478594100000000e-05
4.772568409994710e+01	8.351941510000000e-05
4.775725010002498e+01	8.198423890000000e-05
4.778798499994446e+01	7.966227710000001e-05
4.783390829991549e+01	7.749383800000000e-05
4.788048539997544e+01	7.480726340000000e-05
4.792632470000535e+01	7.331046800000000e-05
4.795762969995849e+01	7.131473099999999e-05
4.798849050002173e+01	6.858977580000000e-05
4.803519409999717e+01	6.693947220000000e-05
4.806706989998929e+01	6.551942350000000e-05
4.809823140001390e+01	6.390748600000001e-05
4.812898599996697e+01	6.290961029999999e-05
4.819191729999147e+01	5.806672560000000e-05
4.827055349992588e+01	5.662968760000000e-05
4.830180459993426e+01	5.502358910000000e-05
4.833333129994571e+01	5.284881630000000e-05
4.838052919995971e+01	5.101601710000000e-05
4.844247979996726e+01	4.933690800000000e-05
4.848816139996052e+01	4.809198440000000e-05
4.851832959998865e+01	4.708336560000000e-05
4.854964580002706e+01	4.603632620000000e-05
4.858061329997145e+01	4.435914160000000e-05
4.864266819995828e+01	4.289904610000000e-05
4.869271730002947e+01	4.127373180000000e-05
4.873874489997979e+01	3.966186700000000e-05
4.878489799995441e+01	3.861290680000000e-05
4.881622759997845e+01	3.785403900000000e-05
4.884716479992494e+01	3.706635830000000e-05
4.887792499992065e+01	3.640355500000000e-05
4.892449529992882e+01	3.505872880000000e-05
4.895555429998785e+01	3.410967110000000e-05
4.898693249991629e+01	3.275139900000000e-05
4.903348979994189e+01	3.149495020000000e-05
4.907936540001538e+01	3.078411460000000e-05
4.911048429994844e+01	2.997722190000000e-05
4.914140469999984e+01	2.880530340000000e-05
4.918819140002597e+01	2.733176190000000e-05
4.923461839999072e+01	2.613679130000000e-05
4.928212029999122e+01	2.486113040000000e-05
4.932716649991926e+01	2.427133040000000e-05
4.935850540001411e+01	2.351630790000000e-05
4.938964059995487e+01	2.288616270000000e-05
4.942083069996443e+01	2.228291120000000e-05
4.945457950001583e+01	2.162971400000000e-05
4.948238549998496e+01	2.080360900000000e-05
4.952955680002924e+01	2.043089990000000e-05
4.957584860001225e+01	1.988720940000000e-05
4.960735169996042e+01	1.951642120000000e-05
4.963935589999892e+01	1.901114960000000e-05
4.968613829999231e+01	1.854430410000000e-05
4.971793839999009e+01	1.813317250000000e-05
4.974847759993281e+01	1.771627830000000e-05
4.977960969996639e+01	1.737431190000000e-05
4.984295079996809e+01	1.632918790000000e-05
4.988776439998765e+01	1.553958460000000e-05
4.993398859992158e+01	1.463279300000000e-05
4.998167779995129e+01	1.410062760000000e-05
5.001265249995049e+01	1.367988990000000e-05
5.004391329991631e+01	1.331102430000000e-05
5.009065219992772e+01	1.301900470000000e-05
5.013676549994852e+01	1.281728240000000e-05
5.018722029996570e+01	1.262324350000000e-05
5.022954029997345e+01	1.253294790000000e-05
5.027632689999882e+01	1.225437790000000e-05
5.030745510000270e+01	1.206225900000000e-05
5.033837639994454e+01	1.176063600000000e-05
5.038439239992294e+01	1.145132680000000e-05
5.043066439998802e+01	1.115930720000000e-05
5.049741359998006e+01	1.082310250000000e-05
5.053966210002545e+01	1.055413760000000e-05
5.058601530001033e+01	1.042349690000000e-05
5.061733999999706e+01	1.030822660000000e-05
5.064894410001580e+01	1.014492680000000e-05
5.067999199999031e+01	9.977783520000001e-06
5.074149739998393e+01	9.336112270000000e-06
5.078730839991476e+01	8.838527720000000e-06
5.083263019996230e+01	8.523454200000000e-06
5.087961289996747e+01	8.373603120000000e-06
5.091065839992370e+01	8.231434550000001e-06
5.094163469993509e+01	8.048924430000000e-06
5.098811719997320e+01	7.772275239999999e-06
5.103561499994248e+01	7.507152990000000e-06
5.108304860000499e+01	7.201685550000000e-06
5.113031489995774e+01	6.848189510000000e-06
5.119084759999532e+01	6.510063030000000e-06
5.122175999998581e+01	6.314102850000000e-06
5.125285439996514e+01	6.168093020000000e-06
5.128449839993846e+01	5.534953290000000e-06
5.142337129998486e+01	5.393170800000000e-06
5.145397239993326e+01	5.179148050000000e-06
5.148540120001417e+01	4.760542650000000e-06
5.153304809995461e+01	4.312462810000000e-06
5.157858490000945e+01	4.081680800000000e-06
5.161059499997646e+01	3.828937680000000e-06
5.164193039992824e+01	3.544601670000000e-06
5.168857070000377e+01	3.211913050000000e-06
5.173452119994909e+01	2.943951590000000e-06
5.178164319996722e+01	2.688319000000000e-06
5.184657269995660e+01	2.459655890000000e-06
5.189058230002411e+01	2.306892840000000e-06
5.192158929992002e+01	2.216159370000000e-06
5.195278990000952e+01	2.160679290000000e-06
5.198414800001774e+01	2.068212320000000e-06
5.203065730002709e+01	1.942033580000000e-06
5.207749089994468e+01	1.881544560000000e-06
5.210877199994866e+01	1.795242160000000e-06
5.214058639993891e+01	1.718571640000000e-06
5.218694389995653e+01	1.677924620000000e-06
5.221889299992472e+01	1.627453000000000e-06
5.225018799991813e+01	1.571780330000000e-06
5.228062979993410e+01	1.446757100000000e-06
5.232719490001909e+01	1.365848560000000e-06
5.235862229997292e+01	1.243137150000000e-06
5.239067909994628e+01	1.038361350000000e-06
5.243709429993760e+01	8.709577060000000e-07
5.248418409994338e+01	7.877374630000000e-07
5.251386369997635e+01	7.131857270000000e-07
5.254435849993024e+01	6.076193700000000e-07
5.257587179995608e+01	5.504053890000000e-07
5.260640279995278e+01	4.891460890000000e-07
5.263650209992193e+01	4.155577360000000e-07
5.268450769991614e+01	3.641230530000000e-07
5.273243999993429e+01	3.469781120000000e-07
5.277956129994709e+01	3.508308170000000e-07
5.281158039998263e+01	4.379247400000000e-07
5.291984679992311e+01	4.947560230000000e-07
5.295075239997823e+01	5.548693590000000e-07
5.298162370000500e+01	6.286291520000000e-07
5.302834399999119e+01	6.625435840000000e-07
5.307635849993676e+01	7.225609689999999e-07
5.310695489996579e+01	7.971844980000000e-07
5.313951969996560e+01	1.141230880000000e-06
5.326225719996728e+01	1.188620220000000e-06
5.329339389991947e+01	1.219442540000000e-06
5.332466359995306e+01	1.235624380000000e-06
5.335609329992440e+01	1.238321150000000e-06
5.338704629999120e+01	1.237357990000000e-06
5.343262310000136e+01	1.202875520000000e-06
5.347961579996627e+01	1.135836900000000e-06
5.354062290000729e+01	9.399225860000000e-07
5.358736969996244e+01	8.337782450000000e-07
5.361806110001635e+01	7.434303480000000e-07
5.364957619993947e+01	6.449913600000000e-07
5.368158249999397e+01	4.920357240000000e-07
5.372822529997211e+01	4.176768020000000e-07
5.377451070002280e+01	3.517940570000000e-07
5.380479199998081e+01	3.593069950000000e-07
5.383516419993248e+01	4.687262280000000e-07
5.388156709994655e+01	5.870068660000000e-07
5.391289169993252e+01	4.255634390000000e-06
5.412960330001079e+01	5.072810840000000e-06
5.416070919996127e+01	6.246178150000000e-06
5.419722420000471e+01	8.087234160000000e-06
5.423720999993384e+01	1.381821400000000e-05
5.434583040000871e+01	1.553574480000000e-05
5.437802679999731e+01	1.748573600000000e-05
5.443914689996745e+01	2.122050320000000e-05
5.446955019992311e+01	2.305330420000000e-05
5.450065309996717e+01	2.517428040000000e-05
5.453165010001976e+01	2.860550010000000e-05
5.457779609994031e+01	3.041524910000000e-05
5.463962419994641e+01	3.601739450000000e-05
5.468870870000683e+01	3.978482350000000e-05
5.473384579992853e+01	4.204220390000000e-05
5.476485179993324e+01	4.416510270000000e-05
5.479619909997564e+01	4.680479830000000e-05
5.484278930001892e+01	4.943872770000000e-05
5.488874840002973e+01	5.199965380000000e-05
5.493599499994889e+01	5.476806840000000e-05
5.498240889993031e+01	5.789766870000000e-05
5.502977649995591e+01	5.937504830000000e-05
5.506083929992747e+01	6.096386280000000e-05
5.509273019991815e+01	6.285814020000001e-05
5.513859579991549e+01	6.516739090000000e-05
5.518573749996722e+01	6.763802230000000e-05
5.523184209992178e+01	6.998954630000000e-05
5.527773209998850e+01	7.126904530000000e-05
5.532368549995590e+01	7.365899360000000e-05
5.535549450002145e+01	7.531887970000001e-05
5.538608560001012e+01	7.796434510000000e-05
5.543214119994082e+01	8.089221230000001e-05
5.547866219992284e+01	8.241378240000000e-05
5.552582129999064e+01	9.319104719999999e-05
5.564862719993107e+01	9.432324440000001e-05
5.574783300003037e+01	1.002337010000000e-04
5.578953419998288e+01	1.036302710000000e-04
5.583574999996927e+01	1.061057560000000e-04
5.588179629994556e+01	1.087347340000000e-04
5.592823219997808e+01	1.101164160000000e-04
5.597494480002206e+01	1.127837970000000e-04
5.600587090000045e+01	1.146259890000000e-04
5.603730670001823e+01	1.175812140000000e-04
5.608465520001482e+01	1.212656640000000e-04
5.613229739991948e+01	1.247965560000000e-04
5.617914469994139e+01	1.267347400000000e-04
5.624100769998040e+01	1.327603240000000e-04
5.628773189999629e+01	1.353701370000000e-04
5.631878640002105e+01	1.373658600000000e-04
5.634967109991703e+01	1.393999700000000e-04
5.638127829995938e+01	1.421824710000000e-04
5.644356419995893e+01	1.440055060000000e-04
5.649304059997667e+01	1.461163770000000e-04
5.653792619996238e+01	1.480545620000000e-04
5.658894099993631e+01	1.496472980000000e-04
5.661711699992884e+01	1.509905850000000e-04
5.664877460000571e+01	1.526217240000000e-04
5.668102769996040e+01	1.549820440000000e-04
5.672753349994309e+01	1.563445110000000e-04
5.675950729998294e+01	1.577453800000000e-04
5.679061969998293e+01	1.596643410000000e-04
5.683622800000012e+01	1.617752130000000e-04
5.688309619994834e+01	1.630609480000000e-04
5.691401910001878e+01	1.644617880000000e-04
5.694523359998129e+01	1.660353450000000e-04
5.699171269999351e+01	1.678199910000000e-04
5.703796440002043e+01	1.693168010000000e-04
5.708631179993972e+01	1.707943880000000e-04
5.713063879997935e+01	1.720993170000000e-04
5.718366600002628e+01	1.728860950000000e-04
5.720990249991883e+01	1.736536800000000e-04
5.724113759992179e+01	1.748626240000000e-04
5.728685369994491e+01	1.763786280000000e-04
5.733415349991992e+01	1.781248870000000e-04
5.738058659993112e+01	1.800438770000000e-04
5.744333869998809e+01	1.819820320000000e-04
5.748894279997330e+01	1.831717960000000e-04
5.752074209996499e+01	1.841504710000000e-04
5.755271469999570e+01	1.852634740000000e-04
5.758358739991672e+01	1.869138070000000e-04
5.762957709992770e+01	1.876238090000000e-04
5.767673619999550e+01	1.892165750000000e-04
5.770905429997947e+01	1.901952490000000e-04
5.773984920000657e+01	1.914809400000000e-04
5.778583259996958e+01	1.924788230000000e-04
5.781681119999848e+01	1.932656010000000e-04
5.784717399999499e+01	1.942442760000000e-04
5.787850310001522e+01	1.948583380000000e-04
5.792461879993789e+01	1.960865050000000e-04
5.795611309993546e+01	1.969884180000000e-04
5.798799719999079e+01	1.982165410000000e-04
5.803416009992361e+01	1.992336180000000e-04
5.808078399999067e+01	2.000012030000000e-04
5.811289679992478e+01	2.009031160000000e-04
5.814422359992750e+01	2.018242380000000e-04
5.818989349994808e+01	2.033210480000000e-04
5.823679759993684e+01	2.044340510000000e-04
5.828314920002595e+01	2.056813680000000e-04
5.832979029999115e+01	2.062570710000000e-04
5.837669299996924e+01	2.070438640000000e-04
5.840725249995012e+01	2.075044030000000e-04
5.843858479999471e+01	2.085214660000000e-04
5.848505229991861e+01	2.095577070000000e-04
5.853055079991464e+01	2.104212330000000e-04
5.857722959993407e+01	2.108050390000000e-04
5.860792400001083e+01	2.112655780000000e-04
5.863891999993939e+01	2.120331630000000e-04
5.868557390000205e+01	2.125896720000000e-04
5.871685889991932e+01	2.129542850000000e-04
5.874815909995232e+01	2.135107790000000e-04
5.877959489997011e+01	2.140672880000000e-04
5.884307409997564e+01	2.157751880000000e-04
5.888859699992463e+01	2.174255210000000e-04
5.893741349992342e+01	2.190950180000000e-04
5.898319259996060e+01	2.199393640000000e-04
5.901514559995849e+01	2.208604860000000e-04
5.904694259993266e+01	2.217815640000000e-04
5.907772229996044e+01	2.224915810000000e-04
5.912494699994568e+01	2.237197480000000e-04
5.915673749998678e+01	2.244489440000000e-04
5.918871779995970e+01	2.256195290000000e-04
5.923522439994849e+01	2.268860550000000e-04
5.928329039993696e+01	2.275193260000000e-04
5.931261749996338e+01	2.281333870000000e-04
5.934470499993768e+01	2.288242100000000e-04
5.939181780000217e+01	2.296493620000000e-04
5.943787379993591e+01	2.304937220000000e-04
5.948528399993666e+01	2.313572620000000e-04
5.953167669998948e+01	2.321440550000000e-04
5.957858349999879e+01	2.326237880000000e-04
5.960963899991475e+01	2.332378500000000e-04
5.963985749997664e+01	2.339478810000000e-04
5.968761539994739e+01	2.351760050000000e-04
5.973156809993088e+01	2.359819920000000e-04
5.977787190000527e+01	2.365385010000000e-04
5.984082309994847e+01	2.380736700000000e-04
5.988855169992894e+01	2.387069400000000e-04
5.991884479997680e+01	2.391866730000000e-04
5.994936989992857e+01	2.396472410000000e-04
5.998063170001842e+01	2.404531990000000e-04
6.004205449996516e+01	2.411632160000000e-04
6.009779879997950e+01	2.416429630000000e-04
