# [General]
# timestamp=2025-04-14T18:40:34.861215
# comments='# '
# delimiter='\t'
# column_dtypes=float;;float
# column_headers='Time (s);;Power (W)'
# 
# [Metadata]
# scanner_x=-4.847199784022785
# scanner_y=3.779152250835514
# start recoding time='14.04.2025, 18:39:34.813050'
# sample rate (hz)=50.0
# sample timing='TIMESTAMP'
# 
# ---- END HEADER ----
1.110300014261156e-03	7.826698860000000e-05
5.900780000956729e-02	7.884319350000000e-05
1.050338000059128e-01	7.826698860000000e-05
1.359726000227965e-01	7.826698860000000e-05
1.662812000140548e-01	7.845913209999999e-05
2.111717999796383e-01	7.941939839999999e-05
2.578105999855325e-01	7.826698860000000e-05
3.057066000183113e-01	7.826698860000000e-05
3.519998000119813e-01	7.884319350000000e-05
4.133501999895088e-01	7.941939839999999e-05
4.451802999828942e-01	7.961154190000001e-05
4.762800000025891e-01	7.865116640000000e-05
5.074854000122286e-01	7.961154190000001e-05
5.564724999712780e-01	7.980357619999999e-05
6.022102999850176e-01	8.134015659999999e-05
6.652618999942206e-01	8.306888050000000e-05
7.118707000045106e-01	8.249267560000000e-05
7.432610000250861e-01	8.326091480000001e-05
7.775684000225738e-01	8.230053210000000e-05
8.067719999817200e-01	8.268470990000000e-05
8.520271999877878e-01	8.268470990000000e-05
9.142906999913976e-01	8.345305100000000e-05
9.611564999795519e-01	8.383722890000001e-05
1.006666100001894e+00	8.345305100000000e-05
1.038582700013649e+00	8.345305100000000e-05
1.069088999996893e+00	8.518166580000000e-05
1.114866400021128e+00	8.441343380000000e-05
1.161179099988658e+00	8.556584359999999e-05
1.206709199992474e+00	8.537380930000001e-05
1.252229199977592e+00	8.575798710000000e-05
1.314310499990825e+00	8.595001420000000e-05
1.345210700004827e+00	8.652621910000000e-05
1.376215199998114e+00	8.710242399999999e-05
1.407111599983182e+00	8.787077240000000e-05
1.455325399991125e+00	8.940735280000000e-05
1.517804700008128e+00	8.902318220000001e-05
1.569200599973556e+00	8.998355770000000e-05
1.611112800019328e+00	9.113607670000001e-05
1.641075499996077e+00	9.075190610000000e-05
1.672160000016447e+00	9.152013810000000e-05
1.703113499970641e+00	9.324886920000001e-05
1.750262600020505e+00	9.286469139999999e-05
1.781209299981128e+00	9.248052080000000e-05
1.811227599973790e+00	9.248052080000000e-05
1.856973399990238e+00	9.420924470000000e-05
1.917144700011704e+00	9.516962020000000e-05
1.948216899996623e+00	9.574582510000000e-05
1.980210000008810e+00	9.613000290000000e-05
2.011017900018487e+00	9.651417350000000e-05
2.057195000001229e+00	9.670620780000000e-05
2.104177300003357e+00	9.862695879999999e-05
2.149441500019748e+00	9.881899310000000e-05
2.181167199974880e+00	1.003556830000000e-04
2.211194999981672e+00	1.013160650000000e-04
2.241519399976823e+00	1.024684750000000e-04
2.272055900015403e+00	1.030446800000000e-04
2.302740600018296e+00	1.018922700000000e-04
2.364311699988320e+00	1.036208780000000e-04
2.411136400012765e+00	1.057337790000000e-04
2.459209799999371e+00	1.070782160000000e-04
2.507297799980734e+00	1.086149130000000e-04
2.537359100009780e+00	1.088069480000000e-04
2.568952700006776e+00	1.086149130000000e-04
2.600777100014966e+00	1.093831520000000e-04
2.632122999988496e+00	1.093831520000000e-04
2.663120699988212e+00	1.113039030000000e-04
2.711501099984162e+00	1.118801080000000e-04
2.756339800020214e+00	1.120722520000000e-04
2.802468499983661e+00	1.111118760000000e-04
2.833434499974828e+00	1.114959380000000e-04
2.865023099991959e+00	1.124563130000000e-04
2.911251700017601e+00	1.134166960000000e-04
2.958035800023936e+00	1.136088390000000e-04
3.004660999984480e+00	1.153374470000000e-04
3.052424599998631e+00	1.157216250000000e-04
3.117618300020695e+00	1.178344100000000e-04
3.146306500013452e+00	1.186027580000000e-04
3.177315099979751e+00	1.186027580000000e-04
3.208071600005496e+00	1.199473120000000e-04
3.257165000017267e+00	1.226362950000000e-04
3.317787299980409e+00	1.237888210000000e-04
3.349020899971947e+00	1.257095720000000e-04
3.379121900012251e+00	1.266699550000000e-04
3.410077099979389e+00	1.287827470000000e-04
3.441025600011926e+00	1.330084340000000e-04
3.472209799976554e+00	1.368499360000000e-04
3.519606099987868e+00	1.380023460000000e-04
3.552295500005130e+00	1.372340050000000e-04
3.612697299977299e+00	1.408834800000000e-04
3.660522799997125e+00	1.418438620000000e-04
3.706288799992763e+00	1.426121020000000e-04
3.737994399969466e+00	1.426121020000000e-04
3.768915200023912e+00	1.426121020000000e-04
3.815011799975764e+00	1.422280330000000e-04
3.861428699980024e+00	1.445328530000000e-04
3.907525099988561e+00	1.454932350000000e-04
3.954591199988499e+00	1.466457470000000e-04
4.001008899998851e+00	1.491427100000000e-04
4.032650000008289e+00	1.550970050000000e-04
4.063247299985960e+00	1.662373690000000e-04
4.109982699970715e+00	1.741124290000000e-04
4.156291699968278e+00	1.769935620000000e-04
4.203187900013290e+00	1.769935620000000e-04
4.249122300010640e+00	1.773777330000000e-04
4.280112800013740e+00	1.785301430000000e-04
4.311422300001141e+00	1.766093920000000e-04
4.341849100019317e+00	1.768015350000000e-04
4.372451999981422e+00	1.787222860000000e-04
4.402690400020219e+00	1.791063550000000e-04
4.465126800001599e+00	1.808350790000000e-04
4.511960599978920e+00	1.841003830000000e-04
4.560083899996243e+00	1.850607660000000e-04
4.607406499970239e+00	1.864053190000000e-04
4.638809299969580e+00	1.877497560000000e-04
4.669597500003874e+00	1.915912730000000e-04
4.715670100005809e+00	1.937041670000000e-04
4.762751100002788e+00	1.952407470000000e-04
4.808676399989054e+00	1.944724060000000e-04
4.855781399994157e+00	1.965851840000000e-04
4.902322200010531e+00	1.967773280000000e-04
4.934453000023495e+00	1.981218810000000e-04
4.965016899979673e+00	1.998504890000000e-04
5.012340900022537e+00	2.038840320000000e-04
5.059666500019375e+00	2.286617240000000e-04
5.106542999972589e+00	2.472930940000000e-04
5.152233599976171e+00	2.515186500000000e-04
5.199119700002484e+00	2.536315590000000e-04
5.230035000015050e+00	2.536315590000000e-04
5.261198799998965e+00	2.540157290000000e-04
5.307592800003476e+00	2.534394150000000e-04
5.357484799984377e+00	2.588175120000000e-04
5.401198500010651e+00	2.611224480000000e-04
5.450592399982270e+00	2.628511570000000e-04
5.480088200012688e+00	2.651559770000000e-04
5.511250499985181e+00	2.666926590000000e-04
5.544525399978738e+00	2.670767430000000e-04
5.573806700005662e+00	2.663084890000000e-04
5.605315599997994e+00	2.691896220000000e-04
5.652030500001274e+00	2.713024150000000e-04
5.714032899995800e+00	2.809062130000000e-04
5.760424999985844e+00	2.857080840000000e-04
5.806355000007898e+00	2.872446780000000e-04
5.837600699975155e+00	2.951197380000000e-04
5.869284300017171e+00	3.147113600000000e-04
5.915930300019681e+00	3.348792960000000e-04
5.962395399983507e+00	3.444830650000000e-04
6.008732000016607e+00	3.485166230000000e-04
6.055668500019237e+00	3.477482530000000e-04
6.103138300008141e+00	3.485166230000000e-04
6.134230899973772e+00	3.519739550000000e-04
6.166033899993636e+00	3.550471160000000e-04
6.212181099981535e+00	3.604252120000000e-04
6.257313599984627e+00	3.638826600000000e-04
6.304365999996662e+00	3.704131810000000e-04
6.351328500022646e+00	3.748308810000000e-04
6.399099299975205e+00	4.057550100000000e-04
6.430981700017583e+00	4.280357390000000e-04
6.462287199974526e+00	4.528133140000000e-04
6.508783299999777e+00	4.593439230000000e-04
6.555790700018406e+00	4.589598680000000e-04
6.617124099982902e+00	4.612646880000000e-04
6.663401999976486e+00	4.633774810000000e-04
6.710083600017242e+00	4.639537950000000e-04
6.741609999968205e+00	4.633774810000000e-04
6.772170100011863e+00	4.637615350000000e-04
6.803735399967991e+00	4.620330290000000e-04
6.851297300017904e+00	4.693317750000000e-04
6.913828700024169e+00	5.198474970000000e-04
6.958403399970848e+00	5.492349740000000e-04
7.006401999969967e+00	5.626802450000000e-04
7.036262299981900e+00	5.718999890000000e-04
7.067168099980336e+00	5.838085780000000e-04
7.115608400024939e+00	6.034001710000000e-04
7.161199899972416e+00	6.293304030000000e-04
7.206674100016244e+00	6.758125960000000e-04
7.254141999990679e+00	6.838797130000001e-04
7.316379799973220e+00	6.877211850000000e-04
7.347141699981876e+00	6.929071390000000e-04
7.383497499977238e+00	7.023189100000000e-04
7.409118900017347e+00	7.334350960000000e-04
7.456169500015676e+00	7.511059519999999e-04
7.517728800012264e+00	7.541790840000000e-04
7.564208899973892e+00	7.874080330000001e-04
7.610118200012948e+00	8.329298580000000e-04
7.640914999996312e+00	8.554026140000000e-04
7.672573900024872e+00	8.632777030000000e-04
7.703118400007952e+00	8.638540170000000e-04
7.749434099998325e+00	8.605888000000000e-04
7.780863999971189e+00	8.613569080000000e-04
7.812246499990579e+00	8.582837760000000e-04
7.858410999993794e+00	8.627016210000000e-04
7.905952000000980e+00	8.638540170000000e-04
7.935431899968535e+00	8.680796020000000e-04
7.966774999978952e+00	8.713449930000000e-04
8.013519999978598e+00	8.703846250000000e-04
8.061555499967653e+00	8.717290480000000e-04
8.105577400012407e+00	8.849823500000000e-04
8.151588900014758e+00	8.917049850000000e-04
8.205780700023752e+00	9.178269540000000e-04
8.246420299983583e+00	1.003108340000000e-03
8.277041499968618e+00	1.051511380000000e-03
8.311456999974325e+00	1.064380280000000e-03
8.357069999969099e+00	1.071679290000000e-03
8.401382400013972e+00	1.073600030000000e-03
8.447834399994463e+00	1.079554320000000e-03
8.479168399993796e+00	1.081475060000000e-03
8.510481400007848e+00	1.086084750000000e-03
8.541589699976612e+00	1.098377630000000e-03
8.572154399997089e+00	1.098953890000000e-03
8.602544000023045e+00	1.100874740000000e-03
8.649481799977366e+00	1.109710080000000e-03
8.681088300014380e+00	1.116240510000000e-03
8.712395099981222e+00	1.127765050000000e-03
8.759079899988137e+00	1.219769120000000e-03
8.805346200009808e+00	1.288339730000000e-03
8.836513900023419e+00	1.346538540000000e-03
8.867543199972715e+00	1.400895770000000e-03
8.915003600006457e+00	1.436813850000000e-03
8.962197099986952e+00	1.450259120000000e-03
9.009936199989170e+00	1.447762130000000e-03
9.056516300013755e+00	1.445841280000000e-03
9.102992800006177e+00	1.452948200000000e-03
9.134012700000312e+00	1.466777640000000e-03
9.165975500014611e+00	1.497509420000000e-03
9.212212699989323e+00	1.572995100000000e-03
9.259707599994726e+00	1.617940610000000e-03
9.306458499981090e+00	1.617940610000000e-03
9.353868299978785e+00	1.629465140000000e-03
9.415622100001201e+00	1.640029250000000e-03
9.446272799978033e+00	1.651553790000000e-03
9.476906399999280e+00	1.655779430000000e-03
9.507233600015752e+00	1.739524070000000e-03
9.554618499998469e+00	1.802140730000000e-03
9.600374899979215e+00	1.805405830000000e-03
9.663073199975770e+00	1.820771950000000e-03
9.710797099978663e+00	1.825957910000000e-03
9.742162399983499e+00	1.824421460000000e-03
9.772775500023272e+00	1.821732260000000e-03
9.804007600003388e+00	1.817314420000000e-03
9.850093799992464e+00	1.816354110000000e-03
9.880728900025133e+00	1.825381770000000e-03
9.911602900014259e+00	1.832296490000000e-03
9.959162399987690e+00	1.875705320000000e-03
1.000642180000432e+01	1.934672240000000e-03
1.003731609997340e+01	1.966172600000000e-03
1.006849560001865e+01	1.994407740000000e-03
1.011518279998563e+01	2.010157800000000e-03
1.016216890001670e+01	2.018801170000000e-03
1.020912219997263e+01	2.027060600000000e-03
1.025462279998465e+01	2.019377660000000e-03
1.031538410001667e+01	2.009965950000000e-03
1.034651940001640e+01	2.007084430000000e-03
1.037773750000633e+01	2.019377660000000e-03
1.040824329998577e+01	2.045499630000000e-03
1.045495919999667e+01	2.135198560000000e-03
1.051573270000517e+01	2.202425150000000e-03
1.056229729996994e+01	2.259663310000000e-03
1.060927179997088e+01	2.272532550000000e-03
1.064278559997911e+01	2.296157650000000e-03
1.066992590000154e+01	2.348402050000000e-03
1.071575360000134e+01	2.445399990000000e-03
1.076120020000963e+01	2.469409260000000e-03
1.080777369998395e+01	2.457885300000000e-03
1.085455430002185e+01	2.470177830000000e-03
1.091635610000230e+01	2.482086420000000e-03
1.094643249997171e+01	2.504559000000000e-03
1.097877529996913e+01	2.532026030000000e-03
1.101112739997916e+01	2.589456270000000e-03
1.105650589999277e+01	2.663213060000000e-03
1.110269929998321e+01	2.708158690000000e-03
1.115007119998336e+01	2.765781480000000e-03
1.118019679997815e+01	2.775769220000000e-03
1.121202659996925e+01	2.787869890000000e-03
1.124389220000012e+01	2.792479940000000e-03
1.127437040000223e+01	2.793824070000000e-03
1.130618700000923e+01	2.790366770000000e-03
1.135275810002349e+01	2.790943250000000e-03
1.141530240001157e+01	2.902346660000000e-03
1.146122419997118e+01	2.971877810000000e-03
1.150807939999504e+01	2.987051850000000e-03
1.153863379999530e+01	3.020280970000000e-03
1.156967009999789e+01	3.061960920000000e-03
1.160072109999601e+01	3.095189810000000e-03
1.163142799999332e+01	3.137062540000000e-03
1.166249399998924e+01	3.188922540000000e-03
1.171013139997376e+01	3.227913750000000e-03
1.175521360000130e+01	3.228874180000000e-03
1.180205669999123e+01	3.236173190000000e-03
1.183268769999268e+01	3.250002630000000e-03
1.186409899999853e+01	3.304551820000000e-03
1.191125100001227e+01	3.387528010000000e-03
1.195847030001460e+01	3.496627090000000e-03
1.200598509999691e+01	3.567118430000000e-03
1.205147210002178e+01	3.595929830000000e-03
1.211414520000108e+01	3.632615790000000e-03
1.214540590002434e+01	3.683323970000000e-03
1.217660579999210e+01	3.717513060000000e-03
1.220687870000256e+01	3.781858130000000e-03
1.225393110001460e+01	3.812782230000000e-03
1.231619209999917e+01	3.851005340000000e-03
1.236291019996861e+01	3.899023870000000e-03
1.241055400000187e+01	3.940512430000000e-03
1.244104529998731e+01	3.953957460000000e-03
1.247202889999608e+01	3.972588570000000e-03
1.250381979998201e+01	3.974701280000000e-03
1.254918949998682e+01	3.975278230000000e-03
1.258019710000372e+01	3.983729050000000e-03
1.261140809999779e+01	4.068241920000000e-03
1.265711879997980e+01	4.161590710000000e-03
1.270423069997923e+01	4.199813590000000e-03
1.273417469998822e+01	4.225551620000000e-03
1.276503609999781e+01	4.241878170000000e-03
1.281216480000876e+01	4.242454190000000e-03
1.285877739998978e+01	4.260316960000000e-03
1.290557659999467e+01	4.326006860000000e-03
1.295218199997908e+01	4.386702550000000e-03
1.299920500000007e+01	4.437794440000000e-03
1.302996249997523e+01	4.449319090000000e-03
1.306202070001746e+01	4.484660920000000e-03
1.310775219998322e+01	4.514816680000000e-03
1.315479170001345e+01	4.581082610000000e-03
1.320148220000556e+01	4.607012500000000e-03
1.324806289997650e+01	4.657528360000000e-03
1.327911459997995e+01	4.674239080000000e-03
1.330973510001786e+01	4.704779010000000e-03
1.334106790000806e+01	4.712461960000000e-03
1.337275280000176e+01	4.747611940000000e-03
1.340340920002200e+01	4.808115310000000e-03
1.344906610000180e+01	4.844609650000000e-03
1.348329240002204e+01	4.883216690000000e-03
1.351513409998734e+01	4.887826740000000e-03
1.355896709999070e+01	4.907226190000000e-03
1.360527320002439e+01	4.906073680000000e-03
1.363557260000380e+01	4.927777690000000e-03
1.366600660001859e+01	4.991546740000000e-03
1.371251959999790e+01	5.057044790000000e-03
1.375913690001471e+01	5.067800640000000e-03
1.380645500001265e+01	5.061654370000000e-03
1.385406639997382e+01	5.064343570000000e-03
1.391638050001347e+01	5.135027230000000e-03
1.394766920001712e+01	5.180548880000000e-03
1.397946369997226e+01	5.223765970000000e-03
1.401007740001660e+01	5.228375550000000e-03
1.405676669999957e+01	5.229528060000000e-03
1.410291760001564e+01	5.231064280000000e-03
1.415010059997439e+01	5.296754190000000e-03
1.418134030001238e+01	5.332287870000000e-03
1.421228669997072e+01	5.385301080000000e-03
1.424312300002202e+01	5.427557040000000e-03
1.427840609999839e+01	5.438697520000000e-03
1.430574149999302e+01	5.463283510000000e-03
1.435233470000094e+01	5.454831760000000e-03
1.440107690001605e+01	5.480185620000000e-03
1.446119840000756e+01	5.529165270000000e-03
1.450854680000339e+01	5.533006970000000e-03
1.453904399997555e+01	5.538960920000000e-03
1.457288890000200e+01	5.567388140000000e-03
1.460396330000367e+01	5.596775560000000e-03
1.466327169997385e+01	5.655550860000000e-03
1.471042419999139e+01	5.699151660000000e-03
1.475632849999238e+01	5.693965130000000e-03
1.480643980001332e+01	5.701072050000000e-03
1.483512120001251e+01	5.685321990000000e-03
1.486574879998807e+01	5.693389100000000e-03
1.491316469997400e+01	5.758694840000000e-03
1.496064170001773e+01	5.809786730000000e-03
1.500692379998509e+01	5.819198680000000e-03
1.505355539999437e+01	5.825729110000000e-03
1.511518879997311e+01	5.830722860000000e-03
1.514647769997828e+01	5.882007070000000e-03
1.517807129997527e+01	5.894876090000000e-03
1.520903510000790e+01	5.927336400000000e-03
1.525574429996777e+01	5.912547000000000e-03
1.530245319998357e+01	5.907936950000000e-03
1.534988240001258e+01	5.893147550000000e-03
1.538325329998042e+01	5.902174860000000e-03
1.541471370001091e+01	5.933675450000000e-03
1.544421450002119e+01	5.951346360000000e-03
1.547593479999341e+01	5.988992750000000e-03
1.550575850001769e+01	5.994562990000000e-03
1.555285849998472e+01	5.988992750000000e-03
1.559872870001709e+01	5.961142010000000e-03
1.562977639999008e+01	5.966135770000000e-03
1.566117789997952e+01	6.018380170000000e-03
1.570894340000814e+01	6.045463030000000e-03
1.574108020000858e+01	6.062749770000000e-03
1.577261250000447e+01	6.054874510000000e-03
1.580432300001848e+01	6.045078860000000e-03
1.585110410000198e+01	6.025102920000000e-03
1.591814119997434e+01	6.066014990000000e-03
1.596021440002369e+01	6.102893040000000e-03
1.600669239996932e+01	6.106927060000000e-03
1.603751300001750e+01	6.084261930000000e-03
1.606798019999405e+01	6.087910850000000e-03
1.611503210000228e+01	6.070432720000000e-03
1.616037529997993e+01	6.113265180000000e-03
1.620682259998284e+01	6.144381590000000e-03
1.625374730001204e+01	6.131512110000000e-03
1.631530509999720e+01	6.128247360000000e-03
1.634640330000548e+01	6.100780330000000e-03
1.637747790000867e+01	6.092905530000000e-03
1.640906719997292e+01	6.124213340000000e-03
1.645453619997716e+01	6.151103880000000e-03
1.651660779997474e+01	6.147262640000000e-03
1.656332780001685e+01	6.139003670000000e-03
1.661127130000386e+01	6.106158720000000e-03
1.664147839997895e+01	6.108655590000000e-03
1.667004920000909e+01	6.142652590000000e-03
1.670226749998983e+01	6.146110130000000e-03
1.676457599998685e+01	6.148991170000000e-03
1.681148119998397e+01	6.130360070000000e-03
1.685836559999734e+01	6.092905530000000e-03
1.690599170001224e+01	6.120371630000000e-03
1.693760240002302e+01	6.130360070000000e-03
1.696764240000630e+01	6.150528320000000e-03
1.701297089998843e+01	6.145149470000000e-03
1.705913120001787e+01	6.121525080000000e-03
1.710555999999633e+01	6.067743990000000e-03
1.715172429999802e+01	6.084070080000000e-03
1.719790869997814e+01	6.106927060000000e-03
1.722891950001940e+01	6.136505860000000e-03
1.725915260001784e+01	6.131512110000000e-03
1.730611080001108e+01	6.122868510000000e-03
1.735265969997272e+01	6.092521360000000e-03
1.739806159998989e+01	6.096554450000000e-03
1.742995810002321e+01	6.121716460000000e-03
1.746166769997217e+01	6.145342250000000e-03
1.750814709998667e+01	6.145726420000000e-03
1.753962220001267e+01	6.121525080000000e-03
1.757177079998655e+01	6.117106880000000e-03
1.760342980001587e+01	6.086374630000000e-03
1.765010410000104e+01	6.106350570000000e-03
1.768164959998103e+01	6.129592190000000e-03
1.771310679998714e+01	6.153600760000000e-03
1.776015679998090e+01	6.145726420000000e-03
1.780651029996807e+01	6.128055040000000e-03
1.783952639997005e+01	6.108655590000000e-03
1.786850039998535e+01	6.081765050000000e-03
1.791445360000944e+01	6.105966400000000e-03
1.796176600002218e+01	6.132089070000000e-03
1.800896150001790e+01	6.131896280000000e-03
1.805608100001700e+01	6.110000420000000e-03
1.811719800002174e+01	6.069663910000000e-03
1.815063950000331e+01	6.063517650000000e-03
1.817981130001135e+01	6.079652350000000e-03
1.821161870000651e+01	6.090408660000000e-03
1.825681920000352e+01	6.080996710000000e-03
1.830271680001169e+01	6.064286460000000e-03
1.834916059998795e+01	6.025102920000000e-03
1.837924350000685e+01	6.007047840000000e-03
1.841103540000040e+01	6.020685190000000e-03
1.844249310001032e+01	6.023566240000000e-03
1.847331019997364e+01	6.041429470000000e-03
1.852064860000974e+01	6.024142260000000e-03
1.855228820000775e+01	5.986880050000000e-03
1.859944319998613e+01	5.902366710000000e-03
1.862863920000382e+01	5.869329910000000e-03
1.865878629998770e+01	5.877589340000000e-03
1.870533929998055e+01	5.867217200000000e-03
1.873584789998131e+01	5.873363930000000e-03
1.876696480001556e+01	5.867024880000000e-03
1.881316989997867e+01	5.841863340000000e-03
1.885984170000302e+01	5.796725400000000e-03
1.890568750002421e+01	5.803448610000000e-03
1.895246709999628e+01	5.772140340000000e-03
1.901507279998623e+01	5.714709400000000e-03
1.904719349998049e+01	5.645947070000000e-03
1.907781340001384e+01	5.603498310000000e-03
1.911271000001580e+01	5.535695700000000e-03
1.915574640000705e+01	5.541650110000000e-03
1.920261610002490e+01	5.536271720000000e-03
1.924812260002363e+01	5.550677420000000e-03
1.927827559999423e+01	5.520905830000000e-03
1.930950149998534e+01	5.456368440000000e-03
1.934109840000747e+01	5.402587820000000e-03
1.937249259999953e+01	5.333056670000000e-03
1.940365069999825e+01	5.335553550000000e-03
1.944912010000553e+01	5.336321420000000e-03
1.948013019998325e+01	5.346501710000000e-03
1.951184039999498e+01	5.317690320000000e-03
1.955687749997014e+01	5.232409110000000e-03
1.960395279998193e+01	5.187079780000000e-03
1.963598349998938e+01	5.151161460000000e-03
1.966634900000645e+01	5.151353310000000e-03
1.971417669998482e+01	5.140213300000000e-03
1.976111560000572e+01	5.106215830000000e-03
1.980790949997026e+01	5.054355130000000e-03
1.985383189999266e+01	4.968497900000000e-03
1.991533200000413e+01	4.934692760000000e-03
1.994692929997109e+01	4.902040120000000e-03
1.997937339998316e+01	4.868811000000000e-03
2.000860110000940e+01	4.778343720000000e-03
2.005461190000642e+01	4.693446680000000e-03
2.010118070000317e+01	4.659833390000000e-03
2.016545059997588e+01	4.610854200000000e-03
2.021097239997471e+01	4.574936350000000e-03
2.024281049997080e+01	4.550926850000000e-03
2.027387520001503e+01	4.480243190000000e-03
2.030471439997200e+01	4.376330880000000e-03
2.035029079997912e+01	4.326199180000000e-03
2.038143249996938e+01	4.276643970000000e-03
2.041319390002172e+01	4.254746720000000e-03
2.045989539998118e+01	4.191746470000000e-03
2.050727080000797e+01	4.153139420000000e-03
2.053906829998596e+01	4.108962140000000e-03
2.057011099997908e+01	4.065937360000000e-03
2.060131260001799e+01	4.019646910000000e-03
2.064831879996927e+01	3.975854260000000e-03
2.068034419999458e+01	3.967402970000000e-03
2.071096300001955e+01	3.931868820000000e-03
2.075788039999316e+01	3.891148840000000e-03
2.080472890002420e+01	3.860609140000000e-03
2.083576859999448e+01	3.851389510000000e-03
2.086859879997792e+01	3.810861610000000e-03
2.091456499998458e+01	3.800873640000000e-03
2.096131129999412e+01	3.757272850000000e-03
2.100807149999309e+01	3.711942820000000e-03
2.105430590000469e+01	3.643372100000000e-03
2.111638299998594e+01	3.592280440000000e-03
2.114725540002109e+01	3.558090890000000e-03
2.117674369999440e+01	3.532544940000000e-03
2.120806500001345e+01	3.477035090000000e-03
2.125498999998672e+01	3.419988790000000e-03
2.131713869998930e+01	3.343351190000000e-03
2.136290309997275e+01	3.287841100000000e-03
2.140911100001540e+01	3.268633500000000e-03
2.144050329999300e+01	3.249041970000000e-03
2.147063960001105e+01	3.202175720000000e-03
2.151802399998996e+01	3.156654070000000e-03
2.156354319996899e+01	3.074830170000000e-03
2.160977390001062e+01	2.985515170000000e-03
2.165689480002038e+01	2.916560040000000e-03
2.170375500002410e+01	2.886596600000000e-03
2.173453319998225e+01	2.858553780000000e-03
2.176521139999386e+01	2.825708830000000e-03
2.181216989998939e+01	2.766741440000000e-03
2.185896260000300e+01	2.670896240000000e-03
2.190561159997014e+01	2.594450490000000e-03
2.195215989998542e+01	2.550272970000000e-03
2.199912709998898e+01	2.477860780000000e-03
2.203012459998718e+01	2.411018360000000e-03
2.206118770001922e+01	2.330923220000000e-03
2.210771930002375e+01	2.256206240000000e-03
2.215445139998337e+01	2.203001180000000e-03
2.220011809997959e+01	2.184946320000000e-03
2.223050990002230e+01	2.166891240000000e-03
2.226133770000888e+01	2.144034250000000e-03
2.230778719997033e+01	2.108115940000000e-03
2.233835689997068e+01	2.060097640000000e-03
2.236954280000646e+01	2.008045090000000e-03
2.239996449998580e+01	1.980002270000000e-03
2.243057809997117e+01	1.952919760000000e-03
2.246189849998336e+01	1.898562420000000e-03
2.250890949997120e+01	1.863988700000000e-03
2.255608900001971e+01	1.812512640000000e-03
2.260256349999690e+01	1.765262220000000e-03
2.263304669997888e+01	1.715898860000000e-03
2.266364789998624e+01	1.691505430000000e-03
2.271018400002504e+01	1.667111880000000e-03
2.275646699999925e+01	1.618708950000000e-03
2.280303369998001e+01	1.583367240000000e-03
2.285019319999265e+01	1.542839220000000e-03
2.288191090000328e+01	1.517485360000000e-03
2.291432450001594e+01	1.490979110000000e-03
2.294388039998012e+01	1.478302180000000e-03
2.297655939997640e+01	1.464856900000000e-03
2.300740240002051e+01	1.455445080000000e-03
2.305411019996973e+01	1.436621770000000e-03
2.311448019999079e+01	1.416453860000000e-03
2.316217299998971e+01	1.384377360000000e-03
2.320812059997115e+01	1.354413570000000e-03
2.323871940001845e+01	1.333285470000000e-03
2.327098610001849e+01	1.310428490000000e-03
2.330219550000038e+01	1.296791130000000e-03
2.334884360001888e+01	1.273549980000000e-03
2.337916489999043e+01	1.253766360000000e-03
2.341016500000842e+01	1.227452070000000e-03
2.345793939998839e+01	1.181161960000000e-03
2.350486370001454e+01	1.159265520000000e-03
2.353601079998771e+01	1.128725470000000e-03
2.356669279997004e+01	1.083011510000000e-03
2.361285600002157e+01	1.042291640000000e-03
2.365934600000037e+01	1.008486610000000e-03
2.370416879997356e+01	9.524006160000000e-04
2.375063179997960e+01	9.324246779999999e-04
2.378220199997304e+01	9.055343110000000e-04
2.381321410002420e+01	8.821011869999999e-04
2.384521200001473e+01	8.696162840000000e-04
2.387708150001708e+01	8.427256830000000e-04
2.390801449998980e+01	8.021977850000001e-04
2.395435559999896e+01	7.779964940000000e-04
2.400120629998855e+01	7.564839320000000e-04
2.404802789998939e+01	7.257520340000001e-04
2.407812479999848e+01	7.063524680000000e-04
2.411014960001921e+01	6.863765300000000e-04
2.414233619999141e+01	6.746599680000000e-04
2.417266789998394e+01	6.700503290000000e-04
2.420314759999746e+01	6.662087980000000e-04
2.425117020000471e+01	6.306748260000000e-04
2.431546720000915e+01	5.755492020000000e-04
2.436011720000533e+01	5.448173620000000e-04
2.440618059999542e+01	5.357898770000000e-04
2.443653080001241e+01	5.288749820000000e-04
2.446710549999261e+01	5.090913620000000e-04
2.451325359998737e+01	4.975667690000000e-04
2.455966530001024e+01	4.822007610000000e-04
2.460626989998855e+01	4.727892230000000e-04
2.466920790000586e+01	4.699080890000000e-04
2.471665939997183e+01	4.595359500000000e-04
2.474888339999598e+01	4.420571200000000e-04
2.477897280000616e+01	4.293801900000000e-04
2.481032280001091e+01	4.046024990000000e-04
2.485673850000603e+01	3.859712450000000e-04
2.490241599996807e+01	3.802089780000000e-04
2.494836580002448e+01	3.777120150000000e-04
2.498023599997396e+01	3.750229080000000e-04
2.501181060000090e+01	3.740625400000000e-04
2.504297750000842e+01	3.717577200000000e-04
2.507555800001137e+01	3.667636770000000e-04
2.510622050001984e+01	3.531263500000000e-04
2.515220549999503e+01	3.406415640000000e-04
2.519960390002234e+01	3.314219650000000e-04
2.523018189996947e+01	3.241231020000000e-04
2.526064699998824e+01	3.037631400000000e-04
2.530671239999356e+01	2.899336690000000e-04
2.533678620000137e+01	2.807140700000000e-04
2.536802619998343e+01	2.709182440000000e-04
2.541392079996876e+01	2.655401480000000e-04
2.546012319996953e+01	2.630431850000000e-04
2.550680530001409e+01	2.622749600000000e-04
2.555287419998785e+01	2.613145920000000e-04
2.561394850001670e+01	2.568967470000000e-04
2.564522140001645e+01	2.524790470000000e-04
2.567643410002347e+01	2.499820840000000e-04
2.570665569999255e+01	2.484454890000000e-04
2.575393800000893e+01	2.392258760000000e-04
2.579997320001712e+01	2.290458940000000e-04
2.583017879998079e+01	2.219391900000000e-04
2.586127850000048e+01	2.144481990000000e-04
2.591196449997369e+01	2.109908530000000e-04
2.595621889998438e+01	2.075335210000000e-04
2.600136090000160e+01	2.065731390000000e-04
2.606300500000361e+01	2.027316220000000e-04
2.610865800001193e+01	1.994663180000000e-04
2.615578570001526e+01	1.967773280000000e-04
2.620309219998308e+01	1.965851840000000e-04
2.623468240001239e+01	1.946644330000000e-04
2.626613459998043e+01	1.917834020000000e-04
2.631307859998196e+01	1.869815170000000e-04
2.636203580000438e+01	1.764173650000000e-04
2.640584879997186e+01	1.695026880000000e-04
2.645221090002451e+01	1.652770010000000e-04
2.651360790000763e+01	1.616276280000000e-04
2.654510889999801e+01	1.602830740000000e-04
2.657525360002182e+01	1.575939680000000e-04
2.660721909999847e+01	1.545208070000000e-04
2.665367259999039e+01	1.468377890000000e-04
2.671573210001225e+01	1.431884160000000e-04
2.676215540000703e+01	1.360815950000000e-04
2.680807259998983e+01	1.328162910000000e-04
2.683908130001510e+01	1.303193280000000e-04
2.687015249999240e+01	1.278223640000000e-04
2.691971370001556e+01	1.260936410000000e-04
2.696608789998572e+01	1.264778110000000e-04
2.700793979997979e+01	1.255174280000000e-04
2.705446439998923e+01	1.247492040000000e-04
2.711680850002449e+01	1.235966770000000e-04
2.714707659999840e+01	1.226362950000000e-04
2.717893110000296e+01	1.222522410000000e-04
2.720906379999360e+01	1.220600970000000e-04
2.725580769998487e+01	1.209076870000000e-04
2.730314759997418e+01	1.207155440000000e-04
2.734933130000718e+01	1.203314820000000e-04
2.738104239996755e+01	1.189869290000000e-04
2.741249770001741e+01	1.189869290000000e-04
2.744312269997317e+01	1.189869290000000e-04
2.747434070002055e+01	1.182185810000000e-04
2.750621770002181e+01	1.184107240000000e-04
2.755164070002502e+01	1.180265540000000e-04
2.759963010001229e+01	1.172582050000000e-04
2.763336999999592e+01	1.155295900000000e-04
2.766372999997111e+01	1.153374470000000e-04
2.771012549998704e+01	1.149533850000000e-04
2.774108080001315e+01	1.149533850000000e-04
2.777255290001631e+01	1.136088390000000e-04
2.780329670000356e+01	1.030446800000000e-04
2.785012700001244e+01	9.901113660000001e-05
2.788011730002472e+01	9.747454900000000e-05
2.791080030001467e+01	9.555379799999999e-05
2.795812879997538e+01	9.555379799999999e-05
2.800439620000543e+01	9.574582510000000e-05
2.803475330001675e+01	9.555379799999999e-05
2.806511660001706e+01	9.382506690000000e-05
2.811219810001785e+01	9.094393320000000e-05
2.815883279999252e+01	8.479760440000000e-05
2.820660209999187e+01	8.326091480000001e-05
2.825208459998248e+01	8.326091480000001e-05
2.831486899999436e+01	8.402925600000000e-05
2.834621430002153e+01	8.287685340000000e-05
2.837733639997896e+01	8.268470990000000e-05
2.840829099999974e+01	8.230053210000000e-05
2.845576709997840e+01	8.249267560000000e-05
2.851660580001771e+01	8.230053210000000e-05
2.856237140001031e+01	8.210850500000000e-05
2.860808819998056e+01	8.076395170000000e-05
2.864120680000633e+01	8.153230010000000e-05
2.867003059998387e+01	8.037977390000000e-05
2.871675740001956e+01	8.018774680000000e-05
2.876295820000814e+01	8.095609520000000e-05
2.880912569997599e+01	8.018774680000000e-05
2.885568629996851e+01	7.903533700000000e-05
2.890294160001213e+01	7.845913209999999e-05
2.893513350002468e+01	7.807496150000001e-05
2.896440589998383e+01	7.557799840000000e-05
2.901047109998763e+01	7.231269410000000e-05
2.905561809998471e+01	7.019990150000000e-05
2.910287719999906e+01	6.923952610000000e-05
2.916619040002115e+01	6.751080220000000e-05
2.921186109998962e+01	6.731876780000001e-05
2.924241790000815e+01	6.693459729999999e-05
2.927372870000545e+01	6.655041940000000e-05
2.930567079997854e+01	6.578207830000000e-05
2.935134360002121e+01	6.520587340000000e-05
2.939740129996790e+01	6.386132010000000e-05
2.942857719998574e+01	6.290105380000000e-05
2.946030949999113e+01	6.174853480000000e-05
2.950706799997715e+01	6.098029920000000e-05
2.953835759998765e+01	6.098029920000000e-05
2.956911440001568e+01	5.982777660000000e-05
2.961519530002261e+01	5.963574590000000e-05
2.966551209997851e+01	5.848322330000000e-05
2.971135980001418e+01	5.848322330000000e-05
2.975600310001755e+01	5.886739750000000e-05
2.980191099998774e+01	5.867536670000000e-05
2.983295120002003e+01	5.886739750000000e-05
2.986509029997978e+01	5.848322330000000e-05
2.991196910000872e+01	5.848322330000000e-05
2.995777759997873e+01	5.982777660000000e-05
3.000507169996854e+01	5.982777660000000e-05
3.005262410000432e+01	5.867536670000000e-05
3.011567119997926e+01	6.001992010000000e-05
3.014674100000411e+01	6.098029920000000e-05
3.017874060000759e+01	6.136435700000000e-05
3.021072749997256e+01	6.136435700000000e-05
3.025774600001751e+01	6.347725870000000e-05
3.030383499996969e+01	6.309308080000001e-05
3.035105789999943e+01	6.366928570000000e-05
3.041328500001691e+01	6.386132010000000e-05
3.044433929998195e+01	6.424549060000000e-05
3.047546290000901e+01	6.424549060000000e-05
3.050628530001268e+01	6.482169560000000e-05
3.056807450001361e+01	6.462966850000001e-05
3.059986600000411e+01	6.462966850000001e-05
3.063290919997962e+01	6.482169560000000e-05
3.066311000002315e+01	6.443763410000000e-05
3.070912900002440e+01	6.559004400000000e-05
3.073961059999419e+01	6.424549060000000e-05
3.077015100000426e+01	6.559004400000000e-05
3.080555809999350e+01	6.616624890000001e-05
3.086322810000274e+01	6.635839240000000e-05
3.091031329997350e+01	6.655041940000000e-05
3.095793360000243e+01	6.731876780000001e-05
3.100429010001244e+01	6.770282930000001e-05
3.103504380001687e+01	6.770282930000001e-05
3.106645799998660e+01	6.789497270000000e-05
3.111255349998828e+01	6.712662430000000e-05
3.115857969998615e+01	6.674245380000000e-05
3.120496040000580e+01	6.731876780000001e-05
3.125099620001856e+01	6.559004400000000e-05
3.131260250002379e+01	6.482169560000000e-05
3.134334309998667e+01	6.443763410000000e-05
3.137494200002402e+01	6.309308080000001e-05
3.140594440000132e+01	5.982777660000000e-05
3.145109769998817e+01	5.867536670000000e-05
3.151345580001362e+01	5.886739750000000e-05
3.156016769999405e+01	5.925157170000000e-05
3.160649630002445e+01	5.905954090000000e-05
3.163915860000998e+01	6.001992010000000e-05
3.167025419999845e+01	5.925157170000000e-05
3.171628150000470e+01	5.963574590000000e-05
3.176217409997480e+01	5.925157170000000e-05
3.180753759999061e+01	6.021195080000000e-05
3.185318069998175e+01	6.021195080000000e-05
3.191504400002304e+01	6.001992010000000e-05
3.194708740001079e+01	5.982777660000000e-05
3.198060140002053e+01	6.155650040000001e-05
3.201008199999342e+01	6.232473970000000e-05
3.205604639998637e+01	6.232473970000000e-05
3.210261579998769e+01	6.270891029999999e-05
3.215225909999572e+01	6.366928570000000e-05
3.221218029997544e+01	6.559004400000000e-05
3.224300030001905e+01	6.597422180000000e-05
3.227358310000272e+01	6.808700710000000e-05
3.230429679999361e+01	6.981573100000000e-05
3.234990839997772e+01	7.000775800000000e-05
3.238015320000704e+01	7.135231140000000e-05
3.241203860001406e+01	7.288889900000000e-05
3.245878909999738e+01	7.346509660000000e-05
3.250533820001874e+01	7.365724010000000e-05
3.253717399999732e+01	7.384927450000000e-05
3.256743970001116e+01	7.673040820000000e-05
3.261401359998854e+01	7.615420330000001e-05
3.266163360001519e+01	7.692243530000000e-05
3.270761500002118e+01	7.903533700000000e-05
3.275295729999198e+01	7.999571240000000e-05
3.281406190001871e+01	8.172432720000000e-05
3.284450220002327e+01	8.172432720000000e-05
3.287504720001016e+01	8.249267560000000e-05
3.290635270002531e+01	8.614204850000000e-05
3.295236060000025e+01	8.825494300000000e-05
3.300011650001397e+01	9.132811099999999e-05
3.303071490000002e+01	9.209645940000000e-05
3.306212010001764e+01	9.478544960000001e-05
3.310842020000564e+01	9.555379799999999e-05
3.314082849997794e+01	9.805075390000000e-05
3.317027549998602e+01	1.001635460000000e-04
3.320240409998223e+01	1.013160650000000e-04
3.324814360000892e+01	1.038130210000000e-04
3.328010819997871e+01	1.053496090000000e-04
3.331120180001017e+01	1.076545380000000e-04
3.335887399996864e+01	1.072703600000000e-04
3.340383610001300e+01	1.084227700000000e-04
3.343447059998289e+01	1.086149130000000e-04
3.346617749996949e+01	1.107276980000000e-04
3.351280620001489e+01	1.134166960000000e-04
3.356011969997780e+01	1.176423760000000e-04
3.360659179999493e+01	1.199473120000000e-04
3.365280949999578e+01	1.205235090000000e-04
3.371537529997295e+01	1.235966770000000e-04
3.374640960001852e+01	1.249412310000000e-04
3.377766620001057e+01	1.270540230000000e-04
3.380939730000682e+01	1.301273010000000e-04
3.385584139998537e+01	1.307034980000000e-04
3.390169520000927e+01	1.318559080000000e-04
3.394921350001823e+01	1.356974240000000e-04
3.398017539997818e+01	1.389627290000000e-04
3.401036590000149e+01	1.418438620000000e-04
3.404236590000801e+01	1.456853790000000e-04
3.407368189998670e+01	1.524080140000000e-04
3.410411000001477e+01	1.612434570000000e-04
3.415007019997574e+01	1.650849590000000e-04
3.418113139999332e+01	1.706550970000000e-04
3.421579079999356e+01	1.773777330000000e-04
3.425873230001889e+01	1.839082400000000e-04
3.430632319999859e+01	1.894784800000000e-04
3.433729709999170e+01	1.952407470000000e-04
3.436776120000286e+01	2.017712540000000e-04
3.441357149998657e+01	2.086859310000000e-04
3.445976639998844e+01	2.180976730000000e-04
3.450632549996953e+01	2.271251430000000e-04
3.455225459998474e+01	2.319270280000000e-04
3.459903729998041e+01	2.398020880000000e-04
3.463020479999250e+01	2.444119600000000e-04
3.466258830000879e+01	2.511345960000000e-04
3.470851039997069e+01	2.643877520000000e-04
3.475439570000162e+01	2.855159400000000e-04
3.480034630000591e+01	2.980008720000000e-04
3.483169139997335e+01	3.122143970000000e-04
3.486299779999536e+01	3.319981620000000e-04
3.491002800001297e+01	3.408335910000000e-04
3.494236490002368e+01	3.496690190000000e-04
3.497341630002484e+01	3.640746870000000e-04
3.500435120001202e+01	3.796327800000000e-04
3.505119149998063e+01	3.884682080000000e-04
3.511311169998953e+01	4.092123420000000e-04
3.516028060001554e+01	4.224654990000000e-04
3.520655649999389e+01	4.337980060000000e-04
3.523802220000653e+01	4.501242070000000e-04
3.526907849998679e+01	4.631854540000000e-04
3.531559830001788e+01	4.781672030000000e-04
3.536264549999032e+01	5.075546210000000e-04
3.540925109997625e+01	5.377104390000000e-04
3.545720599999186e+01	5.695949080000000e-04
3.550557480001589e+01	5.843846590000000e-04
3.553402650001226e+01	6.018634890000000e-04
3.556439219997264e+01	6.218394260000000e-04
3.561073259997647e+01	6.381658600000000e-04
3.565732230001595e+01	6.439281280000000e-04
3.570830449997447e+01	6.612146970000000e-04
3.575259609997738e+01	6.744679410000000e-04
3.581215900002280e+01	7.282489100000000e-04
3.584306980000110e+01	7.564839320000000e-04
3.587491140002385e+01	7.854872970000000e-04
3.590636269998504e+01	8.189085060000000e-04
3.595188800001051e+01	8.379237840000000e-04
3.599825130001409e+01	8.705766520000000e-04
3.602917130000424e+01	8.824852410000000e-04
3.606021949998103e+01	9.016928380000000e-04
3.610781179997139e+01	9.082232140000000e-04
3.613923600001726e+01	9.235892790000000e-04
3.616995219996898e+01	9.362662090000000e-04
3.620033089997014e+01	9.497114810000000e-04
3.623267619998660e+01	9.750653990000000e-04
3.626449370000046e+01	1.004452820000000e-03
3.631116099999053e+01	1.031727410000000e-03
3.635796850000042e+01	1.059578380000000e-03
3.640452540002298e+01	1.070142610000000e-03
3.643613940000068e+01	1.079938370000000e-03
3.646662079996895e+01	1.103563580000000e-03
3.651229450001847e+01	1.123539520000000e-03
3.655908969999291e+01	1.152350800000000e-03
3.660557790001621e+01	1.179817480000000e-03
3.665124520001700e+01	1.194415150000000e-03
3.671464610000839e+01	1.237247950000000e-03
3.674663639999926e+01	1.268172050000000e-03
3.677885469998000e+01	1.287379420000000e-03
3.681000320002204e+01	1.307547330000000e-03
3.685663180000847e+01	1.315998730000000e-03
3.690673330001300e+01	1.320992600000000e-03
3.695105689996853e+01	1.335590260000000e-03
3.701258819998475e+01	1.415685520000000e-03
3.704333249997580e+01	1.482335730000000e-03
3.707431950001046e+01	1.538805780000000e-03
3.710503869998502e+01	1.572803010000000e-03
3.715052570000989e+01	1.580486070000000e-03
3.719726380001521e+01	1.578949390000000e-03
3.722806160000619e+01	1.587208710000000e-03
3.725950769998599e+01	1.594507480000000e-03
3.730643180001061e+01	1.601422090000000e-03
3.733640099997865e+01	1.603150860000000e-03
3.736754329997348e+01	1.602382520000000e-03
3.739914809999755e+01	1.609681410000000e-03
3.742984529997921e+01	1.608336810000000e-03
3.746021569997538e+01	1.629081090000000e-03
3.750745899998583e+01	1.664614770000000e-03
3.755299360002391e+01	1.711289050000000e-03
3.760001699998975e+01	1.727807450000000e-03
3.763117750000674e+01	1.748935790000000e-03
3.766199069999857e+01	1.794841720000000e-03
3.770883670001058e+01	1.832488460000000e-03
3.775586719997227e+01	1.852464160000000e-03
3.780241740000201e+01	1.869558940000000e-03
3.784912179998355e+01	1.894720950000000e-03
3.787936189997708e+01	1.920842910000000e-03
3.791190140001709e+01	1.944276040000000e-03
3.794283269997686e+01	1.951767020000000e-03
3.797360839997418e+01	1.964636380000000e-03
3.800434829998994e+01	1.980770380000000e-03
3.806605809996836e+01	2.011118460000000e-03
3.811263649998000e+01	2.047420480000000e-03
3.815921170002548e+01	2.074694960000000e-03
3.820716190000530e+01	2.092365870000000e-03
3.823802140000043e+01	2.114646840000000e-03
3.826912070001708e+01	2.130972920000000e-03
3.831583410000894e+01	2.154214070000000e-03
3.836244880000595e+01	2.154406160000000e-03
3.840852300002007e+01	2.185906280000000e-03
3.845473960001254e+01	2.284633000000000e-03
3.851717060001101e+01	2.325160890000000e-03
3.854853390000062e+01	2.344368490000000e-03
3.857919050002238e+01	2.353204180000000e-03
3.861076630000025e+01	2.358581870000000e-03
3.865691510000033e+01	2.392579570000000e-03
3.870342879998498e+01	2.427921160000000e-03
3.876743359997636e+01	2.497260460000000e-03
3.881384259997867e+01	2.560836960000000e-03
3.884446950000711e+01	2.598484050000000e-03
3.887550670001656e+01	2.619420180000000e-03
3.890630520001287e+01	2.657450970000000e-03
3.895375549996970e+01	2.698170950000000e-03
3.901320629997645e+01	2.726406090000000e-03
3.906018899998162e+01	2.770198970000000e-03
3.910725399997318e+01	2.791519280000000e-03
3.913834230002249e+01	2.816105030000000e-03
3.916937540000072e+01	2.832815280000000e-03
3.920145240001148e+01	2.840498460000000e-03
3.924818699999014e+01	2.893703520000000e-03
3.927910029998748e+01	2.934999530000000e-03
3.931011770002078e+01	2.997231900000000e-03
3.935724280000431e+01	3.043137490000000e-03
3.940318359999219e+01	3.079631830000000e-03
3.943405380001059e+01	3.090004200000000e-03
3.946617009997135e+01	3.108635310000000e-03
3.951353070000187e+01	3.135717940000000e-03
3.956010860000970e+01	3.192571920000000e-03
3.960556429997087e+01	3.217925780000000e-03
3.965392199996859e+01	3.230219010000000e-03
3.971434060001047e+01	3.251154670000000e-03
3.974569289997453e+01	3.306088500000000e-03
3.977931349998107e+01	3.349497450000000e-03
3.980745750002097e+01	3.403470620000000e-03
3.985401920002187e+01	3.426519690000000e-03
3.990123010001844e+01	3.441117240000000e-03
3.994897710002260e+01	3.447071420000000e-03
3.998016789997928e+01	3.476843010000000e-03
4.001032200001646e+01	3.519099670000000e-03
4.004057150002336e+01	3.552905050000000e-03
4.007059199997457e+01	3.584021240000000e-03
4.011766679998254e+01	3.605148990000000e-03
4.016347680002218e+01	3.623204540000000e-03
4.021044160000747e+01	3.653552150000000e-03
4.025738919997821e+01	3.737681310000000e-03
4.030432439997094e+01	3.783971070000000e-03
4.033532840001862e+01	3.814895170000000e-03
4.036638189997757e+01	3.827764420000000e-03
4.041329639998730e+01	3.858496430000000e-03
4.045912880002288e+01	3.907667470000000e-03
4.050554540002486e+01	3.936287020000000e-03
4.055183259997284e+01	3.957030830000000e-03
4.061317069997313e+01	3.998518920000000e-03
4.064424290001625e+01	4.023296290000000e-03
4.067524050001521e+01	4.032516390000000e-03
4.070977199997287e+01	4.071699460000000e-03
4.075421609997284e+01	4.119526130000000e-03
4.080106329999398e+01	4.137965380000000e-03
4.084821480000392e+01	4.163703880000000e-03
4.087911869998788e+01	4.167929290000000e-03
4.091006580000976e+01	4.209801550000000e-03
4.094133699999657e+01	4.239957310000000e-03
4.097200519999024e+01	4.274531270000000e-03
4.100252330000512e+01	4.302573860000000e-03
4.104911710001761e+01	4.323509990000000e-03
4.108335139998235e+01	4.342332950000000e-03
4.111064189998433e+01	4.339644220000000e-03
4.115757570002461e+01	4.362693520000000e-03
4.120552620000672e+01	4.373834000000000e-03
4.123682529997313e+01	4.408791660000000e-03
4.126756810001098e+01	4.454505160000000e-03
4.131442810001317e+01	4.514624830000000e-03
4.136219800001709e+01	4.551311020000000e-03
4.140803689998575e+01	4.576473030000000e-03
4.145499220001511e+01	4.594143950000000e-03
4.151573799998732e+01	4.642930810000000e-03
4.154663270001765e+01	4.675583450000000e-03
4.157706619997043e+01	4.712270110000000e-03
4.160910010000225e+01	4.735703110000000e-03
4.165491669997573e+01	4.773925990000000e-03
4.170120950002456e+01	4.791596900000000e-03
4.176397530001123e+01	4.884369210000000e-03
4.181109779997496e+01	4.915869330000000e-03
4.184233359998325e+01	4.925664980000000e-03
4.187338589999126e+01	4.929314830000000e-03
4.190440369996941e+01	4.937573800000000e-03
4.195422110002255e+01	4.938150290000000e-03
4.201332789997105e+01	4.979254210000000e-03
4.206014000001596e+01	5.020166280000000e-03
4.210661800001981e+01	5.032458810000000e-03
4.213888290000614e+01	5.037068860000000e-03
4.217192809999688e+01	5.036108200000000e-03
4.220239459996810e+01	5.024199840000000e-03
4.224943869997514e+01	5.040718240000000e-03
4.228005150001263e+01	5.047056820000000e-03
4.231079740001587e+01	5.078172780000000e-03
4.235738090000814e+01	5.079325290000000e-03
4.240366249997169e+01	5.098148710000000e-03
4.243516429996816e+01	5.111210050000000e-03
4.246626570000080e+01	5.145783070000000e-03
4.251142840000102e+01	5.191497040000000e-03
4.255937769997399e+01	5.226454700000000e-03
4.260306679998757e+01	5.234714130000000e-03
4.266528650000691e+01	5.229335740000000e-03
4.271033219998935e+01	5.223957820000000e-03
4.274108940002043e+01	5.252192730000000e-03
4.277250670001376e+01	5.279275590000000e-03
4.280349269998260e+01	5.335553550000000e-03
4.285014390002470e+01	5.359754900000000e-03
4.291282590001356e+01	5.380691030000000e-03
4.295886070001870e+01	5.372623910000000e-03
4.300569319998613e+01	5.399898630000000e-03
4.303907920001075e+01	5.408157590000000e-03
4.306695519998902e+01	5.442155060000000e-03
4.311418249999406e+01	5.432551260000000e-03
4.316146829997888e+01	5.429093730000000e-03
4.320735219999915e+01	5.456368440000000e-03
4.325669890001882e+01	5.525515880000000e-03
4.331784699996933e+01	5.562202070000000e-03
4.335013829998206e+01	5.571998190000000e-03
4.338041609997163e+01	5.558936860000000e-03
4.341148209996754e+01	5.561049560000000e-03
4.345807180000702e+01	5.538960920000000e-03
4.350413850002224e+01	5.593125710000000e-03
4.355045649997192e+01	5.615214820000000e-03
4.358128220000071e+01	5.651516840000000e-03
4.361180949996924e+01	5.669764240000000e-03
4.364384620002238e+01	5.670340270000000e-03
4.367516260000411e+01	5.676871170000000e-03
4.371092530002352e+01	5.670340270000000e-03
4.375261779996799e+01	5.697230810000000e-03
4.379910449997988e+01	5.714133380000000e-03
4.382992340001510e+01	5.742368290000000e-03
4.386190790002001e+01	5.740255580000000e-03
4.390813809999963e+01	5.751972090000000e-03
4.394006340001943e+01	5.772524510000000e-03
4.397110819997033e+01	5.787121600000000e-03
4.400202419998823e+01	5.810938780000000e-03
4.404929180000909e+01	5.837445610000000e-03
4.407935419998830e+01	5.865296350000000e-03
4.410969339997973e+01	5.868369710000000e-03
4.415725529997144e+01	5.866640710000000e-03
4.427771980001125e+01	5.924263500000000e-03
4.431486889999360e+01	5.947696510000000e-03
4.436183970002457e+01	5.929065400000000e-03
4.440768190001836e+01	5.906400740000000e-03
4.445366569998441e+01	5.837253290000000e-03
4.451579440000933e+01	5.853003360000000e-03
4.454687479999848e+01	5.836293100000000e-03
4.457679600000847e+01	5.820158870000000e-03
4.461014359997353e+01	5.740831610000000e-03
4.465664419997483e+01	5.686090330000000e-03
4.470466210000450e+01	5.631925070000000e-03
4.475006280001253e+01	5.630004220000000e-03
4.478009790001670e+01	5.620016250000000e-03
4.481140900001628e+01	5.617903550000000e-03
4.484228039998561e+01	5.611949130000000e-03
4.487256210000487e+01	5.585827400000000e-03
4.490305339999031e+01	5.553558470000000e-03
4.494947559997672e+01	5.504963450000000e-03
4.498118780000368e+01	5.454255730000000e-03
4.501162539998768e+01	5.417953250000000e-03
4.505900629999815e+01	5.367437840000000e-03
4.510466820001602e+01	5.336129570000000e-03
4.513501450000331e+01	5.289455410000000e-03
4.516703249997227e+01	5.259107800000000e-03
4.521499060001224e+01	5.181893240000000e-03
4.526212279999163e+01	5.097188060000000e-03
4.530806960002519e+01	4.978485870000000e-03
4.535422440001275e+01	4.867274310000000e-03
4.540019100002246e+01	4.831164610000000e-03
4.543204789998708e+01	4.792557100000000e-03
4.546288930001901e+01	4.739352500000000e-03
4.550907279999228e+01	4.755870900000000e-03
4.555535009998130e+01	4.754526070000000e-03
4.560133219999261e+01	4.743578380000000e-03
4.564788040000712e+01	4.696904220000000e-03
4.568227009999100e+01	4.672894250000000e-03
4.571485910000047e+01	4.631406160000000e-03
4.574803790001897e+01	4.618537150000000e-03
4.577766770002199e+01	4.611046520000000e-03
4.580499309999868e+01	4.605091640000000e-03
4.585148840001784e+01	4.591454290000000e-03
4.591371829999844e+01	4.510974980000000e-03
4.595980860001873e+01	4.400724080000000e-03
4.600589149998268e+01	4.353857600000000e-03
4.603592940000817e+01	4.321012650000000e-03
4.606648580002366e+01	4.312369510000000e-03
4.611310640000738e+01	4.274146630000000e-03
4.616009849996772e+01	4.232274370000000e-03
4.620661200000905e+01	4.163703880000000e-03
4.625353190000169e+01	4.145456480000000e-03
4.631461559998570e+01	4.111459480000000e-03
4.634563210001215e+01	4.074580970000000e-03
4.637674849998439e+01	4.037702460000000e-03
4.640812049998203e+01	3.971244670000000e-03
4.645456789998570e+01	3.869252510000000e-03
4.651532659999793e+01	3.836215470000000e-03
4.656584799999837e+01	3.802026390000000e-03
4.660807449999265e+01	3.778208750000000e-03
4.664004700002261e+01	3.736720650000000e-03
4.667082230001688e+01	3.708293430000000e-03
4.670169309998164e+01	3.669878700000000e-03
4.675225929997396e+01	3.601499600000000e-03
4.681014409998897e+01	3.521404460000000e-03
4.685579719999805e+01	3.394442840000000e-03
4.691708859999198e+01	3.323759420000000e-03
4.694969139999012e+01	3.282847580000000e-03
4.698011449998012e+01	3.252691360000000e-03
4.701115039997967e+01	3.242895710000000e-03
4.705705940001644e+01	3.221767260000000e-03
4.710414190002484e+01	3.172212280000000e-03
4.715013600001112e+01	3.120351820000000e-03
4.718053870002041e+01	3.065610540000000e-03
4.721252409997396e+01	3.006451530000000e-03
4.724658450001152e+01	2.965731550000000e-03
4.727650029998040e+01	2.954783150000000e-03
4.730743939999957e+01	2.930773890000000e-03
4.735425540001597e+01	2.907724820000000e-03
4.740000219998183e+01	2.885059920000000e-03
4.744659090001369e+01	2.863739380000000e-03
4.747806410002522e+01	2.851062690000000e-03
4.750913449999643e+01	2.847413300000000e-03
4.754329429997597e+01	2.833775940000000e-03
4.757193380000535e+01	2.819370010000000e-03
4.760203409998212e+01	2.804772460000000e-03
4.764828209998086e+01	2.758674320000000e-03
4.767902819998562e+01	2.726790260000000e-03
4.771018850000110e+01	2.656106140000000e-03
4.775583590002498e+01	2.612697430000000e-03
4.780250699998578e+01	2.588688160000000e-03
4.783333170000697e+01	2.570632850000000e-03
4.786417730001267e+01	2.546431500000000e-03
4.791117779997876e+01	2.518196820000000e-03
4.795734279998578e+01	2.474403470000000e-03
4.800895069999387e+01	2.427345140000000e-03
4.805202290002489e+01	2.397765640000000e-03
4.811356799997156e+01	2.370298610000000e-03
4.814351700001862e+01	2.357237740000000e-03
4.817421630001627e+01	2.348786220000000e-03
4.820651739998721e+01	2.332075960000000e-03
4.825400100002298e+01	2.334764690000000e-03
4.831592259998433e+01	2.300959780000000e-03
4.836215790000279e+01	2.251212020000000e-03
4.840908630000195e+01	2.217983130000000e-03
4.844041619997006e+01	2.200696380000000e-03
4.847125629999209e+01	2.172077070000000e-03
4.851690480002435e+01	2.164202040000000e-03
4.856266240001423e+01	2.164202040000000e-03
4.860863699996844e+01	2.163433940000000e-03
4.865651780000189e+01	2.149988660000000e-03
4.871607259998564e+01	2.134046520000000e-03
4.874795779999113e+01	2.129628320000000e-03
4.877902469999390e+01	2.136927330000000e-03
4.881011439999565e+01	2.127131450000000e-03
4.885811329999706e+01	2.100625540000000e-03
4.890338610002073e+01	2.076807900000000e-03
4.894941429997561e+01	2.065283250000000e-03
4.898010430001887e+01	2.045499630000000e-03
4.901138099998934e+01	2.035703740000000e-03
4.904237580002518e+01	2.033015010000000e-03
4.908036480000010e+01	2.014191360000000e-03
4.910461310000392e+01	1.972319330000000e-03
4.915222340001492e+01	1.940050510000000e-03
4.919789160002256e+01	1.909318380000000e-03
4.922913190000691e+01	1.881275560000000e-03
4.926761280000210e+01	1.859379120000000e-03
4.930705860001035e+01	1.839211090000000e-03
4.933892639999976e+01	1.825573850000000e-03
4.937014030001592e+01	1.803677180000000e-03
4.940106469998136e+01	1.777362890000000e-03
4.944718469999498e+01	1.748359530000000e-03
4.947909969999455e+01	1.726078800000000e-03
4.951027440000325e+01	1.714746470000000e-03
4.955700470000738e+01	1.700148800000000e-03
4.960356209997553e+01	1.698420030000000e-03
4.963476190000074e+01	1.690545000000000e-03
4.966663900000276e+01	1.664230720000000e-03
4.971577170002274e+01	1.637148090000000e-03
4.975903449999169e+01	1.610257550000000e-03
4.980574969999725e+01	1.547641120000000e-03
4.985304730001371e+01	1.485024810000000e-03
4.991476060001878e+01	1.457750100000000e-03
4.994561850000173e+01	1.447954100000000e-03
4.997659719997318e+01	1.433740720000000e-03
5.000729729997693e+01	1.430475500000000e-03
5.005301089998102e+01	1.422792440000000e-03
5.011587550002150e+01	1.403584960000000e-03
5.016192069998942e+01	1.377654730000000e-03
5.021702530002221e+01	1.354413570000000e-03
5.025723930000095e+01	1.325410210000000e-03
5.030438799998956e+01	1.310044430000000e-03
5.035018409998156e+01	1.306586900000000e-03
5.038219319999916e+01	1.297175190000000e-03
5.041365140001290e+01	1.274510400000000e-03
5.045797659998061e+01	1.248772490000000e-03
5.050488329998916e+01	1.236095560000000e-03
5.053529620001791e+01	1.223034230000000e-03
5.056658490002155e+01	1.188652940000000e-03
5.061325569998007e+01	1.152542890000000e-03
5.066254649998154e+01	1.118353570000000e-03
5.070533059997251e+01	1.085316650000000e-03
5.076791549997870e+01	1.062267580000000e-03
5.079917700000806e+01	1.054968570000000e-03
5.083009060000768e+01	1.048630220000000e-03
5.086146839999128e+01	1.028846600000000e-03
5.090739100001520e+01	9.850532509999999e-04
5.095389429997886e+01	9.233971940000000e-04
5.100012649997370e+01	8.907446170000000e-04
5.104678679996869e+01	8.434940250000000e-04
5.107711000001291e+01	8.204449550000000e-04
5.110754310002085e+01	8.091126800000000e-04
5.113805220002541e+01	8.016217030000000e-04
5.116936709999572e+01	7.862556380000000e-04
5.120018460002029e+01	7.754994440000000e-04
5.124984449998010e+01	7.357398860000000e-04
5.128486189997056e+01	7.100019140000000e-04
5.131402370001888e+01	6.790778130000000e-04
5.135636109998450e+01	6.483456820000000e-04
5.140306819998659e+01	6.318272210000000e-04
5.143461940000998e+01	6.210710850000000e-04
5.146599579998292e+01	6.020557480000000e-04
5.151205269998172e+01	5.801590740000000e-04
5.155910750001203e+01	5.519240510000000e-04
5.160576030000811e+01	5.369422720000000e-04
5.165322229999583e+01	5.046737500000000e-04
5.171316380001372e+01	4.806642830000000e-04
5.175578180002049e+01	4.556944480000000e-04
5.180723019997822e+01	4.451302810000000e-04
5.185381000000052e+01	4.339900330000000e-04
5.191517870000098e+01	4.099805960000000e-04
5.196219509997172e+01	3.852029040000000e-04
5.200832949997857e+01	3.723339180000000e-04
5.204006510000909e+01	3.573520520000000e-04
5.207107649999671e+01	3.417939590000000e-04
5.210263769997982e+01	3.277724610000000e-04
5.214913219999289e+01	3.060680760000000e-04
5.217915589996846e+01	2.981928990000000e-04
5.221154029999161e+01	2.864763370000000e-04
5.225690259999828e+01	2.713024150000000e-04
5.231946430000244e+01	2.584334580000000e-04
5.235007609997410e+01	2.490216870000000e-04
5.238110439997399e+01	2.394180190000000e-04
5.241183110000566e+01	2.253965360000000e-04
5.245800819998840e+01	2.111828940000000e-04
5.250695449998602e+01	2.029236640000000e-04
5.254984380002134e+01	1.981218810000000e-04
5.258006930002011e+01	1.896705070000000e-04
5.260975770000368e+01	1.808350790000000e-04
5.264002930000424e+01	1.731520460000000e-04
5.267023739998695e+01	1.643166180000000e-04
5.271652120002545e+01	1.526000560000000e-04
5.276364780002041e+01	1.335846320000000e-04
5.281063169997651e+01	1.132246620000000e-04
5.285660020000068e+01	1.013160650000000e-04
5.290257669996936e+01	9.862695879999999e-05
5.293348110001534e+01	9.747454900000000e-05
5.296455480001168e+01	9.555379799999999e-05
5.301110669999616e+01	9.478544960000001e-05
5.305688069999451e+01	9.324886920000001e-05
5.310365150001599e+01	9.171228160000000e-05
5.314912319998257e+01	8.979153059999999e-05
5.318008269998245e+01	8.729456750000000e-05
5.321355159999803e+01	8.402925600000000e-05
5.324457199999597e+01	8.268470990000000e-05
5.327521240001079e+01	7.922737130000000e-05
5.330639009998413e+01	7.577003270000000e-05
5.335373949998757e+01	7.308092610000000e-05
5.340013449999969e+01	7.308092610000000e-05
5.343378899997333e+01	7.135231140000000e-05
5.346516660001362e+01	6.943156040000000e-05
5.350911839999026e+01	6.789497270000000e-05
5.353921620000619e+01	6.655041940000000e-05
5.357034869998461e+01	6.501383900000000e-05
5.360124529997120e+01	6.462966850000001e-05
5.364894829998957e+01	6.386132010000000e-05
5.368082040001173e+01	6.309308080000001e-05
5.371116180001991e+01	6.194067830000000e-05
5.375767379999161e+01	6.136435700000000e-05
5.382064960000571e+01	6.059612500000000e-05
5.385147629998391e+01	6.136435700000000e-05
5.391388649999863e+01	5.982777660000000e-05
5.396350040001562e+01	5.886739750000000e-05
5.400675379997119e+01	6.001992010000000e-05
5.405238649999956e+01	5.982777660000000e-05
5.411524479999207e+01	6.098029920000000e-05
5.415082659997279e+01	6.213270540000000e-05
5.421034499997040e+01	6.270891029999999e-05
5.425891309999861e+01	6.520587340000000e-05
5.430397359997733e+01	6.923952610000000e-05
5.435013099998469e+01	7.269686469999999e-05
5.438118419999955e+01	7.519382780000000e-05
5.441200720000779e+01	7.749875660000000e-05
5.444309620000422e+01	7.884319350000000e-05
5.447437870001886e+01	8.037977390000000e-05
5.450596380000934e+01	8.114812230000000e-05
5.455217410001205e+01	8.210850500000000e-05
5.460021369997412e+01	8.287685340000000e-05
5.466261960001430e+01	8.287685340000000e-05
5.470949139998993e+01	8.230053210000000e-05
5.474589349998860e+01	8.172432720000000e-05
5.477241829998093e+01	8.191647070000001e-05
5.480301450000843e+01	8.210850500000000e-05
5.486558859999059e+01	8.230053210000000e-05
5.491071789996931e+01	7.826698860000000e-05
5.495688740001060e+01	7.308092610000000e-05
5.500264060002519e+01	7.173648920000000e-05
5.503353590000188e+01	6.827915060000000e-05
5.506536429998232e+01	6.616624890000001e-05
5.511219429998891e+01	6.539801689999999e-05
5.515787070000079e+01	6.194067830000000e-05
5.520405639999080e+01	5.963574590000000e-05
5.525218529999256e+01	5.944360240000000e-05
5.531612560001668e+01	5.982777660000000e-05
5.534695560002001e+01	5.925157170000000e-05
5.537701270001708e+01	5.963574590000000e-05
5.540779059997294e+01	5.982777660000000e-05
5.545450180000626e+01	5.982777660000000e-05
5.551506269996753e+01	6.001992010000000e-05
5.556232379999710e+01	6.098029920000000e-05
5.560899759997847e+01	6.174853480000000e-05
5.564020550000714e+01	6.232473970000000e-05
5.567187040002318e+01	6.405346360000000e-05
5.570393329998478e+01	6.482169560000000e-05
5.575094409997109e+01	6.501383900000000e-05
5.579857779998565e+01	6.501383900000000e-05
5.582977399998344e+01	6.674245380000000e-05
5.586067929997807e+01	6.866321200000000e-05
5.590740279998863e+01	6.981573100000000e-05
5.593886160000693e+01	7.116016790000000e-05
5.597033209999790e+01	7.327306960000000e-05
5.600115319999168e+01	7.327306960000000e-05
5.604793050000444e+01	7.826698860000000e-05
5.607919999997830e+01	7.922737130000000e-05
5.610990029998356e+01	8.114812230000000e-05
5.615587119996781e+01	8.153230010000000e-05
5.620312849996844e+01	8.249267560000000e-05
5.623561889998382e+01	8.268470990000000e-05
5.626607559999684e+01	8.383722890000001e-05
5.631448880000971e+01	8.806279950000000e-05
5.636206249997485e+01	9.305683490000000e-05
5.640987470000982e+01	9.997151210000000e-05
5.645609729998978e+01	1.097673230000000e-04
5.651640369999222e+01	1.155295900000000e-04
5.654845699999714e+01	1.212918580000000e-04
5.658108699996956e+01	1.270540230000000e-04
5.661134200001834e+01	1.305114710000000e-04
5.665785010001855e+01	1.335846320000000e-04
5.670440430002054e+01	1.347370420000000e-04
5.676781920000212e+01	1.362736220000000e-04
5.681480130000273e+01	1.393468990000000e-04
5.686167319997912e+01	1.431884160000000e-04
5.690903209999669e+01	1.443408250000000e-04
5.695704850001493e+01	1.485665130000000e-04
5.700313580001239e+01	1.499109490000000e-04
5.704959549999330e+01	1.516396730000000e-04
5.708007580001140e+01	1.539446090000000e-04
5.711120639997534e+01	1.570177700000000e-04
5.714291439997032e+01	1.606672450000000e-04
5.717411469999934e+01	1.647007880000000e-04
5.720401270000730e+01	1.706550970000000e-04
5.733190479996847e+01	1.869815170000000e-04
5.736362720001489e+01	1.931278530000000e-04
5.740910709998570e+01	1.950486040000000e-04
5.744074769999133e+01	1.946644330000000e-04
5.747165239998139e+01	1.952407470000000e-04
5.750317689997610e+01	2.008108710000000e-04
5.755276290001348e+01	2.058047980000000e-04
5.761290860001463e+01	2.096462990000000e-04
5.765959180000937e+01	2.083018630000000e-04
5.770699199999217e+01	2.090701020000000e-04
5.774496350000845e+01	2.088780750000000e-04
5.778423200000543e+01	2.083018630000000e-04
5.781546319997869e+01	2.094542720000000e-04
5.786239159997785e+01	2.033078340000000e-04
5.790837580000516e+01	1.958169450000000e-04
5.795488969999133e+01	1.865973460000000e-04
5.800123960000928e+01	1.792984990000000e-04
5.803226090001408e+01	1.666215540000000e-04
5.806287359999260e+01	1.502951200000000e-04
5.811002510000253e+01	1.353132390000000e-04
5.815665530000115e+01	1.232126230000000e-04
5.820410249999259e+01	1.149533850000000e-04
5.825209359999280e+01	1.124563130000000e-04
5.831299850001233e+01	1.063099840000000e-04
5.834305440000026e+01	1.047734040000000e-04
5.837402109999675e+01	1.018922700000000e-04
5.840583369997330e+01	9.901113660000001e-05
5.845167059998494e+01	9.785861040000001e-05
5.851335010002367e+01	9.440127179999999e-05
5.855993170000147e+01	9.113607670000001e-05
5.861153230001219e+01	8.883114790000000e-05
5.863757309998618e+01	8.787077240000000e-05
5.866797000000952e+01	8.652621910000000e-05
5.871568660001503e+01	8.402925600000000e-05
5.876483559998451e+01	8.114812230000000e-05
5.880846580001526e+01	7.769078370000001e-05
5.885434720001649e+01	7.519382780000000e-05
5.891594079998322e+01	7.288889900000000e-05
5.894824549998157e+01	7.116016790000000e-05
5.897793769999407e+01	7.019990150000000e-05
5.900912369997241e+01	6.904738260000000e-05
5.905588549998356e+01	6.808700710000000e-05
5.910108709998894e+01	6.731876780000001e-05
5.914787009998690e+01	6.655041940000000e-05
5.917968449997716e+01	6.520587340000000e-05
5.921186879999004e+01	6.347725870000000e-05
5.924308919999748e+01	6.270891029999999e-05
5.927442239999073e+01	6.194067830000000e-05
5.930551410000771e+01	6.174853480000000e-05
5.935158080002293e+01	6.174853480000000e-05
5.939748169999802e+01	6.078815570000000e-05
5.942910870001651e+01	6.001992010000000e-05
5.946014709997689e+01	5.944360240000000e-05
5.950749300001189e+01	5.944360240000000e-05
5.953907489997800e+01	5.905954090000000e-05
5.956998339999700e+01	5.963574590000000e-05
5.960124220000580e+01	5.925157170000000e-05
5.966256329999305e+01	6.098029920000000e-05
5.970927170000505e+01	6.155650040000001e-05
5.975910590001149e+01	6.213270540000000e-05
5.980244529998163e+01	6.270891029999999e-05
5.983241620002082e+01	6.270891029999999e-05
5.986439860000974e+01	6.424549060000000e-05
5.990916330000618e+01	6.674245380000000e-05
5.995562419999624e+01	7.135231140000000e-05
6.000317179999547e+01	7.673040820000000e-05
