# [General]
# timestamp=2025-04-14T18:48:44.025957
# comments='# '
# delimiter='\t'
# column_dtypes=float;;float
# column_headers='Time (s);;Power (W)'
# 
# [Metadata]
# scanner_x=-5.128501644638058
# scanner_y=3.7791522508
# start recoding time='14.04.2025, 18:47:43.923583'
# sample rate (hz)=50.0
# sample timing='TIMESTAMP'
# 
# ---- END HEADER ----
1.732300035655499e-03	6.270891029999999e-05
4.003750003175810e-02	6.347725870000000e-05
8.697350003058091e-02	6.347725870000000e-05
1.340130000025965e-01	6.347725870000000e-05
1.962678999989294e-01	6.270891029999999e-05
2.431834000162780e-01	6.309308080000001e-05
2.900855999905616e-01	6.270891029999999e-05
3.210761999944225e-01	6.309308080000001e-05
3.516483000130393e-01	6.347725870000000e-05
3.989207000122406e-01	6.309308080000001e-05
4.446409000083804e-01	6.309308080000001e-05
4.944617000292055e-01	6.270891029999999e-05
5.390332000097260e-01	6.270891029999999e-05
5.863037999952212e-01	6.309308080000001e-05
6.179758000071160e-01	6.290105380000000e-05
6.490213000215590e-01	6.347725870000000e-05
6.953994000214152e-01	6.405346360000000e-05
7.411147000384517e-01	6.386132010000000e-05
7.875108000007458e-01	6.424549060000000e-05
8.335828999988735e-01	6.482169560000000e-05
8.803248000331223e-01	6.482169560000000e-05
9.123536000261083e-01	6.539801689999999e-05
9.433378999819979e-01	6.539801689999999e-05
9.898565000039525e-01	6.635839240000000e-05
1.035028500016779e+00	6.693459729999999e-05
1.098146600008477e+00	6.655041940000000e-05
1.145128800009843e+00	6.559004400000000e-05
1.190027999982703e+00	6.443763410000000e-05
1.221213200013153e+00	6.174853480000000e-05
1.251713700010441e+00	6.040398150000000e-05
1.282303599989973e+00	6.078815570000000e-05
1.312994100037031e+00	6.194067830000000e-05
1.343586200033315e+00	6.443763410000000e-05
1.389048299985006e+00	6.501383900000000e-05
1.435519999999087e+00	6.578207830000000e-05
1.496621500002220e+00	6.635839240000000e-05
1.526961399998982e+00	6.789497270000000e-05
1.557752099994104e+00	6.789497270000000e-05
1.588945800031070e+00	7.096814080000000e-05
1.636409100028686e+00	7.404130160000000e-05
1.682937100005802e+00	7.596205980000000e-05
1.715782299987040e+00	7.577003270000000e-05
1.746418300026562e+00	7.749875660000000e-05
1.792116500029806e+00	7.692243530000000e-05
1.822537600004580e+00	7.730661310000000e-05
1.853556199988816e+00	7.730661310000000e-05
1.892218800028786e+00	7.749875660000000e-05
1.947322799998801e+00	8.018774680000000e-05
1.993428200017661e+00	8.383722890000001e-05
2.039027700026054e+00	8.729456750000000e-05
2.085553799988702e+00	8.902318220000001e-05
2.116197300027125e+00	9.055976260000001e-05
2.147934400010854e+00	9.075190610000000e-05
2.194196600001305e+00	9.190431590000000e-05
2.243165199994110e+00	9.324886920000001e-05
2.288043100037612e+00	9.516962020000000e-05
2.334360899985768e+00	9.555379799999999e-05
2.396331600029953e+00	9.516962020000000e-05
2.429575000016484e+00	9.478544960000001e-05
2.457958200015128e+00	9.536165450000000e-05
2.489025300019421e+00	9.613000290000000e-05
2.536551800032612e+00	9.613000290000000e-05
2.583660800009966e+00	9.536165450000000e-05
2.629703500017058e+00	9.555379799999999e-05
2.664048600010574e+00	9.574582510000000e-05
2.693707200000063e+00	9.632203000000001e-05
2.724163100006990e+00	9.632203000000001e-05
2.755208900023717e+00	9.843493170000000e-05
2.785836499999277e+00	9.689823490000000e-05
2.832281899987720e+00	9.747454900000000e-05
2.864067299989983e+00	9.728240550000000e-05
2.894401500001550e+00	9.555379799999999e-05
2.941007199988235e+00	9.363303980000000e-05
2.988050499989185e+00	9.075190610000000e-05
3.020067900011782e+00	8.902318220000001e-05
3.051599800004624e+00	8.595001420000000e-05
3.082207600004040e+00	8.460546090000000e-05
3.113251300004777e+00	8.210850500000000e-05
3.145167900016531e+00	7.769078370000001e-05
3.191255700017791e+00	7.557799840000000e-05
3.238075100001879e+00	7.327306960000000e-05
3.285357100015972e+00	7.288889900000000e-05
3.316510999982711e+00	7.212055059999999e-05
3.348454400023911e+00	7.039193590000001e-05
3.394752499996684e+00	6.943156040000000e-05
3.442192599992268e+00	6.770282930000001e-05
3.488812700030394e+00	6.635839240000000e-05
3.535893100022804e+00	6.520587340000000e-05
3.598272100032773e+00	6.386132010000000e-05
3.630036399990786e+00	6.098029920000000e-05
3.661300200037658e+00	6.021195080000000e-05
3.692064800008666e+00	6.001992010000000e-05
3.738951799983624e+00	6.155650040000001e-05
3.785024099983275e+00	6.270891029999999e-05
3.830923300003633e+00	6.270891029999999e-05
3.861967500008177e+00	6.213270540000000e-05
3.893280200019944e+00	6.232473970000000e-05
3.923787900013849e+00	6.405346360000000e-05
3.955069400020875e+00	6.885535550000001e-05
3.986089700018056e+00	8.191647070000001e-05
4.032275700010359e+00	8.979153059999999e-05
4.063837900001090e+00	9.843493170000000e-05
4.095446199993603e+00	1.026605020000000e-04
4.142408300016541e+00	1.065020190000000e-04
4.188003699993715e+00	1.091911180000000e-04
4.219044200028293e+00	1.132246620000000e-04
4.249070700025186e+00	1.203314820000000e-04
4.296616000006907e+00	1.235966770000000e-04
4.343232400016859e+00	1.262857840000000e-04
4.389874699991196e+00	1.268619820000000e-04
4.438560599985067e+00	1.289747740000000e-04
4.483264299982693e+00	1.303193280000000e-04
4.517380700039212e+00	1.326242490000000e-04
4.546069500036538e+00	1.408834800000000e-04
4.593175699992571e+00	1.574019410000000e-04
4.639916700019967e+00	1.804509080000000e-04
4.687986700038891e+00	2.011950420000000e-04
4.733825800009072e+00	2.142561720000000e-04
4.795060400036164e+00	2.501742270000000e-04
4.825713500031270e+00	2.601620510000000e-04
4.856084600032773e+00	2.670767430000000e-04
4.888124099990819e+00	2.709182440000000e-04
4.935674500011373e+00	2.749518900000000e-04
4.998186599987093e+00	2.809062130000000e-04
5.044873200007714e+00	2.874367060000000e-04
5.091475100023672e+00	3.018423740000000e-04
5.122880100039765e+00	3.125985680000000e-04
5.154404400032945e+00	3.229705910000000e-04
5.185001600009855e+00	3.277724610000000e-04
5.231093599984888e+00	3.452513190000000e-04
5.262422900006641e+00	3.504373600000000e-04
5.293426299991552e+00	3.531263500000000e-04
5.340248099993914e+00	3.573520520000000e-04
5.387257000023965e+00	3.586965900000000e-04
5.419253900006879e+00	3.600411580000000e-04
5.450712500023656e+00	3.619618950000000e-04
5.498315500037279e+00	3.631143190000000e-04
5.543923199991696e+00	3.742546830000000e-04
5.590670500008855e+00	3.961512410000000e-04
5.638036400021520e+00	4.399443280000000e-04
5.686629300005734e+00	4.556944480000000e-04
5.717156100028660e+00	4.647219030000000e-04
5.748474800027907e+00	4.745179610000000e-04
5.795121300034225e+00	4.971827149999999e-04
5.840774899988901e+00	5.100517300000000e-04
5.886652900022455e+00	5.179267610000000e-04
5.934474200010300e+00	5.208079240000000e-04
5.996355700015556e+00	5.281068730000000e-04
6.026475400023628e+00	5.321404310000000e-04
6.056502300023567e+00	5.390550940000000e-04
6.088089400029276e+00	5.784303650000000e-04
6.136256100027822e+00	5.962934810000000e-04
6.198410700017121e+00	6.237601630000000e-04
6.245290899998508e+00	6.343243290000000e-04
6.292278399982024e+00	6.358607790000000e-04
6.325798000034411e+00	6.402786240000000e-04
6.356248199997935e+00	6.656324840000000e-04
6.400043000001460e+00	7.092335730000000e-04
6.446798000019044e+00	7.501455840000000e-04
6.493937799998093e+00	7.866396919999999e-04
6.540871400036849e+00	8.198688740000000e-04
6.586920100031421e+00	8.267835360000000e-04
6.617910800036043e+00	8.377317570000000e-04
6.647977999993600e+00	8.494483190000000e-04
6.694899900001474e+00	8.805645050000000e-04
6.741425700020045e+00	8.978513070000000e-04
6.788670999987517e+00	9.347297020000000e-04
6.834411000018008e+00	9.552817210000000e-04
6.881398199999239e+00	9.718001820000000e-04
6.911436400027014e+00	9.744892600000000e-04
6.941880500002299e+00	9.850532509999999e-04
6.987210699997377e+00	9.954253910000000e-04
7.033117900020443e+00	1.010407340000000e-03
7.080040000029840e+00	1.042483840000000e-03
7.111283200036269e+00	1.068990210000000e-03
7.145169400027953e+00	1.103755790000000e-03
7.193971400032751e+00	1.115280090000000e-03
7.235667700006161e+00	1.122002720000000e-03
7.283272200031206e+00	1.126612650000000e-03
7.330018300039228e+00	1.150814120000000e-03
7.360824400035199e+00	1.179625510000000e-03
7.391515000024810e+00	1.215543480000000e-03
7.438016900036018e+00	1.240513170000000e-03
7.485524200019427e+00	1.243778500000000e-03
7.517083199985791e+00	1.247812060000000e-03
7.547559800033923e+00	1.246467470000000e-03
7.593989500019234e+00	1.253382070000000e-03
7.640944599988870e+00	1.274894690000000e-03
7.687944200006314e+00	1.321568970000000e-03
7.734930999984499e+00	1.345962400000000e-03
7.798070600023493e+00	1.391484050000000e-03
7.828753400011919e+00	1.424136920000000e-03
7.859014799993020e+00	1.443152430000000e-03
7.889695500023663e+00	1.462167710000000e-03
7.935223000007682e+00	1.473884330000000e-03
7.997215799987316e+00	1.480606970000000e-03
8.045048800006043e+00	1.476957460000000e-03
8.090584099991247e+00	1.478110090000000e-03
8.122378100000788e+00	1.489442420000000e-03
8.154111300013028e+00	1.508649900000000e-03
8.185506400011946e+00	1.530930630000000e-03
8.232506800035480e+00	1.555708240000000e-03
8.263560799998231e+00	1.577412940000000e-03
8.294407900015358e+00	1.635035380000000e-03
8.341402699996252e+00	1.660197160000000e-03
8.386510699987411e+00	1.669224700000000e-03
8.416720000037458e+00	1.675179000000000e-03
8.448347700003069e+00	1.688816350000000e-03
8.495094900019467e+00	1.692465740000000e-03
8.540954300027806e+00	1.696691380000000e-03
8.587182699993718e+00	1.729344250000000e-03
8.633130200032610e+00	1.757002900000000e-03
8.694929599994794e+00	1.800603930000000e-03
8.725440200010780e+00	1.812320550000000e-03
8.756054299999960e+00	1.827302510000000e-03
8.790027500013821e+00	1.826726250000000e-03
8.832508400024381e+00	1.829607410000000e-03
8.863753899990115e+00	1.846509870000000e-03
8.895173900004011e+00	1.891071440000000e-03
8.940807100036182e+00	1.951382960000000e-03
8.986951600003522e+00	1.964828230000000e-03
9.016995300014969e+00	1.997096700000000e-03
9.048131900024600e+00	2.025331840000000e-03
9.096159600012470e+00	2.073158280000000e-03
9.145325699995738e+00	2.117911820000000e-03
9.190906900039408e+00	2.138080080000000e-03
9.238030600012280e+00	2.159208290000000e-03
9.284628900000826e+00	2.168427450000000e-03
9.315499800024554e+00	2.171116880000000e-03
9.346166200004518e+00	2.174189780000000e-03
9.393736600002740e+00	2.169196030000000e-03
9.440085400012322e+00	2.218559150000000e-03
9.487395100004505e+00	2.265617480000000e-03
9.532858000020497e+00	2.280215500000000e-03
9.563390900031663e+00	2.304993340000000e-03
9.594985000032466e+00	2.324008850000000e-03
9.628844799997751e+00	2.344752660000000e-03
9.657991299987771e+00	2.366072960000000e-03
9.689110300038010e+00	2.396804980000000e-03
9.736835199990310e+00	2.429457850000000e-03
9.783984999987297e+00	2.441174580000000e-03
9.830258600006346e+00	2.464799680000000e-03
9.861697599990293e+00	2.486888090000000e-03
9.892859100014903e+00	2.512434500000000e-03
9.926217400003225e+00	2.551425710000000e-03
9.958634899987374e+00	2.564486580000000e-03
9.987298500025645e+00	2.595602530000000e-03
1.003413380001439e+01	2.636322520000000e-03
1.008046740002465e+01	2.716033720000000e-03
1.011169150000205e+01	2.762323940000000e-03
1.014432080002734e+01	2.781723390000000e-03
1.019109480001498e+01	2.783260310000000e-03
1.022062999999616e+01	2.773848360000000e-03
1.025172220001696e+01	2.784988840000000e-03
1.028278270002920e+01	2.798241800000000e-03
1.034468249999918e+01	2.841074950000000e-03
1.039017680002144e+01	2.863739380000000e-03
1.043589120003162e+01	2.893510970000000e-03
1.049835240002722e+01	2.935575550000000e-03
1.052894920000108e+01	2.973030090000000e-03
1.055937710002763e+01	3.002417510000000e-03
1.058933240000624e+01	3.054853990000000e-03
1.063726570003200e+01	3.080592490000000e-03
1.068438649998279e+01	3.104409670000000e-03
1.073402740003075e+01	3.116318260000000e-03
1.079692230001092e+01	3.167602000000000e-03
1.082816169998841e+01	3.194492780000000e-03
1.085906600003364e+01	3.239438170000000e-03
1.089018009998836e+01	3.297636980000000e-03
1.093705270002829e+01	3.324527530000000e-03
1.098372670001118e+01	3.342774460000000e-03
1.104636109998683e+01	3.444958710000000e-03
1.109342320001451e+01	3.475690730000000e-03
1.112343829998281e+01	3.492593070000000e-03
1.115372669999488e+01	3.511800660000000e-03
1.118495730002178e+01	3.533889540000000e-03
1.123263470001984e+01	3.585173520000000e-03
1.126326590002282e+01	3.627622030000000e-03
1.129427680000663e+01	3.694848160000000e-03
1.134072959999321e+01	3.735952540000000e-03
1.138627519999864e+01	3.739794020000000e-03
1.141626000002725e+01	3.733071270000000e-03
1.144805140001699e+01	3.734415860000000e-03
1.149426539998967e+01	3.733455200000000e-03
1.154203050001524e+01	3.795495490000000e-03
1.158774440002162e+01	3.885963000000000e-03
1.163379900000291e+01	3.908435810000000e-03
1.169513160001952e+01	3.904786190000000e-03
1.172656219999772e+01	3.888268020000000e-03
1.175774640002055e+01	3.886731340000000e-03
1.178874420002103e+01	3.914774400000000e-03
1.183496160001960e+01	3.923993560000000e-03
1.188216710003326e+01	3.984882030000000e-03
1.191301750001730e+01	4.035397430000000e-03
1.194444930000464e+01	4.090715200000000e-03
1.199350490001962e+01	4.099934830000000e-03
1.202113790001022e+01	4.132779780000000e-03
1.205205050000222e+01	4.175804560000000e-03
1.208294570003636e+01	4.201158420000000e-03
1.214456970000174e+01	4.303534050000000e-03
1.219182509998791e+01	4.340604410000000e-03
1.223696300003212e+01	4.350208210000000e-03
1.228333519998705e+01	4.380748140000000e-03
1.231489350000629e+01	4.416089970000000e-03
1.234529730002396e+01	4.448550750000000e-03
1.239335820003180e+01	4.459307060000000e-03
1.243805970001267e+01	4.514240660000000e-03
1.248481759999413e+01	4.522499630000000e-03
1.253150859999005e+01	4.596256650000000e-03
1.256209490000037e+01	4.657144190000000e-03
1.259287009999389e+01	4.687684120000000e-03
1.262444749998394e+01	4.720721390000000e-03
1.265645320003387e+01	4.759904460000000e-03
1.268766860000324e+01	4.812724890000000e-03
1.273450479999883e+01	4.817719110000000e-03
1.279640089999884e+01	4.826938730000000e-03
1.284342190000461e+01	4.860935730000000e-03
1.288809730001958e+01	4.864585590000000e-03
1.291929799999343e+01	4.876493940000000e-03
1.295144630002324e+01	4.872460380000000e-03
1.299692080001114e+01	4.856326150000000e-03
1.304249590000836e+01	4.825210200000000e-03
1.308908260002499e+01	4.821560810000000e-03
1.313592939998489e+01	4.838847560000000e-03
1.319891199999256e+01	4.848451350000000e-03
1.323033980000764e+01	4.843841310000000e-03
1.326087450003251e+01	4.833085000000000e-03
1.329246419999981e+01	4.804657770000000e-03
1.333976140001323e+01	4.833085000000000e-03
1.338527430000249e+01	4.859399050000000e-03
1.343080700002611e+01	4.918558520000000e-03
1.346191810001619e+01	4.977333360000000e-03
1.349310760002118e+01	5.077596290000000e-03
1.352313450002111e+01	5.213009660000000e-03
1.355399430001853e+01	5.369551010000000e-03
1.358438419998856e+01	5.469621620000000e-03
1.363141380000161e+01	5.548948890000000e-03
1.366187020001234e+01	5.574110900000000e-03
1.369317580002826e+01	5.610220600000000e-03
1.373912580002798e+01	5.646330770000000e-03
1.378496050002286e+01	5.651516840000000e-03
1.381572040001629e+01	5.645178260000000e-03
1.384631590003846e+01	5.653437230000000e-03
1.389542630000506e+01	5.722776520000000e-03
1.394028779998189e+01	5.806521510000000e-03
1.398740510002244e+01	5.877781190000000e-03
1.403380720003042e+01	5.898141300000000e-03
1.409466410003370e+01	5.922150800000000e-03
1.412604629999259e+01	5.901982540000000e-03
1.415713220002363e+01	5.912738850000000e-03
1.418779629998608e+01	5.959221160000000e-03
1.423330950003583e+01	5.986111700000000e-03
1.427998890000163e+01	6.027023770000000e-03
1.431156850000843e+01	6.016651630000000e-03
1.434295329998713e+01	6.001477600000000e-03
1.439129100000719e+01	5.992450290000000e-03
1.442001460003667e+01	6.010505370000000e-03
1.445111650001490e+01	6.032785870000000e-03
1.449809360003565e+01	6.066783330000000e-03
1.454513969999971e+01	6.045078860000000e-03
1.459167880000314e+01	6.023374390000000e-03
1.463963600003626e+01	6.003014280000000e-03
1.468441550002899e+01	6.024526430000000e-03
1.471545070002321e+01	6.025871260000000e-03
1.474686210002983e+01	6.043349860000000e-03
1.479510829999344e+01	6.009928880000000e-03
1.484162790002301e+01	5.977276250000000e-03
1.488694709999254e+01	5.942702760000000e-03
1.493330380000407e+01	5.967480600000000e-03
1.499552480003331e+01	5.989568770000000e-03
1.502756560000125e+01	5.980349610000000e-03
1.505795149999904e+01	5.933290810000000e-03
1.508922130003339e+01	5.877973510000000e-03
1.513556160003645e+01	5.842439830000000e-03
1.519816640001955e+01	5.854156330000000e-03
1.524496660003206e+01	5.841095000000000e-03
1.529211530002067e+01	5.809210710000000e-03
1.532281859999057e+01	5.773292390000000e-03
1.535536360001424e+01	5.746401850000000e-03
1.540011879999656e+01	5.678023210000000e-03
1.544654690002790e+01	5.682440940000000e-03
1.549320100003388e+01	5.711444190000000e-03
1.554011140001239e+01	5.691468720000000e-03
1.558731830003671e+01	5.683977620000000e-03
1.561716470000101e+01	5.665922540000000e-03
1.565028830000665e+01	5.674181510000000e-03
1.569509520003339e+01	5.723737180000000e-03
1.574290320003638e+01	5.773292390000000e-03
1.578989070001990e+01	5.781935990000000e-03
1.583652369998163e+01	5.798454400000000e-03
1.588330049999058e+01	5.796725400000000e-03
1.591478819999611e+01	5.817661990000000e-03
1.594498100003693e+01	5.867024880000000e-03
1.599127709999448e+01	5.909857810000000e-03
1.603709180001169e+01	5.913891360000000e-03
1.608338640001602e+01	5.914659710000000e-03
1.612934799998766e+01	5.881046880000000e-03
1.616103780001868e+01	5.887384990000000e-03
1.619228550000116e+01	5.920229950000000e-03
1.622405090002576e+01	5.928681230000000e-03
1.625552350003272e+01	5.960565530000000e-03
1.628647859999910e+01	5.960757380000000e-03
1.633251099998597e+01	5.956916600000000e-03
1.636433700000634e+01	5.948656700000000e-03
1.639522569999099e+01	5.942510440000000e-03
1.644177840003977e+01	5.986111700000000e-03
1.648768800002290e+01	6.004358640000000e-03
1.651799130003201e+01	6.025102920000000e-03
1.654922340001212e+01	6.015883290000000e-03
1.659650119999424e+01	6.014154760000000e-03
1.664666480000596e+01	5.988992750000000e-03
1.669782589998795e+01	6.032978180000000e-03
1.673660000000382e+01	6.064286460000000e-03
1.679994569998235e+01	6.053722000000000e-03
1.683119220001390e+01	6.029328800000000e-03
1.686154990002979e+01	6.015691440000000e-03
1.689287829998648e+01	5.979580800000000e-03
1.693844870000612e+01	6.005895320000000e-03
1.698513290000847e+01	6.010889080000000e-03
1.704616199998418e+01	6.010313050000000e-03
1.709412800002610e+01	5.992642140000000e-03
1.712501489999704e+01	5.958260500000000e-03
1.715599060000386e+01	5.948464850000000e-03
1.718703750002896e+01	5.975739560000000e-03
1.723440770001616e+01	5.984191320000000e-03
1.728062239999417e+01	6.004550960000000e-03
1.731158560002223e+01	5.982846490000000e-03
1.734269240003778e+01	5.951730070000000e-03
1.738998730003368e+01	5.918117240000000e-03
1.742112970002927e+01	5.916964730000000e-03
1.745181420003064e+01	5.943662950000000e-03
1.748301110003376e+01	5.947696510000000e-03
1.752888250001706e+01	5.974587520000000e-03
1.756000240001595e+01	5.961718040000000e-03
1.759014670003671e+01	5.939821710000000e-03
1.763652649999131e+01	5.898909640000000e-03
1.769946239999263e+01	5.931562280000000e-03
1.774521000002278e+01	5.965367430000000e-03
1.779275840002811e+01	5.957300310000000e-03
1.783906169998227e+01	5.943855270000000e-03
1.788622179999948e+01	5.907552780000000e-03
1.794820560002699e+01	5.930602080000000e-03
1.799454159999732e+01	5.920998290000000e-03
1.802641630003927e+01	5.908705290000000e-03
1.805764910002472e+01	5.883543750000000e-03
1.808908170001814e+01	5.855692550000000e-03
1.813454360002652e+01	5.820927210000000e-03
1.819631810003193e+01	5.831299350000000e-03
1.824277950002579e+01	5.831875370000000e-03
1.828844350000145e+01	5.813628440000000e-03
1.832014900003560e+01	5.777325950000000e-03
1.835150230000727e+01	5.747554360000000e-03
1.839801589999115e+01	5.681096580000000e-03
1.844483560003573e+01	5.683785300000000e-03
1.849043390003499e+01	5.682248620000000e-03
1.853833640000084e+01	5.654590200000000e-03
1.858483529998921e+01	5.630580710000000e-03
1.861507790000178e+01	5.601577460000000e-03
1.864794270001585e+01	5.546644330000000e-03
1.869490830000723e+01	5.533198830000000e-03
1.874088019999908e+01	5.519561470000000e-03
1.878801309998380e+01	5.495743830000000e-03
1.883540590002667e+01	5.439658180000000e-03
1.889649810001720e+01	5.372623910000000e-03
1.892806840001140e+01	5.345157350000000e-03
1.895993310003541e+01	5.342852320000000e-03
1.899146859999746e+01	5.342852320000000e-03
1.903798389999429e+01	5.317114290000000e-03
1.908440910000354e+01	5.283309150000000e-03
1.913083789998200e+01	5.235097840000000e-03
1.916304590000072e+01	5.217426920000000e-03
1.919370519998483e+01	5.235674330000000e-03
1.922500370000489e+01	5.237787500000000e-03
1.925522869999986e+01	5.251616710000000e-03
1.928697120002471e+01	5.243165420000000e-03
1.933408120000968e+01	5.226070530000000e-03
1.939631789998384e+01	5.184005950000000e-03
1.944244840001920e+01	5.202445670000000e-03
1.949104260001332e+01	5.210128610000000e-03
1.952015019999817e+01	5.231448910000000e-03
1.955193419998977e+01	5.218579900000000e-03
1.959780129999854e+01	5.196875430000000e-03
1.964573510002811e+01	5.156155210000000e-03
1.969034640002064e+01	5.181893240000000e-03
1.973705120000523e+01	5.199179980000000e-03
1.980044770002132e+01	5.200716670000000e-03
1.983234409999568e+01	5.176899020000000e-03
1.986289809999289e+01	5.166335500000000e-03
1.989494140003808e+01	5.121389870000000e-03
1.994417199998861e+01	5.110441240000000e-03
1.998925099999178e+01	5.100837440000000e-03
2.003582679998362e+01	5.097188060000000e-03
2.008319620002294e+01	5.077212580000000e-03
2.011509939999087e+01	5.068568980000000e-03
2.014656289998675e+01	5.037261170000000e-03
2.019250090001151e+01	5.056275990000000e-03
2.023966150003253e+01	5.076060070000000e-03
2.028532720002113e+01	5.081053820000000e-03
2.033124140003929e+01	5.058581480000000e-03
2.036159929999849e+01	5.054739770000000e-03
2.039378819998819e+01	5.030154250000000e-03
2.042415720003191e+01	5.021318330000000e-03
2.045528080000076e+01	5.023815670000000e-03
2.048643930000253e+01	4.983479620000000e-03
2.053293719998328e+01	4.971955440000000e-03
2.059535050002160e+01	4.927777690000000e-03
2.064984650001861e+01	4.886673760000000e-03
2.068791540001985e+01	4.878222940000000e-03
2.072035409999080e+01	4.878222940000000e-03
2.075118950003525e+01	4.886673760000000e-03
2.079838570003631e+01	4.886673760000000e-03
2.084505040000658e+01	4.841920450000000e-03
2.089209039998241e+01	4.790060690000000e-03
2.093850550003117e+01	4.785258320000000e-03
2.098449450003682e+01	4.782953300000000e-03
2.101602199999616e+01	4.793517290000000e-03
2.105435520003084e+01	4.790060690000000e-03
2.109740900003817e+01	4.779879940000000e-03
2.114189339999575e+01	4.746075250000000e-03
2.118796240002848e+01	4.775654520000000e-03
2.123487650003517e+01	4.777767230000000e-03
2.129639000003226e+01	4.803505260000000e-03
2.132767840003362e+01	4.790636710000000e-03
2.135802869999316e+01	4.789676050000000e-03
2.138904829998501e+01	4.762785970000000e-03
2.143763470003614e+01	4.779879940000000e-03
2.148561109998263e+01	4.794670270000000e-03
2.154419970000163e+01	4.757407590000000e-03
2.159019960003207e+01	4.684610760000000e-03
2.162115489999996e+01	4.613159220000000e-03
2.165234159998363e+01	4.539018500000000e-03
2.168446379998932e+01	4.524612330000000e-03
2.173050780000631e+01	4.476977980000000e-03
2.176194579998264e+01	4.394577820000000e-03
2.179340439999942e+01	4.269537050000000e-03
2.184009170002537e+01	4.183295180000000e-03
2.188696229999186e+01	4.133547660000000e-03
2.191804030002095e+01	4.111267160000000e-03
2.194800149998628e+01	4.123752010000000e-03
2.199413390003610e+01	4.138350020000000e-03
2.204098910000175e+01	4.127401390000000e-03
2.208730940002715e+01	4.101471510000000e-03
2.213491730001988e+01	4.068434700000000e-03
2.219802080001682e+01	3.998134750000000e-03
2.222899360000156e+01	4.001592290000000e-03
2.225972700002603e+01	4.011964430000000e-03
2.229107879998628e+01	4.003512670000000e-03
2.233903410000494e+01	3.970091700000000e-03
2.239980389998527e+01	3.928411750000000e-03
2.244542080000974e+01	3.927643410000000e-03
2.249249159998726e+01	3.915158570000000e-03
2.252351900003850e+01	3.881545040000000e-03
2.255472810001811e+01	3.821233520000000e-03
2.258570160000818e+01	3.769373520000000e-03
2.263679070002399e+01	3.724428130000000e-03
2.269435940001858e+01	3.688317720000000e-03
2.274073240003781e+01	3.693311940000000e-03
2.278820760000963e+01	3.691967110000000e-03
2.281899120000890e+01	3.677945820000000e-03
2.284932999999728e+01	3.668149930000000e-03
2.289535000000615e+01	3.646445690000000e-03
2.294100009999238e+01	3.652207790000000e-03
2.298831089999294e+01	3.669110130000000e-03
2.303554940002505e+01	3.680058520000000e-03
2.309697610000148e+01	3.663731970000000e-03
2.312874240003293e+01	3.656817600000000e-03
2.316101250000065e+01	3.630118910000000e-03
2.319188470003428e+01	3.629926820000000e-03
2.323906950000674e+01	3.630887480000000e-03
2.328560920001473e+01	3.627238100000000e-03
2.333329630002845e+01	3.613984680000000e-03
2.339607980003348e+01	3.572688670000000e-03
2.342746490001446e+01	3.561548190000000e-03
2.345896920002997e+01	3.560011510000000e-03
2.349008260003757e+01	3.485102440000000e-03
2.353674770001089e+01	3.446111220000000e-03
2.358406140003353e+01	3.432858040000000e-03
2.363018020003801e+01	3.423638410000000e-03
2.366076820000308e+01	3.404046640000000e-03
2.369276700000046e+01	3.401549770000000e-03
2.372373540000990e+01	3.407120010000000e-03
2.375482540001394e+01	3.407696260000000e-03
2.378551280003740e+01	3.409232940000000e-03
2.383285920001799e+01	3.395979530000000e-03
2.387892759998795e+01	3.383494450000000e-03
2.391139880003175e+01	3.359869360000000e-03
2.394132710003760e+01	3.365823530000000e-03
2.398760100000072e+01	3.362174150000000e-03
2.401920350000728e+01	3.364479400000000e-03
2.404910790000577e+01	3.362174150000000e-03
2.409751340001822e+01	3.345079720000000e-03
2.414290909998817e+01	3.321070220000000e-03
2.418882849998772e+01	3.325680270000000e-03
2.423526330001187e+01	3.330673790000000e-03
2.428240510000614e+01	3.334707350000000e-03
2.431372939998982e+01	3.318957290000000e-03
2.434540250001010e+01	3.248273860000000e-03
2.439117920002900e+01	3.184504810000000e-03
2.443681530002505e+01	3.175093090000000e-03
2.448389360000147e+01	3.175093090000000e-03
2.454645560000790e+01	3.157230090000000e-03
2.459396550001111e+01	3.117470770000000e-03
2.462624760001199e+01	3.078479550000000e-03
2.465729480003938e+01	3.012981960000000e-03
2.468713239999488e+01	2.963618840000000e-03
2.473434289998841e+01	2.944219160000000e-03
2.479645040002652e+01	2.915215910000000e-03
2.484207250003237e+01	2.862779420000000e-03
2.488811810000334e+01	2.821675270000000e-03
2.491910030000145e+01	2.785756950000000e-03
2.495032090001041e+01	2.768470210000000e-03
2.499732900003437e+01	2.739850900000000e-03
2.504409380001016e+01	2.694905500000000e-03
2.509013560001040e+01	2.639011950000000e-03
2.513701840001158e+01	2.585230630000000e-03
2.520185940002557e+01	2.562181560000000e-03
2.522955370001728e+01	2.550081120000000e-03
2.526059289998375e+01	2.523382430000000e-03
2.529110909998417e+01	2.484583300000000e-03
2.533669660001760e+01	2.441750610000000e-03
2.540219100000104e+01	2.406216690000000e-03
2.544516420003492e+01	2.349746650000000e-03
2.549160260002827e+01	2.336685550000000e-03
2.552217820001533e+01	2.330731130000000e-03
2.555351430003066e+01	2.316133820000000e-03
2.558570530003635e+01	2.285209250000000e-03
2.563401799998246e+01	2.279254840000000e-03
2.568049569998402e+01	2.251212020000000e-03
2.571245809999527e+01	2.232196510000000e-03
2.574353919998975e+01	2.181872960000000e-03
2.579027779999888e+01	2.164393900000000e-03
2.582165470003383e+01	2.150372600000000e-03
2.585302660003072e+01	2.135006480000000e-03
2.588439890003065e+01	2.128284190000000e-03
2.593089449999388e+01	2.107347830000000e-03
2.596164629998384e+01	2.107347830000000e-03
2.599507649999578e+01	2.098320280000000e-03
2.604008559999056e+01	2.091405680000000e-03
2.608625019999454e+01	2.073926850000000e-03
2.611765830003424e+01	2.046268200000000e-03
2.615098159998888e+01	1.994215650000000e-03
2.619727200001944e+01	1.951190990000000e-03
2.624401989998296e+01	1.898946470000000e-03
2.629133219999494e+01	1.870135310000000e-03
2.633815389999654e+01	1.823268830000000e-03
2.638591070001712e+01	1.805021780000000e-03
2.641698760003783e+01	1.746054740000000e-03
2.644911290000891e+01	1.714170210000000e-03
2.649652380001498e+01	1.700148800000000e-03
2.654337780002970e+01	1.683054030000000e-03
2.658937990001868e+01	1.630617540000000e-03
2.663686430000234e+01	1.561662530000000e-03
2.677980730001582e+01	1.414149070000000e-03
2.681066519999877e+01	1.394365220000000e-03
2.684288040001411e+01	1.364209460000000e-03
2.688681789999828e+01	1.332517130000000e-03
2.693278450000798e+01	1.317535180000000e-03
2.699440550000872e+01	1.295254450000000e-03
2.702512459998252e+01	1.270092790000000e-03
2.705617589998292e+01	1.245507040000000e-03
2.708828540000832e+01	1.211125640000000e-03
2.713599720003549e+01	1.188268650000000e-03
2.719725700002164e+01	1.174439330000000e-03
2.724444969999604e+01	1.150237750000000e-03
2.729026249999879e+01	1.117969280000000e-03
2.732018540002173e+01	1.082435480000000e-03
2.735084339999594e+01	1.049014270000000e-03
2.739811609999742e+01	1.027501890000000e-03
2.744406850001542e+01	1.009062630000000e-03
2.749061520001851e+01	9.984985230000001e-04
2.753677629999584e+01	9.746813450000000e-04
2.759965360001661e+01	9.493274260000000e-04
2.763001419999637e+01	9.353058410000000e-04
2.766339270002209e+01	9.132173730000000e-04
2.769314360001590e+01	8.917049850000000e-04
2.774051030003466e+01	8.550185590000000e-04
2.778621540003223e+01	8.075759980000000e-04
2.783242430002429e+01	7.866396919999999e-04
2.786405750003178e+01	7.587889560000000e-04
2.789525340002729e+01	7.355478590000000e-04
2.792817130003823e+01	6.992457200000000e-04
2.795686050003860e+01	6.729314920000000e-04
2.798990749998484e+01	6.454645770000000e-04
2.803607329999795e+01	6.264492400000000e-04
2.809906780003803e+01	6.066653880000000e-04
2.814418910001405e+01	5.711316480000000e-04
2.819123689999105e+01	5.444330750000000e-04
2.822128220001468e+01	5.209999510000000e-04
2.825310710002668e+01	4.779751760000000e-04
2.828417930001160e+01	4.432095450000000e-04
2.834506170003442e+01	3.790565820000000e-04
2.839148789999308e+01	3.608093830000000e-04
2.843696680001449e+01	3.454434630000000e-04
2.848602720000781e+01	3.400653660000000e-04
2.851507989998208e+01	3.306535950000000e-04
2.854695290001109e+01	3.147113600000000e-04
2.859325969999190e+01	2.818665820000000e-04
2.864055370003916e+01	2.494058570000000e-04
2.868599480000557e+01	2.196342540000000e-04
2.873201169999084e+01	2.119512360000000e-04
2.876364250003826e+01	2.038840320000000e-04
2.879506119998405e+01	1.948565770000000e-04
2.882582800003001e+01	1.796826690000000e-04
2.885569220001344e+01	1.620116820000000e-04
2.888690919999499e+01	1.487585400000000e-04
2.893457330000820e+01	1.458774060000000e-04
2.899494380003307e+01	1.218680630000000e-04
2.904142389999470e+01	1.003556830000000e-04
2.908797400002368e+01	8.959938710000000e-05
2.911750809999648e+01	7.941939839999999e-05
2.915117189998273e+01	6.424549060000000e-05
2.919631100003608e+01	6.021195080000000e-05
2.924296130001312e+01	6.213270540000000e-05
2.928934070002288e+01	6.597422180000000e-05
2.933536670001922e+01	6.597422180000000e-05
2.939680960000260e+01	6.712662430000000e-05
2.942756899999222e+01	7.058396300000000e-05
2.945907889999216e+01	7.577003270000000e-05
2.949042139999801e+01	8.076395170000000e-05
2.953719260002254e+01	9.267266430000000e-05
2.958399590000045e+01	9.555379799999999e-05
2.963017770001898e+01	9.901113660000001e-05
2.966118960001040e+01	1.084227700000000e-04
2.969213610002771e+01	1.228284380000000e-04
2.972349340002984e+01	1.374261480000000e-04
2.976990349998232e+01	1.597068770000000e-04
2.980244020000100e+01	1.802588670000000e-04
2.983352919999743e+01	1.925516410000000e-04
2.987957920000190e+01	2.081097190000000e-04
2.991102609998779e+01	2.167531200000000e-04
2.994205240003066e+01	2.488296600000000e-04
2.998802570003318e+01	2.728390100000000e-04
3.001903840003069e+01	2.918544340000000e-04
3.005037640000228e+01	3.300773970000000e-04
3.008145440003136e+01	3.596569880000000e-04
3.011273880000226e+01	3.974957800000000e-04
3.014351090003038e+01	4.556944480000000e-04
3.019276589999208e+01	5.325244860000000e-04
3.023695890000090e+01	6.277937210000000e-04
3.028351540002041e+01	6.665929100000000e-04
3.031533489999129e+01	6.852241350000000e-04
3.034834389999742e+01	6.930991660000000e-04
3.039279569999781e+01	7.005902010000000e-04
3.043845980003243e+01	7.032792780000000e-04
3.048568420001538e+01	7.092335730000000e-04
3.053227770002559e+01	7.119227080000000e-04
3.056429820001358e+01	7.142274990000000e-04
3.059535449999385e+01	7.136511850000000e-04
3.062705110001843e+01	7.109622820000001e-04
3.065802939998684e+01	7.090415460000000e-04
3.068994469998870e+01	7.019346230000000e-04
3.073619010002585e+01	6.439281280000000e-04
3.079869259998668e+01	5.578783460000000e-04
3.084631870000158e+01	4.662586140000000e-04
3.089337200002046e+01	4.128617290000000e-04
3.092348830000265e+01	3.727180880000000e-04
3.095437970000785e+01	3.335347280000000e-04
3.098604019999038e+01	2.972325020000000e-04
3.103289380000206e+01	2.805220140000000e-04
3.108016379998298e+01	2.457564990000000e-04
3.111185789998854e+01	2.213628760000000e-04
3.114185930002714e+01	1.743045720000000e-04
3.118736989999888e+01	1.510634610000000e-04
3.121993520000251e+01	1.316638810000000e-04
3.125013470003614e+01	1.116880810000000e-04
3.129714700003387e+01	9.574582510000000e-05
3.134237470000517e+01	8.671825340000000e-05
3.138877180003328e+01	7.673040820000000e-05
3.143624409998301e+01	6.827915060000000e-05
3.148242850002134e+01	6.539801689999999e-05
3.151533130003372e+01	6.386132010000000e-05
3.154363000002922e+01	6.059612500000000e-05
3.159260560001712e+01	5.905954090000000e-05
3.163769890001277e+01	5.963574590000000e-05
3.168460550002055e+01	6.078815570000000e-05
3.174639440001920e+01	7.730661310000000e-05
3.179254110000329e+01	8.537380930000001e-05
3.182313690002775e+01	9.286469139999999e-05
3.185354849998839e+01	9.613000290000000e-05
3.188468800002011e+01	9.747454900000000e-05
3.193510000000242e+01	1.011239220000000e-04
3.199304540001322e+01	1.089989750000000e-04
3.204052260000026e+01	1.232126230000000e-04
3.208753530000104e+01	1.339688020000000e-04
3.212003980000736e+01	1.441487840000000e-04
3.214886840002146e+01	1.558653600000000e-04
3.219864110002527e+01	1.766093920000000e-04
3.224410700000590e+01	2.046523880000000e-04
3.228924200002803e+01	2.271251430000000e-04
3.233804589998908e+01	2.403784020000000e-04
3.239798310003243e+01	2.499820840000000e-04
3.242898249998689e+01	2.570888900000000e-04
3.246012290002545e+01	2.651559770000000e-04
3.249191889999202e+01	2.885892170000000e-04
3.253898509999271e+01	3.308457380000000e-04
3.258532240003115e+01	3.621539510000000e-04
3.263195230002748e+01	3.765596190000000e-04
3.266310260002501e+01	3.876998670000000e-04
3.269460550002987e+01	3.974957800000000e-04
3.273265780002112e+01	4.184319700000000e-04
3.278786320000654e+01	4.758623840000000e-04
3.283436079998501e+01	4.979510560000001e-04
3.288106230000267e+01	5.259938770000000e-04
3.291221380000934e+01	5.532684740000000e-04
3.294384540000465e+01	6.030161170000000e-04
3.298888279998209e+01	6.295224300000000e-04
3.302002029999858e+01	6.594861620000000e-04
3.305134240002371e+01	6.921387980000000e-04
3.308253050001804e+01	7.174927160000000e-04
3.314511540002422e+01	7.814537380000000e-04
3.319012759998441e+01	8.150669750000000e-04
3.323609880002914e+01	8.573234080000000e-04
3.328286500001559e+01	8.769150010000000e-04
3.331394130003173e+01	9.086075010000000e-04
3.334566910000285e+01	9.280070660000000e-04
3.339168820000486e+01	9.483670580000000e-04
3.343761890003225e+01	9.737209180000000e-04
3.348412730003474e+01	9.994589490000001e-04
3.353083130001323e+01	1.062651630000000e-03
3.356203939998522e+01	1.106444750000000e-03
3.359313970000949e+01	1.140441980000000e-03
3.362593089998700e+01	1.163683130000000e-03
3.365550570003688e+01	1.189805330000000e-03
3.368750150001142e+01	1.227260100000000e-03
3.373419490002561e+01	1.254150410000000e-03
3.379790579999099e+01	1.339239770000000e-03
3.384463280002819e+01	1.413956980000000e-03
3.389050029998180e+01	1.466393350000000e-03
3.392171480000252e+01	1.495588690000000e-03
3.395314460003283e+01	1.521903210000000e-03
3.398431080003502e+01	1.542647250000000e-03
3.403188460000092e+01	1.608913070000000e-03
3.406198120000772e+01	1.641181650000000e-03
3.409198880003532e+01	1.679404520000000e-03
3.413899559999118e+01	1.720316710000000e-03
3.418802220001817e+01	1.750472470000000e-03
3.421697549999226e+01	1.780244060000000e-03
3.424861499998951e+01	1.817890790000000e-03
3.429496850003488e+01	1.855537530000000e-03
3.434110790002160e+01	1.920842910000000e-03
3.438806050003041e+01	1.964059660000000e-03
3.443321769998875e+01	1.975008290000000e-03
3.449446760001592e+01	2.018032830000000e-03
3.452487090002978e+01	2.036087910000000e-03
3.455654660001164e+01	2.065859740000000e-03
3.458715390000725e+01	2.128284190000000e-03
3.463407159998314e+01	2.147299700000000e-03
3.468413270002929e+01	2.168427450000000e-03
3.474381960002938e+01	2.252364760000000e-03
3.479600550001487e+01	2.303264570000000e-03
3.482323730003554e+01	2.334188670000000e-03
3.485326150001492e+01	2.365688790000000e-03
3.488505600002827e+01	2.425808460000000e-03
3.493261690001236e+01	2.455579820000000e-03
3.499341410002671e+01	2.571209330000000e-03
3.503900350001641e+01	2.610008470000000e-03
3.508510329999262e+01	2.618843690000000e-03
3.511565230000997e+01	2.627295440000000e-03
3.514659620000748e+01	2.637859200000000e-03
3.519597070000600e+01	2.637091090000000e-03
3.524055119999684e+01	2.685686110000000e-03
3.528798090002965e+01	2.750991380000000e-03
3.533482799999183e+01	2.784988840000000e-03
3.539645060000475e+01	2.798626200000000e-03
3.542756260000169e+01	2.794016150000000e-03
3.545797799999127e+01	2.794208240000000e-03
3.548912849999033e+01	2.823019630000000e-03
3.553491689998191e+01	2.830702580000000e-03
3.559743369999342e+01	2.863931470000000e-03
3.564454509998905e+01	2.866620900000000e-03
3.569018440000946e+01	2.852022880000000e-03
3.572160719998647e+01	2.853367480000000e-03
3.575611750001553e+01	2.886404520000000e-03
3.579950770002324e+01	2.972261980000000e-03
3.584538970002905e+01	3.035646860000000e-03
3.589284450002015e+01	3.072717460000000e-03
3.594035260000965e+01	3.080400410000000e-03
3.598603490000824e+01	3.093845210000000e-03
3.601808060001349e+01	3.121696410000000e-03
3.604908110003453e+01	3.147050270000000e-03
3.609731600002851e+01	3.174709160000000e-03
3.614350030000787e+01	3.204096570000000e-03
3.619074089999776e+01	3.226761470000000e-03
3.623640039999736e+01	3.275932510000000e-03
3.628467660001479e+01	3.290914460000000e-03
3.631535250000888e+01	3.310890170000000e-03
3.634470860002330e+01	3.310314150000000e-03
3.639104860002408e+01	3.303591390000000e-03
3.643789790000301e+01	3.280158150000000e-03
3.648447790002683e+01	3.281886920000000e-03
3.653202049998799e+01	3.307816810000000e-03
3.656252239999594e+01	3.320493970000000e-03
3.659399309998844e+01	3.321070220000000e-03
3.662517270003445e+01	3.311082260000000e-03
3.665564770001220e+01	3.305704100000000e-03
3.668617519998224e+01	3.284383800000000e-03
3.673596860002726e+01	3.295908220000000e-03
3.679572570003802e+01	3.304743910000000e-03
3.684220230003120e+01	3.315307900000000e-03
3.688902110001072e+01	3.341046160000000e-03
3.692013420001604e+01	3.409040860000000e-03
3.695144869998330e+01	3.527358640000000e-03
3.699670160003006e+01	3.720778510000000e-03
3.704364129999885e+01	3.853502220000000e-03
3.709031240001787e+01	3.977006770000000e-03
3.713659120001830e+01	4.085913300000000e-03
3.718694069999037e+01	4.125096370000000e-03
3.721525860001566e+01	4.173691380000000e-03
3.724632909998763e+01	4.259357230000000e-03
3.729194860003190e+01	4.338299390000000e-03
3.733959069999401e+01	4.445862030000000e-03
3.740125580003951e+01	4.524804650000000e-03
3.744608419999713e+01	4.573783370000000e-03
3.749315310001839e+01	4.650806080000000e-03
3.752659680001670e+01	4.731284920000000e-03
3.755536779999966e+01	4.812917210000000e-03
3.758617450000020e+01	4.914524960000000e-03
3.763283329998376e+01	4.947562240000000e-03
3.768239319999702e+01	4.981175070000000e-03
3.771186320000561e+01	4.986361130000000e-03
3.774308690003818e+01	5.057428500000000e-03
3.779114520002622e+01	5.089505580000000e-03
3.782142520003254e+01	5.130224860000000e-03
3.785184110002592e+01	5.151737950000000e-03
3.788315060001332e+01	5.168064030000000e-03
3.793075820000377e+01	5.209743980000000e-03
3.796187729999656e+01	5.229143890000000e-03
3.799388560000807e+01	5.311160350000000e-03
3.804004039999563e+01	5.363211970000000e-03
3.808716350002214e+01	5.403739870000000e-03
3.811905430001207e+01	5.433127280000000e-03
3.814900299999863e+01	5.450414490000000e-03
3.819763350003632e+01	5.458673460000000e-03
3.824435049999738e+01	5.536655900000000e-03
3.829680650000228e+01	5.596967410000000e-03
3.833681170002092e+01	5.673221310000000e-03
3.840009499998996e+01	5.680904720000000e-03
3.843062490003649e+01	5.681288430000000e-03
3.846147019998170e+01	5.668611270000000e-03
3.849200150003890e+01	5.709907970000000e-03
3.853839890001109e+01	5.741408090000000e-03
3.858480579999741e+01	5.761384030000000e-03
3.863026499998523e+01	5.776558070000000e-03
3.866152980003972e+01	5.792115810000000e-03
3.869388239999535e+01	5.787505770000000e-03
3.872701700002654e+01	5.792115810000000e-03
3.875528109999141e+01	5.829570350000000e-03
3.878580539999530e+01	5.857229230000000e-03
3.883186450001085e+01	5.888729360000000e-03
3.886345420003636e+01	5.918309090000000e-03
3.889436790003674e+01	5.928489380000000e-03
3.894131870003184e+01	5.929257260000000e-03
3.898762379999971e+01	5.943662950000000e-03
3.901807370001916e+01	5.984191320000000e-03
3.904924220003886e+01	6.010121200000000e-03
3.909558279998600e+01	6.047767590000000e-03
3.914329889998771e+01	6.045078860000000e-03
3.919083310000133e+01	6.030288990000000e-03
3.923694129998330e+01	6.069856700000000e-03
3.928417840000475e+01	6.087910850000000e-03
3.931529290002072e+01	6.110384590000000e-03
3.934631360002095e+01	6.132856940000000e-03
3.939130140002817e+01	6.110384590000000e-03
3.943802599998889e+01	6.080420690000000e-03
3.948476110002957e+01	6.071584760000000e-03
3.953091800003313e+01	6.099819670000000e-03
3.956217099999776e+01	6.109039760000000e-03
3.959221520001302e+01	6.120755800000000e-03
3.962250629998744e+01	6.112113130000000e-03
3.965338670002529e+01	6.084454250000000e-03
3.968531590001658e+01	6.025487090000000e-03
3.973299759998918e+01	6.006087640000000e-03
3.979643570003100e+01	6.013770590000000e-03
3.984305130003486e+01	6.012809930000000e-03
3.988902499998221e+01	5.985535220000000e-03
3.992005640000571e+01	5.967480600000000e-03
3.995091389998561e+01	5.911778660000000e-03
3.999750589998439e+01	5.886616650000000e-03
4.004356640001060e+01	5.856460890000000e-03
4.008909080002923e+01	5.853579850000000e-03
4.013491730001988e+01	5.817853850000000e-03
4.019591409998247e+01	5.753508770000000e-03
4.022785690001911e+01	5.717206280000000e-03
4.025778510002419e+01	5.719511300000000e-03
4.028898040001513e+01	5.727770740000000e-03
4.033546159998514e+01	5.749283360000000e-03
4.039807470003143e+01	5.727963060000000e-03
4.044381860003341e+01	5.684169470000000e-03
4.048909620003542e+01	5.649019960000000e-03
4.051905930001521e+01	5.642489530000000e-03
4.055043740000110e+01	5.620400420000000e-03
4.059732860000804e+01	5.616175010000000e-03
4.064424200000940e+01	5.583138210000000e-03
4.069573129998753e+01	5.554710980000000e-03
4.073875860002590e+01	5.598888270000000e-03
4.078453900001477e+01	5.629044030000000e-03
4.081529810000211e+01	5.659968130000000e-03
4.084639449999668e+01	5.703761240000000e-03
4.089224800001830e+01	5.719127130000000e-03
4.093768660002388e+01	5.748514550000000e-03
4.098332090000622e+01	5.777517800000000e-03
4.103149900003336e+01	5.891034850000000e-03
4.106161249999423e+01	5.951538220000000e-03
4.109305850003147e+01	6.009737030000000e-03
4.112410910002654e+01	6.037395910000000e-03
4.115530620003119e+01	6.032401700000000e-03
4.118793650000589e+01	6.014346610000000e-03
4.123490919999313e+01	6.012042050000000e-03
4.128194190002978e+01	6.057947410000000e-03
4.131363540003076e+01	6.072161250000000e-03
4.134492800000589e+01	6.104430180000000e-03
4.139127070002723e+01	6.097131410000000e-03
4.142160569998669e+01	6.092137660000000e-03
4.145249930000864e+01	6.063133480000000e-03
4.148358470003586e+01	6.053722000000000e-03
4.153144749999046e+01	6.076002960000000e-03
4.156195689999731e+01	6.075426470000000e-03
4.159258500003489e+01	6.092521360000000e-03
4.164001259999350e+01	6.052377630000000e-03
4.168571140000131e+01	6.038547960000000e-03
4.171777719998499e+01	5.987264220000000e-03
4.175064440001734e+01	5.985919390000000e-03
4.179379780002637e+01	5.982270460000000e-03
4.184000269998796e+01	5.983038340000000e-03
4.188697220000904e+01	5.941934420000000e-03
4.193366899999091e+01	5.934635640000000e-03
4.199540910002543e+01	5.865104030000000e-03
4.202570749999722e+01	5.883735600000000e-03
4.205645959998947e+01	5.877973510000000e-03
4.208804360002978e+01	5.886040630000000e-03
4.213481870002579e+01	5.859533790000000e-03
4.220353270001942e+01	5.760423370000000e-03
4.224562220001826e+01	5.727386570000000e-03
4.229205899999943e+01	5.727963060000000e-03
4.232322990003740e+01	5.728922780000000e-03
4.235507640003925e+01	5.716246090000000e-03
4.238623730000108e+01	5.666882730000000e-03
4.243290449999040e+01	5.649788310000000e-03
4.247983530000784e+01	5.580833180000000e-03
4.251066309999442e+01	5.576991480000000e-03
4.254190080001717e+01	5.568156480000000e-03
4.258846530003939e+01	5.577183790000000e-03
4.261949630000163e+01	5.555479320000000e-03
4.265010030003032e+01	5.498241170000000e-03
4.269849380000960e+01	5.399322600000000e-03
4.274403960001655e+01	5.313464910000000e-03
4.278902989998460e+01	5.271592180000000e-03
4.283651970000938e+01	5.243165420000000e-03
4.288892440003110e+01	5.215698390000000e-03
4.291414380003698e+01	5.194570400000000e-03
4.294613779999781e+01	5.161917770000000e-03
4.299301899998682e+01	5.126960110000000e-03
4.304010919999564e+01	5.136563910000000e-03
4.308786860003602e+01	5.108520390000000e-03
4.313313219998963e+01	5.080093630000000e-03
4.319797159999143e+01	5.011522680000000e-03
4.322792710002977e+01	4.977141510000000e-03
4.325909210002283e+01	4.948521960000000e-03
4.328936270001577e+01	4.916637670000000e-03
4.333590450003976e+01	4.887250250000000e-03
4.339697080000769e+01	4.857094490000000e-03
4.344282460003160e+01	4.834045190000000e-03
4.348924329999136e+01	4.808691330000000e-03
4.351988520001760e+01	4.800624210000000e-03
4.355130570003530e+01	4.796590660000000e-03
4.359803079999983e+01	4.801200700000000e-03
4.364456440001959e+01	4.750300660000000e-03
4.369196610001381e+01	4.692293700000000e-03
4.373810319998302e+01	4.656760020000000e-03
4.378577429999132e+01	4.672702400000000e-03
4.381807159999153e+01	4.673470740000000e-03
4.385005499998806e+01	4.686531610000000e-03
4.388106109999353e+01	4.689413120000000e-03
4.391246790002333e+01	4.637360570000000e-03
4.394369929999812e+01	4.628909290000000e-03
4.399019979999866e+01	4.615656100000000e-03
4.403691979998257e+01	4.646580200000000e-03
4.408421860000817e+01	4.654839630000000e-03
4.411539089999860e+01	4.665980120000000e-03
4.414708760002395e+01	4.654647320000000e-03
4.419421699998202e+01	4.649269390000000e-03
4.424003520002589e+01	4.614503590000000e-03
4.428607570001623e+01	4.593375140000000e-03
4.433318369998597e+01	4.570518620000000e-03
4.439634219999425e+01	4.528262190000000e-03
4.442751629999839e+01	4.504445010000000e-03
4.445790350000607e+01	4.480627370000000e-03
4.448903870000504e+01	4.445093220000000e-03
4.453933270002017e+01	4.463917110000000e-03
4.459804599999916e+01	4.476593810000000e-03
4.464492170000449e+01	4.450279750000000e-03
4.469252370001050e+01	4.441636150000000e-03
4.472241809999105e+01	4.416858780000000e-03
4.475351650000084e+01	4.401108250000000e-03
4.478538369998569e+01	4.403605130000000e-03
4.484542010002770e+01	4.401684740000000e-03
4.489191509998636e+01	4.372681030000000e-03
4.493799980002223e+01	4.339452370000000e-03
4.498361100000329e+01	4.316595380000000e-03
4.501412720000371e+01	4.307183440000000e-03
4.504488699999638e+01	4.319476430000000e-03
4.509024990000762e+01	4.332153130000000e-03
4.513551649998408e+01	4.312561820000000e-03
4.520220850000624e+01	4.293546080000000e-03
4.524434360000305e+01	4.246103580000000e-03
4.529102950001834e+01	4.244183190000000e-03
4.532208449998870e+01	4.231890200000000e-03
4.535220989998197e+01	4.234387070000000e-03
4.539902660000371e+01	4.202502310000000e-03
4.544561019999674e+01	4.153715450000000e-03
4.549132720002672e+01	4.109346310000000e-03
4.553793900000164e+01	4.115492570000000e-03
4.558492609998211e+01	4.110882520000000e-03
4.561662139999680e+01	4.105312750000000e-03
4.564676279999549e+01	4.067474040000000e-03
4.569685290002963e+01	4.047306250000000e-03
4.574139000003925e+01	4.014461300000000e-03
4.578749499999685e+01	4.018686710000000e-03
4.583454579999670e+01	4.013692490000000e-03
4.589537720003864e+01	4.012348600000000e-03
4.592686870001489e+01	3.992948680000000e-03
4.595688230002997e+01	3.981424500000000e-03
4.598848930001259e+01	3.938975740000000e-03
4.603504410001915e+01	3.923225680000000e-03
4.608210679999320e+01	3.906514960000000e-03
4.611203419999219e+01	3.894414290000000e-03
4.614300109999022e+01	3.837368220000000e-03
4.619003769999836e+01	3.799145110000000e-03
4.622544370003743e+01	3.752278860000000e-03
4.625225670001237e+01	3.724812060000000e-03
4.628354560001753e+01	3.715016180000000e-03
4.632991560001392e+01	3.693887960000000e-03
4.636113380000461e+01	3.700418400000000e-03
4.639249100000598e+01	3.682171460000000e-03
4.643902659998275e+01	3.652591960000000e-03
4.648562110000057e+01	3.620131170000000e-03
4.651605209999252e+01	3.597658590000000e-03
4.654734819999430e+01	3.592472290000000e-03
4.659423709998373e+01	3.576338290000000e-03
4.664140550000593e+01	3.528127210000000e-03
4.668746049999027e+01	3.488752060000000e-03
4.673614520003321e+01	3.432665950000000e-03
4.679741960001411e+01	3.424214430000000e-03
4.682874430000084e+01	3.412882330000000e-03
4.685968110000249e+01	3.411345650000000e-03
4.689139820000855e+01	3.380997570000000e-03
4.693640040000901e+01	3.344119290000000e-03
4.699804249999579e+01	3.299173670000000e-03
4.704642730002524e+01	3.269402080000000e-03
4.709202420001384e+01	3.225800810000000e-03
4.712273599999025e+01	3.197950080000000e-03
4.715324680000776e+01	3.143976910000000e-03
4.718525640002917e+01	3.072909310000000e-03
4.723217460000888e+01	3.020088890000000e-03
4.727968879998662e+01	2.948252720000000e-03
4.731093989999499e+01	2.923859050000000e-03
4.734255900001153e+01	2.905227940000000e-03
4.738926820002962e+01	2.891398270000000e-03
4.741999010002473e+01	2.865660240000000e-03
4.745043339999393e+01	2.846260560000000e-03
4.748122060002061e+01	2.822635460000000e-03
4.751321910001570e+01	2.808037910000000e-03
4.754415790003259e+01	2.806501230000000e-03
4.759064200002467e+01	2.794400790000000e-03
4.763672130001942e+01	2.734473210000000e-03
4.768342560000019e+01	2.700475740000000e-03
4.771420510002645e+01	2.675890220000000e-03
4.774832519999472e+01	2.642084840000000e-03
4.779288210003870e+01	2.646886980000000e-03
4.783906560001196e+01	2.644966120000000e-03
4.788546449999558e+01	2.635554410000000e-03
4.793656659999397e+01	2.614234110000000e-03
4.799490430002334e+01	2.590032290000000e-03
4.802573370002210e+01	2.588880250000000e-03
4.805610470002284e+01	2.601749030000000e-03
4.808693829999538e+01	2.611737230000000e-03
4.813429100002395e+01	2.606551160000000e-03
4.819730370002799e+01	2.571593500000000e-03
4.824307110003429e+01	2.536251680000000e-03
4.829012640001019e+01	2.530873520000000e-03
4.832186590001220e+01	2.526263940000000e-03
4.835225440002978e+01	2.522230380000000e-03
4.839805250003701e+01	2.503598810000000e-03
4.844515089999186e+01	2.440598330000000e-03
4.849240129999816e+01	2.357621910000000e-03
4.853821830003290e+01	2.319206720000000e-03
4.858570070000133e+01	2.304224760000000e-03
4.861637850000989e+01	2.293084750000000e-03
4.864689740003087e+01	2.256782260000000e-03
4.869441560003906e+01	2.217022470000000e-03
4.874079690000508e+01	2.187827140000000e-03
4.878712609998183e+01	2.187827140000000e-03
4.883340920001501e+01	2.187443200000000e-03
4.889456909999717e+01	2.186674860000000e-03
4.892433479998726e+01	2.173805840000000e-03
4.895559209998464e+01	2.162473280000000e-03
4.899083850003080e+01	2.136735250000000e-03
4.903565199999139e+01	2.137503820000000e-03
4.909577140002511e+01	2.113686180000000e-03
4.914186600001995e+01	2.077384390000000e-03
4.918793610000284e+01	2.052990490000000e-03
4.922141410002951e+01	2.023795150000000e-03
4.925102760002483e+01	1.993447080000000e-03
4.928196739999112e+01	1.974816200000000e-03
4.931409080000594e+01	1.955224430000000e-03
4.934530480002286e+01	1.918346040000000e-03
4.939205000002403e+01	1.885501090000000e-03
4.943902570003411e+01	1.846894160000000e-03
4.948610430001281e+01	1.816738400000000e-03
4.951665659999708e+01	1.771216510000000e-03
4.954804470000090e+01	1.721084820000000e-03
4.959467990003759e+01	1.680557150000000e-03
4.963990960002411e+01	1.649825140000000e-03
4.968598730000667e+01	1.621398030000000e-03
4.973511110001709e+01	1.581638470000000e-03
4.979621320002479e+01	1.568001110000000e-03
4.982683590002125e+01	1.550906340000000e-03
4.985691820003558e+01	1.528433640000000e-03
4.988803640002152e+01	1.491555130000000e-03
4.993399140000110e+01	1.458518210000000e-03
4.999557720002485e+01	1.386682150000000e-03
5.004208420001669e+01	1.332132840000000e-03
5.008841279998887e+01	1.297367500000000e-03
5.011748920002719e+01	1.262409730000000e-03
5.014888310001697e+01	1.218616730000000e-03
5.019737080001505e+01	1.192878470000000e-03
5.024308620003285e+01	1.168869320000000e-03
5.028917030000594e+01	1.148317010000000e-03
5.033591700001853e+01	1.127188910000000e-03
5.039813149999827e+01	1.101066710000000e-03
5.042954580002697e+01	1.068221870000000e-03
5.046138450002763e+01	1.048438130000000e-03
5.050135299999965e+01	1.020587170000000e-03
5.053885320003610e+01	9.988828100000000e-04
5.058417330001248e+01	9.852454530000000e-04
5.062951500003692e+01	9.589312250000000e-04
5.066069470002549e+01	9.395316010000001e-04
5.069397170003504e+01	9.201320350000000e-04
5.072284240002045e+01	9.055343110000000e-04
5.075405320001300e+01	8.847900900000000e-04
5.078594700002577e+01	8.676954890000000e-04
5.083204830001341e+01	8.619332220000000e-04
5.089334439998493e+01	8.575154350000000e-04
5.093812140001683e+01	8.559789279999999e-04
5.098546270001680e+01	8.529057960000000e-04
5.101697540003806e+01	8.488720050000000e-04
5.104808899998898e+01	8.529057960000000e-04
5.109514600003604e+01	8.578997220000000e-04
5.114095860003727e+01	8.573234080000000e-04
5.118760800000746e+01	8.538661640000000e-04
5.123375960002886e+01	8.523294820000000e-04
5.128093370003626e+01	8.507928000000000e-04
5.131306509999558e+01	8.546342719999999e-04
5.134401110000908e+01	8.173718230000000e-04
5.138995959999738e+01	7.511059519999999e-04
5.143694109999342e+01	6.646721160000000e-04
5.148326459998498e+01	6.214553720000000e-04
5.152904330001911e+01	5.517320240000000e-04
5.155898370000068e+01	5.092833890000000e-04
5.158966860000510e+01	4.758623840000000e-04
5.162086359999375e+01	4.424414070000000e-04
5.165207660000306e+01	4.090201980000000e-04
5.168329559999984e+01	3.861632720000000e-04
5.172993480000878e+01	3.550471160000000e-04
5.176189449999947e+01	3.343030980000000e-04
5.179387789999600e+01	3.139431060000000e-04
5.183977750001941e+01	2.866684810000000e-04
5.188551689998712e+01	2.716865860000000e-04
5.191727350000292e+01	2.495978840000000e-04
5.194904889998725e+01	2.131036450000000e-04
5.199341400002595e+01	1.925516410000000e-04
5.204007610003464e+01	1.800667230000000e-04
5.208683420001762e+01	1.668135810000000e-04
5.213588920002803e+01	1.572097970000000e-04
5.220450120000169e+01	1.485665130000000e-04
5.224448430002667e+01	1.408834800000000e-04
5.228996690001804e+01	1.272461520000000e-04
5.233729170000879e+01	1.118801080000000e-04
5.240007570001762e+01	1.028526460000000e-04
5.243105950002791e+01	9.901113660000001e-05
5.246199879999040e+01	9.593785940000000e-05
5.249378090002574e+01	8.998355770000000e-05
5.252415680000558e+01	8.268470990000000e-05
5.255503930000123e+01	7.269686469999999e-05
5.258765290002339e+01	6.328511520000000e-05
5.263280339998892e+01	6.194067830000000e-05
5.276365280000027e+01	6.443763410000000e-05
5.280564430000959e+01	6.923952610000000e-05
5.283653919998324e+01	7.327306960000000e-05
5.288331699999981e+01	7.404130160000000e-05
5.293020790000446e+01	7.442547940000000e-05
5.296111949998885e+01	7.404130160000000e-05
5.299126540002180e+01	7.442547940000000e-05
5.303792189998785e+01	7.519382780000000e-05
5.308490690001054e+01	7.615420330000001e-05
5.311652069998672e+01	7.653837380000000e-05
5.314751899999101e+01	7.653837380000000e-05
5.319448050000938e+01	7.634623760000000e-05
5.324243450001813e+01	7.596205980000000e-05
5.328901519998908e+01	7.346509660000000e-05
5.333645629999228e+01	7.019990150000000e-05
5.339918499998748e+01	6.808700710000000e-05
5.342921360000037e+01	6.693459729999999e-05
5.346215859998483e+01	6.501383900000000e-05
5.349127330002375e+01	6.328511520000000e-05
5.353685480001150e+01	5.982777660000000e-05
5.359909249999328e+01	6.347725870000000e-05
5.364455100003397e+01	7.519382780000000e-05
5.369162050000159e+01	8.306888050000000e-05
5.372210650000488e+01	9.305683490000000e-05
5.375394570000935e+01	1.013160650000000e-04
5.378426149999723e+01	1.055416360000000e-04
5.383027839998249e+01	1.097673230000000e-04
5.386094680003589e+01	1.111118760000000e-04
5.389208520000102e+01	1.143770710000000e-04
5.393880170001648e+01	1.214838920000000e-04
5.398405000002822e+01	1.278223640000000e-04
5.401493970002048e+01	1.320480510000000e-04
5.404560870002024e+01	1.380023460000000e-04
5.409229980001692e+01	1.445328530000000e-04
5.414002390002133e+01	1.581701800000000e-04
5.419627860002220e+01	1.752649550000000e-04
5.425135790003696e+01	1.960089870000000e-04
5.428156969998963e+01	2.065731390000000e-04
5.431266009999672e+01	2.219391900000000e-04
5.434402930003125e+01	2.398020880000000e-04
5.439103510003770e+01	2.592016830000000e-04
5.444068140001036e+01	2.903178390000000e-04
5.448395369999344e+01	3.081808390000000e-04
5.454563420003979e+01	3.410256180000000e-04
5.459417240001494e+01	3.529343230000000e-04
5.462624499999220e+01	3.613855810000000e-04
5.465511200000765e+01	3.694527840000000e-04
5.469107200001599e+01	3.773278440000000e-04
5.473471769999014e+01	3.880840380000000e-04
5.479639680002583e+01	4.134379270000000e-04
5.484284110000590e+01	4.301485310000000e-04
5.488978860003408e+01	4.505084940000000e-04
5.492102569999406e+01	4.677952970000000e-04
5.495179930003360e+01	4.858502360000000e-04
5.499752340000123e+01	5.090913620000000e-04
5.504374739999184e+01	5.375184120000000e-04
5.508993030001875e+01	5.699791950000000e-04
5.513558310002554e+01	5.961014540000000e-04
5.519760509999469e+01	6.049369110000000e-04
5.522927060001530e+01	6.080100430000000e-04
5.526165679999394e+01	6.103148920000001e-04
5.529303100000834e+01	6.195345780000000e-04
5.533784970000852e+01	6.320193060000000e-04
5.540043979999609e+01	6.456566040000000e-04
5.543238399998518e+01	6.535318679999999e-04
5.546290149999550e+01	6.612146970000000e-04
5.549429800000507e+01	6.662087980000000e-04
5.552531480003381e+01	6.735075730000000e-04
5.555608850001590e+01	6.965566430000000e-04
5.558598139998503e+01	7.301696460000000e-04
5.563345720001962e+01	7.514900060000000e-04
5.568342130002566e+01	7.879843470000000e-04
5.574311139999190e+01	8.367713890000000e-04
5.578902319999179e+01	8.555946410000000e-04
5.582003030000487e+01	8.742261560000000e-04
5.585206940001808e+01	8.880554810000000e-04
5.588356119999662e+01	9.020768920000000e-04
5.593113759998232e+01	9.312722830000000e-04
5.596297380002216e+01	9.518243020000000e-04
5.599316710000858e+01	9.802515850000000e-04
5.603997220000019e+01	1.009446920000000e-03
5.608660300000338e+01	1.029038570000000e-03
5.611698180000531e+01	1.049398560000000e-03
5.614902900002198e+01	1.088965920000000e-03
5.620140840002568e+01	1.126228600000000e-03
5.624391870002728e+01	1.161378230000000e-03
5.629064630001085e+01	1.199409130000000e-03
5.633725959999720e+01	1.233214400000000e-03
5.639885890000733e+01	1.261833470000000e-03
5.643003799999133e+01	1.274318430000000e-03
5.646109729999444e+01	1.296599160000000e-03
5.649175340001239e+01	1.339239770000000e-03
5.653804910002509e+01	1.386298100000000e-03
5.658503030001884e+01	1.420679500000000e-03
5.663182640000014e+01	1.441039380000000e-03
5.666318030003458e+01	1.460631260000000e-03
5.669374399998924e+01	1.475612980000000e-03
5.673345840000547e+01	1.495204630000000e-03
5.678721999999834e+01	1.524592050000000e-03
5.683431800000835e+01	1.549946030000000e-03
5.688122250000015e+01	1.579525650000000e-03
5.691289239999605e+01	1.612946620000000e-03
5.694303289998788e+01	1.642526360000000e-03
5.699201819999143e+01	1.668264270000000e-03
5.702107190003153e+01	1.686895500000000e-03
5.705212320003193e+01	1.719164080000000e-03
5.708404859999428e+01	1.750856640000000e-03
5.713120709999930e+01	1.800796020000000e-03
5.716203210002277e+01	1.820195580000000e-03
5.719614720001118e+01	1.849583000000000e-03
5.724060479999753e+01	1.881659610000000e-03
5.728807140002027e+01	1.902019490000000e-03
5.732244299998274e+01	1.935248850000000e-03
5.734995619999245e+01	1.959257990000000e-03
5.739616569998907e+01	1.995560480000000e-03
5.744197889999487e+01	2.032822930000000e-03
5.748804450000171e+01	2.082569990000000e-03
5.753441720001865e+01	2.101585500000000e-03
5.759753100003581e+01	2.144610280000000e-03
5.762834970001131e+01	2.154790330000000e-03
5.766181520000100e+01	2.167467490000000e-03
5.769226929999422e+01	2.170924800000000e-03
5.773804870003369e+01	2.179376080000000e-03
5.778547850000905e+01	2.194358040000000e-03
5.783288410003297e+01	2.217791040000000e-03
5.789366210001754e+01	2.277334220000000e-03
5.792469810001785e+01	2.297502240000000e-03
5.795568120002281e+01	2.306913960000000e-03
5.798599790001754e+01	2.305569360000000e-03
5.803121230000397e+01	2.303456650000000e-03
5.806254359998275e+01	2.317670030000000e-03
5.809330090001458e+01	2.352243520000000e-03
5.813907550001750e+01	2.416588600000000e-03
5.818598900001962e+01	2.433107470000000e-03
5.821710910002002e+01	2.443863310000000e-03
5.824775879998924e+01	2.460574030000000e-03
5.829469960002461e+01	2.479781630000000e-03
5.834113830002025e+01	2.519348870000000e-03
5.838790279999375e+01	2.565831180000000e-03
5.843421129998751e+01	2.581581240000000e-03
5.849390010000207e+01	2.596563190000000e-03
5.852403120003873e+01	2.594066320000000e-03
5.855523930001073e+01	2.615194300000000e-03
5.858641310001258e+01	2.659563670000000e-03
5.863326169998618e+01	2.682804830000000e-03
5.868171169998823e+01	2.711616220000000e-03
5.871303710003849e+01	2.724485240000000e-03
5.874317199998768e+01	2.734473210000000e-03
5.879469479998806e+01	2.744269090000000e-03
5.882082419999642e+01	2.762131860000000e-03
5.885124150000047e+01	2.782876140000000e-03
5.888204039999982e+01	2.800354970000000e-03
5.891321780002909e+01	2.825516740000000e-03
5.894400409999071e+01	2.847221210000000e-03
5.899148050002987e+01	2.879297590000000e-03
5.903780960000586e+01	2.894663720000000e-03
5.908372450002935e+01	2.915407760000000e-03
5.911493730003713e+01	2.927124500000000e-03
5.914533870003652e+01	2.968612590000000e-03
5.919391500001075e+01	2.975335340000000e-03
5.923886199999833e+01	2.978600330000000e-03
5.928682350000599e+01	2.983402460000000e-03
5.933358859998407e+01	3.007027550000000e-03
5.939548190002097e+01	3.045826680000000e-03
5.942740049998974e+01	3.061192810000000e-03
5.945795770001132e+01	3.056006740000000e-03
5.948902809998253e+01	3.067723240000000e-03
5.953610630001640e+01	3.082513110000000e-03
5.959742860001279e+01	3.123809120000000e-03
5.964342490001582e+01	3.167602000000000e-03
5.969010780000826e+01	3.189882960000000e-03
5.972110309998970e+01	3.197758230000000e-03
5.975689110002713e+01	3.201983640000000e-03
5.980007009999827e+01	3.211395350000000e-03
5.984593270003097e+01	3.267289370000000e-03
5.989382360002492e+01	3.318765200000000e-03
5.994022769998992e+01	3.353914940000000e-03
5.998746580001898e+01	3.380805490000000e-03
6.001905430003535e+01	3.393674730000000e-03
6.005043110001134e+01	3.410961710000000e-03
