# [General]
# timestamp=2025-04-14T17:04:00.686637
# comments='# '
# delimiter='\t'
# column_dtypes=float;;float
# column_headers='Time (s);;Power (W)'
# 
# [Metadata]
# scanner_x=-4.828509278527349
# scanner_y=3.7973932051
# start recoding time='14.04.2025, 17:03:00.565733'
# sample rate (hz)=50.0
# sample timing='TIMESTAMP'
# 
# ---- END HEADER ----
2.980799996294081e-03	5.959598640000000e-05
4.660110000986606e-02	5.965746460000000e-05
7.835550000891089e-02	5.969011910000000e-05
1.097491999971680e-01	5.968820190000000e-05
1.414949999889359e-01	5.965554010000000e-05
1.884712000028230e-01	5.962864090000000e-05
2.510806000209413e-01	5.970356870000000e-05
2.814485999988392e-01	5.968820190000000e-05
3.124794000177644e-01	5.968820190000000e-05
3.434270999860018e-01	5.968243930000000e-05
3.750896999845281e-01	5.970165150000000e-05
4.055173000087962e-01	5.964593580000000e-05
4.365417999797501e-01	5.962480650000000e-05
4.827340000192635e-01	5.957869510000000e-05
5.148143999977037e-01	5.956140010000000e-05
5.551923000020906e-01	5.952490390000000e-05
5.944492000271566e-01	5.955179590000000e-05
6.408105000155047e-01	5.951529600000000e-05
6.727593999821693e-01	5.953258370000000e-05
7.070683999918401e-01	5.950760900000000e-05
7.366013000137173e-01	5.946726740000000e-05
7.825471999822184e-01	5.948840040000000e-05
8.444779000128619e-01	5.950760900000000e-05
8.899890999891795e-01	5.947495080000000e-05
9.385338000138290e-01	5.946534290000000e-05
9.681133999838494e-01	5.946342570000000e-05
9.994622999802232e-01	5.944228910000000e-05
1.047534000012092e+00	5.938658070000000e-05
1.092876599985175e+00	5.938081090000000e-05
1.139866199984681e+00	5.940962730000000e-05
1.186688899993896e+00	5.942883940000000e-05
1.249001200019848e+00	5.938465260000000e-05
1.280244900030084e+00	5.935968150000000e-05
1.312193899997510e+00	5.934815640000000e-05
1.343451299995650e+00	5.943076390000000e-05
1.390006400004495e+00	5.941155180000000e-05
1.452119200024754e+00	5.928283280000000e-05
1.482586099999025e+00	5.925786170000000e-05
1.512808300030883e+00	5.931165290000000e-05
1.544404499989469e+00	5.932701970000000e-05
1.576494799985085e+00	5.936159870000000e-05
1.607724500005133e+00	5.935968150000000e-05
1.639004900003783e+00	5.941347260000000e-05
1.687077399983536e+00	5.946726740000000e-05
1.733051899995189e+00	5.951337150000000e-05
1.781076800019946e+00	5.969780610000000e-05
1.811872499994934e+00	6.010317520000000e-05
1.843597900005989e+00	6.031258090000000e-05
1.875363499973901e+00	6.059883530000000e-05
1.906040199974086e+00	6.084090640000000e-05
1.937266800028738e+00	6.137115270000000e-05
1.984022099990398e+00	6.143839709999999e-05
2.045863499981351e+00	6.223567470000000e-05
2.092451300006360e+00	6.285429840000000e-05
2.139469799993094e+00	6.307139120000000e-05
2.170992000028491e+00	6.321356340000000e-05
2.201676899974700e+00	6.367079910000000e-05
2.248543200024869e+00	6.491380190000000e-05
2.295073000015691e+00	6.780324470000000e-05
2.341846499999519e+00	7.241598360000000e-05
2.389523499994539e+00	7.403938069999999e-05
2.435498300008476e+00	7.430066030000000e-05
2.467117800028063e+00	7.461957280000000e-05
2.498172499996144e+00	7.515558539999999e-05
2.544141400023364e+00	7.608927260000000e-05
2.590390899975318e+00	7.851956620000000e-05
2.636683000018820e+00	8.185088519999999e-05
2.682812399987597e+00	8.333018920000000e-05
2.729292200005148e+00	8.429077570000000e-05
2.760585899988655e+00	8.438683290000000e-05
2.792121500009671e+00	8.448481090000001e-05
2.839473899977747e+00	8.457703370000000e-05
2.887190799985547e+00	8.466732830000000e-05
2.932631400006358e+00	8.486328440000000e-05
2.964512199978344e+00	9.096504800000001e-05
3.073823400016408e+00	9.167507230000000e-05
3.104220499983057e+00	9.284563570000000e-05
3.135459400014952e+00	9.564733770000000e-05
3.182850699988194e+00	9.770064930000000e-05
3.244353500020225e+00	1.014426310000000e-04
3.291590399981942e+00	1.027283580000000e-04
3.322185199998785e+00	1.041675710000000e-04
3.354001500003505e+00	1.071995580000000e-04
3.384529299975839e+00	1.094831530000000e-04
3.446794899995439e+00	1.122656610000000e-04
3.493976199999452e+00	1.124767510000000e-04
3.541530799993780e+00	1.106537240000000e-04
3.589425800018944e+00	1.081014780000000e-04
3.620440999977291e+00	1.069117130000000e-04
3.651247699977830e+00	1.059714270000000e-04
3.683276300027501e+00	1.047816700000000e-04
3.730059500026982e+00	1.023061780000000e-04
3.760923800000455e+00	1.008861290000000e-04
3.791580300021451e+00	9.804606090000000e-05
3.837932299997192e+00	9.603111540000000e-05
3.884720299975015e+00	9.501407480000000e-05
3.915170099993702e+00	9.438081180000000e-05
3.946856399998069e+00	9.324861460000000e-05
3.993412200012244e+00	9.083071930000000e-05
4.040226900018752e+00	8.883497500000000e-05
4.087495499989018e+00	8.739573970000000e-05
4.134454299986828e+00	8.683923810000000e-05
4.195861899992451e+00	8.645544590000000e-05
4.226339099986944e+00	8.624435580000000e-05
4.257711099984590e+00	8.587974299999999e-05
4.289183899993077e+00	8.457485090000000e-05
4.335328200017102e+00	8.355779570000000e-05
4.381738700030837e+00	8.121663999999999e-05
4.412733000004664e+00	7.973903850000000e-05
4.444113400008064e+00	7.877954340000000e-05
4.491748999978881e+00	7.783924960000000e-05
4.524744700000156e+00	7.701408320000000e-05
4.554747999995016e+00	7.624649150000000e-05
4.585987300029956e+00	7.549808649999999e-05
4.648035600024741e+00	7.473050210000000e-05
4.694461599981878e+00	7.373264090000000e-05
4.740871799993329e+00	7.286909390000000e-05
4.789524300023913e+00	6.810102790000000e-05
4.915152799978387e+00	6.643729280000000e-05
4.951049600029364e+00	6.500985910000000e-05
4.978048300021328e+00	6.420680439999999e-05
5.009292399976403e+00	6.316744840000001e-05
5.041344300028868e+00	6.246237900000000e-05
5.088443799992092e+00	6.233750169999999e-05
5.135231400025077e+00	6.227026460000000e-05
5.181933699990623e+00	6.147681420000000e-05
5.213428799994290e+00	6.061997190000000e-05
5.244855400000233e+00	5.916563900000000e-05
5.275739100005012e+00	5.748461260000000e-05
5.311354200006463e+00	5.543664160000000e-05
5.339439600007609e+00	5.383246030000000e-05
5.385729100031313e+00	5.322536530000000e-05
5.447950000001583e+00	5.286610390000000e-05
5.493551800027490e+00	5.238197260000000e-05
5.540606900001876e+00	5.194970800000000e-05
5.571697400009725e+00	5.132917070000000e-05
5.602190400008112e+00	5.053956560000000e-05
5.648853500024416e+00	5.011306350000000e-05
5.695268000010401e+00	4.950596850000000e-05
5.741575299995020e+00	4.864912260000000e-05
5.787525699997786e+00	4.735617770000000e-05
5.849166000029072e+00	4.666262980000000e-05
5.880706600029953e+00	4.603248820000000e-05
5.911442200012971e+00	4.527362030000000e-05
5.942284099990502e+00	4.430150880000000e-05
5.988489400013350e+00	4.245717720000000e-05
6.035778900026344e+00	4.130831440000000e-05
6.082479899981990e+00	4.074348910000000e-05
6.113742000015918e+00	4.026511310000000e-05
6.145001999975648e+00	4.002112840000000e-05
6.176289600029122e+00	3.995965020000000e-05
6.207095300022047e+00	3.976945300000000e-05
6.239319199987222e+00	3.949472740000000e-05
6.285853200010024e+00	3.928723530000000e-05
6.332805600017309e+00	3.923728580000000e-05
6.379519400012214e+00	3.907975040000000e-05
6.410348300007172e+00	3.887418640000000e-05
6.441587199980859e+00	3.863596070000000e-05
6.472474100010004e+00	3.818255940000000e-05
6.503352300031111e+00	3.752167690000000e-05
6.535570900014136e+00	3.707020370000000e-05
6.597002100024838e+00	3.580798880000000e-05
6.643567599996459e+00	3.395981910000000e-05
6.690950300020631e+00	3.221923180000000e-05
6.737722399993800e+00	3.177736290000000e-05
6.769091500027571e+00	3.134317740000000e-05
6.800542599987239e+00	3.112416380000000e-05
6.847617799998261e+00	3.104155260000000e-05
6.894962000020314e+00	3.099159950000000e-05
6.942040699999779e+00	3.087825460000000e-05
6.989670399983879e+00	3.063042100000000e-05
7.035846200014930e+00	3.055549680000000e-05
7.067103100009263e+00	3.045175070000000e-05
7.098065100028180e+00	3.035185000000000e-05
7.144599599996582e+00	3.007519990000000e-05
7.191563499975018e+00	2.941047570000000e-05
7.239513000007719e+00	2.855170900000000e-05
7.284840499982238e+00	2.804836000000000e-05
7.346805099979974e+00	2.750082420000000e-05
7.377221399976406e+00	2.746048090000000e-05
7.409155300003476e+00	2.743358530000000e-05
7.440622700029053e+00	2.726644380000000e-05
7.487968300003558e+00	2.682072770000000e-05
7.534446400008164e+00	2.658250380000000e-05
7.581499700027052e+00	2.612910790000000e-05
7.611767700000200e+00	2.584861610000000e-05
7.642605800007004e+00	2.558733470000000e-05
7.673955500009470e+00	2.535103160000000e-05
7.704855100018904e+00	2.482270790000000e-05
7.736168499977794e+00	2.361621050000000e-05
7.782987200014759e+00	2.289000260000000e-05
7.845366300025489e+00	2.158744790000000e-05
7.893345599994063e+00	2.089006010000000e-05
7.938382600026671e+00	2.036558180000000e-05
7.969176099984907e+00	1.996405440000000e-05
8.000353600014932e+00	1.942612470000000e-05
8.047030500019901e+00	1.895735840000000e-05
8.094209800008684e+00	1.879213600000000e-05
8.140515499981120e+00	1.864805020000000e-05
8.186301300011110e+00	1.838869140000000e-05
8.250250299985055e+00	1.811396030000000e-05
8.279536999994889e+00	1.798332050000000e-05
8.310481399996206e+00	1.783154950000000e-05
8.341413800022565e+00	1.768362020000000e-05
8.388123899989296e+00	1.755682020000000e-05
8.434625499998219e+00	1.747805250000000e-05
8.481369799992535e+00	1.728017200000000e-05
8.512551199994050e+00	1.712647650000000e-05
8.546985300024971e+00	1.699583660000000e-05
8.575814199983142e+00	1.685559440000000e-05
8.607686100003775e+00	1.646751300000000e-05
8.639489200024400e+00	1.600451110000000e-05
8.687737200001720e+00	1.544929360000000e-05
8.734789400012232e+00	1.509771760000000e-05
8.781455099990126e+00	1.437535410000000e-05
8.813404100015759e+00	1.381052970000000e-05
8.844007699983194e+00	1.330910250000000e-05
8.875521400012076e+00	1.277693720000000e-05
8.907040500023868e+00	1.196235830000000e-05
8.938201199984178e+00	1.090763360000000e-05
8.984639799979050e+00	1.055029410000000e-05
9.047114600019995e+00	1.030630480000000e-05
9.096168300020508e+00	1.027940930000000e-05
9.141579599992838e+00	1.027364580000000e-05
9.172830800001975e+00	1.026980320000000e-05
9.203238999994937e+00	1.025251190000000e-05
9.250347000022884e+00	1.022561720000000e-05
9.281351000012364e+00	1.019679800000000e-05
9.312736299994867e+00	1.015261110000000e-05
9.343842800008133e+00	1.011418770000000e-05
9.391458900005091e+00	1.003157830000000e-05
9.438992900017183e+00	9.995075740000001e-06
9.470274400024209e+00	9.874041099999999e-06
9.501603699987754e+00	9.603154469999999e-06
9.532924900006037e+00	9.372614839999999e-06
9.579167200019583e+00	8.732862629999999e-06
9.610487000027206e+00	8.200697270000000e-06
9.641520200006198e+00	7.745378750000001e-06
9.688145500025712e+00	7.595526770000000e-06
9.735438700008672e+00	7.568629370000000e-06
9.767079400015064e+00	7.530206400000000e-06
9.798160500009544e+00	7.520600780000000e-06
9.843656599987298e+00	7.478336100000000e-06
9.889291999978013e+00	7.443753020000000e-06
9.937290499976370e+00	7.304154220000000e-06
1.007759429997532e+01	7.292981540000000e-06
1.010956220002845e+01	7.276221820000000e-06
1.014134919998469e+01	7.263507540000000e-06
1.018765500001609e+01	7.215925960000000e-06
1.023448380001355e+01	7.182598890000000e-06
1.028169490001164e+01	7.005563930000000e-06
1.031417939998209e+01	6.932745690000000e-06
1.034449920000043e+01	6.900959760000000e-06
1.038945950003108e+01	6.864936490000000e-06
1.043694729998242e+01	6.855497760000000e-06
1.048265130002983e+01	6.843746180000000e-06
1.052926049998496e+01	6.827564900000000e-06
1.056016599998111e+01	6.784413020000000e-06
1.059054359997390e+01	6.665939510000000e-06
1.062175130000105e+01	6.569427110000000e-06
1.065225420001661e+01	6.534945440000000e-06
1.068411450000713e+01	6.521459910000000e-06
1.073162380000576e+01	6.506434600000000e-06
1.076156980002997e+01	6.496994960000000e-06
1.079260739998426e+01	6.491408390000000e-06
1.083961740002269e+01	6.490060060000000e-06
1.088624189997790e+01	6.478116120000000e-06
1.091818899998907e+01	6.475419920000000e-06
1.094944469997426e+01	6.450376080000000e-06
1.099576469999738e+01	6.429956560000000e-06
1.104196459997911e+01	6.402601680000000e-06
1.108778170001460e+01	6.298191240000000e-06
1.113434290001169e+01	6.239628420000000e-06
1.118046409997623e+01	6.189350190000000e-06
1.121188299998175e+01	6.174131610000000e-06
1.124358369997935e+01	6.161609690000000e-06
1.129056649998529e+01	6.144464810000000e-06
1.133691930002533e+01	6.099001890000000e-06
1.138240320002660e+01	6.092066540000000e-06
1.141261569998460e+01	6.070298700000000e-06
1.144489540002542e+01	6.017900430000000e-06
1.149166589998640e+01	5.922543550000000e-06
1.152296760003082e+01	5.839131060000000e-06
1.155445529997814e+01	5.699467240000000e-06
1.158577140001580e+01	5.516266810000000e-06
1.164735310000833e+01	5.363890070000000e-06
1.169453999999678e+01	5.267377220000000e-06
1.174051969998982e+01	5.156224230000000e-06
1.178723070002161e+01	5.093616440000000e-06
1.181951699999627e+01	5.037365550000000e-06
1.185089240001980e+01	4.926212570000000e-06
1.189734080003109e+01	4.780962630000000e-06
1.194339570001466e+01	4.679056020000000e-06
1.199028139997972e+01	4.586589510000000e-06
1.204063619999215e+01	4.544016060000000e-06
1.208611520001432e+01	4.509533480000000e-06
1.211611270002322e+01	4.495277610000000e-06
1.214785220002523e+01	4.479096330000000e-06
1.219551579997642e+01	4.446925690000000e-06
1.224285139999120e+01	4.433055440000000e-06
1.229030819999753e+01	4.404736960000000e-06
1.233662489999551e+01	4.381234700000000e-06
1.238270920002833e+01	4.373914630000000e-06
1.241445600002771e+01	4.364475900000000e-06
1.244613220001338e+01	4.357733360000000e-06
1.249356259999331e+01	4.329029710000000e-06
1.253929400001653e+01	4.284337590000000e-06
1.258565830002772e+01	4.235984760000000e-06
1.264724419999402e+01	4.210941820000000e-06
1.269240050000371e+01	4.195337620000000e-06
1.272294659999898e+01	4.184935280000000e-06
1.275311599997804e+01	4.180312770000000e-06
1.278393209999194e+01	4.172992250000000e-06
1.284607480000705e+01	4.115199770000000e-06
1.289249609998660e+01	4.035832720000000e-06
1.293952419998823e+01	3.994992770000000e-06
1.298677519999910e+01	3.955887220000000e-06
1.301822760002688e+01	3.941246630000000e-06
1.305021319998195e+01	3.923138140000000e-06
1.308141480002087e+01	3.909075990000000e-06
1.311250970000401e+01	3.874014960000000e-06
1.314307879999978e+01	3.847046170000000e-06
1.318944759998703e+01	3.825469780000000e-06
1.323763049999252e+01	3.800234710000000e-06
1.328382289997535e+01	3.766137520000000e-06
1.331487970001763e+01	3.735122620000000e-06
1.334599360002903e+01	3.710078770000000e-06
1.339251650002552e+01	3.683109530000000e-06
1.343928109999979e+01	3.643618360000000e-06
1.348635560000548e+01	3.614722570000000e-06
1.353306919999886e+01	3.604127190000000e-06
1.358045070001390e+01	3.575424220000000e-06
1.361223349999636e+01	3.566947950000000e-06
1.364350449998165e+01	3.558471920000000e-06
1.369175519997953e+01	3.544216500000000e-06
1.373745309998048e+01	3.535740460000000e-06
1.378330110001843e+01	3.532658180000000e-06
1.384718460001750e+01	3.532080200000000e-06
1.389377470000181e+01	3.530153440000000e-06
1.392579220002517e+01	3.526108230000000e-06
1.395695279998472e+01	3.526108230000000e-06
1.398853099998087e+01	3.521677850000000e-06
1.403614400001243e+01	3.523796750000000e-06
1.408313019998604e+01	3.521292230000000e-06
1.413114529999439e+01	3.517247020000000e-06
1.416158950002864e+01	3.517824780000000e-06
1.419253290002234e+01	3.517247020000000e-06
1.422435029997723e+01	3.513201590000000e-06
1.425618450000184e+01	3.511467640000000e-06
1.428729150001891e+01	3.504917910000000e-06
1.433343090000562e+01	3.512430790000000e-06
1.437915470002918e+01	3.529768490000000e-06
1.441040549997706e+01	3.546142810000000e-06
1.444156529998872e+01	3.602201100000000e-06
1.448885909997625e+01	3.637839200000000e-06
1.451963170000818e+01	3.659222330000000e-06
1.455153529997915e+01	3.673477750000000e-06
1.458238700003130e+01	3.677715540000000e-06
1.461327620001975e+01	3.683302340000000e-06
1.464460890000919e+01	3.695824030000000e-06
1.469221660000039e+01	3.708730670000000e-06
1.474015490000602e+01	3.719711000000000e-06
1.478620199998841e+01	3.726838940000000e-06
1.481924029998481e+01	3.737819270000000e-06
1.484940730000380e+01	3.751303890000000e-06
1.489707559999079e+01	3.791758450000000e-06
1.494385069998680e+01	3.840881620000000e-06
1.499040720000630e+01	3.918900350000000e-06
1.503737049998017e+01	3.957043190000000e-06
1.508480429998599e+01	3.959354670000000e-06
1.511616269999649e+01	3.960510640000000e-06
1.514653369999724e+01	3.967637890000000e-06
1.519493130000774e+01	3.961280980000000e-06
1.524049759999616e+01	3.953382930000000e-06
1.528723720001290e+01	3.930844290000000e-06
1.533383249997860e+01	3.822965940000000e-06
1.538158139999723e+01	3.648049190000000e-06
1.541234709997661e+01	3.550380820000000e-06
1.544275649997871e+01	3.508963570000000e-06
1.548953580000671e+01	3.518402760000000e-06
1.553618599998299e+01	3.528034990000000e-06
1.558381520002149e+01	3.535547650000000e-06
1.564703860000009e+01	3.563673090000000e-06
1.569440239999676e+01	3.569645060000000e-06
1.572551620000741e+01	3.567333120000000e-06
1.575666010001441e+01	3.570993390000000e-06
1.578763129998697e+01	3.574460610000000e-06
1.585013189999154e+01	3.576772540000000e-06
1.588541919999989e+01	3.571956540000000e-06
1.594423770002322e+01	3.573690260000000e-06
1.599154229997657e+01	3.572727340000000e-06
1.602337220002664e+01	3.571956540000000e-06
1.605426379997516e+01	3.575809390000000e-06
1.608546089997981e+01	3.576772540000000e-06
1.613252679997822e+01	3.583514850000000e-06
1.616370959999040e+01	3.590642790000000e-06
1.619473170000128e+01	3.588330860000000e-06
1.624157220002962e+01	3.597962860000000e-06
1.628800529998261e+01	3.606824290000000e-06
1.631828750000568e+01	3.619923750000000e-06
1.634884270001203e+01	3.629940920000000e-06
1.639530560001731e+01	3.639380340000000e-06
1.644256789999781e+01	3.650553480000000e-06
1.648908740002662e+01	3.668083760000000e-06
1.653609970002435e+01	3.693512100000000e-06
1.658394159999443e+01	3.704300070000000e-06
1.661546519998228e+01	3.720674610000000e-06
1.664744879998034e+01	3.812755720000000e-06
1.669455319998087e+01	4.067618190000000e-06
1.674149059999036e+01	4.232324500000000e-06
1.678778000001330e+01	4.254863600000000e-06
1.684884739998961e+01	4.283373980000000e-06
1.689651460002642e+01	4.334423470000000e-06
1.692635449999943e+01	4.352531960000000e-06
1.695801770000253e+01	4.366209400000000e-06
1.698941769998055e+01	4.428431570000000e-06
1.703910430002725e+01	4.479866670000000e-06
1.708386519999476e+01	4.486416860000000e-06
1.713041879999219e+01	4.514155990000000e-06
1.716156959999353e+01	4.550950510000000e-06
1.719232590001775e+01	4.599110530000000e-06
1.722442909999518e+01	4.698898010000000e-06
1.725642980000703e+01	4.886913760000000e-06
1.728736720001325e+01	5.171057180000000e-06
1.733386830001837e+01	5.227308520000000e-06
1.738064049999230e+01	5.256589250000000e-06
1.741161589999683e+01	5.262946160000000e-06
1.744202720001340e+01	5.273926490000000e-06
1.749038710002787e+01	5.272578160000000e-06
1.751917390001472e+01	5.277780020000000e-06
1.755180610000389e+01	5.319197040000000e-06
1.758319049997954e+01	5.380456510000000e-06
1.764635699999053e+01	5.433432310000000e-06
1.769228359998669e+01	5.469070860000000e-06
1.773952320002718e+01	5.537265220000000e-06
1.779179460002342e+01	5.543814950000000e-06
1.781834459997481e+01	5.551520640000000e-06
1.785021609999239e+01	5.568857890000000e-06
1.788152009999612e+01	5.587158740000000e-06
1.791254450002452e+01	5.604496440000000e-06
1.794376649998594e+01	5.632621650000000e-06
1.799052330001723e+01	5.703320770000000e-06
1.803824570000870e+01	5.950091690000000e-06
1.808562099997653e+01	6.090718220000000e-06
1.811716349999188e+01	6.168737400000000e-06
1.814808419998735e+01	6.216511790000000e-06
1.819493940001121e+01	6.278926780000000e-06
1.824162859999342e+01	6.423792460000000e-06
1.828886089997832e+01	6.681929340000000e-06
1.833529130002717e+01	6.996894170000000e-06
1.838175990001764e+01	7.116716920000000e-06
1.841315889998805e+01	7.232878030000000e-06
1.844361090002349e+01	7.327078950000000e-06
1.849074709997512e+01	7.416270820000000e-06
1.853852890001144e+01	7.462118900000000e-06
1.858576069999253e+01	7.541872040000000e-06
1.864812610001536e+01	7.721797370000000e-06
1.869537289999425e+01	8.027901460000000e-06
1.872526570002083e+01	8.307999450000000e-06
1.875581280002370e+01	9.172812500000001e-06
1.887929549999535e+01	9.207393300000000e-06
1.891047120001167e+01	9.384140870000000e-06
1.894158300000709e+01	9.603154469999999e-06
1.899323969997931e+01	9.777981180000000e-06
1.905044560000533e+01	9.958572260000000e-06
1.908199430000968e+01	1.009113480000000e-05
1.911255860002711e+01	1.016990250000000e-05
1.914304840000113e+01	1.021216760000000e-05
1.918950239999685e+01	1.027172400000000e-05
1.923534670000663e+01	1.033704390000000e-05
1.928254510002444e+01	1.038699430000000e-05
1.931312260002596e+01	1.046192030000000e-05
1.934482709999429e+01	1.056758540000000e-05
1.938059100002283e+01	1.062137740000000e-05
1.941178650001530e+01	1.071359470000000e-05
1.944256340002175e+01	1.087497280000000e-05
1.948934630001895e+01	1.104595780000000e-05
1.953615280002123e+01	1.115546460000000e-05
1.958248089998960e+01	1.123039060000000e-05
1.961444320000010e+01	1.137832080000000e-05
1.964554820000194e+01	1.154546410000000e-05
1.969225680001546e+01	1.168955170000000e-05
1.972423510003136e+01	1.184516710000000e-05
1.975628239999060e+01	1.199693910000000e-05
1.978657180001028e+01	1.215639710000000e-05
1.984945079998579e+01	1.242151940000000e-05
1.988052880001487e+01	1.255408100000000e-05
1.991155860002618e+01	1.266550860000000e-05
1.994521879998501e+01	1.303629600000000e-05
1.998950580001110e+01	1.345703370000000e-05
2.002130090002902e+01	1.396038170000000e-05
2.005206670000916e+01	1.440609320000000e-05
2.008261380001204e+01	1.478648570000000e-05
2.014376860001357e+01	1.598722160000000e-05
2.019104050000897e+01	1.636184970000000e-05
2.023722090001684e+01	1.644061740000000e-05
2.028506690001814e+01	1.649248950000000e-05
2.031619129999308e+01	1.657125720000000e-05
2.034726760000922e+01	1.667692050000000e-05
2.039232320000883e+01	1.672879440000000e-05
2.043845600000350e+01	1.677682300000000e-05
2.048545590002323e+01	1.696701840000000e-05
2.053200110001490e+01	1.698431150000000e-05
2.056409310002346e+01	1.704194620000000e-05
2.059519680001540e+01	1.716490260000000e-05
2.062665689998539e+01	1.740889090000000e-05
2.065777099999832e+01	1.772012180000000e-05
2.068898929998977e+01	1.833105670000000e-05
2.073482710000826e+01	1.878445250000000e-05
2.078145150002092e+01	1.950297160000000e-05
2.081237759999931e+01	2.008508820000000e-05
2.084371839999221e+01	2.086124370000000e-05
2.089058860001387e+01	2.152789060000000e-05
2.092071490001399e+01	2.193710130000000e-05
2.095095319999382e+01	2.258453790000000e-05
2.098381960002007e+01	2.300911910000000e-05
2.104562490002718e+01	2.413108450000000e-05
2.109246610000264e+01	2.474778010000000e-05
2.113846129999729e+01	2.566033980000000e-05
2.118444729998009e+01	2.603112810000000e-05
2.121579819999170e+01	2.632506580000000e-05
2.124706590001006e+01	2.686876000000000e-05
2.129234149999684e+01	2.751811550000000e-05
2.133890660002362e+01	2.794461760000000e-05
2.138604359998135e+01	2.843451880000000e-05
2.144793070002925e+01	2.902239790000000e-05
2.149620829999913e+01	2.951613900000000e-05
2.152680619998137e+01	3.011746780000000e-05
2.155873639998026e+01	3.094165000000000e-05
2.159043500002008e+01	3.208859200000000e-05
2.163764700002503e+01	3.272642060000000e-05
2.168441009998787e+01	3.323745480000000e-05
2.173099260003073e+01	3.383878360000000e-05
2.176223639998352e+01	3.410967110000000e-05
2.179321949998848e+01	3.426336480000000e-05
2.182407169998623e+01	3.446124540000000e-05
2.185485260002315e+01	3.487237700000000e-05
2.188656269997591e+01	3.560626650000000e-05
2.193335960002150e+01	3.600586930000000e-05
2.199324550002348e+01	3.744482820000000e-05
2.204130570002599e+01	3.832280710000000e-05
2.208946689998265e+01	3.895295230000000e-05
2.212047620001249e+01	3.957349330000000e-05
2.215135810000356e+01	4.010373960000000e-05
2.218150710000191e+01	4.042649380000000e-05
2.221363399998518e+01	4.105856350000000e-05
2.224547610001173e+01	4.198649190000000e-05
2.229197600000771e+01	4.329096920000000e-05
2.233840359997703e+01	4.407864980000000e-05
2.239012370002456e+01	4.467421240000000e-05
2.241647980001289e+01	4.498544880000000e-05
2.244743070000550e+01	4.564440680000000e-05
2.249419970001327e+01	4.680671550000000e-05
2.254132700001355e+01	4.829562750000000e-05
2.258776179997949e+01	4.956552580000000e-05
2.263582800002769e+01	5.066059750000000e-05
2.268186429998605e+01	5.117546970000000e-05
2.271273730002576e+01	5.161734230000000e-05
2.274385790002998e+01	5.230319950000000e-05
2.279055249999510e+01	5.291221530000000e-05
2.283686749998014e+01	5.344629970000000e-05
2.288301079999655e+01	5.374216560000000e-05
2.292939230002230e+01	5.439343660000000e-05
2.296053600002779e+01	5.492368650000000e-05
2.299179780000122e+01	5.527333630000000e-05
2.302379850001307e+01	5.567678450000000e-05
2.305532230000244e+01	5.600530860000000e-05
2.308589250000659e+01	5.628580040000000e-05
2.313339019997511e+01	5.640682870000000e-05
2.318052120000357e+01	5.698702440000000e-05
2.321091760002309e+01	5.701584450000000e-05
2.324237470002845e+01	5.741929270000000e-05
2.328866409999318e+01	5.781505390000000e-05
2.331950990000041e+01	5.802445960000000e-05
2.335140819998924e+01	5.867958320000000e-05
2.338235049997456e+01	5.927707390000000e-05
2.341280069999630e+01	5.983228770000000e-05
2.344390249997377e+01	6.062189280000000e-05
2.349141399998916e+01	6.136154840000000e-05
2.353930619999301e+01	6.223760280000000e-05
2.358503989997553e+01	6.293306800000000e-05
2.361586760001956e+01	6.368232430000000e-05
2.364765220001573e+01	6.542867050000000e-05
2.369561569998041e+01	6.768989260000000e-05
2.374195160000818e+01	7.057934270000000e-05
2.379229140002280e+01	7.487508990000001e-05
2.383580749999965e+01	7.628523600000000e-05
2.388151360000484e+01	7.687696050000000e-05
2.391297389997635e+01	7.764735349999999e-05
2.394390429998748e+01	7.843887580000000e-05
2.399086150003131e+01	7.977025230000000e-05
2.403794180002296e+01	8.082689600000000e-05
2.408480150002288e+01	8.134177190000001e-05
2.413124630000675e+01	8.184703620000001e-05
2.416238049999811e+01	8.211984100000000e-05
2.419380649999948e+01	8.234270350000000e-05
2.422435249999398e+01	8.331674330000000e-05
2.425624459999381e+01	8.439451630000001e-05
2.428708969999570e+01	8.833603350000000e-05
2.441231300000800e+01	8.795224130000000e-05
2.444230049999896e+01	8.810576399999999e-05
2.447356800001580e+01	8.818252540000000e-05
2.450456299999496e+01	8.831685409999999e-05
2.453519399999641e+01	8.912281920000000e-05
2.458154290000675e+01	8.966014140000000e-05
2.461253669997677e+01	9.052367390000000e-05
2.464338500000304e+01	9.257698550000000e-05
2.469050139997853e+01	9.411216160000001e-05
2.473703600000590e+01	9.461109580000001e-05
2.476853489998030e+01	9.509083610000000e-05
2.479945019999286e+01	9.566653170000000e-05
2.484663310000906e+01	9.629979470000000e-05
2.489346430002479e+01	9.733603660000000e-05
2.494049349997658e+01	9.839147240000000e-05
2.498787740000989e+01	1.002145000000000e-04
2.503590670000995e+01	1.008861290000000e-04
2.506718640000327e+01	1.014042650000000e-04
2.509840419999091e+01	1.018072430000000e-04
2.514453430002322e+01	1.025940290000000e-04
2.519051939999918e+01	1.048200360000000e-04
2.523684089997550e+01	1.075641700000000e-04
2.528399319999153e+01	1.088498900000000e-04
2.533107870002277e+01	1.109799410000000e-04
2.536157609999646e+01	1.120737720000000e-04
2.539289489999646e+01	1.129181180000000e-04
2.543956099997740e+01	1.131867760000000e-04
2.548625389998779e+01	1.136857100000000e-04
2.553424780000933e+01	1.142805780000000e-04
2.558138430002145e+01	1.153935810000000e-04
2.561230229999637e+01	1.163530830000000e-04
2.564364730002126e+01	1.172933700000000e-04
2.567516749998322e+01	1.183104400000000e-04
2.570553500001552e+01	1.196920930000000e-04
2.573748319997685e+01	1.232421930000000e-04
2.578278619999764e+01	1.254106460000000e-04
2.584485729999142e+01	1.302848400000000e-04
2.589233719999902e+01	1.329330120000000e-04
2.593866340001114e+01	1.337389990000000e-04
2.596937710000202e+01	1.347560460000000e-04
2.600051460001851e+01	1.362144830000000e-04
2.604817289998755e+01	1.374042480000000e-04
2.609348590002628e+01	1.380375180000000e-04
2.614050769997993e+01	1.400140320000000e-04
2.618754030001583e+01	1.425662780000000e-04
2.623397609998938e+01	1.433338770000000e-04
2.626462470000843e+01	1.446387610000000e-04
2.629526079999050e+01	1.465769460000000e-04
2.634255260002101e+01	1.480161590000000e-04
2.639037610002561e+01	1.497240590000000e-04
2.643742590001784e+01	1.505492110000000e-04
2.648490119999042e+01	1.512208690000000e-04
2.653453469998203e+01	1.527176500000000e-04
2.656310969998594e+01	1.539458170000000e-04
2.659390500001609e+01	1.553274630000000e-04
2.663977359997807e+01	1.573807820000000e-04
2.668581890000496e+01	1.595492210000000e-04
2.673396360001061e+01	1.604319260000000e-04
2.678192420001142e+01	1.619287360000000e-04
2.681242029997520e+01	1.622933490000000e-04
2.684368069999618e+01	1.628498580000000e-04
2.687521610001568e+01	1.631568740000000e-04
2.690556400001515e+01	1.636942030000000e-04
2.693647670000792e+01	1.647496390000000e-04
2.698288720002165e+01	1.653253130000000e-04
2.704544449999230e+01	1.667069880000000e-04
2.709259269997710e+01	1.679351260000000e-04
2.714052200003061e+01	1.686835460000000e-04
2.717191460001050e+01	1.690097560000000e-04
2.720252370001981e+01	1.695086980000000e-04
2.723374589998275e+01	1.696046240000000e-04
2.728050900000380e+01	1.706025070000000e-04
2.731380389997503e+01	1.715619870000000e-04
2.734531429997878e+01	1.726366170000000e-04
2.739332109998213e+01	1.740758600000000e-04
2.744052030000603e+01	1.747091300000000e-04
2.747140560002299e+01	1.756494020000000e-04
2.750265260000015e+01	1.768967340000000e-04
2.753427699999884e+01	1.772421820000000e-04
2.758126750000520e+01	1.780097660000000e-04
2.761235459998716e+01	1.788732770000000e-04
2.764328610000666e+01	1.808114610000000e-04
2.768978110002354e+01	1.832293640000000e-04
2.773774710000725e+01	1.848988610000000e-04
2.776766000001226e+01	1.859927000000000e-04
2.779842780000763e+01	1.878924810000000e-04
2.784649849997368e+01	1.891781720000000e-04
2.789237900002627e+01	1.902528170000000e-04
2.793984060001094e+01	1.905982210000000e-04
2.798576820001472e+01	1.915577010000000e-04
2.804817229998298e+01	1.920182690000000e-04
2.807946199999424e+01	1.924788230000000e-04
2.811050299997441e+01	1.928242270000000e-04
2.814152350003133e+01	1.934958850000000e-04
2.818774899997516e+01	1.950694280000000e-04
2.823398590000579e+01	1.959713410000000e-04
2.828037360002054e+01	1.985236010000000e-04
2.831157060002442e+01	1.996173960000000e-04
2.834282870002789e+01	2.013828630000000e-04
2.837402119999751e+01	2.033594060000000e-04
2.840517370001180e+01	2.052208290000000e-04
2.843580899998778e+01	2.092890650000000e-04
2.848255010001594e+01	2.112080110000000e-04
2.853086900000926e+01	2.137218690000000e-04
2.856093919998966e+01	2.148540660000000e-04
2.859149590000743e+01	2.169457440000000e-04
2.863922509999247e+01	2.180587760000000e-04
2.867065899999579e+01	2.190566160000000e-04
2.870249970001169e+01	2.196323180000000e-04
2.873515670001507e+01	2.211866960000000e-04
2.879582080000546e+01	2.228369990000000e-04
2.884357369999634e+01	2.248135570000000e-04
2.889109109999845e+01	2.263679200000000e-04
2.893696900003124e+01	2.274617290000000e-04
2.896793709998019e+01	2.288625840000000e-04
2.900004840001930e+01	2.304745140000000e-04
2.904565169999842e+01	2.332186560000000e-04
2.909173250000458e+01	2.360395590000000e-04
2.913830130000133e+01	2.368071440000000e-04
2.918524959997740e+01	2.383615210000000e-04
2.923393079999369e+01	2.392058670000000e-04
2.926409210002748e+01	2.409713340000000e-04
2.929474330000812e+01	2.432932960000000e-04
2.934029890003148e+01	2.453657800000000e-04
2.938771139999153e+01	2.492804780000000e-04
2.943449050001800e+01	2.504318840000000e-04
2.948051830002805e+01	2.518710970000000e-04
2.951164939999580e+01	2.529841150000000e-04
2.954348970000865e+01	2.546344190000000e-04
2.957478090003133e+01	2.555747340000000e-04
2.960593610000797e+01	2.568988420000000e-04
2.963706580002327e+01	2.598732240000000e-04
2.968599289999111e+01	2.627516810000000e-04
2.973363109998172e+01	2.643444460000000e-04
2.978006259998074e+01	2.673188570000000e-04
2.981204450002406e+01	2.697559540000000e-04
2.984266909997677e+01	2.721546630000000e-04
2.987359939998714e+01	2.747644900000000e-04
2.990486260002945e+01	2.783913220000000e-04
2.993789659999311e+01	2.829392910000000e-04
2.998388110002270e+01	2.853764160000000e-04
3.004966329998570e+01	2.935512460000000e-04
3.009394039999461e+01	2.954126680000000e-04
3.014052110002376e+01	2.956621170000000e-04
3.017178279999644e+01	2.959307750000000e-04
3.020298910001293e+01	2.961610440000000e-04
3.023394740000367e+01	2.962953880000000e-04
3.028052349999780e+01	2.971013310000000e-04
3.031175970000913e+01	2.980032880000000e-04
3.034311900002649e+01	3.010352370000000e-04
3.039053480001166e+01	3.039136940000000e-04
3.043842670001322e+01	3.047004870000000e-04
3.046949769998901e+01	3.060437740000000e-04
3.050054610002553e+01	3.072911060000000e-04
3.053163480001967e+01	3.081930340000000e-04
3.056375730002765e+01	3.089222300000000e-04
3.059543649997795e+01	3.098433660000000e-04
3.064388290001079e+01	3.118966710000000e-04
3.068976610002574e+01	3.148902620000000e-04
3.073552400001790e+01	3.168668190000000e-04
3.076572610001313e+01	3.188817350000000e-04
3.079737600003136e+01	3.209541900000000e-04
3.084498370002257e+01	3.246194390000000e-04
3.089111249998678e+01	3.283230760000000e-04
3.093753330002073e+01	3.309136960000000e-04
3.098777810001047e+01	3.349435280000000e-04
3.104837540001608e+01	3.376109230000000e-04
3.107877690001624e+01	3.397985420000000e-04
3.110942140000407e+01	3.420437570000000e-04
3.114038220001385e+01	3.450181680000000e-04
3.118709209997905e+01	3.493166300000000e-04
3.123414249997586e+01	3.512932160000000e-04
3.128097939997679e+01	3.565704100000000e-04
3.131218359997729e+01	3.601588830000000e-04
3.134415989997797e+01	3.629797720000000e-04
3.137495550001040e+01	3.651865990000000e-04
3.140586240001721e+01	3.676045160000000e-04
3.143707929999800e+01	3.712313480000000e-04
3.148387070000172e+01	3.724787090000000e-04
3.153155640000477e+01	3.733614580000000e-04
3.156727150001097e+01	3.733614580000000e-04
3.159430240001529e+01	3.753763740000000e-04
3.164150989998598e+01	3.766428850000000e-04
3.167234889999963e+01	3.782164130000000e-04
3.170355360000394e+01	3.804232400000000e-04
3.173408879997442e+01	3.827644400000000e-04
3.178053619997809e+01	3.875810360000000e-04
3.181293140002526e+01	3.908816730000000e-04
3.184269760001916e+01	3.936066350000000e-04
3.188914659997681e+01	3.979435130000000e-04
3.193547010002658e+01	4.006300880000000e-04
3.196665299998131e+01	4.031055140000000e-04
3.199755020003067e+01	4.053507290000000e-04
3.204444430000149e+01	4.071161670000000e-04
3.209199179999996e+01	4.100906370000000e-04
3.213839789998019e+01	4.119711810000000e-04
3.218323389999568e+01	4.138134250000000e-04
3.224469289998524e+01	4.188219610000000e-04
3.227574930002447e+01	4.204914730000000e-04
3.230830660002539e+01	4.227558380000000e-04
3.233934140001656e+01	4.271311050000000e-04
3.238623609999195e+01	4.331566740000000e-04
3.244814430002589e+01	4.367259970000000e-04
3.249487829999998e+01	4.430969710000000e-04
3.254213810001966e+01	4.474914750000000e-04
3.257364449999295e+01	4.500052890000000e-04
3.260470849997364e+01	4.515788460000000e-04
3.263546730001690e+01	4.539583750000000e-04
3.268285799998557e+01	4.557430510000000e-04
3.272955019999063e+01	4.588133890000000e-04
3.276019920001272e+01	4.617494120000000e-04
3.279070610000053e+01	4.652036000000000e-04
3.283657799998764e+01	4.663741570000000e-04
3.286729449999984e+01	4.673528020000000e-04
3.289802369999234e+01	4.684658490000000e-04
3.294541190000018e+01	4.713826930000000e-04
3.299217729998054e+01	4.734743850000000e-04
3.304248010000447e+01	4.762760070000000e-04
3.308766070002457e+01	4.822249180000000e-04
3.313403979997383e+01	4.845084910000000e-04
3.316489650000585e+01	4.879818010000000e-04
3.319603729998926e+01	4.912057190000000e-04
3.324231950001558e+01	4.934317550000000e-04
3.328951239999151e+01	4.954274630000000e-04
3.333636900002602e+01	4.971545420000000e-04
3.338294849998783e+01	4.990542660000000e-04
3.344514770002570e+01	5.022974220000000e-04
3.347698670002865e+01	5.035063950000000e-04
3.350750649999827e+01	5.050607140000000e-04
3.353879929997493e+01	5.087642930000000e-04
3.358456779998960e+01	5.110863129999999e-04
3.364695500000380e+01	5.145020550000000e-04
3.369306770002004e+01	5.184935290000000e-04
3.373973710002610e+01	5.198559370000000e-04
3.377103559998795e+01	5.202781180000000e-04
3.380203580000671e+01	5.209882510000000e-04
3.384818690002430e+01	5.223698680000000e-04
3.389485250000143e+01	5.243655180000000e-04
3.394196099997498e+01	5.271097179999999e-04
3.398791309999069e+01	5.306981620000000e-04
3.403503319999436e+01	5.319455520000000e-04
3.406711479998194e+01	5.349391140000000e-04
3.409816569997929e+01	5.368005370000000e-04
3.414502900000662e+01	5.415404450000000e-04
3.419156910001766e+01	5.491203630000000e-04
3.423784080002224e+01	5.545126620000000e-04
3.428359679999994e+01	5.566044130000000e-04
3.433185040001990e+01	5.634934640000000e-04
3.436202950001461e+01	5.670244570000000e-04
3.439348889997927e+01	5.713996359999999e-04
3.444053110003006e+01	5.789604620000000e-04
3.448690309998346e+01	5.857152860000000e-04
3.453378270001849e+01	5.893995990000000e-04
3.458081720001064e+01	5.975936070000000e-04
3.461244450003142e+01	6.020073200000000e-04
3.464343190001091e+01	6.062097960000000e-04
3.467522949998965e+01	6.120819600000000e-04
3.470542439998826e+01	6.152482819999999e-04
3.474051380000310e+01	6.183953370000001e-04
3.478741260000970e+01	6.213314480000000e-04
3.484912660002010e+01	6.227514240000000e-04
3.489639200002421e+01	6.269348670000000e-04
3.494236639997689e+01	6.296213830000000e-04
3.497297240002081e+01	6.313484050000000e-04
3.500452199997380e+01	6.331714690000001e-04
3.503648110001814e+01	6.330946930000000e-04
3.508391119999578e+01	6.351864430000000e-04
3.513119570002891e+01	6.381607960000000e-04
3.516166029998567e+01	6.394081870000000e-04
3.519355680001900e+01	6.411159990000000e-04
3.523951490002219e+01	6.409817720000001e-04
3.527119170001242e+01	6.429390630000000e-04
3.530155929998728e+01	6.487919600000000e-04
3.533586970000761e+01	6.533975250000000e-04
3.539706639997894e+01	6.565062210000000e-04
3.544349999999395e+01	6.598260370000000e-04
3.549009969999315e+01	6.648729320000000e-04
3.553922430000966e+01	6.661970400000000e-04
3.556990950001637e+01	6.685766280000000e-04
3.560118639998836e+01	6.734123450000000e-04
3.564794360002270e+01	6.798600660000000e-04
3.569482670002617e+01	6.864806640000000e-04
3.574103809997905e+01	6.897812710000000e-04
3.578845980000915e+01	6.945403290000000e-04
3.585028810001677e+01	6.986277290000000e-04
3.588145709998207e+01	7.038857440000000e-04
3.591229930002009e+01	7.079538770000000e-04
3.594356200000038e+01	7.113121679999999e-04
3.598950740002329e+01	7.189304450000000e-04
3.603669280000031e+01	7.247449830000000e-04
3.608395330002531e+01	7.310776270000000e-04
3.613154159998521e+01	7.379666790000001e-04
3.616258639999432e+01	7.407876550000000e-04
3.619356139999582e+01	7.452011920000000e-04
3.624051199998939e+01	7.486170510000000e-04
3.628764400002547e+01	7.512843590000000e-04
3.633440829999745e+01	7.533376920000000e-04
3.638198880001437e+01	7.563696710000000e-04
3.641318730002968e+01	7.587300500000000e-04
3.644466719997581e+01	7.622033590000000e-04
3.647563699999591e+01	7.651009950000000e-04
3.650693129998399e+01	7.685743040000000e-04
3.653892860002816e+01	7.723931340000000e-04
3.658583649998764e+01	7.777470160000000e-04
3.663280319998739e+01	7.799154850000000e-04
3.667938929999946e+01	7.846361840000000e-04
3.671060300001409e+01	7.873036080000000e-04
3.674158470000839e+01	7.886468080000000e-04
3.677265920001082e+01	7.908920520000000e-04
3.680532240000321e+01	7.967065900000000e-04
3.683579699997790e+01	8.032502370000000e-04
3.688250050001079e+01	8.050540930000000e-04
3.692927339999005e+01	8.081052800000000e-04
3.696045150002465e+01	8.098130930000000e-04
3.699153260001913e+01	8.151286750000000e-04
3.704083690000698e+01	8.171052320000000e-04
3.706950889999280e+01	8.194464610000000e-04
3.710052279999945e+01	8.228238440000000e-04
3.713321400003042e+01	8.252416740000000e-04
3.718046330002835e+01	8.287726670000000e-04
3.721105009998428e+01	8.305381630000000e-04
3.724586750002345e+01	8.305764640000000e-04
3.728944640001282e+01	8.342224760000000e-04
3.733631809998769e+01	8.377534690000000e-04
3.736703710001893e+01	8.411308520000000e-04
3.739822859998094e+01	8.429922750000000e-04
3.744551470002625e+01	8.443931580000001e-04
3.749219979997724e+01	8.484229910000000e-04
3.753884160000598e+01	8.707686790000000e-04
3.766399979998823e+01	8.638540170000000e-04
3.769553879997693e+01	8.615489350000000e-04
3.772571349999635e+01	8.623173340000000e-04
3.775650189997396e+01	8.625093610000000e-04
3.778757400001632e+01	8.628936480000000e-04
3.785042700002668e+01	8.636619900000000e-04
3.788115750002908e+01	8.657747530000000e-04
3.791151290002745e+01	8.648143850000000e-04
3.794260030001169e+01	8.701923650000001e-04
3.798891890002415e+01	8.711527330000000e-04
3.802051639999263e+01	8.705766520000000e-04
3.805107950000092e+01	8.705766520000000e-04
3.808218730002409e+01	8.703846250000000e-04
3.811313680000603e+01	8.715370199999999e-04
3.814347100001760e+01	8.738418690000000e-04
3.819148330000462e+01	8.778753690000000e-04
3.823750220000511e+01	8.807565320000001e-04
3.828553519997513e+01	8.797961640000000e-04
3.831589079997502e+01	8.782596560000000e-04
3.834634980000556e+01	8.796041370000000e-04
3.839315499999793e+01	8.819089270000000e-04
3.843948040000396e+01	8.836376360000000e-04
3.848568789998535e+01	8.826772680000000e-04
3.853349780000281e+01	8.830615550000000e-04
3.859806380001828e+01	8.822932140000000e-04
3.862570450000931e+01	8.824852410000000e-04
3.865686400001869e+01	8.819089270000000e-04
3.868821059999755e+01	8.847900900000000e-04
3.873467630002415e+01	8.838296640000000e-04
3.879608050000388e+01	8.836376360000000e-04
3.884268870000960e+01	8.813328460000000e-04
3.888868759997422e+01	8.821011869999999e-04
3.891978539997945e+01	8.822932140000000e-04
3.895057210000232e+01	8.815248730000000e-04
3.899676319997525e+01	8.796041370000000e-04
3.904403140000068e+01	8.790278230000000e-04
3.909117000002880e+01	8.796041370000000e-04
3.913760379998712e+01	8.782596560000000e-04
3.918400860001566e+01	8.778753690000000e-04
3.921487790002720e+01	8.778753690000000e-04
3.924599540000781e+01	8.772992880000000e-04
3.929245810001157e+01	8.776833420000000e-04
3.933952049998334e+01	8.759546330000000e-04
3.938613990001613e+01	8.742261560000000e-04
3.944830550003098e+01	8.728814430000000e-04
3.949542629998177e+01	8.684638890000000e-04
3.952715989999706e+01	8.663508340000000e-04
3.955784820002737e+01	8.650064120000000e-04
3.959075759997359e+01	8.630856760000000e-04
3.963648819999071e+01	8.617411950000000e-04
3.968242510000709e+01	8.617411950000000e-04
3.972976509999717e+01	8.590521170000000e-04
3.976130730001023e+01	8.559789279999999e-04
3.979256099998020e+01	8.540581910000000e-04
3.982374520000303e+01	8.523294820000000e-04
3.985528610000620e+01	8.504086870000001e-04
3.988621179998154e+01	8.488720050000000e-04
3.993374649999896e+01	8.482959240000000e-04
3.998105230001966e+01	8.450307070000000e-04
4.001172559999395e+01	8.419573420000000e-04
4.004256760003045e+01	8.375397300000000e-04
4.009095029998571e+01	8.386921250000000e-04
4.012045779998880e+01	8.356189940000000e-04
4.015152950002812e+01	8.321615170000000e-04
4.018594870000379e+01	8.313931760000000e-04
4.024318290001247e+01	8.296646989999999e-04
4.028919560002396e+01	8.290883850000000e-04
4.033645429997705e+01	8.285122460000000e-04
4.038286240003072e+01	8.288963580000000e-04
4.041414379997877e+01	8.287043310000000e-04
4.044486899999902e+01	8.336981990000000e-04
4.049165049998555e+01	8.375397300000000e-04
4.053842739999527e+01	8.436860520000000e-04
4.058481500000926e+01	8.436860520000000e-04
4.064775549998740e+01	8.498323730000000e-04
4.069584539998323e+01	8.517531680000000e-04
4.072541210002964e+01	8.538661640000000e-04
4.075590589997591e+01	8.559789279999999e-04
4.078721510001924e+01	8.611648810000000e-04
4.084826449997490e+01	8.627016210000000e-04
4.089515960001154e+01	8.650064120000000e-04
4.094157010002527e+01	8.667351210000000e-04
4.098844679998001e+01	8.665430940000000e-04
4.101954379997915e+01	8.676954890000000e-04
4.105067030002829e+01	8.692319970000000e-04
4.108414470002754e+01	8.686559160000000e-04
4.114327200001571e+01	8.703846250000000e-04
4.118951070000185e+01	8.721131020000000e-04
4.123668009997346e+01	8.724973890000000e-04
4.129845449997811e+01	8.736498420000000e-04
4.132944320002571e+01	8.746102100000000e-04
4.135987619997468e+01	8.751865240000000e-04
4.139087850000942e+01	8.769150010000000e-04
4.143674999999348e+01	8.772992880000000e-04
4.148323579999851e+01	8.788357950000000e-04
4.153126790001988e+01	8.797961640000000e-04
4.156245359999593e+01	8.797961640000000e-04
4.159602850000374e+01	8.805645050000000e-04
4.162633780000033e+01	8.822932140000000e-04
4.165746700001182e+01	8.830615550000000e-04
4.168919130001450e+01	8.824852410000000e-04
4.173550060001435e+01	8.819089270000000e-04
4.178463980002562e+01	8.819089270000000e-04
4.184388280002167e+01	8.811408190000000e-04
4.189053530001547e+01	8.830615550000000e-04
4.192148489999818e+01	8.817169000000000e-04
4.195203220000258e+01	8.821011869999999e-04
4.198333890002687e+01	8.824852410000000e-04
4.204548670002259e+01	8.819089270000000e-04
4.210928209999111e+01	8.815248730000000e-04
4.214042230002815e+01	8.786437100000000e-04
4.218822830001591e+01	8.786437100000000e-04
4.221931980003137e+01	8.788357950000000e-04
4.225083829998039e+01	8.778753690000000e-04
4.228250329999719e+01	8.780673960000000e-04
4.232886319997488e+01	8.769150010000000e-04
4.236032999999588e+01	8.763389200000000e-04
4.239165589999175e+01	8.761468930000000e-04
4.243861690000631e+01	8.751865240000000e-04
4.248505170003045e+01	8.740338960000000e-04
4.251619039999787e+01	8.726894160000000e-04
4.254701530002058e+01	8.713449930000000e-04
4.259890679997625e+01	8.709607060000000e-04
4.264150710002286e+01	8.678875750000000e-04
4.268839730002219e+01	8.669271480000000e-04
4.273461949999910e+01	8.659667800000001e-04
4.278127739997581e+01	8.644300979999999e-04
4.281313020002563e+01	8.607808270000000e-04
4.284256870002719e+01	8.577076950000000e-04
4.288922429998638e+01	8.536739040000000e-04
4.293692429998191e+01	8.527135360000000e-04
4.298494310001843e+01	8.504086870000001e-04
4.304820700001437e+01	8.488720050000000e-04
4.309587379998993e+01	8.471435290000000e-04
4.312778450001497e+01	8.469512690000000e-04
4.315857530001085e+01	8.442623660000000e-04
4.318947340000886e+01	8.390761799999999e-04
4.323619309999049e+01	8.317774630000000e-04
4.328374540002551e+01	8.287043310000000e-04
4.333119970001280e+01	8.214053230000000e-04
4.336262390000047e+01	8.152590020000000e-04
4.339392980001867e+01	8.104571020000000e-04
4.342591510002967e+01	8.075759980000000e-04
4.346046500001103e+01	8.052711490000000e-04
4.348700810002629e+01	8.048868620000000e-04
4.353425999998581e+01	8.020057580000000e-04
4.359639760002028e+01	7.966277770000000e-04
4.364437059999909e+01	7.931703000000000e-04
4.369204539997736e+01	7.900971690000000e-04
4.372330620000139e+01	7.870239790000000e-04
4.375444639998022e+01	7.872160060000000e-04
4.378481610002927e+01	7.860636110000000e-04
4.384730570000829e+01	7.781885220000001e-04
4.389345690002665e+01	7.724262540000000e-04
4.394045489997370e+01	7.678164400000000e-04
4.398680160002550e+01	7.639749090000000e-04
4.401833210000768e+01	7.618621460000000e-04
4.404987230000552e+01	7.570602470000000e-04
4.408098430000246e+01	7.541790840000000e-04
4.411492939997697e+01	7.514900060000000e-04
4.414303710003151e+01	7.429176480000000e-04
4.425245349999750e+01	7.412289270000000e-04
4.428408990002936e+01	7.375254059999999e-04
4.431492829998024e+01	7.338217110000000e-04
4.434690709999995e+01	7.281607250000000e-04
4.439356459997362e+01	7.211373300000000e-04
4.443951920000836e+01	7.137684730000000e-04
4.448631499998737e+01	7.083569650000000e-04
4.453156730002956e+01	7.052098520000000e-04
4.456288679997670e+01	7.025999950000000e-04
4.459692300000461e+01	7.004507930000000e-04
4.462463999999454e+01	6.976490260000000e-04
4.465475019998848e+01	6.940030139999999e-04
4.468615229998250e+01	6.881501180000000e-04
4.473355579999043e+01	6.834869860000000e-04
4.478205829998478e+01	6.756192310000000e-04
4.481163429998560e+01	6.713974870000000e-04
4.484263610001653e+01	6.625510290000000e-04
4.488956659997348e+01	6.583868530000000e-04
4.492148720001569e+01	6.553164570000000e-04
4.495234750001691e+01	6.538197050000000e-04
4.498408070002915e+01	6.517471630000000e-04
4.504738409997663e+01	6.470073129999999e-04
4.509651669999585e+01	6.438985580000000e-04
4.514251380000496e+01	6.392162760000000e-04
4.518951499997638e+01	6.364337170000000e-04
4.521950040000957e+01	6.342269480000000e-04
4.525050319998991e+01	6.323271080000000e-04
4.528220369998598e+01	6.303698170000000e-04
4.531273320002947e+01	6.282397080000000e-04
4.534471929998836e+01	6.245744880000000e-04
4.539414059999399e+01	6.212163130000000e-04
4.543870300002163e+01	6.163229120000000e-04
4.548586210003123e+01	6.139049660000000e-04
4.551535429997602e+01	6.111607650000000e-04
4.554681219998747e+01	6.073229010000000e-04
4.559439250000287e+01	6.033698450000000e-04
4.564199319999898e+01	5.995510150000000e-04
4.568862219998846e+01	5.945232700000000e-04
4.573504429997411e+01	5.885552380000000e-04
4.578257219999796e+01	5.852355390000000e-04
4.581430089997593e+01	5.790755970000000e-04
4.584479300002567e+01	5.647600050000000e-04
4.589085540000815e+01	5.491011540000000e-04
4.593744459998561e+01	5.434018680000000e-04
4.598291060002521e+01	5.410798479999999e-04
4.604363939998439e+01	5.358794010000000e-04
4.609161379997386e+01	5.349583810000000e-04
4.612274419999449e+01	5.326747780000001e-04
4.615375990001485e+01	5.296235320000001e-04
4.618503629998304e+01	5.255553990000000e-04
4.624737220001407e+01	5.236555590000000e-04
4.629467670002487e+01	5.209882510000000e-04
4.634130430000369e+01	5.173037640000000e-04
4.638938329997472e+01	5.127557670000000e-04
4.641947040002560e+01	5.078240060000000e-04
4.645062630000757e+01	5.016833310000000e-04
4.649639889999526e+01	4.926064870000000e-04
4.654256570001598e+01	4.851033450000000e-04
4.659159209998325e+01	4.821481420000000e-04
4.663732159999199e+01	4.791545800000000e-04
4.668402929999866e+01	4.773698460000000e-04
4.671453810000094e+01	4.740500010000000e-04
4.674598050001077e+01	4.681971620000000e-04
4.679229870002018e+01	4.579114900000000e-04
4.683949420001591e+01	4.487387490000000e-04
4.688601469999412e+01	4.398730820000000e-04
4.693161770002916e+01	4.361119060000000e-04
4.696298010001192e+01	4.328496290000000e-04
4.699367890000576e+01	4.307771450000000e-04
4.702441449998878e+01	4.287046610000000e-04
4.705524800001876e+01	4.260756540000000e-04
4.708913500001654e+01	4.203955180000000e-04
4.713423179998063e+01	4.170372850000000e-04
4.719506549998187e+01	4.061950890000000e-04
4.724171590001788e+01	4.022228240000000e-04
4.728864859999157e+01	4.005917000000000e-04
4.732044620002853e+01	3.989413960000000e-04
4.735180810000747e+01	3.971183320000000e-04
4.738243050000165e+01	3.953145060000000e-04
4.744470400002319e+01	3.902484020000000e-04
4.749153790000128e+01	3.839349960000000e-04
4.753949689998990e+01	3.786769810000000e-04
4.758943310001632e+01	3.761439290000000e-04
4.761618599999929e+01	3.736876530000000e-04
4.764727259997744e+01	3.685255940000000e-04
4.769366859999718e+01	3.618476040000000e-04
4.774153010000009e+01	3.531354300000000e-04
4.778952669998398e+01	3.401247960000000e-04
4.783760939998319e+01	3.308561280000000e-04
4.788353609998012e+01	3.267687280000000e-04
4.791451660002349e+01	3.214723260000000e-04
4.794554530002642e+01	3.152356660000000e-04
4.799111639999319e+01	3.069073140000000e-04
4.803770109999459e+01	2.993657250000000e-04
4.808691569999792e+01	2.941461280000000e-04
4.813156359997811e+01	2.921311830000000e-04
4.816157430002932e+01	2.891568000000000e-04
4.819289659999777e+01	2.858753720000000e-04
4.822393660002854e+01	2.810587180000000e-04
4.825476159999380e+01	2.759158670000000e-04
4.828593670000555e+01	2.682016060000000e-04
4.833283299999312e+01	2.629627710000000e-04
4.837951230001636e+01	2.514489170000000e-04
4.841055349999806e+01	2.455960490000000e-04
4.844156770000700e+01	2.388604630000000e-04
4.848752500000410e+01	2.341397630000000e-04
4.851851580000948e+01	2.279414910000000e-04
4.854925789998379e+01	2.201696190000000e-04
4.858092189999297e+01	2.171760280000000e-04
4.869186600000830e+01	2.069287000000000e-04
4.873869079997530e+01	2.035129290000000e-04
4.878668939997442e+01	2.012485350000000e-04
4.881744389998494e+01	1.995790370000000e-04
4.884863319998840e+01	1.959521760000000e-04
4.889488209999399e+01	1.926898990000000e-04
4.894048629997997e+01	1.888903350000000e-04
4.898723909998080e+01	1.828839450000000e-04
4.903362080000807e+01	1.803892960000000e-04
4.908121440000832e+01	1.764553890000000e-04
4.911316519998945e+01	1.742677560000000e-04
4.914466079999693e+01	1.710054780000000e-04
4.919303560000844e+01	1.652293870000000e-04
4.923878660000628e+01	1.608733000000000e-04
4.928349310002523e+01	1.584937710000000e-04
4.933053640002618e+01	1.545790730000000e-04
4.936157110001659e+01	1.523530370000000e-04
4.939293269999325e+01	1.508562560000000e-04
4.942439499998000e+01	1.493402520000000e-04
4.945657189999474e+01	1.476515460000000e-04
4.948709579999559e+01	1.439863260000000e-04
4.953398920001928e+01	1.423168000000000e-04
4.958177480002632e+01	1.394191640000000e-04
4.961234759999206e+01	1.373658600000000e-04
4.964448379998794e+01	1.353509430000000e-04
4.969112079998013e+01	1.337198050000000e-04
4.972260490001645e+01	1.318775760000000e-04
4.975378590001492e+01	1.305534820000000e-04
4.978408890002174e+01	1.298434650000000e-04
4.984486389998347e+01	1.246238680000000e-04
4.989179319998948e+01	1.202677890000000e-04
4.993948140001157e+01	1.147027510000000e-04
4.998651209997479e+01	1.107880450000000e-04
5.001823190000141e+01	1.080631050000000e-04
5.005112070002360e+01	1.060097930000000e-04
5.009618350001983e+01	1.038029880000000e-04
5.014332999999169e+01	1.030929630000000e-04
5.018912180000916e+01	1.026132230000000e-04
5.023590319999494e+01	1.018648110000000e-04
5.028242549998686e+01	1.009436960000000e-04
5.031386870000279e+01	1.000609770000000e-04
5.034507889999077e+01	9.938934820000000e-05
5.039228089997778e+01	9.829551710000001e-05
5.043780740001239e+01	9.787334419999999e-05
5.048362000001362e+01	9.748955930000001e-05
5.054476279998198e+01	9.440001300000001e-05
5.059270640002796e+01	9.307591969999999e-05
5.062420449999627e+01	9.203964870000000e-05
5.065525339997839e+01	9.121449690000000e-05
5.068670949997613e+01	9.050447260000000e-05
5.073242800001753e+01	8.996717220000000e-05
5.078050599998096e+01	8.787549450000000e-05
5.081099909998011e+01	8.718464960000000e-05
5.084302640001988e+01	8.645544590000000e-05
5.088842079997994e+01	8.574542150000000e-05
5.091946900001494e+01	8.511215860000000e-05
5.095063410000876e+01	8.453647019999999e-05
5.098152079997817e+01	8.386482660000000e-05
5.101254409999819e+01	8.326994430000000e-05
5.104380440001842e+01	8.257912120000000e-05
5.109144550003111e+01	8.158124550000000e-05
5.113759380002739e+01	8.060257099999999e-05
5.118485710001551e+01	7.983497930000000e-05
5.121585939999204e+01	7.943199310000000e-05
5.124697320000269e+01	7.849169920000000e-05
5.129371559998253e+01	7.749383800000000e-05
5.134024930000305e+01	7.663029100000001e-05
5.138751309999498e+01	7.568999720000000e-05
5.143340570002329e+01	7.515267500000000e-05
5.148144040000625e+01	7.375182760000000e-05
5.151333789998898e+01	7.327208730000001e-05
5.154445779998787e+01	7.284990720000000e-05
5.159329200000502e+01	7.253126390000000e-05
5.170046710001770e+01	7.252742220000000e-05
5.173076100001344e+01	7.249667400000000e-05
5.176177590002771e+01	7.241598360000000e-05
5.179234179999912e+01	7.231801280000000e-05
5.182404360000510e+01	7.216239460000001e-05
5.185512349999044e+01	7.213166100000001e-05
5.188579159998335e+01	7.184347490000000e-05
5.193252000003122e+01	7.148037550000000e-05
5.197876560001168e+01	7.041219940000000e-05
5.200975020002807e+01	7.003180509999999e-05
5.204108539997833e+01	6.907890930000001e-05
5.208803889999399e+01	6.872925590000000e-05
5.211947560001863e+01	6.818363909999999e-05
5.215021470002830e+01	6.752467740000000e-05
5.218172970000887e+01	6.701364330000000e-05
5.221281250001630e+01	6.611837310000000e-05
5.224394770001527e+01	6.471783849999999e-05
5.229052330000559e+01	6.233173189999999e-05
5.233761779998895e+01	5.822618910000000e-05
5.238450260000536e+01	5.634535770000000e-05
5.241532919998281e+01	5.507545940000000e-05
5.244667129998561e+01	5.445491480000000e-05
5.249389450001763e+01	5.425703780000000e-05
5.254051359998994e+01	5.421477180000000e-05
5.258811760001117e+01	5.418403090000000e-05
5.265051920001861e+01	5.417635110000000e-05
5.268155989999650e+01	5.408797370000000e-05
5.271323729999131e+01	5.408412840000000e-05
5.274354370002402e+01	5.406108180000000e-05
5.279158349998761e+01	5.392659300000000e-05
5.284087419998832e+01	5.377482010000000e-05
5.288796359999105e+01	5.341940780000000e-05
5.293396450002911e+01	5.314659570000000e-05
5.298093700001482e+01	5.301787680000000e-05
5.301146960002370e+01	5.294679430000000e-05
5.304257619997952e+01	5.288339530000000e-05
5.309045369998785e+01	5.290453190000000e-05
5.313916169997538e+01	5.293718640000000e-05
5.318471439997666e+01	5.293718640000000e-05
5.324704350001412e+01	5.288724060000000e-05
5.329358050000155e+01	5.277965100000000e-05
5.332503000000725e+01	5.272778070000000e-05
5.335581869998714e+01	5.271433840000000e-05
5.339128540002275e+01	5.262980270000000e-05
5.344154780003009e+01	5.261635310000000e-05
5.348499440000160e+01	5.257024170000000e-05
5.353295169997727e+01	5.242039700000000e-05
5.358520909998333e+01	5.220522510000000e-05
5.362788119999459e+01	5.211876490000000e-05
5.365990400000010e+01	5.207266440000000e-05
5.369188270001905e+01	5.202079050000000e-05
5.373987809999380e+01	5.201694510000000e-05
5.378780410002219e+01	5.186709680000000e-05
5.385078169999178e+01	5.167690320000000e-05
5.388277269998798e+01	5.157507620000000e-05
5.391475519997766e+01	5.148286070000000e-05
5.394691230001627e+01	5.129650890000000e-05
5.399366829998326e+01	5.060296100000000e-05
5.404167140001664e+01	5.009576850000000e-05
5.408965640002862e+01	4.981143870000000e-05
5.413663439999800e+01	4.959626310000000e-05
5.418460799998138e+01	4.930232900000000e-05
5.421557479997864e+01	4.895075110000000e-05
5.424756170000182e+01	4.803819320000000e-05
5.429541630001040e+01	4.671642090000000e-05
5.434154460002901e+01	4.521982920000000e-05
5.438823819998652e+01	4.336973510000000e-05
5.443494750000536e+01	4.167333830000000e-05
5.448161920002894e+01	4.125068150000000e-05
5.451202720002038e+01	4.100092700000000e-05
5.454383280000184e+01	4.075501420000000e-05
5.459279700001935e+01	4.036501560000000e-05
5.463902439997764e+01	4.019403420000000e-05
5.468483240000205e+01	4.011526470000000e-05
5.474764880002476e+01	3.973295320000000e-05
5.479451089998474e+01	3.936984650000000e-05
5.482590260001598e+01	3.924305200000000e-05
5.485702759999549e+01	3.917004510000000e-05
5.488830510003027e+01	3.898561410000000e-05
5.493488269997761e+01	3.881078370000000e-05
5.498223369999323e+01	3.853029190000000e-05
5.504413160000695e+01	3.756010120000000e-05
5.509093499998562e+01	3.731226750000000e-05
5.512169030000223e+01	3.695685150000000e-05
5.515247530001216e+01	3.669364740000000e-05
5.518280409998260e+01	3.662064770000000e-05
5.524534899997525e+01	3.632862720000000e-05
5.529262890003156e+01	3.569271940000000e-05
5.533798579999711e+01	3.520473910000000e-05
5.538493290002225e+01	3.508370720000000e-05
5.541575450001983e+01	3.504528290000000e-05
5.544775280001340e+01	3.497996290000000e-05
5.549357920000330e+01	3.486276910000000e-05
5.554174880002392e+01	3.473212930000000e-05
5.558847830002196e+01	3.468025900000000e-05
5.563512559997616e+01	3.453040700000000e-05
5.568174319999525e+01	3.442474190000000e-05
5.571380630001659e+01	3.432291850000000e-05
5.574357529997360e+01	3.405587630000000e-05
5.579070970002795e+01	3.356982050000000e-05
5.583992220001528e+01	3.339306930000000e-05
5.588394660002086e+01	3.320479660000000e-05
5.593066760001238e+01	3.284169360000000e-05
5.596132870001020e+01	3.256888520000000e-05
5.599276009999448e+01	3.215007020000000e-05
5.602444180002203e+01	3.181194550000000e-05
5.605565470003057e+01	3.152760840000000e-05
5.608763209998142e+01	3.090130490000000e-05
5.613396300002933e+01	3.064387060000000e-05
5.617985000001499e+01	3.018086320000000e-05
5.621052389999386e+01	2.997529920000000e-05
5.624159920000238e+01	2.982929070000000e-05
5.628832450002665e+01	2.976589170000000e-05
5.632022860000143e+01	2.977165790000000e-05
5.635170810000272e+01	2.973515260000000e-05
5.638385980000021e+01	2.968328040000000e-05
5.644610679999460e+01	2.932786450000000e-05
5.649255219998304e+01	2.898013190000000e-05
5.653950509999413e+01	2.856515490000000e-05
5.658699009998236e+01	2.828658580000000e-05
5.662040900002467e+01	2.809638860000000e-05
5.665048170002410e+01	2.790619510000000e-05
5.668144770001527e+01	2.764491550000000e-05
5.671252589998767e+01	2.708777360000000e-05
5.674399119999725e+01	2.611373570000000e-05
5.679197369999019e+01	2.479965220000000e-05
5.683812049997505e+01	2.402349860000000e-05
5.688580380001804e+01	2.379103530000000e-05
5.691653190000216e+01	2.355857210000000e-05
5.694774319999851e+01	2.321852660000000e-05
5.699409779999405e+01	2.293226860000000e-05
5.704044990002876e+01	2.282276180000000e-05
5.708967070002109e+01	2.259798570000000e-05
5.713537530001486e+01	2.243276320000000e-05
5.718109030002961e+01	2.239241800000000e-05
5.721245200000703e+01	2.229828350000000e-05
5.724284070002614e+01	2.213690280000000e-05
5.728949840000132e+01	2.178532670000000e-05
5.733581449999474e+01	2.141838380000000e-05
5.738245490001282e+01	2.122050320000000e-05
5.744533469999442e+01	2.060188490000000e-05
5.749255840003025e+01	2.044434950000000e-05
5.752357020002091e+01	2.028681410000000e-05
5.755409900000086e+01	2.007932380000000e-05
5.758862280001631e+01	1.983725820000000e-05
5.763327480002772e+01	1.973543480000000e-05
5.768085639999481e+01	1.952986710000000e-05
5.771125410002423e+01	1.942996640000000e-05
5.774257399997441e+01	1.916100150000000e-05
5.779067830002168e+01	1.902652000000000e-05
5.782048629998462e+01	1.889588020000000e-05
5.785151910001878e+01	1.863652140000000e-05
5.788260160002392e+01	1.849627550000000e-05
5.792944680002984e+01	1.831376360000000e-05
5.796054699999513e+01	1.813701600000000e-05
5.799089770001592e+01	1.792568580000000e-05
5.803719180001644e+01	1.770667220000000e-05
5.808500279998407e+01	1.761061500000000e-05
5.811649839999154e+01	1.751455420000000e-05
5.814777919999324e+01	1.725519540000000e-05
5.819410590000916e+01	1.668268670000000e-05
5.823952950001694e+01	1.633879400000000e-05
5.828822709998349e+01	1.593150590000000e-05
5.833362350001698e+01	1.584889470000000e-05
5.838039499998558e+01	1.576436440000000e-05
5.841157860000385e+01	1.571633580000000e-05
5.844215439999243e+01	1.565677850000000e-05
5.848844649997773e+01	1.553382390000000e-05
5.853501689998666e+01	1.528022590000000e-05
5.858426239999244e+01	1.512461220000000e-05
5.864451020001434e+01	1.505352880000000e-05
5.869148610002594e+01	1.499781590000000e-05
5.872193659999175e+01	1.494594380000000e-05
5.875312270002905e+01	1.487101960000000e-05
5.878266119997716e+01	1.474806320000000e-05
5.884600999997929e+01	1.424087260000000e-05
5.889307779999217e+01	1.308816810000000e-05
5.893948150001233e+01	1.157428140000000e-05
5.898713760002283e+01	1.085191890000000e-05
5.901731879997533e+01	1.039660040000000e-05
5.904841899999883e+01	1.004694600000000e-05
5.909535810002126e+01	9.925913219999999e-06
5.914152569998987e+01	9.939361010000000e-06
5.918878919997951e+01	9.937439240000000e-06
5.925056000001496e+01	9.952808800000000e-06
5.928397470002528e+01	9.947044420000000e-06
5.931287770002382e+01	9.941282770000000e-06
5.934482940001180e+01	9.943202710000000e-06
5.939285100001143e+01	9.908621910000000e-06
5.943844360002549e+01	9.912463610000000e-06
5.948560299997916e+01	9.883646269999999e-06
5.953288339998107e+01	9.864435010000001e-06
5.966255509998882e+01	9.437934750000000e-06
5.969228519999888e+01	9.201629840000000e-06
5.973840550001478e+01	8.738627000000000e-06
5.978526279999642e+01	8.029712260000000e-06
5.984726200002478e+01	7.724244819999999e-06
5.989356990001397e+01	7.464886490000000e-06
5.992490590002853e+01	7.276611540000000e-06
5.995675250003114e+01	7.107548300000000e-06
5.998840660002315e+01	6.980750190000000e-06
6.004305630002636e+01	6.953854610000000e-06
6.009747430001153e+01	6.965380630000000e-06
