# [General]
# timestamp=2025-04-14T17:07:31.451322
# comments='# '
# delimiter='\t'
# column_dtypes=float;;float
# column_headers='Time (s);;Power (W)'
# 
# [Metadata]
# scanner_x=-4.828509278527349
# scanner_y=3.7973932051
# start recoding time='14.04.2025, 17:06:31.348944'
# sample rate (hz)=50.0
# sample timing='TIMESTAMP'
# 
# ---- END HEADER ----
3.586499951779842e-03	2.668624800000000e-05
4.986079997615889e-02	2.674964710000000e-05
9.651389997452497e-02	2.676309300000000e-05
1.275816999841481e-01	2.670738100000000e-05
1.589813999598846e-01	2.669008790000000e-05
2.046898999833502e-01	2.661516370000000e-05
2.515939999721013e-01	2.654984560000000e-05
2.983028999879025e-01	2.637501710000000e-05
3.450858999858610e-01	2.618098010000000e-05
3.925913999555632e-01	2.600807240000000e-05
4.236089999903925e-01	2.592930470000000e-05
4.548821999924257e-01	2.590817170000000e-05
5.014480999670923e-01	2.594467330000000e-05
5.484721999964677e-01	2.599654540000000e-05
5.961511999485083e-01	2.618674260000000e-05
6.590815999661572e-01	2.643649530000000e-05
7.056267999578267e-01	2.648068040000000e-05
7.364079999970272e-01	2.653639600000000e-05
7.683511999784969e-01	2.664974640000000e-05
7.995202000020072e-01	2.695329020000000e-05
8.459591999999247e-01	2.704934740000000e-05
8.925644999835640e-01	2.703205790000000e-05
9.412624999531545e-01	2.695329020000000e-05
9.709556999732740e-01	2.692063030000000e-05
1.002580899978057e+00	2.693792340000000e-05
1.032969099993352e+00	2.691871120000000e-05
1.065176799951587e+00	2.690526160000000e-05
1.096242999949027e+00	2.690333890000000e-05
1.142479499976616e+00	2.690333890000000e-05
1.175501599966083e+00	2.689373470000000e-05
1.206620799959637e+00	2.693215720000000e-05
1.251064399955794e+00	2.698787280000000e-05
1.298192099959124e+00	2.702053100000000e-05
1.330143400002271e+00	2.710121950000000e-05
1.360021099972073e+00	2.716077690000000e-05
1.392230999947060e+00	2.722225510000000e-05
1.424192099948414e+00	2.743550610000000e-05
1.455296599946450e+00	2.754501290000000e-05
1.501433199970052e+00	2.781397780000000e-05
1.549966699967626e+00	2.792924720000000e-05
1.595833799976390e+00	2.811752170000000e-05
1.626031899999361e+00	2.828274410000000e-05
1.657423599972390e+00	2.837304050000000e-05
1.704563399951439e+00	2.856131500000000e-05
1.751512399991043e+00	2.961411700000000e-05
1.799061400000937e+00	3.027884670000000e-05
1.845904399990104e+00	3.118564200000000e-05
1.906564699951559e+00	3.299346640000000e-05
1.937621599994600e+00	3.536803710000000e-05
1.968821699963883e+00	3.835354800000000e-05
2.000013399985619e+00	4.118343710000000e-05
2.047981299983803e+00	4.167333830000000e-05
2.111897099995986e+00	4.170984180000000e-05
2.143858800001908e+00	4.172520860000000e-05
2.205197899951600e+00	4.167525910000000e-05
2.236056499998085e+00	4.168486340000000e-05
2.266796399955638e+00	4.166565490000000e-05
2.298774499970023e+00	4.161186010000000e-05
2.345209899998736e+00	4.142358380000000e-05
2.391468999965582e+00	4.077038470000000e-05
2.423455499985721e+00	3.963497150000000e-05
2.454366899968591e+00	3.756970910000000e-05
2.499661999987438e+00	3.621143700000000e-05
2.533475199947134e+00	3.525469220000000e-05
2.561433399969246e+00	3.435942560000000e-05
2.593529299949296e+00	3.389449920000000e-05
2.654890299949329e+00	3.319518870000000e-05
2.702356299967505e+00	3.263612600000000e-05
2.748675299983006e+00	3.196563920000000e-05
2.794717899989337e+00	3.175815070000000e-05
2.826868399977684e+00	3.138352260000000e-05
2.857450299954507e+00	3.025963450000000e-05
2.905146799981594e+00	2.967751790000000e-05
2.951298999949358e+00	2.957185460000000e-05
2.998482199967839e+00	2.915880030000000e-05
3.046080999949481e+00	2.884564670000000e-05
3.093753899971489e+00	2.871692960000000e-05
3.125570799980778e+00	2.856131500000000e-05
3.154774399998132e+00	2.825776760000000e-05
3.201266699994449e+00	2.775249960000000e-05
3.247674099984579e+00	2.742205650000000e-05
3.295107499987353e+00	2.727412720000000e-05
3.342206999950577e+00	2.704934740000000e-05
3.373432499996852e+00	2.693407810000000e-05
3.404028499964625e+00	2.690333890000000e-05
3.435099800000899e+00	2.681881050000000e-05
3.465407799987588e+00	2.652102560000000e-05
3.501332099956926e+00	2.590624900000000e-05
3.544274199986830e+00	2.539713750000000e-05
3.590817499964032e+00	2.465172290000000e-05
3.621489299985114e+00	2.439044150000000e-05
3.652482099947520e+00	2.374492760000000e-05
3.699949999980163e+00	2.349901480000000e-05
3.730225999956019e+00	2.325887180000000e-05
3.762028499972075e+00	2.295916780000000e-05
3.793570499983616e+00	2.265562030000000e-05
3.856062999984715e+00	2.209079680000000e-05
3.902552399958950e+00	2.166045310000000e-05
3.950129399949219e+00	2.130119360000000e-05
3.996686499973293e+00	2.115518150000000e-05
4.029160999984015e+00	2.100341040000000e-05
4.059969699999783e+00	2.090350970000000e-05
4.108147299964912e+00	2.088045400000000e-05
4.154400999948848e+00	2.087469330000000e-05
4.201160899945535e+00	2.088429940000000e-05
4.247513299982529e+00	2.087277060000000e-05
4.294127599976491e+00	2.086700620000000e-05
4.324471699947026e+00	2.085740020000000e-05
4.356271299999207e+00	2.084779410000000e-05
4.403520399995614e+00	2.086316450000000e-05
4.449653199990280e+00	2.087853320000000e-05
4.496949399996083e+00	2.102070180000000e-05
4.543676699977368e+00	2.113981280000000e-05
4.605700399959460e+00	2.146449150000000e-05
4.637090199976228e+00	2.154902360000000e-05
4.667883099988103e+00	2.167389900000000e-05
4.698778099962510e+00	2.191596830000000e-05
4.745135199977085e+00	2.204468550000000e-05
4.792553299979772e+00	2.215803760000000e-05
4.823478999955114e+00	2.223296180000000e-05
4.854987799946684e+00	2.239050080000000e-05
4.901468599971849e+00	2.262103770000000e-05
4.932504699972924e+00	2.285158010000000e-05
4.963766999950167e+00	2.299951300000000e-05
4.994433199986815e+00	2.308404330000000e-05
5.059170899970923e+00	2.332034640000000e-05
5.091222099959850e+00	2.336261240000000e-05
5.122820899996441e+00	2.338566810000000e-05
5.153485799964983e+00	2.342793600000000e-05
5.199829699995462e+00	2.366039550000000e-05
5.231849899981171e+00	2.390438570000000e-05
5.263458499975968e+00	2.409458280000000e-05
5.294445799954701e+00	2.414453230000000e-05
5.341922399995383e+00	2.420216700000000e-05
5.373567799979355e+00	2.417911310000000e-05
5.404243999975733e+00	2.422906250000000e-05
5.450398699962534e+00	2.424251220000000e-05
5.497620699985418e+00	2.424251220000000e-05
5.528564899985213e+00	2.423098520000000e-05
5.559111599985044e+00	2.401389250000000e-05
5.605888699996285e+00	2.364886680000000e-05
5.652855099993758e+00	2.350478100000000e-05
5.698560399992857e+00	2.347212100000000e-05
5.744518899999093e+00	2.351438710000000e-05
5.807331899995916e+00	2.346443580000000e-05
5.838254899950698e+00	2.338950800000000e-05
5.869549499999266e+00	2.330113420000000e-05
5.900888999982271e+00	2.322621000000000e-05
5.947064799955115e+00	2.317049440000000e-05
5.993491099972744e+00	2.314936140000000e-05
6.056423499947414e+00	2.311862590000000e-05
6.105726499983575e+00	2.299566950000000e-05
6.135845499986317e+00	2.284197400000000e-05
6.166835199983325e+00	2.269020300000000e-05
6.197232299949974e+00	2.245966240000000e-05
6.259343599958811e+00	2.236936780000000e-05
6.291425299947150e+00	2.232517910000000e-05
6.322572599980049e+00	2.225985920000000e-05
6.353529099957086e+00	2.220606620000000e-05
6.399940899980720e+00	2.217724800000000e-05
6.432043099950533e+00	2.214074810000000e-05
6.462468099955004e+00	2.211769240000000e-05
6.493463099992368e+00	2.209271590000000e-05
6.540532899962272e+00	2.207926990000000e-05
6.571734999946784e+00	2.202355240000000e-05
6.603499599965289e+00	2.197936740000000e-05
6.650931499956641e+00	2.192941790000000e-05
6.697600299958140e+00	2.189291260000000e-05
6.728936199971940e+00	2.184872760000000e-05
6.760112299991306e+00	2.181030500000000e-05
6.792057899991050e+00	2.174306060000000e-05
6.823536099982448e+00	2.176035380000000e-05
6.854583999956958e+00	2.170271910000000e-05
6.901411499944516e+00	2.154134020000000e-05
6.948878699971829e+00	2.137803860000000e-05
6.995524599973578e+00	2.128774390000000e-05
7.027446799969766e+00	2.125124230000000e-05
7.058507099980488e+00	2.122434670000000e-05
7.106576599995606e+00	2.108794070000000e-05
7.153335399983916e+00	2.104951820000000e-05
7.200282499950845e+00	2.102838520000000e-05
7.246446499950252e+00	2.098420010000000e-05
7.293506099958904e+00	2.090734960000000e-05
7.324360599974170e+00	2.087277060000000e-05
7.354554299963638e+00	2.084971490000000e-05
7.401407699973788e+00	2.083050460000000e-05
7.447642899991479e+00	2.079976550000000e-05
7.494525099988095e+00	2.078055330000000e-05
7.541825099964626e+00	2.078055330000000e-05
7.573194299999159e+00	2.074405170000000e-05
7.605142299958970e+00	2.074213080000000e-05
7.636559799953829e+00	2.069794210000000e-05
7.668345099955332e+00	2.065567970000000e-05
7.699381799960975e+00	2.060188490000000e-05
7.745664199988823e+00	2.061149100000000e-05
7.792554299987387e+00	2.061917440000000e-05
7.854933800001163e+00	2.065951960000000e-05
7.900467899977230e+00	2.067296920000000e-05
7.935035299975425e+00	2.069410220000000e-05
7.963631199963856e+00	2.070754820000000e-05
7.994991499988828e+00	2.076518650000000e-05
8.056925299984869e+00	2.098804000000000e-05
8.103531599976122e+00	2.110523020000000e-05
8.150906900002155e+00	2.118976410000000e-05
8.197728099999949e+00	2.119937020000000e-05
8.228799699980300e+00	2.119937020000000e-05
8.259596799965948e+00	2.122434670000000e-05
8.307139799988363e+00	2.131463950000000e-05
8.354018299956806e+00	2.150099500000000e-05
8.400675899989437e+00	2.174114340000000e-05
8.448571199958678e+00	2.200434210000000e-05
8.494524099980481e+00	2.204084560000000e-05
8.526260499958880e+00	2.210040290000000e-05
8.556585399957839e+00	2.220990970000000e-05
8.602980199968442e+00	2.234246860000000e-05
8.649123399984092e+00	2.247310840000000e-05
8.695600099978037e+00	2.255764230000000e-05
8.742037899966817e+00	2.259606480000000e-05
8.775665799970739e+00	2.264409340000000e-05
8.804545099963434e+00	2.269980910000000e-05
8.835584699991159e+00	2.270557160000000e-05
8.866857699991670e+00	2.274783760000000e-05
8.898732099973131e+00	2.305714770000000e-05
8.945244599948637e+00	2.319931260000000e-05
9.008626799972262e+00	2.346443580000000e-05
9.058190999960061e+00	2.360660440000000e-05
9.104304999986198e+00	2.365463300000000e-05
9.136301699967589e+00	2.364502690000000e-05
9.167048399976920e+00	2.370073890000000e-05
9.197671699977946e+00	2.380256230000000e-05
9.244419499998912e+00	2.386980300000000e-05
9.293063499964774e+00	2.403502550000000e-05
9.339270199998282e+00	2.419448360000000e-05
9.370647799980361e+00	2.426364520000000e-05
9.402702799998224e+00	2.435778150000000e-05
9.433518899953924e+00	2.457103260000000e-05
9.464550599979702e+00	2.498408680000000e-05
9.495549299987033e+00	2.546822180000000e-05
9.542530199978501e+00	2.555275570000000e-05
9.573713299992960e+00	2.558157210000000e-05
9.605537600000389e+00	2.565073560000000e-05
9.651423199975397e+00	2.569876410000000e-05
9.697393199952785e+00	2.575255350000000e-05
9.728011899976991e+00	2.582363780000000e-05
9.758604499977082e+00	2.594275070000000e-05
9.805592199962121e+00	2.621171550000000e-05
9.852529199968558e+00	2.675733230000000e-05
9.899113299965393e+00	2.726644380000000e-05
9.946634799998719e+00	2.770831090000000e-05
9.994168699951842e+00	2.791003500000000e-05
1.002558349998435e+01	2.804067660000000e-05
1.005626919999486e+01	2.820781810000000e-05
1.010298899997724e+01	2.840954220000000e-05
1.014914429996861e+01	2.886485890000000e-05
1.019551309995586e+01	2.988692540000000e-05
1.025773149996530e+01	3.026924060000000e-05
1.030589899996994e+01	3.043638210000000e-05
1.033717499999329e+01	3.046904380000000e-05
1.036809549998725e+01	3.058815490000000e-05
1.039926199999172e+01	3.074569030000000e-05
1.044597249996150e+01	3.100312820000000e-05
1.049252479994902e+01	3.111839760000000e-05
1.052363449998666e+01	3.135278170000000e-05
1.055498069996247e+01	3.177544200000000e-05
1.060262189997593e+01	3.215391550000000e-05
1.063400839996757e+01	3.247090720000000e-05
1.066540859994711e+01	3.291469690000000e-05
1.069661220000125e+01	3.330469550000000e-05
1.074645439995220e+01	3.355445010000000e-05
1.080624899995746e+01	3.374080550000000e-05
1.085247299994808e+01	3.414425010000000e-05
1.089867419999791e+01	3.469370860000000e-05
1.092943289998220e+01	3.514710620000000e-05
1.096040439995704e+01	3.546602240000000e-05
1.100662199995713e+01	3.564660800000000e-05
1.105335259996355e+01	3.586370440000000e-05
1.110136749997037e+01	3.613843000000000e-05
1.114763379999204e+01	3.634591850000000e-05
1.119458539999323e+01	3.641892180000000e-05
1.122521479998250e+01	3.655340700000000e-05
1.125703999999678e+01	3.668596400000000e-05
1.130461049999576e+01	3.711246610000000e-05
1.135145969997393e+01	3.760812980000000e-05
1.139666059997398e+01	3.796354580000000e-05
1.145811909995973e+01	3.842078510000000e-05
1.150383679999504e+01	3.899714280000000e-05
1.153458559996216e+01	3.965802530000000e-05
1.156566829996882e+01	4.135634300000000e-05
1.159733899997082e+01	4.614007050000000e-05
1.164492059999611e+01	4.988444200000000e-05
1.169091149995802e+01	5.574018360000000e-05
1.172265819995664e+01	5.697934470000000e-05
1.175458409998100e+01	5.745963790000000e-05
1.180158459994709e+01	5.756722020000000e-05
1.183253049995983e+01	5.761524880000000e-05
1.186422389996005e+01	5.763830630000000e-05
1.189468049997231e+01	5.765751480000000e-05
1.194253489997936e+01	5.764406890000000e-05
1.197342319996096e+01	5.764791060000000e-05
1.200464739999734e+01	5.764023080000000e-05
1.205159739998635e+01	5.764599340000000e-05
1.209952499996871e+01	5.759220220000000e-05
1.213105129997712e+01	5.761333160000000e-05
1.216204599995399e+01	5.761524880000000e-05
1.219344689999707e+01	5.758643240000000e-05
1.225568549998570e+01	5.758643240000000e-05
1.230145019997144e+01	5.743465950000000e-05
1.234847669996088e+01	5.733668150000000e-05
1.239457959996071e+01	5.733283980000000e-05
1.242658099997789e+01	5.737510580000000e-05
1.245777519996045e+01	5.749806220000000e-05
1.250437369995052e+01	5.750190760000000e-05
1.255058869998902e+01	5.750958740000000e-05
1.259746719995746e+01	5.760564450000000e-05
1.264429509994807e+01	5.770554710000000e-05
1.270550149999326e+01	5.793224770000000e-05
1.273747629998252e+01	5.801677980000000e-05
1.276959579996765e+01	5.828573920000000e-05
1.280151169997407e+01	5.860465540000000e-05
1.284876289998647e+01	5.875642820000000e-05
1.289512309996644e+01	5.886978030000000e-05
1.294146279996494e+01	5.895047070000000e-05
1.297250689996872e+01	5.896968290000000e-05
1.300450839998666e+01	5.899081220000000e-05
1.303546459996141e+01	5.896583750000000e-05
1.306782429997111e+01	5.898313250000000e-05
1.309851149999304e+01	5.898120430000000e-05
1.314519099995960e+01	5.909071110000000e-05
1.319247889996041e+01	5.945573870000000e-05
1.322582089999923e+01	5.986687390000000e-05
1.325741799996467e+01	5.984573730000000e-05
1.330473350000102e+01	5.987263650000000e-05
1.333562539995182e+01	5.987071200000000e-05
1.336676009994699e+01	5.985534150000000e-05
1.339847129996633e+01	5.969011910000000e-05
1.344492409995291e+01	5.971893550000000e-05
1.350316919997567e+01	5.813013190000000e-05
1.355375909997383e+01	5.597648850000000e-05
1.360210429999279e+01	5.467585650000000e-05
1.363247739995131e+01	5.344246160000000e-05
1.366352489998098e+01	5.138872070000000e-05
1.369505969999591e+01	5.038970990000000e-05
1.375657319999300e+01	4.830715990000000e-05
1.380347279994749e+01	4.697770050000000e-05
1.385239600000205e+01	4.598637680000000e-05
1.389847939996980e+01	4.525056650000000e-05
1.392954589996953e+01	4.450322740000000e-05
1.396168099995703e+01	4.330057350000000e-05
1.399354039999889e+01	4.238993640000000e-05
1.405472569999984e+01	4.068201450000000e-05
1.410252029995900e+01	3.978674070000000e-05
1.414923799998360e+01	3.941211620000000e-05
1.419460479996633e+01	3.936216310000000e-05
1.422560209996300e+01	3.934295090000000e-05
1.425653829996008e+01	3.934679260000000e-05
1.430598209996242e+01	3.931797620000000e-05
1.435395139997127e+01	3.936216310000000e-05
1.439830319996690e+01	3.936984650000000e-05
1.444512160000158e+01	3.941211620000000e-05
1.450652850000188e+01	3.937177100000000e-05
1.453752179996809e+01	3.948319860000000e-05
1.456921889999649e+01	4.031506610000000e-05
1.460120489995461e+01	4.252825970000000e-05
1.464711229997920e+01	4.458968030000000e-05
1.469390499999281e+01	4.551953320000000e-05
1.474142449995270e+01	4.765011180000000e-05
1.477250749996165e+01	4.889503540000000e-05
1.480398029997014e+01	4.959626310000000e-05
1.483519299997715e+01	5.017454170000000e-05
1.486634529998992e+01	5.097566830000000e-05
1.489767169998959e+01	5.208418590000000e-05
1.494459459994687e+01	5.253950800000000e-05
1.499255929997889e+01	5.296984820000000e-05
1.505549419997260e+01	5.394964680000000e-05
1.510349999996834e+01	5.464704010000000e-05
1.513535239995690e+01	5.525412780000000e-05
1.516674819996115e+01	5.564220560000000e-05
1.519660909997765e+01	5.605909610000000e-05
1.524495899997419e+01	5.614363180000000e-05
1.529063259996474e+01	5.618589780000000e-05
1.532179849996464e+01	5.613978650000000e-05
1.535252759995637e+01	5.613018220000000e-05
1.539854769996600e+01	5.621471430000000e-05
1.542993839998962e+01	5.628771760000000e-05
1.546064449998084e+01	5.633190810000000e-05
1.549223139998503e+01	5.632614560000000e-05
1.552298449998489e+01	5.629348740000000e-05
1.555458209995413e+01	5.633190810000000e-05
1.560169119999046e+01	5.641643660000000e-05
1.564850239997031e+01	5.644141490000000e-05
1.569459079997614e+01	5.653171320000000e-05
1.572530359996017e+01	5.668156150000000e-05
1.575736189994495e+01	5.702929050000000e-05
1.580430969997542e+01	5.751534990000000e-05
1.585103539994452e+01	5.790534850000000e-05
1.589774459996261e+01	5.848938600000000e-05
1.594453280000016e+01	5.867574150000000e-05
1.600623979995726e+01	5.901194890000000e-05
1.603744349995395e+01	5.909839820000000e-05
1.606885159999365e+01	5.919830070000000e-05
1.610041649994673e+01	5.922135460000000e-05
1.614648549997946e+01	5.937313110000000e-05
1.619348519999767e+01	5.946342570000000e-05
1.625642859999789e+01	6.006666810000000e-05
1.630371349997586e+01	6.029145150000000e-05
1.633554259996163e+01	6.069682060000000e-05
1.636622440000065e+01	6.111947730000000e-05
1.639647519995924e+01	6.130390830000000e-05
1.645898639998632e+01	6.136731100000000e-05
1.650560949998908e+01	6.159400070000000e-05
1.655326959997183e+01	6.204163950000000e-05
1.660069819999626e+01	6.246045090000000e-05
1.663168849999784e+01	6.340375690000000e-05
1.666242349997628e+01	6.495413980000000e-05
1.669347299996298e+01	6.588399260000000e-05
1.673971199995140e+01	6.758423110000000e-05
1.677166929998202e+01	6.827585460000000e-05
1.680174329999136e+01	6.837383260000000e-05
1.684879449999426e+01	6.856211260000000e-05
1.689594739995664e+01	6.865432810000001e-05
1.692709569999715e+01	6.880417640000000e-05
1.695743439998478e+01	6.939782180000000e-05
1.700470649998169e+01	7.089249270000001e-05
1.705146059999242e+01	7.157451909999999e-05
1.710048899997491e+01	7.282519800000000e-05
1.714642279996770e+01	7.394524440000000e-05
1.719250519998604e+01	7.407012159999999e-05
1.722351909999270e+01	7.414889110000000e-05
1.725505889998749e+01	7.434868889999999e-05
1.730306259996723e+01	7.435253060000000e-05
1.735097829997540e+01	7.424879730000000e-05
1.739765879994957e+01	7.436598390000000e-05
1.744543999998132e+01	7.473292500000001e-05
1.749202119995607e+01	7.484243540000000e-05
1.752305519999936e+01	7.513829040000000e-05
1.755351499997778e+01	7.554942569999999e-05
1.760133609996410e+01	7.569736039999999e-05
1.764842869999120e+01	7.612385530000000e-05
1.769589979999000e+01	7.642740090000000e-05
1.774240789999021e+01	7.669252230000001e-05
1.777354979998199e+01	7.743217430000000e-05
1.780451149999863e+01	7.877315510000000e-05
1.783617129997583e+01	8.035620700000000e-05
1.786741959996289e+01	8.274038559999999e-05
1.789764959999593e+01	8.870064630000000e-05
1.803808909998043e+01	8.827847340000000e-05
1.807036339998012e+01	8.848955620000000e-05
1.810053259995766e+01	8.898849770000000e-05
1.814739089994691e+01	8.973688819999999e-05
1.819402569998056e+01	9.052367390000000e-05
1.824187679996248e+01	9.240426150000000e-05
1.827252409997163e+01	9.395863890000000e-05
1.830350259999977e+01	9.591598790000000e-05
1.834991169994464e+01	9.720171510000000e-05
1.839618409995455e+01	9.804606090000000e-05
1.845785149995936e+01	9.929339290000000e-05
1.850452249997761e+01	1.023445440000000e-04
1.854984359996160e+01	1.048008340000000e-04
1.858315500000026e+01	1.074298420000000e-04
1.861212789994897e+01	1.105193950000000e-04
1.864454879995901e+01	1.126302740000000e-04
1.869139909994556e+01	1.152592520000000e-04
1.872184319997905e+01	1.162763220000000e-04
1.875319989997661e+01	1.176004150000000e-04
1.880091859999811e+01	1.195002040000000e-04
1.884634959994582e+01	1.202869900000000e-04
1.887774759996682e+01	1.213232320000000e-04
1.890865949995350e+01	1.231462520000000e-04
1.895560339995427e+01	1.253530650000000e-04
1.900231259997236e+01	1.277325940000000e-04
1.904983989999164e+01	1.302656460000000e-04
1.909783429995878e+01	1.309564690000000e-04
1.914392679999582e+01	1.312443200000000e-04
1.917449469998246e+01	1.316664860000000e-04
1.920714589999989e+01	1.322613830000000e-04
1.925256539997645e+01	1.345257920000000e-04
1.930010379996384e+01	1.381142500000000e-04
1.934670869994443e+01	1.421249040000000e-04
1.939569209999172e+01	1.454831070000000e-04
1.945531119999941e+01	1.469223640000000e-04
1.948606979998294e+01	1.475556200000000e-04
1.951700719998917e+01	1.484191450000000e-04
1.954774329997599e+01	1.491099970000000e-04
1.959473789995536e+01	1.492251180000000e-04
1.965652049996424e+01	1.506067780000000e-04
1.970354709995445e+01	1.526408890000000e-04
1.974974099994870e+01	1.541568930000000e-04
1.978198939998401e+01	1.564020930000000e-04
1.981352599995444e+01	1.580716050000000e-04
1.984453189995838e+01	1.586664730000000e-04
1.989147229999071e+01	1.606622250000000e-04
1.992181049997453e+01	1.617368540000000e-04
1.995346889999928e+01	1.638285320000000e-04
1.999970759998541e+01	1.656899260000000e-04
2.004647409997415e+01	1.680310820000000e-04
2.007738299999619e+01	1.712549570000000e-04
2.010892169998260e+01	1.727517670000000e-04
2.015649069997016e+01	1.730012300000000e-04
2.020385979994899e+01	1.732506790000000e-04
2.025095899996813e+01	1.739799050000000e-04
2.029821549996268e+01	1.752847890000000e-04
2.034351489995606e+01	1.762059110000000e-04
2.037457179999910e+01	1.771462120000000e-04
2.040540789999068e+01	1.782016480000000e-04
2.045296739996411e+01	1.791995310000000e-04
2.049861809995491e+01	1.798903540000000e-04
2.054580480000004e+01	1.805236100000000e-04
2.059203889995115e+01	1.808690290000000e-04
2.062390549998963e+01	1.802357730000000e-04
2.065606389997993e+01	1.807538790000000e-04
2.068717199994717e+01	1.812336410000000e-04
2.071797679999145e+01	1.819436440000000e-04
2.074906479998026e+01	1.835747680000000e-04
2.079545029997826e+01	1.836515290000000e-04
2.085782969999127e+01	1.855705200000000e-04
2.090433239995036e+01	1.886408720000000e-04
2.095231949997833e+01	1.906941910000000e-04
2.098348409996834e+01	1.922869270000000e-04
2.101370479998877e+01	1.969500150000000e-04
2.106016229995294e+01	2.036472580000000e-04
2.110772959998576e+01	2.081952260000000e-04
2.115496709995205e+01	2.137986300000000e-04
2.120197459997144e+01	2.159095020000000e-04
2.124880069994833e+01	2.159095020000000e-04
2.128056220000144e+01	2.155448890000000e-04
2.131102429999737e+01	2.156984120000000e-04
2.134272649994818e+01	2.158711430000000e-04
2.140387290000217e+01	2.162741150000000e-04
2.144948559999466e+01	2.177133280000000e-04
2.150039399997331e+01	2.191333770000000e-04
2.154446379997535e+01	2.195555570000000e-04
2.157596579997335e+01	2.200353050000000e-04
2.160747629997786e+01	2.204766640000000e-04
2.165451229998143e+01	2.210139790000000e-04
2.170105299999705e+01	2.234702700000000e-04
2.174664709996432e+01	2.248135570000000e-04
2.179352269996889e+01	2.256962910000000e-04
2.185448149999138e+01	2.283636710000000e-04
2.188573809998343e+01	2.303785880000000e-04
2.191669619997265e+01	2.352144070000000e-04
2.194763579999562e+01	2.412783510000000e-04
2.199413029995048e+01	2.437922380000000e-04
2.205755899997894e+01	2.519670520000000e-04
2.210551159997704e+01	2.569563800000000e-04
2.215245959995082e+01	2.610821980000000e-04
2.218352229997981e+01	2.659947490000000e-04
2.221407170000020e+01	2.692954150000000e-04
2.224489289999474e+01	2.695256840000000e-04
2.229235689999769e+01	2.719627810000000e-04
2.232342679996509e+01	2.725576340000000e-04
2.235520369996084e+01	2.753401930000000e-04
2.240141399996355e+01	2.777964690000000e-04
2.244917209999403e+01	2.804830150000000e-04
2.247977099998388e+01	2.838412470000000e-04
2.251093239994952e+01	2.896941150000000e-04
2.254337489994941e+01	2.956813260000000e-04
2.259442369994940e+01	3.089990060000000e-04
2.265214219997870e+01	3.291482570000000e-04
2.269867589999922e+01	3.356151860000000e-04
2.274407549999887e+01	3.378028340000000e-04
2.277577659999952e+01	3.404510210000000e-04
2.280632529995637e+01	3.421397120000000e-04
2.285292939998908e+01	3.440011060000000e-04
2.289960359997349e+01	3.445384210000000e-04
2.294667749997461e+01	3.447495110000000e-04
2.299347329995362e+01	3.453636020000000e-04
2.305620009999257e+01	3.488177320000000e-04
2.308759709994774e+01	3.509477830000000e-04
2.311780009994982e+01	3.532505650000000e-04
2.314765749999788e+01	3.576066230000000e-04
2.319553279998945e+01	3.660117220000000e-04
2.325711949996185e+01	3.713464830000000e-04
2.330252769996878e+01	3.754530920000000e-04
2.335022099997150e+01	3.779094260000000e-04
2.338101019995520e+01	3.796364470000000e-04
2.341247509996174e+01	3.826109170000000e-04
2.344407999998657e+01	3.862761370000000e-04
2.350543129997095e+01	4.017814350000000e-04
2.355285310000181e+01	4.135447670000000e-04
2.360097639996093e+01	4.194743810000000e-04
2.364837359997910e+01	4.206833550000000e-04
2.367890969995642e+01	4.232739450000000e-04
2.370963739999570e+01	4.257110410000000e-04
2.375655509997159e+01	4.284168540000000e-04
2.380384869995760e+01	4.349029330000000e-04
2.385024589998648e+01	4.443059150000000e-04
2.389717989997007e+01	4.547451680000000e-04
2.394352309999522e+01	4.571630850000000e-04
2.397537579998607e+01	4.602717820000000e-04
2.400595339998836e+01	4.638027170000000e-04
2.405284429999301e+01	4.656449310000000e-04
2.410082139994483e+01	4.687920740000000e-04
2.414669539994793e+01	4.723997550000000e-04
2.419344319996890e+01	4.741075680000000e-04
2.425647059996845e+01	4.819562020000000e-04
2.428790389996720e+01	4.836641310000000e-04
2.431869589997223e+01	4.853143760000000e-04
2.434961509995628e+01	4.879818010000000e-04
2.439602739998372e+01	4.899583290000000e-04
2.445842219999759e+01	4.904956440000000e-04
2.450561069999821e+01	4.924146920000000e-04
2.455268149997573e+01	4.937578920000000e-04
2.458335169998463e+01	4.951395680000000e-04
2.461523569998099e+01	4.970394070000000e-04
2.464613989996724e+01	5.005319250000000e-04
2.469256979995407e+01	5.019519010000000e-04
2.474003659997834e+01	5.051758490000000e-04
2.477135039999848e+01	5.066343000000000e-04
2.480265719996532e+01	5.093208159999999e-04
2.485007749998476e+01	5.111821810000000e-04
2.488020019995747e+01	5.129668860000000e-04
2.491151119995629e+01	5.167856000000000e-04
2.494308729999466e+01	5.181289160000000e-04
2.499040119996062e+01	5.192995300000000e-04
2.502050829998916e+01	5.199135050000000e-04
2.505163279996486e+01	5.206812060000000e-04
2.510012859996641e+01	5.216597930000000e-04
2.514647129998775e+01	5.217941360000000e-04
2.517748479999136e+01	5.224082270000000e-04
2.520944099995540e+01	5.233101550000000e-04
2.525523179996526e+01	5.254593560000000e-04
2.530136119999224e+01	5.306981620000000e-04
2.534640049998416e+01	5.335767050000000e-04
2.539386889996240e+01	5.354956370000000e-04
2.545943299995270e+01	5.393143509999999e-04
2.548594539996702e+01	5.409839210000000e-04
2.552020949998405e+01	5.459540410000000e-04
2.554699719999917e+01	5.587153140000000e-04
2.559494079998694e+01	5.665638020000000e-04
2.565717449999647e+01	5.775212780000000e-04
2.570352119999006e+01	5.803036620000000e-04
2.574999139999272e+01	5.834700420000000e-04
2.578145159996348e+01	5.881139660000000e-04
2.581248909997521e+01	5.921437990000000e-04
2.584475920000114e+01	5.956363170000000e-04
2.589143959997455e+01	6.028516220000000e-04
2.592253909999272e+01	6.060947200000000e-04
2.595352519996231e+01	6.128494860000000e-04
2.600094359996729e+01	6.245552800000000e-04
2.604807709995657e+01	6.289881420000000e-04
2.607952869997825e+01	6.330563340000000e-04
2.611371409997810e+01	6.375851230000000e-04
2.614301349996822e+01	6.407322940000000e-04
2.619106979999924e+01	6.478900320000000e-04
2.622310579998884e+01	6.542802440000000e-04
2.625360099994577e+01	6.678474020000000e-04
2.630034009995870e+01	6.846191250000000e-04
2.634667409997201e+01	6.902034510000000e-04
2.637758099997882e+01	6.940030139999999e-04
2.640888119995361e+01	6.973803970000000e-04
2.645599919999950e+01	7.012566780000000e-04
2.650251839996781e+01	7.085680260000000e-04
2.654862219997449e+01	7.172417830000000e-04
2.659608699998353e+01	7.288131750000000e-04
2.665898119995836e+01	7.452587600000001e-04
2.668974889995297e+01	7.638728130000000e-04
2.672201599995606e+01	7.788792140000000e-04
2.675359219999518e+01	7.929645940000000e-04
2.680093629995827e+01	8.097747920000000e-04
2.684853540000040e+01	8.259518070000000e-04
2.689659799996298e+01	8.405743280000000e-04
2.694351849996019e+01	9.136014270000000e-04
2.707202629995300e+01	9.172508730000000e-04
2.710118379996857e+01	9.249339350000000e-04
2.713321599998744e+01	9.297358340000000e-04
2.716390509996563e+01	9.343454150000000e-04
2.719557909999276e+01	9.397236280000000e-04
2.725744649994886e+01	9.435651590000000e-04
2.730516899999930e+01	9.516322170000000e-04
2.735213419998763e+01	9.660379150000000e-04
2.739901709998958e+01	9.787149030000000e-04
2.742978849995416e+01	9.925442280000001e-04
2.746094689995516e+01	1.006373550000000e-03
2.749209580000024e+01	1.013288510000000e-03
2.752266909996979e+01	1.018858510000000e-03
2.755334149999544e+01	1.026541460000000e-03
2.760156189999543e+01	1.031919730000000e-03
2.764852869999595e+01	1.038642370000000e-03
2.769621039996855e+01	1.045749060000000e-03
2.772722549998434e+01	1.052087410000000e-03
2.775798149994807e+01	1.055928990000000e-03
2.780516049999278e+01	1.059194330000000e-03
2.785293469997123e+01	1.062459550000000e-03
2.789965019997908e+01	1.063035920000000e-03
2.794671389996074e+01	1.069758550000000e-03
2.799350839998806e+01	1.075520760000000e-03
2.802460039994912e+01	1.080322430000000e-03
2.805666569998721e+01	1.086661010000000e-03
2.810510259994771e+01	1.094920210000000e-03
2.815252529998543e+01	1.102411190000000e-03
2.819884499994805e+01	1.109710080000000e-03
2.824727399996482e+01	1.123731490000000e-03
2.829362749995198e+01	1.126996710000000e-03
2.832402049994562e+01	1.128725470000000e-03
2.835604129999410e+01	1.130646210000000e-03
2.840201799996430e+01	1.131798610000000e-03
2.845242529996904e+01	1.131606520000000e-03
2.849974780000048e+01	1.132758920000000e-03
2.854679179994855e+01	1.110670510000000e-03
2.859369079995668e+01	1.095880520000000e-03
2.862445129995467e+01	1.087237380000000e-03
2.865604119998170e+01	1.085892670000000e-03
2.870397099998081e+01	1.088197690000000e-03
2.874985809996724e+01	1.088773830000000e-03
2.879494139994495e+01	1.089926230000000e-03
2.885574029997224e+01	1.089542170000000e-03
2.890127419994678e+01	1.089734260000000e-03
2.893079259997467e+01	1.089350200000000e-03
2.896105289994739e+01	1.087813410000000e-03
2.899150239996379e+01	1.087813410000000e-03
2.902178549999371e+01	1.087813410000000e-03
2.905241499998374e+01	1.087813410000000e-03
2.909943770000245e+01	1.089158120000000e-03
2.914470869995421e+01	1.088389780000000e-03
2.920401479996508e+01	1.099337940000000e-03
2.923366589995567e+01	1.106444750000000e-03
2.926492190000135e+01	1.119890020000000e-03
2.929556030000094e+01	1.139481670000000e-03
2.934251999994740e+01	1.165988160000000e-03
2.938909999997122e+01	1.235711270000000e-03
2.941907740000170e+01	1.286611310000000e-03
2.944926299998770e+01	1.359215470000000e-03
2.949385569995502e+01	1.398014720000000e-03
2.952358079998521e+01	1.435469370000000e-03
2.955446469999151e+01	1.475612980000000e-03
2.960242969996762e+01	1.512683460000000e-03
2.964885889994912e+01	1.538421730000000e-03
2.969579989998601e+01	1.564927980000000e-03
2.974227579997387e+01	1.586056310000000e-03
2.977352349995635e+01	1.622934480000000e-03
2.980428909999318e+01	1.665383110000000e-03
2.983559979998972e+01	1.707639780000000e-03
2.986703299998771e+01	1.751816950000000e-03
2.989776589995017e+01	1.806750310000000e-03
2.994458069995744e+01	1.835369620000000e-03
2.999217499996303e+01	1.865525380000000e-03
3.002351249998901e+01	1.885501090000000e-03
3.005377959995531e+01	1.908934330000000e-03
3.010169149999274e+01	1.933328110000000e-03
3.013259239995386e+01	1.960410270000000e-03
3.016581819998100e+01	1.981730570000000e-03
3.019567779998761e+01	1.996328590000000e-03
3.025747339997906e+01	2.006124240000000e-03
3.030471249995753e+01	2.020529700000000e-03
3.035180569998920e+01	2.028404740000000e-03
3.039904579997528e+01	2.038200620000000e-03
3.043002359999809e+01	2.061441770000000e-03
3.046043199999258e+01	2.094671130000000e-03
3.049250549997669e+01	2.118296220000000e-03
3.053831729997182e+01	2.165354560000000e-03
3.056937959999777e+01	2.198775530000000e-03
3.060260549996747e+01	2.239879690000000e-03
3.064796069997828e+01	2.280791520000000e-03
3.069438020000234e+01	2.288474700000000e-03
3.072739449999062e+01	2.294044710000000e-03
3.075697409996064e+01	2.306337470000000e-03
3.080310379998991e+01	2.340719100000000e-03
3.084948449995136e+01	2.414283810000000e-03
3.089560009998968e+01	2.486312060000000e-03
3.094183199998224e+01	2.503406720000000e-03
3.097253159998218e+01	2.515891570000000e-03
3.100324869999895e+01	2.528952670000000e-03
3.103443639999023e+01	2.542974190000000e-03
3.106642249994911e+01	2.558724260000000e-03
3.109836269996595e+01	2.582157260000000e-03
3.114555959997233e+01	2.618843690000000e-03
3.119352659996366e+01	2.638243370000000e-03
3.125540799996816e+01	2.678963360000000e-03
3.130284269998083e+01	2.702204280000000e-03
3.133442359999754e+01	2.724485240000000e-03
3.136547249997966e+01	2.755217020000000e-03
3.139622719999170e+01	2.787293630000000e-03
3.145827589998953e+01	2.800547050000000e-03
3.150401719997171e+01	2.821290870000000e-03
3.155181049997918e+01	2.859129800000000e-03
3.159905819996493e+01	2.905804200000000e-03
3.163092389999656e+01	2.946716030000000e-03
3.166195659997175e+01	2.983786400000000e-03
3.169346979999682e+01	2.999536690000000e-03
3.174017339997226e+01	3.013750070000000e-03
3.177146919997176e+01	3.018168030000000e-03
3.180201379995560e+01	3.031805390000000e-03
3.184923419996630e+01	3.057351340000000e-03
3.191046639997512e+01	3.082128710000000e-03
3.194047639996279e+01	3.097879230000000e-03
3.197156029997859e+01	3.105946350000000e-03
3.200242909998633e+01	3.123233090000000e-03
3.204891659994610e+01	3.140327520000000e-03
3.209593699994730e+01	3.168754750000000e-03
3.214347489998909e+01	3.188730450000000e-03
3.219027189997723e+01	3.220807300000000e-03
3.222137199999997e+01	3.232715880000000e-03
3.225250959995901e+01	3.260950560000000e-03
3.229933929996332e+01	3.308009360000000e-03
3.234606659994461e+01	3.341046160000000e-03
3.239252589998068e+01	3.348344700000000e-03
3.244017269997858e+01	3.374275290000000e-03
3.247144709998975e+01	3.391562030000000e-03
3.250250549998600e+01	3.410769160000000e-03
3.253355189994909e+01	3.420757360000000e-03
3.256534259999171e+01	3.422870300000000e-03
3.259732269996312e+01	3.430168610000000e-03
3.264459689997602e+01	3.436315570000000e-03
3.269110699999146e+01	3.449760380000000e-03
3.272234009997919e+01	3.473193850000000e-03
3.275354229996447e+01	3.506038340000000e-03
3.279996619996382e+01	3.535426220000000e-03
3.283147009997629e+01	3.556554210000000e-03
3.286248650000198e+01	3.580755790000000e-03
3.289351309998892e+01	3.594201060000000e-03
3.293951319996268e+01	3.612256140000000e-03
3.297038099996280e+01	3.623972650000000e-03
3.300210479996167e+01	3.628582230000000e-03
3.304809269995894e+01	3.632615790000000e-03
3.309507479995955e+01	3.642603990000000e-03
3.312701149994973e+01	3.657585710000000e-03
3.316014539997559e+01	3.686781040000000e-03
3.320548539998708e+01	3.740754210000000e-03
3.325124059995869e+01	3.782626710000000e-03
3.329777479998302e+01	3.801641990000000e-03
3.334520069998689e+01	3.822386030000000e-03
3.339236919995164e+01	3.832950020000000e-03
3.342351739999140e+01	3.855423070000000e-03
3.345458629995119e+01	3.887115280000000e-03
3.350194299995201e+01	3.916310610000000e-03
3.354871529998491e+01	3.952420780000000e-03
3.359754259994952e+01	3.992564980000000e-03
3.364390799996909e+01	4.003704990000000e-03
3.370539829996414e+01	4.027906810000000e-03
3.373810579994461e+01	4.042312040000000e-03
3.377049179997994e+01	4.066129220000000e-03
3.380092169996351e+01	4.106848970000000e-03
3.384672079997836e+01	4.147376870000000e-03
3.389324629999464e+01	4.169850140000000e-03
3.393934019998414e+01	4.201158420000000e-03
3.397049209999386e+01	4.221325740000000e-03
3.400196480000159e+01	4.245719870000000e-03
3.403238319995580e+01	4.259357230000000e-03
3.406380569998873e+01	4.273186440000000e-03
3.409676119999494e+01	4.285863140000000e-03
3.414237499999581e+01	4.296043420000000e-03
3.418896189995576e+01	4.318708090000000e-03
3.421971449995181e+01	4.338876340000000e-03
3.425092789996415e+01	4.364230200000000e-03
3.430104389996268e+01	4.376522730000000e-03
3.432984369999031e+01	4.383245020000000e-03
3.435981860000174e+01	4.393041130000000e-03
3.439117619994795e+01	4.394385500000000e-03
3.442250779998722e+01	4.413208920000000e-03
3.445352329994785e+01	4.440867810000000e-03
3.450179569999455e+01	4.451624120000000e-03
3.454869469994446e+01	4.467374180000000e-03
3.459559709997848e+01	4.468910400000000e-03
3.462768799997866e+01	4.478706980000000e-03
3.465823649999220e+01	4.490423480000000e-03
3.470455029996810e+01	4.511359150000000e-03
3.475016429997049e+01	4.527685700000000e-03
3.479675999999745e+01	4.549966190000000e-03
3.484403349994682e+01	4.561106670000000e-03
3.490556319995085e+01	4.581658640000000e-03
3.493584039999405e+01	4.588573710000000e-03
3.496664709999459e+01	4.594143950000000e-03
3.499847979994956e+01	4.603171260000000e-03
3.506049109995365e+01	4.605284430000000e-03
3.510761569999158e+01	4.614119420000000e-03
3.515359249996254e+01	4.626988900000000e-03
3.520326949999435e+01	4.640049300000000e-03
3.524931609997293e+01	4.657144190000000e-03
3.529559779999545e+01	4.669053010000000e-03
3.534247350000078e+01	4.677696620000000e-03
3.539030809997348e+01	4.687876440000000e-03
3.542179949994897e+01	4.693830850000000e-03
3.545252729998901e+01	4.702858160000000e-03
3.550036700000055e+01	4.713998180000000e-03
3.553114909998840e+01	4.724754950000000e-03
3.556184309994569e+01	4.733590410000000e-03
3.559615189995384e+01	4.741272890000000e-03
3.565700939996168e+01	4.749532320000000e-03
3.570352719997754e+01	4.755870900000000e-03
3.575035529996967e+01	4.778727890000000e-03
3.579750059999060e+01	4.789483730000000e-03
3.582882379996590e+01	4.801392560000000e-03
3.585936419997597e+01	4.810228010000000e-03
3.590556009998545e+01	4.815029910000000e-03
3.595252329995856e+01	4.822904710000000e-03
3.599929389997851e+01	4.844033160000000e-03
3.604594349995023e+01	4.863048900000000e-03
3.609328919998370e+01	4.872460380000000e-03
3.612435689999256e+01	4.893396980000000e-03
3.615486769995186e+01	4.926241470000000e-03
3.620181810000213e+01	4.950058650000000e-03
3.624840479996055e+01	4.953324330000000e-03
3.629549109999789e+01	4.957933910000000e-03
3.634142630000133e+01	4.967537710000000e-03
3.637247169995680e+01	4.978485870000000e-03
3.640335159999086e+01	4.995388440000000e-03
3.643467009998858e+01	5.002879540000000e-03
3.646634439995978e+01	5.020550450000000e-03
3.649762579996604e+01	5.053395410000000e-03
3.654764449998038e+01	5.071834200000000e-03
3.660723749996396e+01	5.069529170000000e-03
3.665428629994858e+01	5.068568980000000e-03
3.670058459998108e+01	5.074523390000000e-03
3.673149929998908e+01	5.081629850000000e-03
3.676240509998752e+01	5.086239890000000e-03
3.679357419995358e+01	5.083166530000000e-03
3.685556769999675e+01	5.116203800000000e-03
3.690248739998788e+01	5.123502570000000e-03
3.694880669994745e+01	5.134643060000000e-03
3.699579819996143e+01	5.143862220000000e-03
3.702707549999468e+01	5.152313970000000e-03
3.705738629994448e+01	5.162493790000000e-03
3.710438209999120e+01	5.176323000000000e-03
3.714972109999508e+01	5.189576190000000e-03
3.719618989998708e+01	5.199372300000000e-03
3.725846099999035e+01	5.207247100000000e-03
3.730421589995967e+01	5.209936290000000e-03
3.733502099994803e+01	5.207439420000000e-03
3.736539779999293e+01	5.210128610000000e-03
3.739582330000121e+01	5.220308430000000e-03
3.744324419996701e+01	5.222997160000000e-03
3.748929849994602e+01	5.229720380000000e-03
3.752204519999214e+01	5.241052250000000e-03
3.755245799996192e+01	5.252768750000000e-03
3.759956719999900e+01	5.259107800000000e-03
3.763115400000243e+01	5.262180700000000e-03
3.766143479995662e+01	5.267750940000000e-03
3.769252859998960e+01	5.276778710000000e-03
3.773899749998236e+01	5.277738910000000e-03
3.777458440000191e+01	5.271592180000000e-03
3.780251680000219e+01	5.269863640000000e-03
3.784922549995827e+01	5.275242030000000e-03
3.789594079996459e+01	5.281580150000000e-03
3.792641319998074e+01	5.290799770000000e-03
3.795752499997616e+01	5.284077490000000e-03
3.800461849995190e+01	5.279275590000000e-03
3.805086299998220e+01	5.276202220000000e-03
3.809817709994968e+01	5.268711600000000e-03
3.814444119995460e+01	5.274089050000000e-03
3.819251389999408e+01	5.269479470000000e-03
3.822333769995021e+01	5.267366770000000e-03
3.825418839999475e+01	5.264293400000000e-03
3.830088459997205e+01	5.249504000000000e-03
3.834648879995802e+01	5.251424850000000e-03
3.840936579997651e+01	5.234137640000000e-03
3.845681979996152e+01	5.223765970000000e-03
3.850347189995227e+01	5.215506540000000e-03
3.853457540000090e+01	5.209743980000000e-03
3.856535229994915e+01	5.211280660000000e-03
3.859732189995702e+01	5.211856680000000e-03
3.864296339999419e+01	5.216274880000000e-03
3.868968019995373e+01	5.213777530000000e-03
3.872036439995281e+01	5.212817340000000e-03
3.875147489999654e+01	5.202829840000000e-03
3.879777269996703e+01	5.202445670000000e-03
3.882905719999690e+01	5.201293160000000e-03
3.886033019999741e+01	5.193993910000000e-03
3.890663779998431e+01	5.170560910000000e-03
3.895353149995208e+01	5.159228570000000e-03
3.900031659996603e+01	5.149817090000000e-03
3.904733289999422e+01	5.130417640000000e-03
3.909565049997764e+01	5.123886750000000e-03
3.912632049998501e+01	5.119853190000000e-03
3.915777639998123e+01	5.112938580000000e-03
3.920435469999211e+01	5.087008230000000e-03
3.925144899997395e+01	5.060886030000000e-03
3.929775169998175e+01	5.024967720000000e-03
3.934408999996958e+01	5.013827700000000e-03
3.939108449994819e+01	4.999613860000000e-03
3.942143879999639e+01	4.991354890000000e-03
3.945344159996603e+01	4.987129480000000e-03
3.949981879995903e+01	4.981175070000000e-03
3.954584559996147e+01	4.982135260000000e-03
3.959384619997581e+01	4.975604820000000e-03
3.965554219996557e+01	4.978101700000000e-03
3.970251089998055e+01	4.986937160000000e-03
3.973350779997418e+01	4.986937160000000e-03
3.976451939996332e+01	4.991163030000000e-03
3.979543519997969e+01	4.993659910000000e-03
3.985832209995715e+01	4.996349100000000e-03
3.990531249996275e+01	4.994812420000000e-03
3.995145809999667e+01	5.000190340000000e-03
3.999849899997935e+01	5.001727030000000e-03
4.003005189995747e+01	5.001342860000000e-03
4.006250469997758e+01	4.984632600000000e-03
4.009401729999809e+01	4.970418750000000e-03
4.014057909999974e+01	4.914909140000000e-03
4.017144189996179e+01	4.862280560000000e-03
4.020241379999788e+01	4.793709610000000e-03
4.024870229995577e+01	4.764514040000000e-03
4.029460579995066e+01	4.755294880000000e-03
4.032534729997860e+01	4.757791760000000e-03
4.035678409994580e+01	4.755102560000000e-03
4.040339499997208e+01	4.749148620000000e-03
4.044963170000119e+01	4.769508260000000e-03
4.049706589995185e+01	4.808115310000000e-03
4.054464189999271e+01	4.848835520000000e-03
4.060841399995843e+01	4.945833240000000e-03
4.063940609997371e+01	4.981751090000000e-03
4.066990149999037e+01	5.002687220000000e-03
4.070127259998117e+01	5.019397470000000e-03
4.074832079996122e+01	5.033419470000000e-03
4.079452999995556e+01	5.043599290000000e-03
4.085598539997591e+01	5.072218830000000e-03
4.090315410000039e+01	5.085087380000000e-03
4.093442389997654e+01	5.102374130000000e-03
4.096541809994960e+01	5.124078600000000e-03
4.099561659997562e+01	5.143478050000000e-03
4.105831539997598e+01	5.168640050000000e-03
4.110635919997003e+01	5.195914770000000e-03
4.115350889996625e+01	5.217235070000000e-03
4.119999739999184e+01	5.228375550000000e-03
4.123185359995114e+01	5.233369770000000e-03
4.126244739996037e+01	5.239900200000000e-03
4.129256529995473e+01	5.245086270000000e-03
4.133938979997765e+01	5.254689600000000e-03
4.137045809999108e+01	5.264678040000000e-03
4.140569159999723e+01	5.272552840000000e-03
4.145158539997647e+01	5.282540810000000e-03
4.149841010000091e+01	5.281772460000000e-03
4.152914179995423e+01	5.283116830000000e-03
4.156096949998755e+01	5.273705350000000e-03
4.159203790000174e+01	5.266021940000000e-03
4.165349469997454e+01	5.256610460000000e-03
4.170078639994608e+01	5.253345240000000e-03
4.174817599996459e+01	5.247775000000000e-03
4.179423449997557e+01	5.239516030000000e-03
4.182540649996372e+01	5.231833090000000e-03
4.185551849997137e+01	5.218195730000000e-03
4.190122869994957e+01	5.196491260000000e-03
4.194776409998303e+01	5.183238070000000e-03
4.199462229997152e+01	5.170752760000000e-03
4.205725539999548e+01	5.146551410000000e-03
4.210552659997484e+01	5.129456990000000e-03
4.213659319997532e+01	5.119469020000000e-03
4.216767090000212e+01	5.107176490000000e-03
4.219877009995980e+01	5.078365090000000e-03
4.224578669999028e+01	5.058004990000000e-03
4.229249279998476e+01	5.045328290000000e-03
4.233862070000032e+01	5.010754340000000e-03
4.237057259998983e+01	4.991739060000000e-03
4.240230149996933e+01	4.975989000000000e-03
4.243471129995305e+01	4.966961690000000e-03
4.246611439995468e+01	4.959085960000000e-03
4.249768679996487e+01	4.931235220000000e-03
4.254444799997145e+01	4.914140790000000e-03
4.259384869999485e+01	4.869195170000000e-03
4.265446259995224e+01	4.814837590000000e-03
4.270091209997190e+01	4.795246290000000e-03
4.273252389999107e+01	4.773349970000000e-03
4.276338589994702e+01	4.751645490000000e-03
4.279458389995852e+01	4.728980360000000e-03
4.285758149996400e+01	4.636592230000000e-03
4.290454579994548e+01	4.545356610000000e-03
4.295117369998479e+01	4.453160330000000e-03
4.299802629998885e+01	4.395538010000000e-03
4.302970289997756e+01	4.363845570000000e-03
4.306152479996672e+01	4.323702310000000e-03
4.318499249999877e+01	4.280485210000000e-03
4.322142759995768e+01	4.258204250000000e-03
4.325348119996488e+01	4.222862890000000e-03
4.329939279996324e+01	4.191746470000000e-03
4.333057529997313e+01	4.170618020000000e-03
4.336155049997615e+01	4.142767280000000e-03
4.339351829997031e+01	4.118950110000000e-03
4.345583719998831e+01	4.086297470000000e-03
4.350347060000058e+01	4.051915840000000e-03
4.354928559996188e+01	3.981808670000000e-03
4.359634299995378e+01	3.932829480000000e-03
4.362809819995891e+01	3.895950970000000e-03
4.365949589997763e+01	3.863298100000000e-03
4.369154939998407e+01	3.851773450000000e-03
4.372338509996189e+01	3.840632970000000e-03
4.375471969996579e+01	3.831221720000000e-03
4.380161109997425e+01	3.816815790000000e-03
4.384947289997945e+01	3.803370520000000e-03
4.389760729996487e+01	3.787236520000000e-03
4.392849869997008e+01	3.773791020000000e-03
4.396056789997965e+01	3.739409610000000e-03
4.399109009996755e+01	3.719241820000000e-03
4.402248129999498e+01	3.692543370000000e-03
4.405421949998708e+01	3.644140200000000e-03
4.410213799995836e+01	3.603996940000000e-03
4.414771559997462e+01	3.584981430000000e-03
4.419457269995473e+01	3.577298250000000e-03
4.422635289997561e+01	3.562893020000000e-03
4.425831739994464e+01	3.528703470000000e-03
4.430554219998885e+01	3.492977470000000e-03
4.435251309996238e+01	3.449952930000000e-03
4.439909239998087e+01	3.398092460000000e-03
4.444839879998472e+01	3.361598120000000e-03
4.449453959998209e+01	3.343351190000000e-03
4.452681329997722e+01	3.329329660000000e-03
4.455679099995177e+01	3.318765200000000e-03
4.460373749997234e+01	3.296868880000000e-03
4.465152219997253e+01	3.269402080000000e-03
4.469776149996324e+01	3.217157670000000e-03
4.474455959995976e+01	3.178742480000000e-03
4.480672679998679e+01	3.117086370000000e-03
4.483832089998759e+01	3.100184030000000e-03
4.486974329996156e+01	3.087506860000000e-03
4.490180379996309e+01	3.070988690000000e-03
4.494884299999103e+01	3.034686440000000e-03
4.499639069999103e+01	2.985899340000000e-03
4.505850059998920e+01	2.932118020000000e-03
4.510546409996459e+01	2.904651450000000e-03
4.513583959999960e+01	2.892358690000000e-03
4.516711709997617e+01	2.887941200000000e-03
4.519788399996469e+01	2.884483660000000e-03
4.526061429997208e+01	2.884291810000000e-03
4.529143709997879e+01	2.883715090000000e-03
4.532236719998764e+01	2.880834280000000e-03
4.535351819999050e+01	2.882178870000000e-03
4.540063709998503e+01	2.882370960000000e-03
4.543146870000055e+01	2.882370960000000e-03
4.546316719998140e+01	2.880258250000000e-03
4.549434389994713e+01	2.881410300000000e-03
4.554090139997425e+01	2.883331150000000e-03
4.557299259997671e+01	2.886020350000000e-03
4.560495249996893e+01	2.885635940000000e-03
4.565191329998197e+01	2.886788450000000e-03
4.569853119994514e+01	2.888901390000000e-03
4.572871509997640e+01	2.891014100000000e-03
4.576028639997821e+01	2.892550780000000e-03
4.580732529994566e+01	2.892934950000000e-03
4.585246759996517e+01	2.868925690000000e-03
4.589842459995998e+01	2.733128610000000e-03
4.594576599996071e+01	2.551041080000000e-03
4.599251759995241e+01	2.459229440000000e-03
4.602382219996070e+01	2.337838060000000e-03
4.605439079995267e+01	2.144802360000000e-03
4.610170939995442e+01	1.971742840000000e-03
4.614852509996854e+01	1.880699190000000e-03
4.619539269997040e+01	1.807134600000000e-03
4.625682719994802e+01	1.745862650000000e-03
4.630355369998142e+01	1.700917140000000e-03
4.633458009996684e+01	1.648672620000000e-03
4.636577719997149e+01	1.582790860000000e-03
4.639677719998872e+01	1.464856900000000e-03
4.644363269995665e+01	1.410499560000000e-03
4.649066059995675e+01	1.291989230000000e-03
4.652267569996184e+01	1.224378940000000e-03
4.655467219999991e+01	1.156384360000000e-03
4.660315189999528e+01	1.111630820000000e-03
4.663480629998958e+01	1.081859110000000e-03
4.666521649999777e+01	1.057273590000000e-03
4.669678259995999e+01	1.020395200000000e-03
4.674367689999053e+01	9.929285150000000e-04
4.679115659999661e+01	9.533609850000000e-04
4.682240959996125e+01	9.370345510000000e-04
4.685368209995795e+01	9.136014270000000e-04
4.690086969995173e+01	9.082232140000000e-04
4.693166139995446e+01	9.078391590000000e-04
4.696298309997655e+01	9.080311870000000e-04
4.699486259999685e+01	9.197477480000000e-04
4.705589959997451e+01	9.477907440000000e-04
4.710318689997075e+01	9.702635000000000e-04
4.714977479999652e+01	9.983064370000000e-04
4.719657019997248e+01	1.009639000000000e-03
4.722787469998002e+01	1.020971220000000e-03
4.725872819998767e+01	1.038642370000000e-03
4.730540109996218e+01	1.078209720000000e-03
4.735134129994549e+01	1.150045780000000e-03
4.739871439995477e+01	1.221305570000000e-03
4.744512659998145e+01	1.278928250000000e-03
4.749215329997241e+01	1.302937510000000e-03
4.752377359999809e+01	1.322337080000000e-03
4.755577419995097e+01	1.336166640000000e-03
4.760356749995844e+01	1.351916700000000e-03
4.764954089996172e+01	1.379767430000000e-03
4.769629849999910e+01	1.414149070000000e-03
4.774257079995004e+01	1.433548630000000e-03
4.778946859994903e+01	1.463896480000000e-03
4.782138639996992e+01	1.483296040000000e-03
4.785255779995350e+01	1.532851490000000e-03
4.789844059996540e+01	1.550714370000000e-03
4.794542449997971e+01	1.558589400000000e-03
4.799111499998253e+01	1.571458420000000e-03
4.802245749998838e+01	1.573187070000000e-03
4.805441509996308e+01	1.592010610000000e-03
4.809951349999756e+01	1.634843300000000e-03
4.813092189998133e+01	1.658084450000000e-03
4.816171339998255e+01	1.660581210000000e-03
4.819252229999984e+01	1.656163720000000e-03
4.825456169998506e+01	1.601806380000000e-03
4.830025049997494e+01	1.522287260000000e-03
4.834678799996618e+01	1.423560550000000e-03
4.839346809999552e+01	1.380920180000000e-03
4.842426189995604e+01	1.334821920000000e-03
4.845543289999478e+01	1.273549980000000e-03
4.850193259998923e+01	1.205171340000000e-03
4.854906379996100e+01	1.151006200000000e-03
4.859713349997764e+01	1.108749770000000e-03
4.864438789995620e+01	1.089158120000000e-03
4.869111049995990e+01	1.068029790000000e-03
4.872185019997414e+01	1.053432120000000e-03
4.875307879998581e+01	1.032303790000000e-03
4.880001099995570e+01	1.013096190000000e-03
4.884586319996743e+01	9.762177940000000e-04
4.889206919999560e+01	9.426047910000000e-04
4.892279069998767e+01	8.986196480000000e-04
4.895353439997416e+01	8.463751870000000e-04
4.899980469996808e+01	8.254388810000000e-04
4.903056789998664e+01	8.181401640000000e-04
4.906174319999991e+01	8.121858700000000e-04
4.909396099997684e+01	8.083443390000000e-04
4.914190569997299e+01	8.027740990000000e-04
4.917344569996931e+01	7.904812230000000e-04
4.920431889995234e+01	7.733866810000000e-04
4.925065479998011e+01	7.449596310000000e-04
4.930037919996539e+01	7.201817930000001e-04
4.932973229995696e+01	6.927151120000000e-04
4.936068639997393e+01	6.529555540000000e-04
4.939247219997924e+01	6.364370930000000e-04
4.944102939998265e+01	6.252968450000000e-04
4.947251339996001e+01	6.204949460000000e-04
4.950342029996682e+01	6.070734230000000e-04
4.962901549995877e+01	5.965190360000000e-04
4.966028029995505e+01	5.775212780000000e-04
4.969303319999017e+01	5.543016010000000e-04
4.974153379997006e+01	5.226577050000000e-04
4.977053079998586e+01	5.051950570000000e-04
4.980140449997270e+01	4.841822080000000e-04
4.985041859996272e+01	4.730138460000000e-04
4.989463169994997e+01	4.665852470000000e-04
4.992594129999634e+01	4.606363950000000e-04
4.995678359997692e+01	4.546876010000000e-04
5.000382959999843e+01	4.295298420000000e-04
5.005028259998653e+01	4.007836110000000e-04
5.009910079999827e+01	3.733038320000000e-04
5.014568159996998e+01	3.392996150000000e-04
5.019252839998808e+01	3.285149870000000e-04
5.022444259998156e+01	3.182676450000000e-04
5.025535809999565e+01	3.066962240000000e-04
5.030145329999505e+01	2.995192480000000e-04
5.034781789995031e+01	2.942036950000000e-04
5.039543809997849e+01	2.876407820000000e-04
5.045699199999217e+01	2.810587180000000e-04
5.050364209996769e+01	2.666280200000000e-04
5.053382879996207e+01	2.532911310000000e-04
5.056555819994537e+01	2.430630120000000e-04
5.059636639995733e+01	2.308199620000000e-04
5.065853849996347e+01	2.251013940000000e-04
5.070452359999763e+01	2.211291280000000e-04
5.075146859994857e+01	2.170992670000000e-04
5.079853899998125e+01	2.077346870000000e-04
5.083011749997968e+01	1.940139920000000e-04
5.086139330000151e+01	1.805044160000000e-04
5.089284749998478e+01	1.739799050000000e-04
5.093990159995155e+01	1.653445070000000e-04
5.097036189999199e+01	1.633871580000000e-04
5.100171289994614e+01	1.620630650000000e-04
5.104944819997763e+01	1.613722420000000e-04
5.109657149994746e+01	1.610651960000000e-04
5.112758449994726e+01	1.609308670000000e-04
5.115890949999448e+01	1.609884350000000e-04
5.120672769995872e+01	1.568434380000000e-04
5.125149189995136e+01	1.472677690000000e-04
5.129862089996459e+01	1.371739640000000e-04
5.134466839995002e+01	1.333551920000000e-04
5.139194559998577e+01	1.260247230000000e-04
5.142351889994461e+01	1.220140550000000e-04
5.145476659998531e+01	1.194810030000000e-04
5.150146800000221e+01	1.167944280000000e-04
5.154695899999933e+01	1.128413570000000e-04
5.159801879996667e+01	1.051654470000000e-04
5.165872549999040e+01	9.890957880000001e-05
5.169129459996475e+01	9.647248950000000e-05
5.172234599996591e+01	9.415052770000000e-05
5.175348249997478e+01	9.167507230000000e-05
5.180162919999566e+01	9.065799530000001e-05
5.184880489995703e+01	9.038934510000000e-05
5.189537809998728e+01	9.035094989999999e-05
5.194252349995077e+01	9.010149370000000e-05
5.198968319996493e+01	8.831685409999999e-05
5.202145489997929e+01	8.658976729999999e-05
5.205181319999974e+01	8.434456690000000e-05
5.209980219998397e+01	8.248315860000000e-05
5.214636669994798e+01	8.113988590000000e-05
5.219344929995714e+01	8.102474380000000e-05
5.225632599997334e+01	8.077528040000000e-05
5.230561959999613e+01	8.060257099999999e-05
5.233646749996115e+01	8.041066760000001e-05
5.236914219998289e+01	7.916334289999999e-05
5.239876379998168e+01	7.663029100000001e-05
5.244468749995576e+01	7.507592820000000e-05
5.249262269999599e+01	7.438509060000000e-05
5.253909559996100e+01	7.340640880000000e-05
5.257041029998800e+01	7.309937790000000e-05
5.260346409998601e+01	7.260044370000000e-05
5.263353049999569e+01	7.231259220000000e-05
5.266451909998432e+01	7.212070340000000e-05
5.269581339997239e+01	7.098471540000001e-05
5.282209309999598e+01	7.056589670000001e-05
5.285280619998230e+01	6.983584899999999e-05
5.288384199998109e+01	6.817211400000000e-05
5.291539349994855e+01	6.778211540000000e-05
5.294672649999848e+01	6.765531730000000e-05
5.299250449996907e+01	6.746703730000000e-05
5.305527809995692e+01	6.659290369999999e-05
5.310324529994978e+01	6.432207740000000e-05
5.315042229997925e+01	6.209350980000000e-05
5.318146789999446e+01	6.010701690000000e-05
5.321351609996054e+01	5.895623330000000e-05
5.324467439996079e+01	5.847978170000000e-05
5.329122999997344e+01	5.755377060000000e-05
5.332688249996863e+01	5.624545880000000e-05
5.335816079995129e+01	5.526181490000000e-05
5.340505619999021e+01	5.460669130000000e-05
5.345060189999640e+01	5.435501590000000e-05
5.348307479999494e+01	5.320039420000000e-05
5.351436109998031e+01	5.145019900000000e-05
5.354537419998087e+01	4.964813710000000e-05
5.359273599996231e+01	4.895075110000000e-05
5.365446589997737e+01	4.833789720000000e-05
5.370151839999016e+01	4.819381140000000e-05
5.374841049994575e+01	4.810735850000000e-05
5.378043409995735e+01	4.786912540000000e-05
5.381141959998058e+01	4.731775330000000e-05
5.386014469998190e+01	4.604209240000000e-05
5.390447939996375e+01	4.335628550000000e-05
5.395052620000206e+01	4.118535800000000e-05
5.399847279995447e+01	4.029969930000000e-05
5.405987149995053e+01	3.957157240000000e-05
5.409205879998626e+01	3.909896260000000e-05
5.412280549999559e+01	3.888571150000000e-05
5.415347459999612e+01	3.849379210000000e-05
5.420042999996804e+01	3.778103560000000e-05
5.424765109998407e+01	3.614803790000000e-05
5.429394089995185e+01	3.510099490000000e-05
5.434154649998527e+01	3.400208150000000e-05
5.437220399995567e+01	3.345070950000000e-05
5.440389379998669e+01	3.273794940000000e-05
5.445040339999832e+01	3.247666970000000e-05
5.449650229996769e+01	3.197908520000000e-05
5.454356679995544e+01	3.139312680000000e-05
5.459214229998179e+01	2.881683030000000e-05
5.462288089998765e+01	2.687452250000000e-05
5.465555159997893e+01	2.576600310000000e-05
5.468711409997195e+01	2.543363920000000e-05
5.471805450000102e+01	2.528763070000000e-05
5.474893239996163e+01	2.523383770000000e-05
5.479605509998510e+01	2.514738480000000e-05
5.484295520000160e+01	2.502635110000000e-05
5.488971379998839e+01	2.449034400000000e-05
5.492122129997006e+01	2.434625460000000e-05
5.495326739997836e+01	2.429246340000000e-05
5.498350689996732e+01	2.415990090000000e-05
5.501452139997855e+01	2.400044290000000e-05
5.504653819999658e+01	2.375837360000000e-05
5.509284169995226e+01	2.357202170000000e-05
5.514059199998155e+01	2.331266300000000e-05
5.517184929997893e+01	2.330690040000000e-05
5.520300519996090e+01	2.329345080000000e-05
5.525009049999062e+01	2.328960730000000e-05
5.528136029996676e+01	2.326847790000000e-05
5.531146679999074e+01	2.309557020000000e-05
5.534252339997329e+01	2.279971160000000e-05
5.538931409997167e+01	2.215995850000000e-05
5.542131169995992e+01	2.196591780000000e-05
5.545246829994721e+01	2.178917200000000e-05
5.549833289999515e+01	2.163739740000000e-05
5.554544159997022e+01	2.147025590000000e-05
5.557627819996560e+01	2.132040390000000e-05
5.560937369999010e+01	2.112828590000000e-05
5.565599020000082e+01	2.097267130000000e-05
5.570247349998681e+01	2.094001140000000e-05
5.574963529995875e+01	2.085356030000000e-05
5.579670509998687e+01	2.081705500000000e-05
5.584323679999216e+01	2.079976550000000e-05
5.587516999995569e+01	2.080168630000000e-05
5.590557289996650e+01	2.075942030000000e-05
5.595239079999737e+01	2.073828730000000e-05
5.599997279996751e+01	2.074020810000000e-05
5.604710419999901e+01	2.071331260000000e-05
5.609539039997617e+01	2.074597070000000e-05
5.620637729996815e+01	2.096498790000000e-05
5.625253719999455e+01	2.112252330000000e-05
5.629941109998617e+01	2.131272050000000e-05
5.634730979998130e+01	2.131463950000000e-05
5.639462399994954e+01	2.134922220000000e-05
5.645708809996722e+01	2.138764470000000e-05
5.648859819996869e+01	2.138572200000000e-05
5.652036499994574e+01	2.138956730000000e-05
5.655047269997885e+01	2.137227600000000e-05
5.660018789995229e+01	2.138188210000000e-05
5.664462639996782e+01	2.138956730000000e-05
5.669254499999806e+01	2.141262120000000e-05
5.673920659994474e+01	2.144720020000000e-05
5.677012939995620e+01	2.144527930000000e-05
5.680087939999066e+01	2.126084840000000e-05
5.684799579996616e+01	2.094385490000000e-05
5.689359629998216e+01	2.081897580000000e-05
5.693969899998046e+01	2.093232800000000e-05
5.697146599995904e+01	2.219646010000000e-05
5.700206919998163e+01	2.699939800000000e-05
5.704911849997006e+01	3.056125570000000e-05
5.708054939995054e+01	3.329893300000000e-05
5.711213699996006e+01	3.466873390000000e-05
5.714342809998197e+01	3.480321540000000e-05
5.718982589995721e+01	3.483587350000000e-05
5.722095799999079e+01	3.486084820000000e-05
5.725147309998283e+01	3.486084820000000e-05
5.729839969996829e+01	3.486084820000000e-05
5.734455769998021e+01	3.486469360000000e-05
5.737557899998501e+01	3.487045250000000e-05
5.740759259997867e+01	3.489927260000000e-05
5.745457129995339e+01	3.489158920000000e-05
5.750116329995217e+01	3.490695960000000e-05
5.754788119997829e+01	3.487429790000000e-05
5.759507089998806e+01	3.501262110000000e-05
5.765880979999201e+01	3.531808760000000e-05
5.769067109999014e+01	3.582143840000000e-05
5.772116599994479e+01	3.642084270000000e-05
5.775241399998777e+01	3.710670350000000e-05
5.779958880000049e+01	3.771571570000000e-05
5.784599179995712e+01	3.836315230000000e-05
5.789247539994540e+01	3.891836970000000e-05
5.794000889995368e+01	3.965226280000000e-05
5.797053759999108e+01	4.038038610000000e-05
5.800209139997605e+01	4.204220390000000e-05
5.804944229999091e+01	4.524672110000000e-05
5.809667399997124e+01	4.977685240000000e-05
5.814301109994994e+01	5.100064300000000e-05
5.819143129995791e+01	5.194586270000000e-05
5.822250439994968e+01	5.240886460000000e-05
5.825350689998595e+01	5.289684490000000e-05
5.828506639995612e+01	5.327915640000000e-05
5.831633899995359e+01	5.428969960000000e-05
5.834787519997917e+01	5.567678450000000e-05
5.839403159997892e+01	5.695436990000000e-05
5.844215560000157e+01	6.144223880000000e-05
5.848973189998651e+01	6.919610310000001e-05
5.852009849995375e+01	7.492504660000000e-05
5.855148099997314e+01	8.051182520000000e-05
5.858247529994696e+01	9.589679390000000e-05
5.870668189995922e+01	9.789253820000001e-05
5.873731229995610e+01	9.963880440000000e-05
5.876772449997952e+01	1.011164130000000e-04
5.879879299999448e+01	1.041675710000000e-04
5.883007499994710e+01	1.069117130000000e-04
5.886178079998353e+01	1.075641700000000e-04
5.889329239999643e+01	1.075449760000000e-04
5.894024499994703e+01	1.078712160000000e-04
5.897097069997108e+01	1.083701570000000e-04
5.900207269995008e+01	1.104042680000000e-04
5.904861379996873e+01	1.151441250000000e-04
5.909498799999710e+01	1.191931590000000e-04
5.912713739997707e+01	1.247390030000000e-04
5.915941919997567e+01	1.308413340000000e-04
5.919058379996568e+01	1.341036110000000e-04
5.922177829995053e+01	1.408008250000000e-04
5.925351169996429e+01	1.483615780000000e-04
5.929954449995421e+01	1.543295950000000e-04
5.934557129995665e+01	1.572656180000000e-04
5.939278569997987e+01	1.589735180000000e-04
5.942452879995108e+01	1.638093380000000e-04
5.945504769997206e+01	1.722144370000000e-04
5.950138329999754e+01	1.826344960000000e-04
5.954682109999703e+01	1.894276650000000e-04
5.959350609994726e+01	1.902336230000000e-04
5.965821419999702e+01	1.912890580000000e-04
5.970366079994710e+01	1.919607170000000e-04
5.973549609998008e+01	1.927666600000000e-04
5.976753929996630e+01	1.936110200000000e-04
5.979781849996652e+01	1.999820090000000e-04
5.984414649999235e+01	2.038583480000000e-04
5.989068159996532e+01	2.120907590000000e-04
5.992216769995866e+01	2.183465990000000e-04
5.995256789994892e+01	2.265982040000000e-04
5.999906369997188e+01	2.345427490000000e-04
6.003497549996246e+01	2.446173750000000e-04
